# Bending Beam 2                                                                  
# 
#   Op.Point     Eigenvalue
       1    -24.822467         5.8769355    
       1    -4.4445976         101.90362    
       1    -3.4945118         187.85810    
       1    -8.3365203         355.73667    
       1    -394.84268         0.0000000    
       1    -8.2748982         542.50786    
       2    -25.040334         3.3632329    
       2    -4.4256715         101.75452    
       2    -3.4571733         187.75428    
       2    -8.3639375         355.56460    
       2    -396.44617         0.0000000    
       2    -8.3065192         542.51439    
       3    -21.754921         0.0000000    
       3    -28.765110         0.0000000    
       3    -4.4060525         101.60530    
       3    -3.4189809         187.64957    
       3    -8.3912224         355.39219    
       3    -398.04941         0.0000000    
       3    -8.3381378         542.52094    
       3    -9.1042351         964.82558    
       4    -19.460043         0.0000000    
       4    -31.502991         0.0000000    
       4    -4.3857392         101.45595    
       4    -3.3799266         187.54396    
       4    -8.4183746         355.21945    
       4    -399.65231         0.0000000    
       4    -8.3697526         542.52751    
       5    -17.919523         0.0000000    
       5    -33.490158         0.0000000    
       5    -4.3647332         101.30650    
       5    -3.3400021         187.43746    
       5    -8.4453916         355.04639    
       5    -401.25494         0.0000000    
       5    -8.4013640         542.53410    
       6    -16.691484         0.0000000    
       6    -35.168499         0.0000000    
       6    -4.3430360         101.15697    
       6    -3.2992006         187.33005    
       6    -8.4722746         354.87302    
       6    -402.85730         0.0000000    
       6    -8.4329713         542.54071    
       7    -15.645981         0.0000000    
       7    -36.667988         0.0000000    
       7    -4.3206464         101.00736    
       7    -3.2575129         187.22174    
       7    -8.4990249         354.69935    
       7    -404.45935         0.0000000    
       7    -8.4645755         542.54734    
       8    -14.723496         0.0000000    
       8    -38.048141         0.0000000    
       8    -4.2975680         100.85769    
       8    -3.2149330         187.11251    
       8    -8.5256430         354.52538    
       8    -406.06110         0.0000000    
       8    -8.4961760         542.55399    
       9    -13.890885         0.0000000    
       9    -39.342113         0.0000000    
       9    -4.2738031         100.70799    
       9    -3.1714533         187.00238    
       9    -8.5521299         354.35112    
       9    -407.66260         0.0000000    
       9    -8.5277728         542.56065    
      10    -13.127461         0.0000000    
      10    -40.570602         0.0000000    
      10    -4.2493529         100.55825    
      10    -3.1270651         186.89133    
      10    -8.5784840         354.17658    
      10    -409.26385         0.0000000    
      10    -8.5593664         542.56733    
      10    -9.3505897         964.22999    
      11    -12.419329         0.0000000    
      11    -41.747494         0.0000000    
      11    -4.2242231         100.40851    
      11    -3.0817620         186.77938    
      11    -8.6047060         354.00177    
      11    -410.86478         0.0000000    
      11    -8.5909556         542.57403    
      12    -11.756566         0.0000000    
      12    -42.882748         0.0000000    
      12    -4.1984141         100.25877    
      12    -3.0355356         186.66650    
      12    -8.6307997         353.82669    
      12    -412.46542         0.0000000    
      12    -8.6225414         542.58074    
      13    -11.131869         0.0000000    
      13    -43.983658         0.0000000    
      13    -4.1719300         100.10906    
      13    -2.9883778         186.55270    
      13    -8.6567617         353.65135    
      13    -414.06577         0.0000000    
      13    -8.6541231         542.58748    
      13    -9.4559762         963.96964    
      14    -10.539646         0.0000000    
      14    -45.055817         0.0000000    
      14    -4.1447759         99.959378    
      14    -2.9402826         186.43797    
      14    -8.6825954         353.47576    
      14    -415.66589         0.0000000    
      14    -8.6857015         542.59423    
      14    -9.4910799         963.88218    
      15    -9.9755154         0.0000000    
      15    -46.103607         0.0000000    
      15    -4.1169571         99.809754    
      15    -2.8912426         186.32233    
      15    -8.7083010         353.29993    
      15    -417.26572         0.0000000    
      15    -8.7172754         542.60099    
      16    -9.4359446         0.0000000    
      16    -47.130581         0.0000000    
      16    -4.0884764         99.660196    
      16    -2.8412486         186.20575    
      16    -8.7338784         353.12387    
      16    -418.86523         0.0000000    
      16    -8.7488459         542.60777    
      16    -9.5612524         963.70623    
      17    -8.9180756         0.0000000    
      17    -48.139587         0.0000000    
      17    -4.0593393         99.510723    
      17    -2.7902932         186.08825    
      17    -8.7593272         352.94758    
      17    -420.46454         0.0000000    
      17    -8.7804126         542.61457    
      18    -8.4195356         0.0000000    
      18    -49.133007         0.0000000    
      18    -4.0295531         99.361350    
      18    -2.7383712         185.96981    
      18    -8.7846515         352.77107    
      18    -422.06354         0.0000000    
      18    -8.8119754         542.62138    
      18    -9.6313699         963.52892    
      19    -7.9383340         0.0000000    
      19    -50.112823         0.0000000    
      19    -3.9991235         99.212094    
      19    -2.6854736         185.85044    
      19    -8.8098503         352.59436    
      19    -423.66226         0.0000000    
      19    -8.8435343         542.62820    
      20    -7.4727855         0.0000000    
      20    -51.080719         0.0000000    
      20    -3.9680567         99.062966    
      20    -2.6315940         185.73014    
      20    -8.8349246         352.41744    
      20    -425.26074         0.0000000    
      20    -8.8750887         542.63504    
      20    -9.7014419         963.35024    
      21    -7.0214338         0.0000000    
      21    -52.038162         0.0000000    
      21    -3.9363588         98.913984    
      21    -2.5767236         185.60890    
      21    -8.8598751         352.24033    
      21    -426.85895         0.0000000    
      21    -8.9066399         542.64190    
      22    -6.5830398         0.0000000    
      22    -52.986374         0.0000000    
      22    -3.9040393         98.765165    
      22    -2.5208550         185.48672    
      22    -8.8847014         352.06304    
      22    -428.45682         0.0000000    
      22    -8.9381864         542.64877    
      23    -6.1565027         0.0000000    
      23    -53.926468         0.0000000    
      23    -3.8711030         98.616520    
      23    -2.4639829         185.36360    
      23    -8.9094081         351.88556    
      23    -430.05444         0.0000000    
      23    -8.9697292         542.65565    
      24    -5.7408781         0.0000000    
      24    -54.859367         0.0000000    
      24    -3.8375612         98.468066    
      24    -2.4061012         185.23953    
      24    -8.9339963         351.70793    
      24    -431.65182         0.0000000    
      24    -9.0012672         542.66254    
      25    -5.3353162         0.0000000    
      25    -55.785923         0.0000000    
      25    -3.8034206         98.319819    
      25    -2.3471992         185.11453    
      25    -8.9584623         351.53013    
      25    -433.24890         0.0000000    
      25    -9.0328019         542.66945    
      25    -9.8763979         962.89757    
      26    -4.9390693         0.0000000    
      26    -56.706875         0.0000000    
      26    -3.7686905         98.171793    
      26    -2.2872706         184.98858    
      26    -8.9828092         351.35218    
      26    -434.84579         0.0000000    
      26    -9.0643324         542.67637    
      27    -4.5514650         0.0000000    
      27    -57.622902         0.0000000    
      27    -3.7333787         98.024000    
      27    -2.2263102         184.86168    
      27    -9.0070408         351.17409    
      27    -436.44235         0.0000000    
      27    -9.0958585         542.68331    
      27    -9.9462908         962.71410    
      28    -4.1719036         0.0000000    
      28    -58.534584         0.0000000    
      28    -3.6974969         97.876454    
      28    -2.1643103         184.73383    
      28    -9.0311583         350.99586    
      28    -438.03867         0.0000000    
      28    -9.1273804         542.69025    
      29    -3.7998595         0.0000000    
      29    -59.442413         0.0000000    
      29    -3.6610568         97.729176    
      29    -2.1012648         184.60503    
      29    -9.0551588         350.81751    
      29    -439.63474         0.0000000    
      29    -9.1588974         542.69721    
      29    -10.016139         962.52927    
      30    -3.4348199         0.0000000    
      30    -60.346939         0.0000000    
      30    -3.6240636         97.582169    
      30    -2.0371652         184.47529    
      30    -9.0790480         350.63905    
      30    -441.23047         0.0000000    
      30    -9.1904107         542.70418    
      31    -3.0763512         0.0000000    
      31    -61.248562         0.0000000    
      31    -3.5865300         97.435452    
      31    -1.9720056         184.34459    
      31    -9.1028256         350.46047    
      31    -442.82602         0.0000000    
      31    -9.2219197         542.71116    
      32    -2.7240515         0.0000000    
      32    -62.147667         0.0000000    
      32    -3.5484685         97.289039    
      32    -1.9057787         184.21294    
      32    -9.1264909         350.28180    
      32    -444.42123         0.0000000    
      32    -9.2534242         542.71815    
      32    -10.120815         962.24944    
      33    -2.3775539         0.0000000    
      33    -63.044601         0.0000000    
      33    -3.5098921         97.142946    
      33    -1.8384799         184.08034    
      33    -9.1500482         350.10304    
      33    -446.01624         0.0000000    
      33    -9.2849236         542.72515    
      33    -10.155682         962.15548    
      34    -2.0365040         0.0000000    
      34    -63.939732         0.0000000    
      34    -3.4708063         96.997176    
      34    -1.7701011         183.94678    
      34    -9.1734992         349.92419    
      34    -447.61096         0.0000000    
      34    -9.3164192         542.73216    
      34    -10.190538         962.06118    
      35    -1.7006013         0.0000000    
      35    -64.833328         0.0000000    
      35    -3.4312287         96.851750    
      35    -1.7006361         183.81226    
      35    -9.1968448         349.74528    
      35    -449.20541         0.0000000    
      35    -9.3479102         542.73919    
      35    -10.225381         961.96653    
      36    -1.3695519         0.0000000    
      36    -65.725670         0.0000000    
      36    -3.3911678         96.706674    
      36    -1.6300776         183.67679    
      36    -9.2200839         349.56629    
      36    -450.79962         0.0000000    
      36    -9.3793968         542.74622    
      36    -10.260209         961.87154    
      37    -1.0430938         0.0000000    
      37    -66.617004         0.0000000    
      37    -3.3506403         96.561964    
      37    -1.5584226         183.54036    
      37    -9.2432239         349.38726    
      37    -452.39355         0.0000000    
      37    -9.4108790         542.75326    
      37    -10.295030         961.77620    
      38   -0.72098130         0.0000000    
      38    -67.507553         0.0000000    
      38    -3.3096558         96.417634    
      38    -1.4856624         183.40298    
      38    -9.2662601         349.20818    
      38    -453.98727         0.0000000    
      38    -9.4423559         542.76031    
      38    -10.329835         961.68052    
      39   -0.40297735         0.0000000    
      39    -68.397545         0.0000000    
      39    -3.2682269         96.273689    
      39    -1.4117898         183.26463    
      39    -9.2891976         349.02907    
      39    -455.58069         0.0000000    
      39    -9.4738283         542.76737    
      40    0.72020189E-04    0.89347563E-04
      40   -0.71987136E-04    0.89492376E-04
      40   -0.88874035E-01     0.0000000    
      40    -69.287170         0.0000000    
      40    -3.2263698         96.130143    
      40    -1.3368016         183.12533    
      40    -9.3120389         348.84992    
      40    -457.17383         0.0000000    
      40    -9.5052961         542.77444    
      41    -9.3347841         348.67076    
      41    -1.2606913         182.98507    
      41    -3.1840960         95.987008    
