# Bending Beam 2                                                                  
# 
#   Op.Point     Eigenvalue
       1    -15.668682         28.547594    
       1    -5.6416318         121.83977    
       1    -2.4659585         167.43906    
       1    -314.62766         0.0000000    
       1    -5.8302641         437.21271    
       1    -466.71524         0.0000000    
       1    -7.2737407         588.80604    
       2    -15.831087         28.381520    
       2    -5.6239137         121.60797    
       2    -2.4606972         167.36342    
       2    -316.25546         0.0000000    
       2    -5.8568277         437.09896    
       2    -469.17151         0.0000000    
       2    -7.3084088         588.80913    
       3    -15.995385         28.211058    
       3    -5.6045473         121.37436    
       3    -2.4553500         167.28773    
       3    -317.88303         0.0000000    
       3    -5.8833153         436.98466    
       3    -471.62778         0.0000000    
       3    -7.3430752         588.81226    
       4    -16.161601         28.036048    
       4    -5.5835006         121.13897    
       4    -2.4499196         167.21201    
       4    -319.51038         0.0000000    
       4    -5.9097254         436.86980    
       4    -474.08408         0.0000000    
       4    -7.3777398         588.81544    
       5    -16.329765         27.856317    
       5    -5.5607447         120.90181    
       5    -2.4444110         167.13624    
       5    -321.13748         0.0000000    
       5    -5.9360615         436.75440    
       5    -476.54034         0.0000000    
       5    -7.4124020         588.81866    
       6    -16.499905         27.671685    
       6    -5.5362436         120.66287    
       6    -2.4388256         167.06044    
       6    -322.76431         0.0000000    
       6    -5.9623155         436.63845    
       6    -478.99652         0.0000000    
       6    -7.4470634         588.82193    
       7    -16.672047         27.481964    
       7    -5.5099682         120.42219    
       7    -2.4331677         166.98461    
       7    -324.39099         0.0000000    
       7    -5.9884912         436.52195    
       7    -481.45282         0.0000000    
       7    -7.4817229         588.82524    
       8    -16.846226         27.286951    
       8    -5.4818852         120.17977    
       8    -2.4274415         166.90874    
       8    -326.01743         0.0000000    
       8    -6.0145871         436.40490    
       8    -483.90909         0.0000000    
       8    -7.5163817         588.82860    
       9    -17.022468         27.086437    
       9    -5.4519661         119.93563    
       9    -2.4216508         166.83285    
       9    -327.64362         0.0000000    
       9    -6.0406064         436.28731    
       9    -486.36533         0.0000000    
       9    -7.5510387         588.83199    
      10    -17.200802         26.880197    
      10    -5.4201739         119.68978    
      10    -2.4157977         166.75692    
      10    -329.26956         0.0000000    
      10    -6.0665422         436.16917    
      10    -488.82156         0.0000000    
      10    -7.5856959         588.83543    
      11    -17.381255         26.668000    
      11    -5.3864811         119.44224    
      11    -2.4098866         166.68097    
      11    -330.89532         0.0000000    
      11    -6.0923985         436.05049    
      11    -491.27783         0.0000000    
      11    -7.6203516         588.83892    
      12    -17.563862         26.449590    
      12    -5.3508515         119.19303    
      12    -2.4039207         166.60499    
      12    -332.52084         0.0000000    
      12    -6.1181716         435.93127    
      12    -493.73410         0.0000000    
      12    -7.6550075         588.84244    
      13    -17.748647         26.224706    
      13    -5.3132571         118.94217    
      13    -2.3979036         166.52899    
      13    -334.14612         0.0000000    
      13    -6.1438640         435.81151    
      13    -496.19034         0.0000000    
      13    -7.6896627         588.84601    
      14    -17.935639         25.993068    
      14    -5.2736646         118.68967    
      14    -2.3918387         166.45296    
      14    -335.77118         0.0000000    
      14    -6.1694723         435.69120    
      14    -498.64658         0.0000000    
      14    -7.7243173         588.84962    
      15    -18.124870         25.754373    
      15    -5.2320427         118.43556    
      15    -2.3857291         166.37692    
      15    -337.39600         0.0000000    
      15    -6.1949980         435.57036    
      15    -501.10278         0.0000000    
      15    -7.7589725         588.85327    
      16    -18.316365         25.508307    
      16    -5.1883592         118.17986    
      16    -2.3795782         166.30086    
      16    -339.02060         0.0000000    
      16    -6.2204383         435.44898    
      16    -503.55905         0.0000000    
      16    -7.7936270         588.85697    
      17    -18.510156         25.254526    
      17    -5.1425846         117.92260    
      17    -2.3733900         166.22477    
      17    -340.64499         0.0000000    
      17    -6.2457961         435.32706    
      17    -506.01529         0.0000000    
      17    -7.8282823         588.86070    
      18    -18.706264         24.992674    
      18    -5.0946868         117.66379    
      18    -2.3671667         166.14867    
      18    -342.26917         0.0000000    
      18    -6.2710660         435.20461    
      18    -508.47159         0.0000000    
      18    -7.8629379         588.86448    
      19    -18.904726         24.722355    
      19    -5.0446367         117.40347    
      19    -2.3609129         166.07256    
      19    -343.89307         0.0000000    
      19    -6.2962525         435.08162    
      19    -510.92780         0.0000000    
      19    -7.8975941         588.86830    
      20    -19.105566         24.443154    
      20    -4.9924019         117.14166    
      20    -2.3546305         165.99643    
      20    -345.51682         0.0000000    
      20    -6.3213506         434.95810    
      20    -513.38409         0.0000000    
      20    -7.9322508         588.87216    
      21    -19.308808         24.154625    
      21    -4.9379560         116.87839    
      21    -2.3483242         165.92029    
      21    -347.14023         0.0000000    
      21    -6.3463643         434.83404    
      21    -515.84027         0.0000000    
      21    -7.9669080         588.87605    
      22    -19.514481         23.856285    
      22    -4.8812675         116.61369    
      22    -2.3419955         165.84413    
      22    -348.76352         0.0000000    
      22    -6.3712879         434.70946    
      22    -518.29651         0.0000000    
      22    -8.0015668         588.87999    
      23    -19.722608         23.547612    
      23    -4.8223105         116.34759    
      23    -2.3356492         165.76797    
      23    -350.38651         0.0000000    
      23    -6.3961264         434.58434    
      23    -520.75275         0.0000000    
      23    -8.0362255         588.88397    
      24    -19.933221         23.228035    
      24    -4.7610534         116.08012    
      24    -2.3292873         165.69180    
      24    -352.00931         0.0000000    
      24    -6.4208745         434.45870    
      24    -523.20905         0.0000000    
      24    -8.0708864         588.88799    
      24    -8.7453193         970.09390    
      25    -20.146337         22.896945    
      25    -4.6974712         115.81132    
      25    -2.3229133         165.61561    
      25    -353.63190         0.0000000    
      25    -6.4455327         434.33253    
      25    -525.66528         0.0000000    
      25    -8.1055476         588.89205    
      26    -20.361985         22.553667    
      26    -4.6315385         115.54123    
      26    -2.3165301         165.53942    
      26    -355.25421         0.0000000    
      26    -6.4701027         434.20583    
      26    -528.12146         0.0000000    
      26    -8.1402112         588.89615    
      27    -20.580188         22.197466    
      27    -4.5632269         115.26986    
      27    -2.3101410         165.46322    
      27    -356.87631         0.0000000    
      27    -6.4945811         434.07861    
      27    -530.57770         0.0000000    
      27    -8.1748759         588.90029    
      28    -20.800967         21.827536    
      28    -4.4925126         114.99727    
      28    -2.3037487         165.38701    
      28    -358.49823         0.0000000    
      28    -6.5189689         433.95087    
      28    -533.03394         0.0000000    
      28    -8.2095418         588.90447    
      28    -8.9200385         969.71742    
      29    -21.024345         21.442984    
      29    -4.4193722         114.72349    
      29    -2.2973564         165.31080    
      29    -360.11990         0.0000000    
      29    -6.5432657         433.82260    
      29    -535.49023         0.0000000    
      29    -8.2442100         588.90869    
      30    -21.250335         21.042832    
      30    -4.3437843         114.44857    
      30    -2.2909667         165.23459    
      30    -361.74133         0.0000000    
      30    -6.5674704         433.69381    
      30    -537.94647         0.0000000    
      30    -8.2788799         588.91294    
      31    -21.478969         20.625965    
      31    -4.2657246         114.17253    
      31    -2.2845825         165.15836    
      31    -363.36252         0.0000000    
      31    -6.5915816         433.56450    
      31    -540.40265         0.0000000    
      31    -8.3135515         588.91723    
      31    -9.0514599         969.43039    
      32    -21.710257         20.191155    
      32    -4.1851732         113.89543    
      32    -2.2782071         165.08214    
      32    -364.98349         0.0000000    
      32    -6.6156009         433.43467    
      32    -542.85889         0.0000000    
      32    -8.3482253         588.92157    
      32    -9.0953404         969.33383    
      33    -21.944221         19.737009    
      33    -4.1021103         113.61731    
      33    -2.2718431         165.00591    
      33    -366.60422         0.0000000    
      33    -6.6395263         433.30433    
      33    -545.31512         0.0000000    
      33    -8.3829014         588.92594    
      34    -22.180868         19.261958    
      34    -4.0165221         113.33821    
      34    -2.2654930         164.92968    
      34    -368.22473         0.0000000    
      34    -6.6633585         433.17347    
      34    -547.77130         0.0000000    
      34    -8.4175796         588.93035    
      35    -22.420224         18.764173    
      35    -3.9283854         113.05818    
      35    -2.2591598         164.85344    
      35    -369.84503         0.0000000    
      35    -6.6870958         433.04210    
      35    -550.22754         0.0000000    
      35    -8.4522604         588.93479    
      36    -22.662298         18.241572    
      36    -3.8376860         112.77726    
      36    -2.2528457         164.77721    
      36    -371.46512         0.0000000    
      36    -6.7107363         432.91021    
      36    -552.68384         0.0000000    
      36    -8.4869440         588.93928    
      37    -22.907095         17.691732    
      37    -3.7444144         112.49550    
      37    -2.2465533         164.70097    
      37    -373.08496         0.0000000    
      37    -6.7342807         432.77781    
      37    -555.14008         0.0000000    
      37    -8.5216295         588.94380    
      38    -23.154635         17.111760    
      38    -3.6485563         112.21295    
      38    -2.2402864         164.62473    
      38    -374.70462         0.0000000    
      38    -6.7577325         432.64490    
      38    -557.59631         0.0000000    
      38    -8.5563179         588.94836    
      38    -9.3594074         968.74506    
      39    -23.404922         16.498227    
      39    -3.5500997         111.92966    
      39    -2.2340463         164.54849    
      39    -376.32397         0.0000000    
      39    -6.7810855         432.51148    
      39    -560.05249         0.0000000    
      39    -8.5910087         588.95295    
      40    -23.657966         15.846964    
      40    -3.4490361         111.64568    
      40    -2.2278361         164.47225    
      40    -377.94312         0.0000000    
      40    -6.8043415         432.37755    
      40    -562.50867         0.0000000    
      40    -8.6257029         588.95758    
      41    -23.913763         15.152840    
      41    -3.3453603         111.36107    
      41    -2.2216572         164.39601    
      41    -379.56207         0.0000000    
      41    -6.8274976         432.24312    
      41    -564.96497         0.0000000    
      41    -8.6604000         588.96225    
      41    -9.4919435         968.44465    
      42    -24.172330         14.409332    
      42    -3.2390656         111.07586    
      42    -2.2155140         164.31976    
      42    -381.18079         0.0000000    
      42    -6.8505601         432.10818    
      42    -567.42114         0.0000000    
      42    -8.6951003         588.96696    
