 ..........................................................................................

 Bending Beam 2                                                                  
 Op.Point:  1                                                  altitude :     0.000 Kft    

 Velocity:  60.00     m/s      Heading:  0.000     deg      earth X:  0.000     m      
 Beta    :  0.000     deg      Elev.  :  0.000     deg      earth Y:  0.000     m      
 Alpha   :  0.000     deg      Bank   :  0.000     deg      earth Z:  0.000     m      

 sum Mx  :  0.000     N-m        Wx   :  0.000     deg/s     Wdotx :  0.000     deg/s^2
 sum My  :  0.000     N-m        Wy   :  0.000     deg/s     Wdoty :  0.000     deg/s^2
 sum Mz  :  0.000     N-m        Wz   :  0.000     deg/s     Wdotz :  0.000     deg/s^2

 sum Fx  :  0.000     N          Ux   : -60.00     m/s       Udotx :  0.000     m/s^2  
 sum Fy  :  0.000     N          Uy   :  0.000     m/s       Udoty :  0.000     m/s^2  
 sum Fz  :  0.000     N          Uz   : -0.000     m/s       Udotz :  0.000     m/s^2  


 Lift    :  0.000     N        Density:  1.077     kg/m^3  Ref.Area:  0.000     m^2    
 Weight  :  15.49     N        Dyn.Pr.:  1939.     N/m^2   Ref.Span:  1.219     m      
 Load Fac:  1.000              VIAS   :  60.00     m/s     Ref.Chrd: 0.2032     m      
 Mach    : 0.1764              VTAS   :  60.00     m/s     MachPG  :  0.000            

 avg CL  :  0.0000             avg CD :   0.00000              L/D :    0.00
 Span Eff:  0.0000             avg CDi:   0.00000           avg Cm :  0.0000
 ..........................................................................................
 .............................................................

  Surface  Beam  1:  Beam                                                            
                                        0       0       0                
      t      y      z-z0   tw-tw0 Mc'/10  Ms'/10   Fn/10     cl   a_flap 
  ------- ------- ------- ------- ------- ------- ------- ------- ------ 
     0.00    0.00    0.00    0.00   0.000   0.000   0.000  0.0000   0.00 
     0.00    0.00   -0.00    0.00   0.000   0.000   0.000  0.0000   0.00 
     0.01    0.00   -0.01    0.00   0.000   0.000   0.000  0.0000   0.00 
     0.03    0.00   -0.03    0.00   0.000   0.000   0.000  0.0000   0.00 
     0.05    0.00   -0.05    0.00   0.000   0.000   0.000  0.0000   0.00 
     0.07    0.00   -0.07    0.00   0.000   0.000   0.000  0.0000   0.00 
     0.10    0.00   -0.10    0.00   0.000   0.000   0.000  0.0000   0.00 
     0.13    0.00   -0.13    0.00   0.000   0.000   0.000  0.0000   0.00 
     0.17    0.00   -0.17    0.00   0.000   0.000   0.000  0.0000   0.00 
     0.20    0.00   -0.20    0.00   0.000   0.000   0.000  0.0000   0.00 
     0.20    0.00   -0.20    0.00   0.000   0.000   0.000  0.0000   0.00 
     0.24    0.00   -0.24    0.00   0.000   0.000   0.000  0.0000   0.00 
     0.28    0.00   -0.28    0.00   0.000   0.000   0.000  0.0000   0.00 
     0.31    0.00   -0.31    0.00   0.000   0.000   0.000  0.0000   0.00 
     0.35    0.00   -0.35    0.00   0.000   0.000   0.000  0.0000   0.00 
     0.39    0.00   -0.39    0.00   0.000   0.000   0.000  0.0000   0.00 
     0.42    0.00   -0.42    0.00   0.000   0.000   0.000  0.0000   0.00 
     0.46    0.00   -0.46    0.00   0.000   0.000   0.000  0.0000   0.00 
     0.49    0.00   -0.49    0.00   0.000   0.000   0.000  0.0000   0.00 
     0.52    0.00   -0.52    0.00   0.000   0.000   0.000  0.0000   0.00 
     0.55    0.00   -0.55    0.00   0.000   0.000   0.000  0.0000   0.00 
     0.59    0.00   -0.59    0.00   0.000   0.000   0.000  0.0000   0.00 
     0.62    0.00   -0.62    0.00   0.000   0.000   0.000  0.0000   0.00 
     0.65    0.00   -0.65    0.00   0.000   0.000   0.000  0.0000   0.00 
     0.68    0.00   -0.68    0.00   0.000   0.000   0.000  0.0000   0.00 
     0.71    0.00   -0.71    0.00   0.000   0.000   0.000  0.0000   0.00 
     0.75    0.00   -0.75    0.00   0.000   0.000   0.000  0.0000   0.00 
     0.78    0.00   -0.78    0.00   0.000   0.000   0.000  0.0000   0.00 
     0.82    0.00   -0.82    0.00   0.000   0.000   0.000  0.0000   0.00 
     0.85    0.00   -0.85    0.00   0.000   0.000   0.000  0.0000   0.00 
     0.89    0.00   -0.89    0.00   0.000   0.000   0.000  0.0000   0.00 
     0.93    0.00   -0.93    0.00   0.000   0.000   0.000  0.0000   0.00 
     0.96    0.00   -0.96    0.00   0.000   0.000   0.000  0.0000   0.00 
     1.00    0.00   -1.00    0.00   0.000   0.000   0.000  0.0000   0.00 
     1.03    0.00   -1.03    0.00   0.000   0.000   0.000  0.0000   0.00 
     1.07    0.00   -1.07    0.00   0.000   0.000   0.000  0.0000   0.00 
     1.10    0.00   -1.10    0.00   0.000   0.000   0.000  0.0000   0.00 
     1.13    0.00   -1.13    0.00   0.000   0.000   0.000  0.0000   0.00 
     1.16    0.00   -1.16    0.00   0.000   0.000   0.000  0.0000   0.00 
     1.18    0.00   -1.18    0.00   0.000   0.000   0.000  0.0000   0.00 
     1.20    0.00   -1.20    0.00   0.000   0.000   0.000  0.0000   0.00 
     1.21    0.00   -1.21    0.00   0.000   0.000   0.000  0.0000   0.00 
     1.22    0.00   -1.22    0.00   0.000   0.000   0.000  0.0000   0.00 
     1.22    0.00   -1.22    0.00   0.000   0.000   0.000  0.0000   0.00 
