 ..........................................................................................

 Mowe_temp                                                                       
 Op.Point:  1                                                  altitude :     0.000 Kft    

 Velocity:  20.00     1.0000   Heading:  0.000     deg      earth X:  0.000     1.0000 
 Beta    :  0.000     deg      Elev.  :  0.000     deg      earth Y:  0.000     1.0000 
 Alpha   :  8.000     deg      Bank   :  0.000     deg      earth Z:  0.000     1.0000 

 sum Mx  :-0.6691E-05 1.0000     Wx   :  0.000     deg/1.0   Wdotx :  0.000     deg/1.0
 sum My  : 0.2968E-02 1.0000     Wy   :  0.000     deg/1.0   Wdoty :  0.000     deg/1.0
 sum Mz  :-0.5348E-06 1.0000     Wz   :  0.000     deg/1.0   Wdotz :  0.000     deg/1.0

 sum Fx  : -10.11     1.0000     Ux   : -19.81     1.0000    Udotx :  0.000     1.0000 
 sum Fy  : 0.1211E-06 1.0000     Uy   :  0.000     1.0000    Udoty :  0.000     1.0000 
 sum Fz  :  90.29     1.0000     Uz   : -2.783     1.0000    Udotz :  0.000     1.0000 

  Flap 1 :  0.000              Flap 2 :  0.000              Flap 3 :  0.000            

 Lift    :  90.82     1.0000   Density:  1.226     1.0000  Ref.Area: 0.5710     1.0000 
 Weight  :  0.000     1.0000   Dyn.Pr.:  245.1     1.0000  Ref.Span:  2.055     1.0000 
 Load Fac:  1.000              VIAS   :  20.00     1.0000  Ref.Chrd: 0.2779     1.0000 
 Mach    : 0.5879E-01          VTAS   :  20.00     1.0000  MachPG  :  0.000            

 avg CL  :  0.6489             avg CD :   0.01825              L/D :   35.56
 Span Eff:  0.9912             avg CDi:   0.01843           avg Cm :  0.0001
 ..........................................................................................
 .............................................................

  Surface  Beam  1:  Foward Wing                                                     
                                        1       0       1                        
      t      y      z-z0   tw-tw0 Mc'/10  Ms'/10   Fn/10     cl   f_aero  a_flap 
  ------- ------- ------- ------- ------- ------- ------- ------- ------- ------ 
  -1.0277 -1.0243 -0.0000 -0.0000  0.0000  0.0000  0.0000  0.9419  1.4328 0.0000 
  -1.0197 -1.0178 -0.0000 -0.0000  0.0000  0.0001 -0.0019  0.6922 10.4235 0.0000 
  -0.9813 -0.9810 -0.0000 -0.0000  0.0008  0.0097 -0.0446  0.6421 19.8957 0.0000 
  -0.9170 -0.9168 -0.0000 -0.0000  0.0077  0.0574 -0.1746  0.6422 28.3547 0.0000 
  -0.8322 -0.8322 -0.0000 -0.0000  0.0323  0.1791 -0.4156  0.6459 35.7164 0.0000 
  -0.7330 -0.7329 -0.0000 -0.0000  0.0906  0.4016 -0.7698  0.6492 41.8675 0.0000 
  -0.6249 -0.6249 -0.0000 -0.0000  0.1971  0.7331 -1.2205  0.6518 46.7938 0.0000 
  -0.5136 -0.5136 -0.0000 -0.0000  0.3607  1.1626 -1.7393  0.6537 50.5673 0.0000 
  -0.4031 -0.4031 -0.0000 -0.0000  0.5820  1.6666 -2.2952  0.6552 53.3179 0.0000 
  -0.2962 -0.2962 -0.0000 -0.0000  0.8557  2.2191 -2.8620  0.6562 55.2000 0.0000 
  -0.1939 -0.1939 -0.0000  0.0000  1.1747  2.8000 -3.4231  0.6569 56.3598 0.0000 
  -0.0958 -0.0958 -0.0000 -0.0000  1.5351  3.4005 -3.9729  0.6573 56.9096 0.0000 
  -0.0000  0.0000  0.0000  0.0000  1.9384  4.0236 -4.5145  0.6558 56.9100 0.0000 
  -0.0000  0.0000  0.0000  0.0000  1.9384 -4.0236  4.5145  0.6573 56.9096 0.0000 
   0.0958  0.0958  0.0000 -0.0000  1.5351 -3.4005  3.9729  0.6569 56.3598 0.0000 
   0.1939  0.1939  0.0000 -0.0000  1.1747 -2.8000  3.4231  0.6562 55.2000 0.0000 
   0.2962  0.2962  0.0000  0.0000  0.8557 -2.2191  2.8620  0.6552 53.3179 0.0000 
   0.4031  0.4031  0.0000  0.0000  0.5820 -1.6666  2.2952  0.6537 50.5673 0.0000 
   0.5136  0.5136  0.0000 -0.0000  0.3607 -1.1626  1.7393  0.6518 46.7938 0.0000 
   0.6249  0.6249  0.0000  0.0000  0.1971 -0.7331  1.2205  0.6492 41.8675 0.0000 
   0.7330  0.7329  0.0000  0.0000  0.0906 -0.4016  0.7698  0.6459 35.7164 0.0000 
   0.8322  0.8322  0.0000  0.0000  0.0323 -0.1791  0.4156  0.6422 28.3547 0.0000 
   0.9170  0.9168  0.0000  0.0000  0.0077 -0.0574  0.1746  0.6421 19.8957 0.0000 
   0.9813  0.9810  0.0000  0.0000  0.0008 -0.0097  0.0446  0.6922 10.4235 0.0000 
   1.0197  1.0178  0.0000  0.0000  0.0000 -0.0001  0.0019  0.9419  1.4328 0.0000 
   1.0277  1.0243  0.0000  0.0000  0.0000  0.0000  0.0000  0.0000  0.0000 0.0000 
