# Pazy Wing (simplified : constant stiffness properties)                          
# Operating point sequence...
# i     t     conv	stall	 RY pos[ 1]    Theta[ 1]    
  1 0.9980      1  0 -0.152432      0.301543E-01
  2 0.9990      1  0 -0.153430     -0.229660E-01
  3  1.000      1  0 -0.154345     -0.791836E-01
  4  1.001      1  0 -0.155132     -0.134224    
  5  1.002      1  0 -0.155761     -0.182522    
  6  1.003      1  0 -0.156210     -0.219428    
  7  1.004      1  0 -0.156465     -0.242661    
  8  1.005      1  0 -0.156524     -0.252954    
  9  1.006      1  0 -0.156392     -0.253942    
 10  1.007      1  0 -0.156080     -0.251391    
 11  1.008      1  0 -0.155607     -0.251959    
 12  1.009      1  0 -0.154994     -0.261800    
 13  1.010      1  0 -0.154266     -0.285336    
 14  1.011      1  0 -0.153446     -0.324452    
 15  1.012      1  0 -0.152558     -0.378247    
 16  1.013      1  0 -0.151625     -0.443298    
 17  1.014      1  0 -0.150672     -0.514312    
 18  1.015      1  0 -0.149721     -0.585001    
 19  1.016      1  0 -0.148795     -0.648966    
 20  1.017      1  0 -0.147918     -0.700457    
 21  1.018      1  0 -0.147113     -0.734894    
 22  1.019      1  0 -0.146402     -0.749158    
 23  1.020      1  0 -0.145807     -0.741668    
 24  1.021      1  0 -0.145346     -0.712320    
 25  1.022      1  0 -0.145035     -0.662362    
 26  1.023      1  0 -0.144884     -0.594241    
 27  1.024      1  0 -0.144903     -0.511455    
 28  1.025      1  0 -0.145093     -0.418409    
 29  1.026      1  0 -0.145453     -0.320252    
 30  1.027      1  0 -0.145976     -0.222674    
 31  1.028      1  0 -0.146651     -0.131625    
 32  1.029      1  0 -0.147460     -0.529355E-01
 33  1.030      1  0 -0.148384      0.817300E-02
 34  1.031      1  0 -0.149394      0.476643E-01
 35  1.032      1  0 -0.150462      0.632825E-01
 36  1.033      1  0 -0.151550      0.550558E-01
 37  1.034      1  0 -0.152622      0.255646E-01
 38  1.035      1  0 -0.153639     -0.201660E-01
 39  1.036      1  0 -0.154561     -0.752342E-01
 40  1.037      1  0 -0.155354     -0.131867    
 41  1.038      1  0 -0.155988     -0.182706    
 42  1.039      1  0 -0.156441     -0.222120    
 43  1.040      1  0 -0.156700     -0.247231    
 44  1.041      1  0 -0.156760     -0.258416    
 45  1.042      1  0 -0.156626     -0.259151    
 46  1.043      1  0 -0.156312     -0.255223    
 47  1.044      1  0 -0.155835     -0.253499    
 48  1.045      1  0 -0.155216     -0.260513    
 49  1.046      1  0 -0.154480     -0.281182    
 50  1.047      1  0 -0.153651     -0.317897    
 51  1.048      1  0 -0.152754     -0.370156    
 52  1.049      1  0 -0.151813     -0.434749    
 53  1.050      1  0 -0.150852     -0.506402    
 54  1.051      1  0 -0.149893     -0.578678    
 55  1.052      1  0 -0.148960     -0.644927    
 56  1.053      1  0 -0.148077     -0.699096    
 57  1.054      1  0 -0.147265     -0.736307    
 58  1.055      1  0 -0.146549     -0.753170    
 59  1.056      1  0 -0.145948     -0.747878    
 60  1.057      1  0 -0.145480     -0.720164    
 61  1.058      1  0 -0.145161     -0.671176    
 62  1.059      1  0 -0.145003     -0.603325    
 63  1.060      1  0 -0.145012     -0.520138    
 64  1.061      1  0 -0.145193     -0.426103    
 65  1.062      1  0 -0.145543     -0.326499    
 66  1.063      1  0 -0.146056     -0.227181    
 67  1.064      1  0 -0.146721     -0.134286    
 68  1.065      1  0 -0.147522     -0.538408E-01
 69  1.066      1  0 -0.148438      0.874940E-02
 70  1.067      1  0 -0.149444      0.492905E-01
 71  1.068      1  0 -0.150508      0.654194E-01
 72  1.069      1  0 -0.151596      0.571291E-01
 73  1.070      1  0 -0.152670      0.270530E-01
 74  1.071      1  0 -0.153689     -0.196403E-01
 75  1.072      1  0 -0.154615     -0.758301E-01
 76  1.073      1  0 -0.155412     -0.133485    
 77  1.074      1  0 -0.156049     -0.184998    
 78  1.075      1  0 -0.156504     -0.224547    
 79  1.076      1  0 -0.156763     -0.249163    
 80  1.077      1  0 -0.156823     -0.259251    
 81  1.078      1  0 -0.156689     -0.258427    
 82  1.079      1  0 -0.156372     -0.252706    
 83  1.080      1  0 -0.155892     -0.249224    
 84  1.081      1  0 -0.155270     -0.254778    
 85  1.082      1  0 -0.154532     -0.274494    
 86  1.083      1  0 -0.153700     -0.310885    
 87  1.084      1  0 -0.152801     -0.363467    
 88  1.085      1  0 -0.151858     -0.428955    
 89  1.086      1  0 -0.150893     -0.501929    
 90  1.087      1  0 -0.149931     -0.575769    
 91  1.088      1  0 -0.148994     -0.643639    
 92  1.089      1  0 -0.148105     -0.699329    
 93  1.090      1  0 -0.147286     -0.737843    
 94  1.091      1  0 -0.146562     -0.755722    
 95  1.092      1  0 -0.145951     -0.751142    
 96  1.093      1  0 -0.145473     -0.723852    
 97  1.094      1  0 -0.145144     -0.675048    
 98  1.095      1  0 -0.144975     -0.607202    
 99  1.096      1  0 -0.144974     -0.523910    
100  1.097      1  0 -0.145145     -0.429722    
101  1.098      1  0 -0.145486     -0.329965    
102  1.099      1  0 -0.145991     -0.230527    
103  1.100      1  0 -0.146649     -0.137553    
104  1.101      1  0 -0.147444     -0.570548E-01
105  1.102      1  0 -0.148355      0.559353E-02
106  1.103      1  0 -0.149357      0.462450E-01
107  1.104      1  0 -0.150419      0.625865E-01
108  1.105      1  0 -0.151506      0.546528E-01
109  1.106      1  0 -0.152579      0.251002E-01
110  1.107      1  0 -0.153600     -0.209065E-01
111  1.108      1  0 -0.154528     -0.762801E-01
112  1.109      1  0 -0.155327     -0.133047    
113  1.110      1  0 -0.155968     -0.183675    
114  1.111      1  0 -0.156428     -0.222418    
115  1.112      1  0 -0.156693     -0.246374    
116  1.113      1  0 -0.156758     -0.255996    
117  1.114      1  0 -0.156628     -0.254918    
118  1.115      1  0 -0.156317     -0.249146    
119  1.116      1  0 -0.155842     -0.245781    
120  1.117      1  0 -0.155225     -0.251566    
121  1.118      1  0 -0.154490     -0.271564    
122  1.119      1  0 -0.153662     -0.308231    
123  1.120      1  0 -0.152765     -0.361038    
124  1.121      1  0 -0.151822     -0.426679    
125  1.122      1  0 -0.150858     -0.499733    
126  1.123      1  0 -0.149894     -0.573602    
127  1.124      1  0 -0.148954     -0.641490    
128  1.125      1  0 -0.148061     -0.697232    
129  1.126      1  0 -0.147238     -0.735882    
130  1.127      1  0 -0.146508     -0.754026    
131  1.128      1  0 -0.145890     -0.749869    
132  1.129      1  0 -0.145405     -0.723178    
133  1.130      1  0 -0.145068     -0.675142    
134  1.131      1  0 -0.144892     -0.608209    
135  1.132      1  0 -0.144883     -0.525923    
136  1.133      1  0 -0.145047     -0.432765    
137  1.134      1  0 -0.145381     -0.333974    
138  1.135      1  0 -0.145880     -0.235337    
139  1.136      1  0 -0.146533     -0.142897    
140  1.137      1  0 -0.147324     -0.625751E-01
141  1.138      1  0 -0.148232      0.322985E-03
142  1.139      1  0 -0.149231      0.416738E-01
143  1.140      1  0 -0.150291      0.591322E-01
144  1.141      1  0 -0.151376      0.526379E-01
145  1.142      1  0 -0.152450      0.246928E-01
146  1.143      1  0 -0.153471     -0.197337E-01
147  1.144      1  0 -0.154402     -0.737597E-01
148  1.145      1  0 -0.155206     -0.129589    
149  1.146      1  0 -0.155853     -0.179802    
150  1.147      1  0 -0.156320     -0.218677    
151  1.148      1  0 -0.156593     -0.243240    
152  1.149      1  0 -0.156668     -0.253786    
153  1.150      1  0 -0.156548     -0.253746    
154  1.151      1  0 -0.156247     -0.248907    
155  1.152      1  0 -0.155781     -0.246185    
156  1.153      1  0 -0.155172     -0.252205    
157  1.154      1  0 -0.154444     -0.271994    
158  1.155      1  0 -0.153621     -0.308057    
159  1.156      1  0 -0.152728     -0.359982    
160  1.157      1  0 -0.151788     -0.424620    
161  1.158      1  0 -0.150825     -0.496716    
162  1.159      1  0 -0.149861     -0.569821    
163  1.160      1  0 -0.148920     -0.637247    
164  1.161      1  0 -0.148026     -0.692894    
165  1.162      1  0 -0.147200     -0.731834    
166  1.163      1  0 -0.146467     -0.750630    
167  1.164      1  0 -0.145846     -0.747434    
168  1.165      1  0 -0.145357     -0.721935    
169  1.166      1  0 -0.145016     -0.675230    
170  1.167      1  0 -0.144835     -0.609661    
171  1.168      1  0 -0.144822     -0.528665    
172  1.169      1  0 -0.144980     -0.436615    
173  1.170      1  0 -0.145309     -0.338651    
174  1.171      1  0 -0.145803     -0.240475    
175  1.172      1  0 -0.146451     -0.148070    
176  1.173      1  0 -0.147237     -0.673328E-01
177  1.174      1  0 -0.148140     -0.359041E-02
178  1.175      1  0 -0.149135      0.389607E-01
179  1.176      1  0 -0.150192      0.578494E-01
180  1.177      1  0 -0.151276      0.528448E-01
181  1.178      1  0 -0.152350      0.262538E-01
182  1.179      1  0 -0.153374     -0.171430E-01
183  1.180      1  0 -0.154308     -0.706115E-01
184  1.181      1  0 -0.155118     -0.126429    
185  1.182      1  0 -0.155773     -0.177156    
186  1.183      1  0 -0.156249     -0.216954    
187  1.184      1  0 -0.156531     -0.242656    
188  1.185      1  0 -0.156616     -0.254326    
189  1.186      1  0 -0.156506     -0.255167    
190  1.187      1  0 -0.156213     -0.250794    
191  1.188      1  0 -0.155756     -0.248029    
192  1.189      1  0 -0.155154     -0.253501    
193  1.190      1  0 -0.154432     -0.272336    
194  1.191      1  0 -0.153614     -0.307202    
195  1.192      1  0 -0.152725     -0.357885    
196  1.193      1  0 -0.151789     -0.421426    
197  1.194      1  0 -0.150828     -0.492723    
198  1.195      1  0 -0.149866     -0.565423    
199  1.196      1  0 -0.148926     -0.632871    
200  1.197      1  0 -0.148032     -0.688942    
201  1.198      1  0 -0.147206     -0.728640    
202  1.199      1  0 -0.146471     -0.748437    
203  1.200      1  0 -0.145848     -0.746381    
204  1.201      1  0 -0.145356     -0.722059    
205  1.202      1  0 -0.145011     -0.676472    
206  1.203      1  0 -0.144826     -0.611883    
207  1.204      1  0 -0.144808     -0.531662    
208  1.205      1  0 -0.144961     -0.440132    
209  1.206      1  0 -0.145285     -0.342401    
210  1.207      1  0 -0.145773     -0.244159    
211  1.208      1  0 -0.146415     -0.151403    
212  1.209      1  0 -0.147195     -0.700616E-01
213  1.210      1  0 -0.148094     -0.552435E-02
214  1.211      1  0 -0.149085      0.379283E-01
215  1.212      1  0 -0.150139      0.577221E-01
216  1.213      1  0 -0.151222      0.535149E-01
217  1.214      1  0 -0.152296      0.275096E-01
218  1.215      1  0 -0.153322     -0.155919E-01
219  1.216      1  0 -0.154260     -0.690910E-01
220  1.217      1  0 -0.155075     -0.125246    
221  1.218      1  0 -0.155736     -0.176539    
222  1.219      1  0 -0.156219     -0.217009    
223  1.220      1  0 -0.156509     -0.243345    
224  1.221      1  0 -0.156601     -0.255469    
225  1.222      1  0 -0.156499     -0.256478    
226  1.223      1  0 -0.156213     -0.251934    
227  1.224      1  0 -0.155761     -0.248674    
228  1.225      1  0 -0.155165     -0.253401    
229  1.226      1  0 -0.154448     -0.271357    
230  1.227      1  0 -0.153635     -0.305347    
231  1.228      1  0 -0.152750     -0.355287    
232  1.229      1  0 -0.151816     -0.418317    
233  1.230      1  0 -0.150858     -0.489394    
234  1.231      1  0 -0.149898     -0.562173    
235  1.232      1  0 -0.148959     -0.629970    
236  1.233      1  0 -0.148065     -0.686602    
237  1.234      1  0 -0.147239     -0.727005    
238  1.235      1  0 -0.146502     -0.747572    
239  1.236      1  0 -0.145877     -0.746290    
240  1.237      1  0 -0.145381     -0.722690    
241  1.238      1  0 -0.145032     -0.677733    
242  1.239      1  0 -0.144841     -0.613656    
243  1.240      1  0 -0.144817     -0.533812    
244  1.241      1  0 -0.144964     -0.442518    
245  1.242      1  0 -0.145281     -0.344883    
246  1.243      1  0 -0.145763     -0.246603    
247  1.244      1  0 -0.146399     -0.153684    
248  1.245      1  0 -0.147174     -0.720718E-01
249  1.246      1  0 -0.148068     -0.717693E-02
250  1.247      1  0 -0.149056      0.366923E-01
251  1.248      1  0 -0.150107      0.569271E-01
252  1.249      1  0 -0.151188      0.531461E-01
253  1.250      1  0 -0.152262      0.275117E-01
254  1.251      1  0 -0.153288     -0.153103E-01
255  1.252      1  0 -0.154229     -0.686449E-01
256  1.253      1  0 -0.155047     -0.124755    
257  1.254      1  0 -0.155711     -0.176106    
258  1.255      1  0 -0.156199     -0.216701    
259  1.256      1  0 -0.156495     -0.243173    
260  1.257      1  0 -0.156592     -0.255392    
261  1.258      1  0 -0.156496     -0.256409    
262  1.259      1  0 -0.156216     -0.251758    
263  1.260      1  0 -0.155770     -0.248273    
264  1.261      1  0 -0.155178     -0.252681    
265  1.262      1  0 -0.154466     -0.270265    
266  1.263      1  0 -0.153657     -0.303884    
267  1.264      1  0 -0.152775     -0.353506    
268  1.265      1  0 -0.151844     -0.416315    
269  1.266      1  0 -0.150887     -0.487293    
270  1.267      1  0 -0.149929     -0.560107    
271  1.268      1  0 -0.148990     -0.628063    
272  1.269      1  0 -0.148095     -0.684964    
273  1.270      1  0 -0.147267     -0.725720    
274  1.271      1  0 -0.146528     -0.746701    
275  1.272      1  0 -0.145899     -0.745872    
276  1.273      1  0 -0.145399     -0.722746    
277  1.274      1  0 -0.145045     -0.678268    
278  1.275      1  0 -0.144848     -0.614659    
279  1.276      1  0 -0.144818     -0.535259    
280  1.277      1  0 -0.144959     -0.444363    
281  1.278      1  0 -0.145270     -0.347059    
282  1.279      1  0 -0.145746     -0.249018    
283  1.280      1  0 -0.146376     -0.156219    
284  1.281      1  0 -0.147145     -0.745848E-01
285  1.282      1  0 -0.148034     -0.950858E-02
286  1.283      1  0 -0.149018      0.347035E-01
287  1.284      1  0 -0.150066      0.554269E-01
288  1.285      1  0 -0.151145      0.522422E-01
289  1.286      1  0 -0.152217      0.272532E-01
290  1.287      1  0 -0.153243     -0.149471E-01
291  1.288      1  0 -0.154185     -0.677592E-01
292  1.289      1  0 -0.155005     -0.123509    
293  1.290      1  0 -0.155673     -0.174700    
294  1.291      1  0 -0.156164     -0.215334    
295  1.292      1  0 -0.156464     -0.242012    
296  1.293      1  0 -0.156567     -0.254540    
297  1.294      1  0 -0.156476     -0.255885    
298  1.295      1  0 -0.156201     -0.251503    
299  1.296      1  0 -0.155760     -0.248165    
300  1.297      1  0 -0.155174     -0.252562    
301  1.298      1  0 -0.154466     -0.269974    
302  1.299      1  0 -0.153660     -0.303290    
303  1.300      1  0 -0.152781     -0.352532    
304  1.301      1  0 -0.151852     -0.414948    
305  1.302      1  0 -0.150896     -0.485584    
306  1.303      1  0 -0.149938     -0.558158    
307  1.304      1  0 -0.148999     -0.626015    
308  1.305      1  0 -0.148103     -0.682971    
309  1.306      1  0 -0.147273     -0.723937    
310  1.307      1  0 -0.146530     -0.745273    
311  1.308      1  0 -0.145898     -0.744917    
312  1.309      1  0 -0.145394     -0.722355    
313  1.310      1  0 -0.145034     -0.678498    
314  1.311      1  0 -0.144833     -0.615529    
315  1.312      1  0 -0.144798     -0.536744    
316  1.313      1  0 -0.144933     -0.446399    
317  1.314      1  0 -0.145238     -0.349535    
318  1.315      1  0 -0.145708     -0.251781    
319  1.316      1  0 -0.146332     -0.159081    
320  1.317      1  0 -0.147097     -0.773308E-01
321  1.318      1  0 -0.147981     -0.119184E-01
322  1.319      1  0 -0.148960      0.328353E-01
323  1.320      1  0 -0.150005      0.542619E-01
324  1.321      1  0 -0.151081      0.518716E-01
325  1.322      1  0 -0.152152      0.276757E-01
326  1.323      1  0 -0.153178     -0.138340E-01
327  1.324      1  0 -0.154120     -0.661507E-01
328  1.325      1  0 -0.154942     -0.121666    
329  1.326      1  0 -0.155613     -0.172903    
330  1.327      1  0 -0.156109     -0.213839    
331  1.328      1  0 -0.156414     -0.241000    
332  1.329      1  0 -0.156522     -0.254081    
333  1.330      1  0 -0.156437     -0.255936    
334  1.331      1  0 -0.156167     -0.251914    
335  1.332      1  0 -0.155731     -0.248714    
336  1.333      1  0 -0.155149     -0.252999    
337  1.334      1  0 -0.154445     -0.270073    
338  1.335      1  0 -0.153642     -0.302886    
339  1.336      1  0 -0.152765     -0.351548    
340  1.337      1  0 -0.151838     -0.413402    
341  1.338      1  0 -0.150884     -0.483582    
342  1.339      1  0 -0.149925     -0.555867    
343  1.340      1  0 -0.148986     -0.623637    
344  1.341      1  0 -0.148089     -0.680717    
345  1.342      1  0 -0.147257     -0.721997    
346  1.343      1  0 -0.146512     -0.743806    
347  1.344      1  0 -0.145876     -0.744038    
348  1.345      1  0 -0.145369     -0.722129    
349  1.346      1  0 -0.145005     -0.678941    
350  1.347      1  0 -0.144799     -0.616610    
351  1.348      1  0 -0.144759     -0.538388    
352  1.349      1  0 -0.144889     -0.448486    
353  1.350      1  0 -0.145189     -0.351914    
354  1.351      1  0 -0.145654     -0.254272    
355  1.352      1  0 -0.146273     -0.161488    
356  1.353      1  0 -0.147033     -0.794574E-01
357  1.354      1  0 -0.147913     -0.135853E-01
358  1.355      1  0 -0.148888      0.317687E-01
359  1.356      1  0 -0.149930      0.538770E-01
360  1.357      1  0 -0.151004      0.521729E-01
361  1.358      1  0 -0.152074      0.285823E-01
362  1.359      1  0 -0.153100     -0.124835E-01
363  1.360      1  0 -0.154044     -0.645782E-01
364  1.361      1  0 -0.154869     -0.120119    
365  1.362      1  0 -0.155544     -0.171615    
366  1.363      1  0 -0.156044     -0.212981    
367  1.364      1  0 -0.156354     -0.240653    
368  1.365      1  0 -0.156468     -0.254219    
369  1.366      1  0 -0.156387     -0.256433    
370  1.367      1  0 -0.156122     -0.252570    
371  1.368      1  0 -0.155691     -0.249294    
372  1.369      1  0 -0.155113     -0.253283    
373  1.370      1  0 -0.154411     -0.269891    
374  1.371      1  0 -0.153611     -0.302149    
375  1.372      1  0 -0.152737     -0.350259    
376  1.373      1  0 -0.151811     -0.411650    
377  1.374      1  0 -0.150858     -0.481518    
378  1.375      1  0 -0.149900     -0.553680    
379  1.376      1  0 -0.148961     -0.621522    
380  1.377      1  0 -0.148063     -0.678849    
381  1.378      1  0 -0.147230     -0.720518    
382  1.379      1  0 -0.146483     -0.742812    
383  1.380      1  0 -0.145845     -0.743578    
384  1.381      1  0 -0.145334     -0.722209    
385  1.382      1  0 -0.144967     -0.679528    
386  1.383      1  0 -0.144757     -0.617638    
387  1.384      1  0 -0.144712     -0.539763    
388  1.385      1  0 -0.144838     -0.450096    
389  1.386      1  0 -0.145133     -0.353631    
390  1.387      1  0 -0.145593     -0.255964    
391  1.388      1  0 -0.146208     -0.163022    
392  1.389      1  0 -0.146963     -0.807136E-01
393  1.390      1  0 -0.147840     -0.144652E-01
394  1.391      1  0 -0.148813      0.313292E-01
395  1.392      1  0 -0.149852      0.538975E-01
396  1.393      1  0 -0.150926      0.526210E-01
397  1.394      1  0 -0.151995      0.293731E-01
398  1.395      1  0 -0.153023     -0.114794E-01
399  1.396      1  0 -0.153968     -0.635175E-01
400  1.397      1  0 -0.154796     -0.119160    
401  1.398      1  0 -0.155474     -0.170889    
402  1.399      1  0 -0.155979     -0.212569    
403  1.400      1  0 -0.156293     -0.240565    
404  1.401      1  0 -0.156411     -0.254398    
405  1.402      1  0 -0.156335     -0.256762    
406  1.403      1  0 -0.156074     -0.252897    
407  1.404      1  0 -0.155646     -0.249465    
408  1.405      1  0 -0.155072     -0.253165    
409  1.406      1  0 -0.154374     -0.269404    
410  1.407      1  0 -0.153576     -0.301273    
411  1.408      1  0 -0.152703     -0.349036    
412  1.409      1  0 -0.151779     -0.410172    
413  1.410      1  0 -0.150827     -0.479910    
414  1.411      1  0 -0.149870     -0.552077    
415  1.412      1  0 -0.148930     -0.620049    
416  1.413      1  0 -0.148032     -0.677610    
417  1.414      1  0 -0.147197     -0.719585    
418  1.415      1  0 -0.146449     -0.742224    
419  1.416      1  0 -0.145808     -0.743346    
420  1.417      1  0 -0.145294     -0.722317    
421  1.418      1  0 -0.144924     -0.679941    
422  1.419      1  0 -0.144710     -0.618305    
423  1.420      1  0 -0.144661     -0.540623    
424  1.421      1  0 -0.144782     -0.451080    
425  1.422      1  0 -0.145073     -0.354665    
426  1.423      1  0 -0.145529     -0.256971    
427  1.424      1  0 -0.146141     -0.163927    
428  1.425      1  0 -0.146893     -0.814480E-01
429  1.426      1  0 -0.147767     -0.149697E-01
430  1.427      1  0 -0.148738      0.310958E-01
431  1.428      1  0 -0.149776      0.539516E-01
432  1.429      1  0 -0.150849      0.529491E-01
433  1.430      1  0 -0.151919      0.299298E-01
434  1.431      1  0 -0.152948     -0.107685E-01
435  1.432      1  0 -0.153895     -0.627459E-01
436  1.433      1  0 -0.154726     -0.118426    
437  1.434      1  0 -0.155407     -0.170278    
438  1.435      1  0 -0.155915     -0.212137    
439  1.436      1  0 -0.156233     -0.240327    
440  1.437      1  0 -0.156355     -0.254327    
441  1.438      1  0 -0.156282     -0.256793    
442  1.439      1  0 -0.156025     -0.252942    
443  1.440      1  0 -0.155601     -0.249431    
444  1.441      1  0 -0.155029     -0.252974    
445  1.442      1  0 -0.154333     -0.269005    
446  1.443      1  0 -0.153537     -0.300651    
447  1.444      1  0 -0.152666     -0.348215    
448  1.445      1  0 -0.151743     -0.409204    
449  1.446      1  0 -0.150792     -0.478868    
450  1.447      1  0 -0.149835     -0.551038    
451  1.448      1  0 -0.148895     -0.619088    
452  1.449      1  0 -0.147995     -0.676786    
453  1.450      1  0 -0.147159     -0.718943    
454  1.451      1  0 -0.146409     -0.741790    
455  1.452      1  0 -0.145766     -0.743129    
456  1.453      1  0 -0.145249     -0.722313    
457  1.454      1  0 -0.144875     -0.680134    
458  1.455      1  0 -0.144658     -0.618670    
459  1.456      1  0 -0.144606     -0.541126    
460  1.457      1  0 -0.144724     -0.451680    
461  1.458      1  0 -0.145011     -0.355314    
462  1.459      1  0 -0.145464     -0.257613    
463  1.460      1  0 -0.146073     -0.164505    
464  1.461      1  0 -0.146823     -0.819013E-01
465  1.462      1  0 -0.147695     -0.152449E-01
466  1.463      1  0 -0.148665      0.310408E-01
467  1.464      1  0 -0.149703      0.541393E-01
468  1.465      1  0 -0.150776      0.533759E-01
469  1.466      1  0 -0.151846      0.305622E-01
470  1.467      1  0 -0.152876     -0.999278E-02
471  1.468      1  0 -0.153826     -0.619103E-01
472  1.469      1  0 -0.154658     -0.117623    
473  1.470      1  0 -0.155343     -0.169591    
474  1.471      1  0 -0.155853     -0.211626    
475  1.472      1  0 -0.156175     -0.240019    
476  1.473      1  0 -0.156300     -0.254208    
477  1.474      1  0 -0.156230     -0.256813    
478  1.475      1  0 -0.155976     -0.253029    
479  1.476      1  0 -0.155554     -0.249500    
480  1.477      1  0 -0.154984     -0.252950    
481  1.478      1  0 -0.154290     -0.268833    
482  1.479      1  0 -0.153496     -0.300306    
483  1.480      1  0 -0.152626     -0.347703    
484  1.481      1  0 -0.151704     -0.408561    
485  1.482      1  0 -0.150752     -0.478145    
486  1.483      1  0 -0.149795     -0.550299    
487  1.484      1  0 -0.148854     -0.618393    
488  1.485      1  0 -0.147953     -0.676188    
489  1.486      1  0 -0.147115     -0.718479    
490  1.487      1  0 -0.146363     -0.741484    
491  1.488      1  0 -0.145717     -0.742990    
492  1.489      1  0 -0.145198     -0.722337    
493  1.490      1  0 -0.144822     -0.680305    
494  1.491      1  0 -0.144601     -0.618961    
495  1.492      1  0 -0.144546     -0.541502    
496  1.493      1  0 -0.144661     -0.452098    
497  1.494      1  0 -0.144946     -0.355725    
498  1.495      1  0 -0.145397     -0.257964    
499  1.496      1  0 -0.146004     -0.164742    
500  1.497      1  0 -0.146752     -0.819752E-01
501  1.498      1  0 -0.147623     -0.151168E-01
502  1.499      1  0 -0.148592      0.313919E-01
503  1.500      1  0 -0.149630      0.547112E-01
504  1.501      1  0 -0.150703      0.541385E-01
505  1.502      1  0 -0.151775      0.314576E-01
506  1.503      1  0 -0.152806     -0.904500E-02
507  1.504      1  0 -0.153758     -0.610023E-01
508  1.505      1  0 -0.154593     -0.116843    
509  1.506      1  0 -0.155280     -0.169010    
510  1.507      1  0 -0.155794     -0.211280    
511  1.508      1  0 -0.156118     -0.239905    
512  1.509      1  0 -0.156245     -0.254284    
513  1.510      1  0 -0.156178     -0.257007    
514  1.511      1  0 -0.155926     -0.253252    
515  1.512      1  0 -0.155506     -0.249668    
516  1.513      1  0 -0.154937     -0.252993    
517  1.514      1  0 -0.154244     -0.268712    
518  1.515      1  0 -0.153451     -0.300017    
519  1.516      1  0 -0.152581     -0.347272    
520  1.517      1  0 -0.151658     -0.408038    
521  1.518      1  0 -0.150706     -0.477593    
522  1.519      1  0 -0.149748     -0.549781    
523  1.520      1  0 -0.148806     -0.617961    
524  1.521      1  0 -0.147904     -0.675880    
525  1.522      1  0 -0.147064     -0.718316    
526  1.523      1  0 -0.146310     -0.741467    
527  1.524      1  0 -0.145662     -0.743103    
528  1.525      1  0 -0.145140     -0.722554    
529  1.526      1  0 -0.144761     -0.680588    
530  1.527      1  0 -0.144539     -0.619266    
531  1.528      1  0 -0.144481     -0.541782    
532  1.529      1  0 -0.144594     -0.452304    
533  1.530      1  0 -0.144877     -0.355810    
534  1.531      1  0 -0.145326     -0.257888    
535  1.532      1  0 -0.145932     -0.164473    
536  1.533      1  0 -0.146679     -0.814968E-01
537  1.534      1  0 -0.147550     -0.144295E-01
538  1.535      1  0 -0.148519      0.322655E-01
539  1.536      1  0 -0.149557      0.557250E-01
540  1.537      1  0 -0.150632      0.552246E-01
541  1.538      1  0 -0.151706      0.325324E-01
542  1.539      1  0 -0.152739     -0.807020E-02
543  1.540      1  0 -0.153693     -0.602079E-01
544  1.541      1  0 -0.154530     -0.116287    
545  1.542      1  0 -0.155220     -0.168716    
546  1.543      1  0 -0.155736     -0.211233    
547  1.544      1  0 -0.156062     -0.240051    
548  1.545      1  0 -0.156191     -0.254543    
549  1.546      1  0 -0.156126     -0.257286    
550  1.547      1  0 -0.155875     -0.253465    
551  1.548      1  0 -0.155455     -0.249750    
552  1.549      1  0 -0.154887     -0.252913    
553  1.550      1  0 -0.154194     -0.268476    
554  1.551      1  0 -0.153401     -0.299663    
555  1.552      1  0 -0.152530     -0.346861    
556  1.553      1  0 -0.151607     -0.407640    
557  1.554      1  0 -0.150654     -0.477273    
558  1.555      1  0 -0.149694     -0.549587    
559  1.556      1  0 -0.148751     -0.617921    
560  1.557      1  0 -0.147847     -0.675996    
561  1.558      1  0 -0.147005     -0.718567    
562  1.559      1  0 -0.146249     -0.741816    
563  1.560      1  0 -0.145599     -0.743502    
564  1.561      1  0 -0.145075     -0.722948    
565  1.562      1  0 -0.144694     -0.680921    
566  1.563      1  0 -0.144469     -0.619485    
567  1.564      1  0 -0.144410     -0.541839    
568  1.565      1  0 -0.144521     -0.452162    
569  1.566      1  0 -0.144803     -0.355442    
570  1.567      1  0 -0.145251     -0.257281    
571  1.568      1  0 -0.145856     -0.163633    
572  1.569      1  0 -0.146604     -0.804474E-01
573  1.570      1  0 -0.147475     -0.132152E-01
574  1.571      1  0 -0.148445      0.335809E-01
575  1.572      1  0 -0.149485      0.570612E-01
576  1.573      1  0 -0.150561      0.564920E-01
577  1.574      1  0 -0.151637      0.336421E-01
578  1.575      1  0 -0.152672     -0.719375E-02
579  1.576      1  0 -0.153629     -0.596141E-01
580  1.577      1  0 -0.154469     -0.115989    
581  1.578      1  0 -0.155160     -0.168686    
582  1.579      1  0 -0.155678     -0.211406    
583  1.580      1  0 -0.156006     -0.240338    
584  1.581      1  0 -0.156137     -0.254843    
585  1.582      1  0 -0.156072     -0.257510    
586  1.583      1  0 -0.155821     -0.253551    
587  1.584      1  0 -0.155401     -0.249673    
588  1.585      1  0 -0.154833     -0.252690    
589  1.586      1  0 -0.154139     -0.268158    
590  1.587      1  0 -0.153345     -0.299324    
591  1.588      1  0 -0.152473     -0.346581    
592  1.589      1  0 -0.151548     -0.407490    
593  1.590      1  0 -0.150594     -0.477301    
594  1.591      1  0 -0.149632     -0.549813    
595  1.592      1  0 -0.148687     -0.618333    
596  1.593      1  0 -0.147781     -0.676554    
597  1.594      1  0 -0.146938     -0.719213    
598  1.595      1  0 -0.146179     -0.742479    
599  1.596      1  0 -0.145527     -0.744109    
600  1.597      1  0 -0.145001     -0.723426    
601  1.598      1  0 -0.144618     -0.681207    
602  1.599      1  0 -0.144392     -0.619529    
603  1.600      1  0 -0.144331     -0.541604    
604  1.601      1  0 -0.144441     -0.451627    
605  1.602      1  0 -0.144723     -0.354605    
606  1.603      1  0 -0.145171     -0.256160    
607  1.604      1  0 -0.145776     -0.162265    
608  1.605      1  0 -0.146525     -0.788904E-01
609  1.606      1  0 -0.147397     -0.115474E-01
610  1.607      1  0 -0.148369      0.352660E-01
611  1.608      1  0 -0.149411      0.586615E-01
612  1.609      1  0 -0.150490      0.579064E-01
613  1.610      1  0 -0.151569      0.347833E-01
614  1.611      1  0 -0.152607     -0.638589E-02
615  1.612      1  0 -0.153566     -0.591611E-01
616  1.613      1  0 -0.154408     -0.115868    
617  1.614      1  0 -0.155102     -0.168830    
618  1.615      1  0 -0.155621     -0.211716    
619  1.616      1  0 -0.155950     -0.240699    
620  1.617      1  0 -0.156081     -0.255149    
621  1.618      1  0 -0.156016     -0.257681    
622  1.619      1  0 -0.155765     -0.253548    
623  1.620      1  0 -0.155344     -0.249506    
624  1.621      1  0 -0.154775     -0.252411    
625  1.622      1  0 -0.154079     -0.267851    
626  1.623      1  0 -0.153283     -0.299086    
627  1.624      1  0 -0.152409     -0.346502    
628  1.625      1  0 -0.151483     -0.407632    
629  1.626      1  0 -0.150526     -0.477694    
630  1.627      1  0 -0.149563     -0.550445    
631  1.628      1  0 -0.148615     -0.619159    
632  1.629      1  0 -0.147707     -0.677501    
633  1.630      1  0 -0.146861     -0.720191    
634  1.631      1  0 -0.146100     -0.743394    
635  1.632      1  0 -0.145446     -0.744869    
636  1.633      1  0 -0.144919     -0.723949    
637  1.634      1  0 -0.144534     -0.681428    
638  1.635      1  0 -0.144307     -0.619399    
639  1.636      1  0 -0.144245     -0.541094    
640  1.637      1  0 -0.144355     -0.450730    
641  1.638      1  0 -0.144637     -0.353338    
642  1.639      1  0 -0.145086     -0.254561    
643  1.640      1  0 -0.145693     -0.160398    
644  1.641      1  0 -0.146443     -0.768412E-01
645  1.642      1  0 -0.147318     -0.942239E-02
646  1.643      1  0 -0.148293      0.373462E-01
647  1.644      1  0 -0.149338      0.605715E-01
648  1.645      1  0 -0.150420      0.595291E-01
649  1.646      1  0 -0.151502      0.360255E-01
650  1.647      1  0 -0.152543     -0.557846E-02
651  1.648      1  0 -0.153505     -0.587918E-01
652  1.649      1  0 -0.154350     -0.115885    
653  1.650      1  0 -0.155045     -0.169135    
654  1.651      1  0 -0.155565     -0.212177    
655  1.652      1  0 -0.155894     -0.241177    
656  1.653      1  0 -0.156025     -0.255521    
657  1.654      1  0 -0.155959     -0.257868    
658  1.655      1  0 -0.155706     -0.253524    
659  1.656      1  0 -0.155284     -0.249305    
660  1.657      1  0 -0.154712     -0.252115    
661  1.658      1  0 -0.154014     -0.267573    
662  1.659      1  0 -0.153215     -0.298943    
663  1.660      1  0 -0.152339     -0.346595    
664  1.661      1  0 -0.151410     -0.408024    
665  1.662      1  0 -0.150451     -0.478401    
666  1.663      1  0 -0.149484     -0.551437    
667  1.664      1  0 -0.148534     -0.620360    
668  1.665      1  0 -0.147624     -0.678810    
669  1.666      1  0 -0.146775     -0.721490    
670  1.667      1  0 -0.146012     -0.744563    
671  1.668      1  0 -0.145356     -0.745797    
672  1.669      1  0 -0.144827     -0.724542    
673  1.670      1  0 -0.144442     -0.681610    
674  1.671      1  0 -0.144213     -0.619118    
675  1.672      1  0 -0.144152     -0.540327    
676  1.673      1  0 -0.144262     -0.449478    
677  1.674      1  0 -0.144545     -0.351630    
678  1.675      1  0 -0.144996     -0.252459    
679  1.676      1  0 -0.145605     -0.157990    
680  1.677      1  0 -0.146358     -0.742456E-01
681  1.678      1  0 -0.147236     -0.677907E-02
682  1.679      1  0 -0.148214      0.398826E-01
683  1.680      1  0 -0.149263      0.628446E-01
684  1.681      1  0 -0.150349      0.613986E-01
685  1.682      1  0 -0.151435      0.373861E-01
686  1.683      1  0 -0.152480     -0.477803E-02
687  1.684      1  0 -0.153444     -0.585369E-01
688  1.685      1  0 -0.154291     -0.116093    
689  1.686      1  0 -0.154988     -0.169666    
690  1.687      1  0 -0.155509     -0.212857    
691  1.688      1  0 -0.155837     -0.241832    
692  1.689      1  0 -0.155967     -0.256006    
693  1.690      1  0 -0.155899     -0.258096    
694  1.691      1  0 -0.155644     -0.253482    
695  1.692      1  0 -0.155218     -0.249052    
696  1.693      1  0 -0.154643     -0.251769    
697  1.694      1  0 -0.153942     -0.267281    
698  1.695      1  0 -0.153140     -0.298855    
699  1.696      1  0 -0.152260     -0.346828    
700  1.697      1  0 -0.151328     -0.408648    
701  1.698      1  0 -0.150365     -0.479423    
702  1.699      1  0 -0.149396     -0.552800    
703  1.700      1  0 -0.148442     -0.621963    
704  1.701      1  0 -0.147529     -0.680516    
705  1.702      1  0 -0.146678     -0.723148    
706  1.703      1  0 -0.145913     -0.746022    
707  1.704      1  0 -0.145255     -0.746921    
708  1.705      1  0 -0.144724     -0.725216    
709  1.706      1  0 -0.144338     -0.681748    
710  1.707      1  0 -0.144109     -0.618666    
711  1.708      1  0 -0.144048     -0.539262    
712  1.709      1  0 -0.144160     -0.447813    
713  1.710      1  0 -0.144445     -0.349415    
714  1.711      1  0 -0.144898     -0.249779    
715  1.712      1  0 -0.145510     -0.154968    
716  1.713      1  0 -0.146267     -0.710365E-01
717  1.714      1  0 -0.147149     -0.356398E-02
718  1.715      1  0 -0.148132      0.429087E-01
719  1.716      1  0 -0.149185      0.654905E-01
720  1.717      1  0 -0.150276      0.634989E-01
721  1.718      1  0 -0.151366      0.388259E-01
722  1.719      1  0 -0.152415     -0.404238E-02
723  1.720      1  0 -0.153382     -0.584647E-01
724  1.721      1  0 -0.154231     -0.116561    
725  1.722      1  0 -0.154929     -0.170483    
726  1.723      1  0 -0.155450     -0.213802    
727  1.724      1  0 -0.155777     -0.242687    
728  1.725      1  0 -0.155904     -0.256605    
729  1.726      1  0 -0.155834     -0.258349    
730  1.727      1  0 -0.155575     -0.253394    
731  1.728      1  0 -0.155146     -0.248717    
732  1.729      1  0 -0.154566     -0.251348    
733  1.730      1  0 -0.153861     -0.266967    
734  1.731      1  0 -0.153055     -0.298830    
735  1.732      1  0 -0.152171     -0.347233    
736  1.733      1  0 -0.151234     -0.409553    
737  1.734      1  0 -0.150268     -0.480818    
738  1.735      1  0 -0.149295     -0.554604    
739  1.736      1  0 -0.148338     -0.624034    
740  1.737      1  0 -0.147421     -0.682676    
741  1.738      1  0 -0.146567     -0.725206    
742  1.739      1  0 -0.145800     -0.747793    
743  1.740      1  0 -0.145140     -0.748240    
744  1.741      1  0 -0.144609     -0.725950    
745  1.742      1  0 -0.144222     -0.681800    
746  1.743      1  0 -0.143994     -0.617980    
747  1.744      1  0 -0.143934     -0.537823    
748  1.745      1  0 -0.144048     -0.445652    
749  1.746      1  0 -0.144335     -0.346606    
750  1.747      1  0 -0.144792     -0.246440    
751  1.748      1  0 -0.145408     -0.151260    
752  1.749      1  0 -0.146170     -0.671585E-01
753  1.750      1  0 -0.147058      0.258568E-03
754  1.751      1  0 -0.148046      0.464386E-01
755  1.752      1  0 -0.149105      0.685018E-01
756  1.753      1  0 -0.150202      0.658043E-01
757  1.754      1  0 -0.151296      0.403051E-01
758  1.755      1  0 -0.152349     -0.341818E-02
759  1.756      1  0 -0.153320     -0.586210E-01
760  1.757      1  0 -0.154171     -0.117325    
761  1.758      1  0 -0.154869     -0.171611    
762  1.759      1  0 -0.155390     -0.215017    
763  1.760      1  0 -0.155715     -0.243734    
764  1.761      1  0 -0.155840     -0.257296    
765  1.762      1  0 -0.155765     -0.258599    
766  1.763      1  0 -0.155502     -0.253234    
767  1.764      1  0 -0.155067     -0.248284    
768  1.765      1  0 -0.154483     -0.250851    
769  1.766      1  0 -0.153773     -0.266645    
770  1.767      1  0 -0.152961     -0.298903    
771  1.768      1  0 -0.152072     -0.347856    
772  1.769      1  0 -0.151131     -0.410795    
773  1.770      1  0 -0.150160     -0.482649    
774  1.771      1  0 -0.149182     -0.556905    
775  1.772      1  0 -0.148222     -0.626620    
776  1.773      1  0 -0.147302     -0.685324    
777  1.774      1  0 -0.146445     -0.727681    
778  1.775      1  0 -0.145676     -0.749875    
779  1.776      1  0 -0.145015     -0.749736    
780  1.777      1  0 -0.144482     -0.726710    
781  1.778      1  0 -0.144096     -0.681722    
782  1.779      1  0 -0.143869     -0.617008    
783  1.780      1  0 -0.143811     -0.535955    
784  1.781      1  0 -0.143928     -0.442938    
785  1.782      1  0 -0.144219     -0.343148    
786  1.783      1  0 -0.144681     -0.242394    
787  1.784      1  0 -0.145302     -0.146827    
788  1.785      1  0 -0.146070     -0.625823E-01
789  1.786      1  0 -0.146964      0.470623E-02
790  1.787      1  0 -0.147959      0.504783E-01
791  1.788      1  0 -0.149025      0.718738E-01
792  1.789      1  0 -0.150128      0.683011E-01
793  1.790      1  0 -0.151228      0.418049E-01
794  1.791      1  0 -0.152286     -0.292597E-02
795  1.792      1  0 -0.153260     -0.590242E-01
796  1.793      1  0 -0.154113     -0.118399    
797  1.794      1  0 -0.154811     -0.173054    
798  1.795      1  0 -0.155330     -0.216500    
799  1.796      1  0 -0.155653     -0.244963    
800  1.797      1  0 -0.155773     -0.258067    
801  1.798      1  0 -0.155694     -0.258834    
802  1.799      1  0 -0.155425     -0.252995    
803  1.800      1  0 -0.154984     -0.247752    
804  1.801      1  0 -0.154394     -0.250289    
805  1.802      1  0 -0.153677     -0.266338    
806  1.803      1  0 -0.152859     -0.299105    
807  1.804      1  0 -0.151965     -0.348738    
808  1.805      1  0 -0.151018     -0.412416    
809  1.806      1  0 -0.150042     -0.484955    
810  1.807      1  0 -0.149060     -0.559739    
811  1.808      1  0 -0.148095     -0.629750    
812  1.809      1  0 -0.147172     -0.688479    
813  1.810      1  0 -0.146312     -0.730584    
814  1.811      1  0 -0.145540     -0.752269    
815  1.812      1  0 -0.144878     -0.751405    
816  1.813      1  0 -0.144345     -0.727488    
817  1.814      1  0 -0.143960     -0.681497    
818  1.815      1  0 -0.143734     -0.615732    
819  1.816      1  0 -0.143680     -0.533638    
820  1.817      1  0 -0.143800     -0.439651    
821  1.818      1  0 -0.144097     -0.339022    
822  1.819      1  0 -0.144564     -0.237620    
823  1.820      1  0 -0.145193     -0.141650    
824  1.821      1  0 -0.145968     -0.572916E-01
825  1.822      1  0 -0.146869      0.979200E-02
826  1.823      1  0 -0.147872      0.550365E-01
827  1.824      1  0 -0.148946      0.756101E-01
828  1.825      1  0 -0.150056      0.709877E-01
829  1.826      1  0 -0.151162      0.433181E-01
830  1.827      1  0 -0.152225     -0.257722E-02
831  1.828      1  0 -0.153202     -0.596886E-01
832  1.829      1  0 -0.154057     -0.119799    
833  1.830      1  0 -0.154755     -0.174826    
834  1.831      1  0 -0.155272     -0.218263    
835  1.832      1  0 -0.155591     -0.246383    
836  1.833      1  0 -0.155706     -0.258922    
837  1.834      1  0 -0.155620     -0.259057    
838  1.835      1  0 -0.155344     -0.252678    
839  1.836      1  0 -0.154896     -0.247125    
840  1.837      1  0 -0.154298     -0.249668    
841  1.838      1  0 -0.153575     -0.266057    
842  1.839      1  0 -0.152750     -0.299450    
843  1.840      1  0 -0.151849     -0.349895    
844  1.841      1  0 -0.150896     -0.414439    
845  1.842      1  0 -0.149914     -0.487760    
846  1.843      1  0 -0.148927     -0.563127    
847  1.844      1  0 -0.147958     -0.633442    
848  1.845      1  0 -0.147030     -0.692156    
849  1.846      1  0 -0.146167     -0.733925    
850  1.847      1  0 -0.145393     -0.754980    
851  1.848      1  0 -0.144730     -0.753244    
852  1.849      1  0 -0.144197     -0.728272    
853  1.850      1  0 -0.143813     -0.681112    
854  1.851      1  0 -0.143590     -0.614130    
855  1.852      1  0 -0.143540     -0.530844    
856  1.853      1  0 -0.143665     -0.435758    
857  1.854      1  0 -0.143968     -0.334193    
858  1.855      1  0 -0.144442     -0.232082    
859  1.856      1  0 -0.145079     -0.135693    
860  1.857      1  0 -0.145862     -0.512539E-01
861  1.858      1  0 -0.146773      0.155422E-01
862  1.859      1  0 -0.147785      0.601306E-01
863  1.860      1  0 -0.148867      0.797171E-01
864  1.861      1  0 -0.149985      0.738584E-01
865  1.862      1  0 -0.151098      0.448274E-01
866  1.863      1  0 -0.152166     -0.239881E-02
867  1.864      1  0 -0.153147     -0.606469E-01
868  1.865      1  0 -0.154003     -0.121558    
869  1.866      1  0 -0.154701     -0.176959    
870  1.867      1  0 -0.155215     -0.220328    
871  1.868      1  0 -0.155529     -0.248005    
872  1.869      1  0 -0.155637     -0.259864    
873  1.870      1  0 -0.155544     -0.259261    
874  1.871      1  0 -0.155260     -0.252272    
875  1.872      1  0 -0.154803     -0.246392    
876  1.873      1  0 -0.154196     -0.248980    
877  1.874      1  0 -0.153464     -0.265801    
878  1.875      1  0 -0.152631     -0.299948    
879  1.876      1  0 -0.151723     -0.351346    
880  1.877      1  0 -0.150762     -0.416886    
881  1.878      1  0 -0.149774     -0.491092    
882  1.879      1  0 -0.148781     -0.567101    
883  1.880      1  0 -0.147807     -0.637726    
884  1.881      1  0 -0.146875     -0.696379    
885  1.882      1  0 -0.146010     -0.737720    
886  1.883      1  0 -0.145233     -0.758017    
887  1.884      1  0 -0.144569     -0.755251    
888  1.885      1  0 -0.144037     -0.729051    
889  1.886      1  0 -0.143655     -0.680542    
890  1.887      1  0 -0.143436     -0.612170    
891  1.888      1  0 -0.143390     -0.527531    
892  1.889      1  0 -0.143522     -0.431210    
893  1.890      1  0 -0.143831     -0.328605    
894  1.891      1  0 -0.144314     -0.225725    
895  1.892      1  0 -0.144960     -0.128906    
896  1.893      1  0 -0.145754     -0.444280E-01
897  1.894      1  0 -0.146674      0.219852E-01
898  1.895      1  0 -0.147697      0.657724E-01
899  1.896      1  0 -0.148789      0.841881E-01
900  1.897      1  0 -0.149915      0.768876E-01
901  1.898      1  0 -0.151036      0.462912E-01
902  1.899      1  0 -0.152110     -0.244384E-02
903  1.900      1  0 -0.153095     -0.619571E-01
904  1.901      1  0 -0.153952     -0.123731    
905  1.902      1  0 -0.154648     -0.179497    
906  1.903      1  0 -0.155158     -0.222726    
907  1.904      1  0 -0.155466     -0.249845    
908  1.905      1  0 -0.155567     -0.260891    
909  1.906      1  0 -0.155464     -0.259434    
910  1.907      1  0 -0.155170     -0.251761    
911  1.908      1  0 -0.154704     -0.245538    
912  1.909      1  0 -0.154087     -0.248220    
913  1.910      1  0 -0.153345     -0.265577    
914  1.911      1  0 -0.152503     -0.300620    
915  1.912      1  0 -0.151586     -0.353126    
916  1.913      1  0 -0.150618     -0.419806    
917  1.914      1  0 -0.149623     -0.495003    
918  1.915      1  0 -0.148624     -0.571711    
919  1.916      1  0 -0.147644     -0.642648    
920  1.917      1  0 -0.146708     -0.701186    
921  1.918      1  0 -0.145839     -0.741994    
922  1.919      1  0 -0.145061     -0.761388    
923  1.920      1  0 -0.144397     -0.757421    
924  1.921      1  0 -0.143866     -0.729804    
925  1.922      1  0 -0.143486     -0.679753    
926  1.923      1  0 -0.143271     -0.609803    
927  1.924      1  0 -0.143231     -0.523644    
928  1.925      1  0 -0.143371     -0.425947    
929  1.926      1  0 -0.143689     -0.322199    
930  1.927      1  0 -0.144182     -0.218493    
931  1.928      1  0 -0.144839     -0.121240    
932  1.929      1  0 -0.145644     -0.367763E-01
933  1.930      1  0 -0.146576      0.291420E-01
934  1.931      1  0 -0.147610      0.719641E-01
935  1.932      1  0 -0.148713      0.890052E-01
936  1.933      1  0 -0.149850      0.800397E-01
937  1.934      1  0 -0.150979      0.476596E-01
938  1.935      1  0 -0.152058     -0.276983E-02
939  1.936      1  0 -0.153046     -0.636763E-01
940  1.937      1  0 -0.153904     -0.126367    
941  1.938      1  0 -0.154598     -0.182475    
942  1.939      1  0 -0.155103     -0.225473    
943  1.940      1  0 -0.155404     -0.251898    
944  1.941      1  0 -0.155496     -0.261987    
945  1.942      1  0 -0.155383     -0.259549    
946  1.943      1  0 -0.155078     -0.251116    
947  1.944      1  0 -0.154600     -0.244541    
948  1.945      1  0 -0.153973     -0.247378    
949  1.946      1  0 -0.153220     -0.265393    
950  1.947      1  0 -0.152368     -0.301491    
951  1.948      1  0 -0.151441     -0.355274    
952  1.949      1  0 -0.150465     -0.423243    
953  1.950      1  0 -0.149462     -0.499543    
954  1.951      1  0 -0.148456     -0.577005    
955  1.952      1  0 -0.147471     -0.648246    
956  1.953      1  0 -0.146530     -0.706600    
957  1.954      1  0 -0.145658     -0.746755    
958  1.955      1  0 -0.144878     -0.765086    
959  1.956      1  0 -0.144214     -0.759729    
960  1.957      1  0 -0.143685     -0.730493    
961  1.958      1  0 -0.143309     -0.678696    
962  1.959      1  0 -0.143100     -0.606977    
963  1.960      1  0 -0.143067     -0.519125    
964  1.961      1  0 -0.143215     -0.419912    
965  1.962      1  0 -0.143543     -0.314924    
966  1.963      1  0 -0.144047     -0.210345    
967  1.964      1  0 -0.144716     -0.112666    
968  1.965      1  0 -0.145534     -0.282886E-01
969  1.966      1  0 -0.146480      0.370048E-01
970  1.967      1  0 -0.147527      0.786795E-01
971  1.968      1  0 -0.148642      0.941266E-01
972  1.969      1  0 -0.149789      0.832609E-01
973  1.970      1  0 -0.150927      0.488739E-01
974  1.971      1  0 -0.152013     -0.343234E-02
975  1.972      1  0 -0.153005     -0.658493E-01
976  1.973      1  0 -0.153863     -0.129494    
977  1.974      1  0 -0.154554     -0.185899    
978  1.975      1  0 -0.155053     -0.228555    
979  1.976      1  0 -0.155346     -0.254135    
980  1.977      1  0 -0.155427     -0.263109    
981  1.978      1  0 -0.155302     -0.259566    
982  1.979      1  0 -0.154985     -0.250305    
983  1.980      1  0 -0.154494     -0.243384    
984  1.981      1  0 -0.153853     -0.246457    
985  1.982      1  0 -0.153089     -0.265269    
986  1.983      1  0 -0.152225     -0.302597    
987  1.984      1  0 -0.151289     -0.357836    
988  1.985      1  0 -0.150303     -0.427250    
989  1.986      1  0 -0.149291     -0.504759    
990  1.987      1  0 -0.148278     -0.583019    
991  1.988      1  0 -0.147287     -0.654543    
992  1.989      1  0 -0.146341     -0.712631    
993  1.990      1  0 -0.145466     -0.752001    
994  1.991      1  0 -0.144685     -0.769096    
995  1.992      1  0 -0.144021     -0.762152    
996  1.993      1  0 -0.143495     -0.731090    
997  1.994      1  0 -0.143123     -0.677341    
998  1.995      1  0 -0.142920     -0.603658    
999  1.996      1  0 -0.142896     -0.513943    
