# Pazy Wing (simplified : constant stiffness properties)                          
# Operating point sequence...
# i     t     conv	stall	 RY pos[ 1]    Theta[ 1]    
  1  0.000      1  0 -0.166730     -0.403322    
  2 0.1000E-02  1  0 -0.166768     -0.409209    
  3 0.2000E-02  1  0 -0.166835     -0.420524    
  4 0.3000E-02  1  0 -0.166944     -0.440271    
  5 0.4000E-02  1  0 -0.167099     -0.468777    
  6 0.5000E-02  1  0 -0.167297     -0.503539    
  7 0.6000E-02  1  0 -0.167530     -0.540374    
  8 0.7000E-02  1  0 -0.167794     -0.575144    
  9 0.8000E-02  1  0 -0.168084     -0.605149    
 10 0.9000E-02  1  0 -0.168405     -0.629609    
 11 0.1000E-01  1  0 -0.168767     -0.649153    
 12 0.1100E-01  1  0 -0.169182     -0.664854    
 13 0.1200E-01  1  0 -0.169661     -0.677541    
 14 0.1300E-01  1  0 -0.170213     -0.687745    
 15 0.1400E-01  1  0 -0.170845     -0.696091    
 16 0.1500E-01  1  0 -0.171563     -0.703629    
 17 0.1600E-01  1  0 -0.172369     -0.711774    
 18 0.1700E-01  1  0 -0.173267     -0.721831    
 19 0.1800E-01  1  0 -0.174259     -0.734404    
 20 0.1900E-01  1  0 -0.175343     -0.749033    
 21 0.2000E-01  1  0 -0.176513     -0.764241    
 22 0.2100E-01  1  0 -0.177766     -0.777943    
 23 0.2200E-01  1  0 -0.179093     -0.787977    
 24 0.2300E-01  1  0 -0.180489     -0.792499    
 25 0.2400E-01  1  0 -0.181947     -0.790164    
 26 0.2500E-01  1  0 -0.183465     -0.780134    
 27 0.2600E-01  1  0 -0.185035     -0.762082    
 28 0.2700E-01  1  0 -0.186655     -0.736269    
 29 0.2800E-01  1  0 -0.188317     -0.703693    
 30 0.2900E-01  1  0 -0.190015     -0.666193    
 31 0.3000E-01  1  0 -0.191741     -0.626369    
 32 0.3100E-01  1  0 -0.193489     -0.587284    
 33 0.3200E-01  1  0 -0.195251     -0.552004    
 34 0.3300E-01  1  0 -0.197021     -0.523140    
 35 0.3400E-01  1  0 -0.198791     -0.502504    
 36 0.3500E-01  1  0 -0.200556     -0.490958    
 37 0.3600E-01  1  0 -0.202310     -0.488423    
 38 0.3700E-01  1  0 -0.204048     -0.493977    
 39 0.3800E-01  1  0 -0.205765     -0.505994    
 40 0.3900E-01  1  0 -0.207457     -0.522326    
 41 0.4000E-01  1  0 -0.209121     -0.540542    
 42 0.4100E-01  1  0 -0.210753     -0.558248    
 43 0.4200E-01  1  0 -0.212350     -0.573436    
 44 0.4300E-01  1  0 -0.213912     -0.584797    
 45 0.4400E-01  1  0 -0.215438     -0.591911    
 46 0.4500E-01  1  0 -0.216927     -0.595271    
 47 0.4600E-01  1  0 -0.218382     -0.596156    
 48 0.4700E-01  1  0 -0.219806     -0.596390    
 49 0.4800E-01  1  0 -0.221204     -0.598050    
 50 0.4900E-01  1  0 -0.222581     -0.603181    
 51 0.5000E-01  1  0 -0.223943     -0.613530    
 52 0.5100E-01  1  0 -0.225298     -0.630326    
 53 0.5200E-01  1  0 -0.226651     -0.654107    
 54 0.5300E-01  1  0 -0.228009     -0.684629    
 55 0.5400E-01  1  0 -0.229374     -0.720859    
 56 0.5500E-01  1  0 -0.230748     -0.761083    
 57 0.5600E-01  1  0 -0.232134     -0.803102    
 58 0.5700E-01  1  0 -0.233529     -0.844481    
 59 0.5800E-01  1  0 -0.234933     -0.882835    
 60 0.5900E-01  1  0 -0.236342     -0.916080    
 61 0.6000E-01  1  0 -0.237754     -0.942640    
 62 0.6100E-01  1  0 -0.239166     -0.961593    
 63 0.6200E-01  1  0 -0.240576     -0.972743    
 64 0.6300E-01  1  0 -0.241983     -0.976622    
 65 0.6400E-01  1  0 -0.243386     -0.974416    
 66 0.6500E-01  1  0 -0.244786     -0.967826    
 67 0.6600E-01  1  0 -0.246183     -0.958862    
 68 0.6700E-01  1  0 -0.247576     -0.949604    
 69 0.6800E-01  1  0 -0.248966     -0.941955    
 70 0.6900E-01  1  0 -0.250351     -0.937416    
 71 0.7000E-01  1  0 -0.251728     -0.936912    
 72 0.7100E-01  1  0 -0.253094     -0.940704    
 73 0.7200E-01  1  0 -0.254446     -0.948366    
 74 0.7300E-01  1  0 -0.255778     -0.958865    
 75 0.7400E-01  1  0 -0.257085     -0.970692    
 76 0.7500E-01  1  0 -0.258363     -0.982072    
 77 0.7600E-01  1  0 -0.259607     -0.991197    
 78 0.7700E-01  1  0 -0.260815     -0.996461    
 79 0.7800E-01  1  0 -0.261985     -0.996680    
 80 0.7900E-01  1  0 -0.263116     -0.991257    
 81 0.8000E-01  1  0 -0.264209     -0.980265    
 82 0.8100E-01  1  0 -0.265264     -0.964452    
 83 0.8200E-01  1  0 -0.266284     -0.945152    
 84 0.8300E-01  1  0 -0.267270     -0.924128    
 85 0.8400E-01  1  0 -0.268226     -0.903362    
 86 0.8500E-01  1  0 -0.269152     -0.884822    
 87 0.8600E-01  1  0 -0.270050     -0.870238    
 88 0.8700E-01  1  0 -0.270922     -0.860902    
 89 0.8800E-01  1  0 -0.271768     -0.857540    
 90 0.8900E-01  1  0 -0.272589     -0.860234    
 91 0.9000E-01  1  0 -0.273385     -0.868441    
 92 0.9100E-01  1  0 -0.274157     -0.881077    
 93 0.9200E-01  1  0 -0.274905     -0.896660    
 94 0.9300E-01  1  0 -0.275628     -0.913507    
 95 0.9400E-01  1  0 -0.276327     -0.929940    
 96 0.9500E-01  1  0 -0.277003     -0.944485    
 97 0.9600E-01  1  0 -0.277655     -0.956050    
 98 0.9700E-01  1  0 -0.278283     -0.964046    
 99 0.9800E-01  1  0 -0.278888     -0.968445    
100 0.9900E-01  1  0 -0.279468     -0.969773    
101 0.1000      1  0 -0.280009     -0.964759    
102 0.1010      1  0 -0.280494     -0.948630    
103 0.1020      1  0 -0.280914     -0.917578    
104 0.1030      1  0 -0.281264     -0.871381    
105 0.1040      1  0 -0.281544     -0.814435    
106 0.1050      1  0 -0.281758     -0.754781    
107 0.1060      1  0 -0.281914     -0.701826    
108 0.1070      1  0 -0.282016     -0.663674    
109 0.1080      1  0 -0.282067     -0.645096    
110 0.1090      1  0 -0.282064     -0.646955    
111 0.1100      1  0 -0.282000     -0.667052    
112 0.1110      1  0 -0.281868     -0.701573    
113 0.1120      1  0 -0.281660     -0.746189    
114 0.1130      1  0 -0.281370     -0.796309    
115 0.1140      1  0 -0.280992     -0.846752    
116 0.1150      1  0 -0.280519     -0.891560    
117 0.1160      1  0 -0.279947     -0.924511    
118 0.1170      1  0 -0.279273     -0.940369    
119 0.1180      1  0 -0.278496     -0.936264    
120 0.1190      1  0 -0.277617     -0.912512    
121 0.1200      1  0 -0.276641     -0.872490    
122 0.1210      1  0 -0.275575     -0.821705    
123 0.1220      1  0 -0.274427     -0.766554    
124 0.1230      1  0 -0.273205     -0.713276    
125 0.1240      1  0 -0.271916     -0.667330    
126 0.1250      1  0 -0.270567     -0.633100    
127 0.1260      1  0 -0.269163     -0.613713    
128 0.1270      1  0 -0.267711     -0.610771    
129 0.1280      1  0 -0.266214     -0.624045    
130 0.1290      1  0 -0.264676     -0.651312    
131 0.1300      1  0 -0.263103     -0.688543    
132 0.1310      1  0 -0.261497     -0.730483    
133 0.1320      1  0 -0.259861     -0.771507    
134 0.1330      1  0 -0.258198     -0.806486    
135 0.1340      1  0 -0.256511     -0.831452    
136 0.1350      1  0 -0.254802     -0.843950    
137 0.1360      1  0 -0.253074     -0.843136    
138 0.1370      1  0 -0.251330     -0.829710    
139 0.1380      1  0 -0.249572     -0.805764    
140 0.1390      1  0 -0.247803     -0.774567    
141 0.1400      1  0 -0.246025     -0.740246    
142 0.1410      1  0 -0.244240     -0.707321    
143 0.1420      1  0 -0.242450     -0.680132    
144 0.1430      1  0 -0.240658     -0.662258    
145 0.1440      1  0 -0.238865     -0.656026    
146 0.1450      1  0 -0.237071     -0.662234    
147 0.1460      1  0 -0.235276     -0.680108    
148 0.1470      1  0 -0.233479     -0.707469    
149 0.1480      1  0 -0.231677     -0.741058    
150 0.1490      1  0 -0.229867     -0.776951    
151 0.1500      1  0 -0.228044     -0.811022    
152 0.1510      1  0 -0.226203     -0.839431    
153 0.1520      1  0 -0.224340     -0.859079    
154 0.1530      1  0 -0.222450     -0.867995    
155 0.1540      1  0 -0.220533     -0.865573    
156 0.1550      1  0 -0.218587     -0.852617    
157 0.1560      1  0 -0.216617     -0.831170    
158 0.1570      1  0 -0.214625     -0.804181    
159 0.1580      1  0 -0.212620     -0.775050    
160 0.1590      1  0 -0.210610     -0.747142    
161 0.1600      1  0 -0.208604     -0.723351    
162 0.1610      1  0 -0.206610     -0.705742    
163 0.1620      1  0 -0.204638     -0.695330    
164 0.1630      1  0 -0.202694     -0.691989    
165 0.1640      1  0 -0.200783     -0.694510    
166 0.1650      1  0 -0.198909     -0.700795    
167 0.1660      1  0 -0.197072     -0.708158    
168 0.1670      1  0 -0.195273     -0.713697    
169 0.1680      1  0 -0.193511     -0.714679    
170 0.1690      1  0 -0.191785     -0.708889    
171 0.1700      1  0 -0.190092     -0.694913    
172 0.1710      1  0 -0.188435     -0.672300    
173 0.1720      1  0 -0.186812     -0.641619    
174 0.1730      1  0 -0.185226     -0.604400    
175 0.1740      1  0 -0.183680     -0.562958    
176 0.1750      1  0 -0.182176     -0.520144    
177 0.1760      1  0 -0.180715     -0.479020    
178 0.1770      1  0 -0.179300     -0.442517    
179 0.1780      1  0 -0.177930     -0.413098    
180 0.1790      1  0 -0.176604     -0.392475    
181 0.1800      1  0 -0.175316     -0.381418    
182 0.1810      1  0 -0.174062     -0.379680    
183 0.1820      1  0 -0.172835     -0.386050    
184 0.1830      1  0 -0.171627     -0.398534    
185 0.1840      1  0 -0.170429     -0.414638    
186 0.1850      1  0 -0.169236     -0.431714    
187 0.1860      1  0 -0.168041     -0.447322    
188 0.1870      1  0 -0.166839     -0.459560    
189 0.1880      1  0 -0.165629     -0.467308    
190 0.1890      1  0 -0.164409     -0.470349    
191 0.1900      1  0 -0.163182     -0.469347    
192 0.1910      1  0 -0.161951     -0.465697    
193 0.1920      1  0 -0.160721     -0.461250    
194 0.1930      1  0 -0.159498     -0.457980    
195 0.1940      1  0 -0.158287     -0.457639    
196 0.1950      1  0 -0.157095     -0.461452    
197 0.1960      1  0 -0.155928     -0.469903    
198 0.1970      1  0 -0.154791     -0.482639    
199 0.1980      1  0 -0.153689     -0.498512    
200 0.1990      1  0 -0.152627     -0.515729    
201 0.2000      1  0 -0.151608     -0.532094    
202 0.2010      1  0 -0.150637     -0.545308    
203 0.2020      1  0 -0.149716     -0.553260    
204 0.2030      1  0 -0.148847     -0.554302    
205 0.2040      1  0 -0.148034     -0.547439    
206 0.2050      1  0 -0.147279     -0.532451    
207 0.2060      1  0 -0.146583     -0.509908    
208 0.2070      1  0 -0.145949     -0.481103    
209 0.2080      1  0 -0.145378     -0.447910    
210 0.2090      1  0 -0.144872     -0.412570    
211 0.2100      1  0 -0.144432     -0.377460    
212 0.2110      1  0 -0.144057     -0.344843    
213 0.2120      1  0 -0.143747     -0.316635    
214 0.2130      1  0 -0.143499     -0.294222    
215 0.2140      1  0 -0.143309     -0.278332    
216 0.2150      1  0 -0.143170     -0.268992    
217 0.2160      1  0 -0.143075     -0.265569    
218 0.2170      1  0 -0.143016     -0.266896    
219 0.2180      1  0 -0.142981     -0.271470    
220 0.2190      1  0 -0.142961     -0.277684    
221 0.2200      1  0 -0.142944     -0.284085    
222 0.2210      1  0 -0.142923     -0.289593    
223 0.2220      1  0 -0.142890     -0.293660    
224 0.2230      1  0 -0.142839     -0.296335    
225 0.2240      1  0 -0.142768     -0.298227    
226 0.2250      1  0 -0.142675     -0.300364    
227 0.2260      1  0 -0.142563     -0.303977    
228 0.2270      1  0 -0.142434     -0.310250    
229 0.2280      1  0 -0.142292     -0.320069    
230 0.2290      1  0 -0.142141     -0.333833    
231 0.2300      1  0 -0.141986     -0.351340    
232 0.2310      1  0 -0.141831     -0.371778    
233 0.2320      1  0 -0.141681     -0.393811    
234 0.2330      1  0 -0.141538     -0.415747    
235 0.2340      1  0 -0.141407     -0.435751    
236 0.2350      1  0 -0.141292     -0.452074    
237 0.2360      1  0 -0.141197     -0.463254    
238 0.2370      1  0 -0.141126     -0.468282    
239 0.2380      1  0 -0.141087     -0.466688    
240 0.2390      1  0 -0.141083     -0.458573    
241 0.2400      1  0 -0.141123     -0.444564    
242 0.2410      1  0 -0.141213     -0.425727    
243 0.2420      1  0 -0.141357     -0.403430    
244 0.2430      1  0 -0.141560     -0.379200    
245 0.2440      1  0 -0.141826     -0.354565    
246 0.2450      1  0 -0.142156     -0.330919    
247 0.2460      1  0 -0.142549     -0.309401    
248 0.2470      1  0 -0.143001     -0.290824    
249 0.2480      1  0 -0.143507     -0.275630    
250 0.2490      1  0 -0.144061     -0.263897    
251 0.2500      1  0 -0.144653     -0.255392    
252 0.2510      1  0 -0.145274     -0.249650    
253 0.2520      1  0 -0.145914     -0.246089    
254 0.2530      1  0 -0.146562     -0.244131    
255 0.2540      1  0 -0.147208     -0.243309    
256 0.2550      1  0 -0.147844     -0.243365    
257 0.2560      1  0 -0.148460     -0.244288    
258 0.2570      1  0 -0.149051     -0.246320    
259 0.2580      1  0 -0.149609     -0.249901    
260 0.2590      1  0 -0.150132     -0.255575    
261 0.2600      1  0 -0.150616     -0.263875    
262 0.2610      1  0 -0.151059     -0.275197    
263 0.2620      1  0 -0.151460     -0.289692    
264 0.2630      1  0 -0.151819     -0.307200    
265 0.2640      1  0 -0.152137     -0.327227    
266 0.2650      1  0 -0.152418     -0.348975    
267 0.2660      1  0 -0.152663     -0.371420    
268 0.2670      1  0 -0.152879     -0.393422    
269 0.2680      1  0 -0.153069     -0.413843    
270 0.2690      1  0 -0.153242     -0.431665    
271 0.2700      1  0 -0.153403     -0.446079    
272 0.2710      1  0 -0.153561     -0.456547    
273 0.2720      1  0 -0.153725     -0.462812    
274 0.2730      1  0 -0.153902     -0.464892    
275 0.2740      1  0 -0.154100     -0.463029    
276 0.2750      1  0 -0.154327     -0.457632    
277 0.2760      1  0 -0.154590     -0.449205    
278 0.2770      1  0 -0.154894     -0.438292    
279 0.2780      1  0 -0.155243     -0.425417    
280 0.2790      1  0 -0.155642     -0.411057    
281 0.2800      1  0 -0.156090     -0.395625    
282 0.2810      1  0 -0.156587     -0.379466    
283 0.2820      1  0 -0.157130     -0.362882    
284 0.2830      1  0 -0.157717     -0.346147    
285 0.2840      1  0 -0.158341     -0.329542    
286 0.2850      1  0 -0.158995     -0.313383    
287 0.2860      1  0 -0.159672     -0.298037    
288 0.2870      1  0 -0.160363     -0.283935    
289 0.2880      1  0 -0.161058     -0.271557    
290 0.2890      1  0 -0.161748     -0.261418    
291 0.2900      1  0 -0.162424     -0.254018    
292 0.2910      1  0 -0.163077     -0.249799    
293 0.2920      1  0 -0.163700     -0.249090    
294 0.2930      1  0 -0.164284     -0.252060    
295 0.2940      1  0 -0.164824     -0.258685    
296 0.2950      1  0 -0.165314     -0.268737    
297 0.2960      1  0 -0.165751     -0.281800    
298 0.2970      1  0 -0.166131     -0.297304    
299 0.2980      1  0 -0.166454     -0.314587    
300 0.2990      1  0 -0.166718     -0.332961    
301 0.3000      1  0 -0.166926     -0.351777    
302 0.3010      1  0 -0.167079     -0.370481    
303 0.3020      1  0 -0.167184     -0.388649    
304 0.3030      1  0 -0.167244     -0.405994    
305 0.3040      1  0 -0.167267     -0.422354    
306 0.3050      1  0 -0.167262     -0.437653    
307 0.3060      1  0 -0.167236     -0.451857    
308 0.3070      1  0 -0.167200     -0.464922    
309 0.3080      1  0 -0.167163     -0.476752    
310 0.3090      1  0 -0.167134     -0.487166    
311 0.3100      1  0 -0.167122     -0.495894    
312 0.3110      1  0 -0.167135     -0.502580    
313 0.3120      1  0 -0.167179     -0.506812    
314 0.3130      1  0 -0.167260     -0.508164    
315 0.3140      1  0 -0.167383     -0.506250    
316 0.3150      1  0 -0.167548     -0.500773    
317 0.3160      1  0 -0.167759     -0.491584    
318 0.3170      1  0 -0.168012     -0.478721    
319 0.3180      1  0 -0.168308     -0.462445    
320 0.3190      1  0 -0.168642     -0.443245    
321 0.3200      1  0 -0.169011     -0.421838    
322 0.3210      1  0 -0.169409     -0.399132    
323 0.3220      1  0 -0.169829     -0.376173    
324 0.3230      1  0 -0.170266     -0.354074    
325 0.3240      1  0 -0.170711     -0.333923    
326 0.3250      1  0 -0.171157     -0.316689    
327 0.3260      1  0 -0.171595     -0.303139    
328 0.3270      1  0 -0.172017     -0.293764    
329 0.3280      1  0 -0.172414     -0.288736    
330 0.3290      1  0 -0.172778     -0.287904    
331 0.3300      1  0 -0.173102     -0.290827    
332 0.3310      1  0 -0.173378     -0.296845    
333 0.3320      1  0 -0.173602     -0.305174    
334 0.3330      1  0 -0.173769     -0.315021    
335 0.3340      1  0 -0.173877     -0.325689    
336 0.3350      1  0 -0.173925     -0.336663    
337 0.3360      1  0 -0.173913     -0.347659    
338 0.3370      1  0 -0.173845     -0.358640    
339 0.3380      1  0 -0.173724     -0.369776    
340 0.3390      1  0 -0.173557     -0.381379    
341 0.3400      1  0 -0.173351     -0.393809    
342 0.3410      1  0 -0.173112     -0.407381    
343 0.3420      1  0 -0.172851     -0.422266    
344 0.3430      1  0 -0.172575     -0.438432    
345 0.3440      1  0 -0.172294     -0.455601    
346 0.3450      1  0 -0.172015     -0.473258    
347 0.3460      1  0 -0.171748     -0.490678    
348 0.3470      1  0 -0.171500     -0.506991    
349 0.3480      1  0 -0.171278     -0.521264    
350 0.3490      1  0 -0.171087     -0.532593    
351 0.3500      1  0 -0.170932     -0.540183    
352 0.3510      1  0 -0.170817     -0.543431    
353 0.3520      1  0 -0.170745     -0.541986    
354 0.3530      1  0 -0.170717     -0.535780    
355 0.3540      1  0 -0.170732     -0.525047    
356 0.3550      1  0 -0.170790     -0.510303    
357 0.3560      1  0 -0.170888     -0.492313    
358 0.3570      1  0 -0.171022     -0.472030    
359 0.3580      1  0 -0.171188     -0.450522    
360 0.3590      1  0 -0.171381     -0.428883    
361 0.3600      1  0 -0.171594     -0.408148    
362 0.3610      1  0 -0.171820     -0.389207    
363 0.3620      1  0 -0.172053     -0.372740    
364 0.3630      1  0 -0.172284     -0.359172    
365 0.3640      1  0 -0.172505     -0.348653    
366 0.3650      1  0 -0.172708     -0.341081    
367 0.3660      1  0 -0.172886     -0.336142    
368 0.3670      1  0 -0.173032     -0.333386    
369 0.3680      1  0 -0.173138     -0.332308    
370 0.3690      1  0 -0.173201     -0.332442    
371 0.3700      1  0 -0.173217     -0.333433    
372 0.3710      1  0 -0.173183     -0.335094    
373 0.3720      1  0 -0.173099     -0.337425    
374 0.3730      1  0 -0.172966     -0.340601    
375 0.3740      1  0 -0.172785     -0.344931    
376 0.3750      1  0 -0.172562     -0.350783    
377 0.3760      1  0 -0.172301     -0.358507    
378 0.3770      1  0 -0.172008     -0.368355    
379 0.3780      1  0 -0.171690     -0.380415    
380 0.3790      1  0 -0.171353     -0.394566    
381 0.3800      1  0 -0.171006     -0.410470    
382 0.3810      1  0 -0.170655     -0.427583    
383 0.3820      1  0 -0.170307     -0.445197    
384 0.3830      1  0 -0.169969     -0.462504    
385 0.3840      1  0 -0.169648     -0.478666    
386 0.3850      1  0 -0.169350     -0.492885    
387 0.3860      1  0 -0.169080     -0.504471    
388 0.3870      1  0 -0.168842     -0.512891    
389 0.3880      1  0 -0.168640     -0.517808    
390 0.3890      1  0 -0.168477     -0.519096    
391 0.3900      1  0 -0.168354     -0.516836    
392 0.3910      1  0 -0.168273     -0.511298    
393 0.3920      1  0 -0.168232     -0.502907    
394 0.3930      1  0 -0.168231     -0.492201    
395 0.3940      1  0 -0.168267     -0.479781    
396 0.3950      1  0 -0.168335     -0.466263    
397 0.3960      1  0 -0.168432     -0.452227    
398 0.3970      1  0 -0.168551     -0.438187    
399 0.3980      1  0 -0.168688     -0.424558    
400 0.3990      1  0 -0.168834     -0.411643    
401 0.4000      1  0 -0.168984     -0.399638    
402 0.4010      1  0 -0.169130     -0.388640    
403 0.4020      1  0 -0.169266     -0.378679    
404 0.4030      1  0 -0.169386     -0.369745    
405 0.4040      1  0 -0.169484     -0.361822    
406 0.4050      1  0 -0.169555     -0.354919    
407 0.4060      1  0 -0.169595     -0.349089    
408 0.4070      1  0 -0.169601     -0.344437    
409 0.4080      1  0 -0.169572     -0.341115    
410 0.4090      1  0 -0.169507     -0.339306    
411 0.4100      1  0 -0.169406     -0.339199    
412 0.4110      1  0 -0.169270     -0.340951    
413 0.4120      1  0 -0.169102     -0.344662    
414 0.4130      1  0 -0.168906     -0.350344    
415 0.4140      1  0 -0.168684     -0.357908    
416 0.4150      1  0 -0.168442     -0.367158    
417 0.4160      1  0 -0.168185     -0.377796    
418 0.4170      1  0 -0.167918     -0.389446    
419 0.4180      1  0 -0.167646     -0.401676    
420 0.4190      1  0 -0.167376     -0.414030    
421 0.4200      1  0 -0.167112     -0.426060    
422 0.4210      1  0 -0.166861     -0.437350    
423 0.4220      1  0 -0.166627     -0.447542    
424 0.4230      1  0 -0.166415     -0.456349    
425 0.4240      1  0 -0.166229     -0.463560    
426 0.4250      1  0 -0.166071     -0.469039    
427 0.4260      1  0 -0.165946     -0.472722    
428 0.4270      1  0 -0.165853     -0.474604    
429 0.4280      1  0 -0.165794     -0.474726    
430 0.4290      1  0 -0.165769     -0.473170    
431 0.4300      1  0 -0.165777     -0.470039    
432 0.4310      1  0 -0.165814     -0.465459    
433 0.4320      1  0 -0.165879     -0.459569    
434 0.4330      1  0 -0.165967     -0.452524    
435 0.4340      1  0 -0.166076     -0.444492    
436 0.4350      1  0 -0.166198     -0.435660    
437 0.4360      1  0 -0.166331     -0.426237    
438 0.4370      1  0 -0.166469     -0.416454    
439 0.4380      1  0 -0.166606     -0.406560    
440 0.4390      1  0 -0.166739     -0.396824    
441 0.4400      1  0 -0.166862     -0.387517    
442 0.4410      1  0 -0.166972     -0.378908    
443 0.4420      1  0 -0.167064     -0.371245    
444 0.4430      1  0 -0.167137     -0.364742    
445 0.4440      1  0 -0.167187     -0.359568    
446 0.4450      1  0 -0.167214     -0.355832    
447 0.4460      1  0 -0.167216     -0.353583    
448 0.4470      1  0 -0.167194     -0.352807    
449 0.4480      1  0 -0.167146     -0.353435    
450 0.4490      1  0 -0.167076     -0.355354    
451 0.4500      1  0 -0.166984     -0.358417    
452 0.4510      1  0 -0.166873     -0.362462    
453 0.4520      1  0 -0.166746     -0.367323    
454 0.4530      1  0 -0.166606     -0.372843    
455 0.4540      1  0 -0.166457     -0.378875    
456 0.4550      1  0 -0.166304     -0.385292    
457 0.4560      1  0 -0.166150     -0.391977    
458 0.4570      1  0 -0.165999     -0.398825    
459 0.4580      1  0 -0.165857     -0.405730    
460 0.4590      1  0 -0.165726     -0.412578    
461 0.4600      1  0 -0.165610     -0.419243    
462 0.4610      1  0 -0.165513     -0.425581    
463 0.4620      1  0 -0.165435     -0.431433    
464 0.4630      1  0 -0.165380     -0.436625    
465 0.4640      1  0 -0.165348     -0.440982    
466 0.4650      1  0 -0.165339     -0.444332    
467 0.4660      1  0 -0.165353     -0.446528    
468 0.4670      1  0 -0.165390     -0.447455    
469 0.4680      1  0 -0.165447     -0.447048    
470 0.4690      1  0 -0.165522     -0.445300    
471 0.4700      1  0 -0.165614     -0.442269    
472 0.4710      1  0 -0.165718     -0.438076    
473 0.4720      1  0 -0.165833     -0.432903    
474 0.4730      1  0 -0.165956     -0.426982    
475 0.4740      1  0 -0.166082     -0.420575    
476 0.4750      1  0 -0.166209     -0.413958    
477 0.4760      1  0 -0.166333     -0.407400    
478 0.4770      1  0 -0.166452     -0.401141    
479 0.4780      1  0 -0.166563     -0.395379    
480 0.4790      1  0 -0.166664     -0.390257    
481 0.4800      1  0 -0.166752     -0.385859    
482 0.4810      1  0 -0.166825     -0.382214    
483 0.4820      1  0 -0.166882     -0.379303    
484 0.4830      1  0 -0.166923     -0.377075    
485 0.4840      1  0 -0.166947     -0.375462    
486 0.4850      1  0 -0.166954     -0.374394    
487 0.4860      1  0 -0.166945     -0.373817    
488 0.4870      1  0 -0.166921     -0.373698    
489 0.4880      1  0 -0.166883     -0.374033    
490 0.4890      1  0 -0.166835     -0.374843    
491 0.4900      1  0 -0.166777     -0.376166    
492 0.4910      1  0 -0.166713     -0.378047    
493 0.4920      1  0 -0.166646     -0.380521    
494 0.4930      1  0 -0.166578     -0.383603    
495 0.4940      1  0 -0.166512     -0.387273    
496 0.4950      1  0 -0.166450     -0.391471    
497 0.4960      1  0 -0.166395     -0.396093    
498 0.4970      1  0 -0.166350     -0.400994    
499 0.4980      1  0 -0.166315     -0.406000    
500 0.4990      1  0 -0.166292     -0.410913    
501 0.5000      1  0 -0.166282     -0.415532    
502 0.5010      1  0 -0.166285     -0.419670    
503 0.5020      1  0 -0.166302     -0.423166    
504 0.5030      1  0 -0.166332     -0.425898    
505 0.5040      1  0 -0.166374     -0.427797    
506 0.5050      1  0 -0.166429     -0.428843    
507 0.5060      1  0 -0.166493     -0.429069    
508 0.5070      1  0 -0.166567     -0.428555    
509 0.5080      1  0 -0.166647     -0.427409    
510 0.5090      1  0 -0.166734     -0.425765    
511 0.5100      1  0 -0.166824     -0.423760    
512 0.5110      1  0 -0.166916     -0.421523    
513 0.5120      1  0 -0.167008     -0.419161    
514 0.5130      1  0 -0.167097     -0.416755    
515 0.5140      1  0 -0.167183     -0.414352    
516 0.5150      1  0 -0.167264     -0.411974    
517 0.5160      1  0 -0.167337     -0.409613    
518 0.5170      1  0 -0.167402     -0.407253    
519 0.5180      1  0 -0.167457     -0.404870    
520 0.5190      1  0 -0.167503     -0.402452    
521 0.5200      1  0 -0.167538     -0.400002    
522 0.5210      1  0 -0.167563     -0.397548    
523 0.5220      1  0 -0.167578     -0.395144    
524 0.5230      1  0 -0.167583     -0.392865    
525 0.5240      1  0 -0.167580     -0.390805    
526 0.5250      1  0 -0.167570     -0.389066    
527 0.5260      1  0 -0.167554     -0.387742    
528 0.5270      1  0 -0.167534     -0.386915    
529 0.5280      1  0 -0.167511     -0.386641    
530 0.5290      1  0 -0.167486     -0.386942    
531 0.5300      1  0 -0.167462     -0.387804    
532 0.5310      1  0 -0.167440     -0.389181    
533 0.5320      1  0 -0.167420     -0.390995    
534 0.5330      1  0 -0.167405     -0.393145    
535 0.5340      1  0 -0.167394     -0.395521    
536 0.5350      1  0 -0.167389     -0.398010    
537 0.5360      1  0 -0.167390     -0.400509    
538 0.5370      1  0 -0.167397     -0.402935    
539 0.5380      1  0 -0.167411     -0.405225    
540 0.5390      1  0 -0.167432     -0.407345    
541 0.5400      1  0 -0.167458     -0.409286    
542 0.5410      1  0 -0.167490     -0.411058    
543 0.5420      1  0 -0.167527     -0.412684    
544 0.5430      1  0 -0.167569     -0.414193    
545 0.5440      1  0 -0.167613     -0.415610    
546 0.5450      1  0 -0.167660     -0.416949    
547 0.5460      1  0 -0.167708     -0.418210    
548 0.5470      1  0 -0.167756     -0.419371    
549 0.5480      1  0 -0.167804     -0.420395    
550 0.5490      1  0 -0.167849     -0.421231    
551 0.5500      1  0 -0.167892     -0.421820    
552 0.5510      1  0 -0.167930     -0.422103    
553 0.5520      1  0 -0.167965     -0.422030    
554 0.5530      1  0 -0.167994     -0.421570    
555 0.5540      1  0 -0.168018     -0.420712    
556 0.5550      1  0 -0.168036     -0.419471    
557 0.5560      1  0 -0.168049     -0.417886    
558 0.5570      1  0 -0.168057     -0.416022    
559 0.5580      1  0 -0.168060     -0.413957    
560 0.5590      1  0 -0.168059     -0.411779    
561 0.5600      1  0 -0.168055     -0.409577    
562 0.5610      1  0 -0.168048     -0.407432    
563 0.5620      1  0 -0.168039     -0.405410    
564 0.5630      1  0 -0.168029     -0.403562    
565 0.5640      1  0 -0.168019     -0.401916    
566 0.5650      1  0 -0.168010     -0.400483    
567 0.5660      1  0 -0.168002     -0.399257    
568 0.5670      1  0 -0.167997     -0.398223    
569 0.5680      1  0 -0.167994     -0.397361    
570 0.5690      1  0 -0.167993     -0.396657    
571 0.5700      1  0 -0.167996     -0.396100    
572 0.5710      1  0 -0.168003     -0.395695    
573 0.5720      1  0 -0.168013     -0.395456    
574 0.5730      1  0 -0.168026     -0.395412    
575 0.5740      1  0 -0.168042     -0.395596    
576 0.5750      1  0 -0.168060     -0.396049    
577 0.5760      1  0 -0.168081     -0.396806    
578 0.5770      1  0 -0.168104     -0.397891    
579 0.5780      1  0 -0.168128     -0.399314    
580 0.5790      1  0 -0.168153     -0.401067    
581 0.5800      1  0 -0.168177     -0.403116    
582 0.5810      1  0 -0.168200     -0.405408    
583 0.5820      1  0 -0.168221     -0.407871    
584 0.5830      1  0 -0.168240     -0.410419    
585 0.5840      1  0 -0.168256     -0.412960    
586 0.5850      1  0 -0.168269     -0.415402    
587 0.5860      1  0 -0.168278     -0.417659    
588 0.5870      1  0 -0.168282     -0.419662    
589 0.5880      1  0 -0.168283     -0.421356    
590 0.5890      1  0 -0.168279     -0.422709    
591 0.5900      1  0 -0.168272     -0.423706    
592 0.5910      1  0 -0.168261     -0.424351    
593 0.5920      1  0 -0.168247     -0.424660    
594 0.5930      1  0 -0.168231     -0.424655    
595 0.5940      1  0 -0.168213     -0.424364    
596 0.5950      1  0 -0.168195     -0.423809    
597 0.5960      1  0 -0.168176     -0.423009    
598 0.5970      1  0 -0.168158     -0.421975    
599 0.5980      1  0 -0.168142     -0.420712    
600 0.5990      1  0 -0.168128     -0.419222    
601 0.6000      1  0 -0.168116     -0.417505    
602 0.6010      1  0 -0.168108     -0.415567    
603 0.6020      1  0 -0.168103     -0.413422    
604 0.6030      1  0 -0.168103     -0.411097    
605 0.6040      1  0 -0.168106     -0.408636    
606 0.6050      1  0 -0.168114     -0.406096    
607 0.6060      1  0 -0.168126     -0.403550    
608 0.6070      1  0 -0.168141     -0.401085    
609 0.6080      1  0 -0.168160     -0.398790    
610 0.6090      1  0 -0.168183     -0.396758    
611 0.6100      1  0 -0.168207     -0.395073    
612 0.6110      1  0 -0.168234     -0.393805    
613 0.6120      1  0 -0.168261     -0.393009    
614 0.6130      1  0 -0.168289     -0.392714    
615 0.6140      1  0 -0.168317     -0.392926    
616 0.6150      1  0 -0.168342     -0.393628    
617 0.6160      1  0 -0.168366     -0.394783    
618 0.6170      1  0 -0.168386     -0.396334    
619 0.6180      1  0 -0.168402     -0.398216    
620 0.6190      1  0 -0.168414     -0.400358    
621 0.6200      1  0 -0.168421     -0.402689    
622 0.6210      1  0 -0.168423     -0.405142    
623 0.6220      1  0 -0.168419     -0.407659    
624 0.6230      1  0 -0.168410     -0.410192    
625 0.6240      1  0 -0.168396     -0.412698    
626 0.6250      1  0 -0.168377     -0.415145    
627 0.6260      1  0 -0.168354     -0.417501    
628 0.6270      1  0 -0.168327     -0.419735    
629 0.6280      1  0 -0.168298     -0.421814    
630 0.6290      1  0 -0.168267     -0.423698    
631 0.6300      1  0 -0.168235     -0.425342    
632 0.6310      1  0 -0.168204     -0.426694    
633 0.6320      1  0 -0.168173     -0.427703    
634 0.6330      1  0 -0.168144     -0.428315    
635 0.6340      1  0 -0.168118     -0.428484    
636 0.6350      1  0 -0.168096     -0.428174    
637 0.6360      1  0 -0.168078     -0.427365    
638 0.6370      1  0 -0.168065     -0.426057    
639 0.6380      1  0 -0.168057     -0.424273    
640 0.6390      1  0 -0.168055     -0.422057    
641 0.6400      1  0 -0.168059     -0.419474    
642 0.6410      1  0 -0.168068     -0.416611    
643 0.6420      1  0 -0.168084     -0.413564    
644 0.6430      1  0 -0.168105     -0.410439    
645 0.6440      1  0 -0.168130     -0.407343    
646 0.6450      1  0 -0.168160     -0.404379    
647 0.6460      1  0 -0.168194     -0.401637    
648 0.6470      1  0 -0.168230     -0.399195    
649 0.6480      1  0 -0.168268     -0.397112    
650 0.6490      1  0 -0.168306     -0.395430    
651 0.6500      1  0 -0.168344     -0.394172    
652 0.6510      1  0 -0.168380     -0.393348    
653 0.6520      1  0 -0.168413     -0.392952    
654 0.6530      1  0 -0.168443     -0.392973    
655 0.6540      1  0 -0.168468     -0.393394    
656 0.6550      1  0 -0.168488     -0.394193    
657 0.6560      1  0 -0.168502     -0.395350    
658 0.6570      1  0 -0.168510     -0.396843    
659 0.6580      1  0 -0.168512     -0.398650    
660 0.6590      1  0 -0.168507     -0.400747    
661 0.6600      1  0 -0.168496     -0.403102    
662 0.6610      1  0 -0.168479     -0.405681    
663 0.6620      1  0 -0.168457     -0.408435    
664 0.6630      1  0 -0.168430     -0.411308    
665 0.6640      1  0 -0.168400     -0.414231    
666 0.6650      1  0 -0.168366     -0.417128    
667 0.6660      1  0 -0.168331     -0.419913    
668 0.6670      1  0 -0.168295     -0.422499    
669 0.6680      1  0 -0.168259     -0.424798    
670 0.6690      1  0 -0.168225     -0.426733    
671 0.6700      1  0 -0.168192     -0.428232    
672 0.6710      1  0 -0.168164     -0.429242    
673 0.6720      1  0 -0.168139     -0.429730    
674 0.6730      1  0 -0.168120     -0.429680    
675 0.6740      1  0 -0.168106     -0.429100    
676 0.6750      1  0 -0.168099     -0.428015    
677 0.6760      1  0 -0.168098     -0.426470    
678 0.6770      1  0 -0.168104     -0.424522    
679 0.6780      1  0 -0.168117     -0.422243    
680 0.6790      1  0 -0.168136     -0.419705    
681 0.6800      1  0 -0.168161     -0.416989    
682 0.6810      1  0 -0.168192     -0.414172    
683 0.6820      1  0 -0.168228     -0.411327    
684 0.6830      1  0 -0.168268     -0.408524    
685 0.6840      1  0 -0.168310     -0.405827    
686 0.6850      1  0 -0.168354     -0.403294    
687 0.6860      1  0 -0.168399     -0.400978    
688 0.6870      1  0 -0.168444     -0.398923    
689 0.6880      1  0 -0.168487     -0.397173    
690 0.6890      1  0 -0.168527     -0.395766    
691 0.6900      1  0 -0.168563     -0.394735    
692 0.6910      1  0 -0.168595     -0.394108    
693 0.6920      1  0 -0.168622     -0.393906    
694 0.6930      1  0 -0.168642     -0.394142    
695 0.6940      1  0 -0.168657     -0.394819    
696 0.6950      1  0 -0.168664     -0.395930    
697 0.6960      1  0 -0.168665     -0.397453    
698 0.6970      1  0 -0.168660     -0.399354    
699 0.6980      1  0 -0.168649     -0.401584    
700 0.6990      1  0 -0.168631     -0.404085    
701 0.7000      1  0 -0.168609     -0.406785    
702 0.7010      1  0 -0.168583     -0.409608    
703 0.7020      1  0 -0.168553     -0.412473    
704 0.7030      1  0 -0.168520     -0.415296    
705 0.7040      1  0 -0.168487     -0.417997    
706 0.7050      1  0 -0.168453     -0.420504    
707 0.7060      1  0 -0.168420     -0.422749    
708 0.7070      1  0 -0.168389     -0.424676    
709 0.7080      1  0 -0.168361     -0.426242    
710 0.7090      1  0 -0.168336     -0.427413    
711 0.7100      1  0 -0.168317     -0.428167    
712 0.7110      1  0 -0.168303     -0.428494    
713 0.7120      1  0 -0.168295     -0.428395    
714 0.7130      1  0 -0.168294     -0.427879    
715 0.7140      1  0 -0.168299     -0.426964    
716 0.7150      1  0 -0.168311     -0.425676    
717 0.7160      1  0 -0.168329     -0.424049    
718 0.7170      1  0 -0.168353     -0.422125    
719 0.7180      1  0 -0.168383     -0.419950    
720 0.7190      1  0 -0.168418     -0.417579    
721 0.7200      1  0 -0.168456     -0.415072    
722 0.7210      1  0 -0.168498     -0.412494    
723 0.7220      1  0 -0.168542     -0.409913    
724 0.7230      1  0 -0.168587     -0.407400    
725 0.7240      1  0 -0.168632     -0.405024    
726 0.7250      1  0 -0.168676     -0.402853    
727 0.7260      1  0 -0.168718     -0.400949    
728 0.7270      1  0 -0.168758     -0.399365    
729 0.7280      1  0 -0.168793     -0.398145    
730 0.7290      1  0 -0.168824     -0.397320    
731 0.7300      1  0 -0.168849     -0.396909    
732 0.7310      1  0 -0.168869     -0.396917    
733 0.7320      1  0 -0.168883     -0.397335    
734 0.7330      1  0 -0.168890     -0.398142    
735 0.7340      1  0 -0.168892     -0.399307    
736 0.7350      1  0 -0.168887     -0.400791    
737 0.7360      1  0 -0.168877     -0.402546    
738 0.7370      1  0 -0.168862     -0.404522    
739 0.7380      1  0 -0.168843     -0.406667    
740 0.7390      1  0 -0.168820     -0.408925    
741 0.7400      1  0 -0.168794     -0.411244    
742 0.7410      1  0 -0.168766     -0.413570    
743 0.7420      1  0 -0.168738     -0.415851    
744 0.7430      1  0 -0.168709     -0.418040    
745 0.7440      1  0 -0.168682     -0.420086    
746 0.7450      1  0 -0.168657     -0.421944    
747 0.7460      1  0 -0.168635     -0.423570    
748 0.7470      1  0 -0.168617     -0.424924    
749 0.7480      1  0 -0.168603     -0.425971    
750 0.7490      1  0 -0.168594     -0.426680    
751 0.7500      1  0 -0.168590     -0.427030    
752 0.7510      1  0 -0.168593     -0.427006    
753 0.7520      1  0 -0.168601     -0.426607    
754 0.7530      1  0 -0.168614     -0.425840    
755 0.7540      1  0 -0.168633     -0.424729    
756 0.7550      1  0 -0.168657     -0.423304    
757 0.7560      1  0 -0.168686     -0.421612    
758 0.7570      1  0 -0.168718     -0.419704    
759 0.7580      1  0 -0.168754     -0.417644    
760 0.7590      1  0 -0.168792     -0.415495    
761 0.7600      1  0 -0.168831     -0.413327    
762 0.7610      1  0 -0.168872     -0.411203    
763 0.7620      1  0 -0.168911     -0.409188    
764 0.7630      1  0 -0.168950     -0.407334    
765 0.7640      1  0 -0.168987     -0.405689    
766 0.7650      1  0 -0.169021     -0.404290    
767 0.7660      1  0 -0.169052     -0.403163    
768 0.7670      1  0 -0.169078     -0.402326    
769 0.7680      1  0 -0.169100     -0.401788    
770 0.7690      1  0 -0.169118     -0.401549    
771 0.7700      1  0 -0.169130     -0.401606    
772 0.7710      1  0 -0.169136     -0.401946    
773 0.7720      1  0 -0.169138     -0.402556    
774 0.7730      1  0 -0.169135     -0.403419    
775 0.7740      1  0 -0.169127     -0.404515    
776 0.7750      1  0 -0.169115     -0.405819    
777 0.7760      1  0 -0.169100     -0.407305    
778 0.7770      1  0 -0.169082     -0.408943    
779 0.7780      1  0 -0.169062     -0.410698    
780 0.7790      1  0 -0.169041     -0.412530    
781 0.7800      1  0 -0.169019     -0.414397    
782 0.7810      1  0 -0.168998     -0.416252    
783 0.7820      1  0 -0.168978     -0.418046    
784 0.7830      1  0 -0.168960     -0.419729    
785 0.7840      1  0 -0.168944     -0.421254    
786 0.7850      1  0 -0.168932     -0.422577    
787 0.7860      1  0 -0.168923     -0.423658    
788 0.7870      1  0 -0.168918     -0.424468    
789 0.7880      1  0 -0.168918     -0.424985    
790 0.7890      1  0 -0.168922     -0.425199    
791 0.7900      1  0 -0.168930     -0.425110    
792 0.7910      1  0 -0.168943     -0.424728    
793 0.7920      1  0 -0.168960     -0.424075    
794 0.7930      1  0 -0.168980     -0.423181    
795 0.7940      1  0 -0.169004     -0.422079    
796 0.7950      1  0 -0.169032     -0.420812    
797 0.7960      1  0 -0.169061     -0.419421    
798 0.7970      1  0 -0.169092     -0.417949    
799 0.7980      1  0 -0.169124     -0.416439    
800 0.7990      1  0 -0.169157     -0.414929    
801 0.8000      1  0 -0.169189     -0.413456    
802 0.8010      1  0 -0.169220     -0.412053    
803 0.8020      1  0 -0.169249     -0.410747    
804 0.8030      1  0 -0.169276     -0.409566    
805 0.8040      1  0 -0.169300     -0.408530    
806 0.8050      1  0 -0.169322     -0.407659    
807 0.8060      1  0 -0.169339     -0.406970    
808 0.8070      1  0 -0.169353     -0.406478    
809 0.8080      1  0 -0.169363     -0.406193    
810 0.8090      1  0 -0.169369     -0.406122    
811 0.8100      1  0 -0.169371     -0.406270    
812 0.8110      1  0 -0.169370     -0.406636    
813 0.8120      1  0 -0.169366     -0.407212    
814 0.8130      1  0 -0.169358     -0.407985    
815 0.8140      1  0 -0.169349     -0.408937    
816 0.8150      1  0 -0.169337     -0.410043    
817 0.8160      1  0 -0.169324     -0.411271    
818 0.8170      1  0 -0.169311     -0.412588    
819 0.8180      1  0 -0.169297     -0.413956    
820 0.8190      1  0 -0.169283     -0.415336    
821 0.8200      1  0 -0.169271     -0.416688    
822 0.8210      1  0 -0.169260     -0.417976    
823 0.8220      1  0 -0.169251     -0.419166    
824 0.8230      1  0 -0.169244     -0.420230    
825 0.8240      1  0 -0.169240     -0.421143    
826 0.8250      1  0 -0.169239     -0.421889    
827 0.8260      1  0 -0.169241     -0.422455    
828 0.8270      1  0 -0.169246     -0.422836    
829 0.8280      1  0 -0.169254     -0.423032    
830 0.8290      1  0 -0.169265     -0.423046    
831 0.8300      1  0 -0.169279     -0.422887    
832 0.8310      1  0 -0.169296     -0.422564    
833 0.8320      1  0 -0.169315     -0.422091    
834 0.8330      1  0 -0.169336     -0.421484    
835 0.8340      1  0 -0.169359     -0.420760    
836 0.8350      1  0 -0.169382     -0.419936    
837 0.8360      1  0 -0.169406     -0.419034    
838 0.8370      1  0 -0.169430     -0.418074    
839 0.8380      1  0 -0.169454     -0.417080    
840 0.8390      1  0 -0.169477     -0.416075    
841 0.8400      1  0 -0.169499     -0.415084    
842 0.8410      1  0 -0.169519     -0.414133    
843 0.8420      1  0 -0.169537     -0.413246    
844 0.8430      1  0 -0.169553     -0.412446    
845 0.8440      1  0 -0.169566     -0.411754    
846 0.8450      1  0 -0.169577     -0.411189    
847 0.8460      1  0 -0.169586     -0.410765    
848 0.8470      1  0 -0.169592     -0.410492    
849 0.8480      1  0 -0.169596     -0.410375    
850 0.8490      1  0 -0.169597     -0.410413    
851 0.8500      1  0 -0.169597     -0.410601    
852 0.8510      1  0 -0.169595     -0.410929    
853 0.8520      1  0 -0.169591     -0.411386    
854 0.8530      1  0 -0.169586     -0.411954    
855 0.8540      1  0 -0.169581     -0.412615    
856 0.8550      1  0 -0.169575     -0.413351    
857 0.8560      1  0 -0.169569     -0.414140    
858 0.8570      1  0 -0.169564     -0.414965    
859 0.8580      1  0 -0.169559     -0.415805    
860 0.8590      1  0 -0.169555     -0.416644    
861 0.8600      1  0 -0.169552     -0.417465    
862 0.8610      1  0 -0.169551     -0.418253    
863 0.8620      1  0 -0.169552     -0.418992    
864 0.8630      1  0 -0.169555     -0.419671    
865 0.8640      1  0 -0.169559     -0.420277    
866 0.8650      1  0 -0.169565     -0.420798    
867 0.8660      1  0 -0.169573     -0.421225    
868 0.8670      1  0 -0.169583     -0.421550    
869 0.8680      1  0 -0.169595     -0.421766    
870 0.8690      1  0 -0.169608     -0.421869    
871 0.8700      1  0 -0.169622     -0.421858    
872 0.8710      1  0 -0.169638     -0.421734    
873 0.8720      1  0 -0.169654     -0.421503    
874 0.8730      1  0 -0.169671     -0.421171    
875 0.8740      1  0 -0.169687     -0.420751    
876 0.8750      1  0 -0.169704     -0.420257    
877 0.8760      1  0 -0.169720     -0.419703    
878 0.8770      1  0 -0.169736     -0.419109    
879 0.8780      1  0 -0.169751     -0.418490    
880 0.8790      1  0 -0.169765     -0.417867    
881 0.8800      1  0 -0.169779     -0.417254    
882 0.8810      1  0 -0.169790     -0.416669    
883 0.8820      1  0 -0.169801     -0.416123    
884 0.8830      1  0 -0.169810     -0.415628    
885 0.8840      1  0 -0.169818     -0.415194    
886 0.8850      1  0 -0.169825     -0.414826    
887 0.8860      1  0 -0.169830     -0.414530    
888 0.8870      1  0 -0.169835     -0.414308    
889 0.8880      1  0 -0.169838     -0.414163    
890 0.8890      1  0 -0.169841     -0.414095    
891 0.8900      1  0 -0.169843     -0.414103    
892 0.8910      1  0 -0.169844     -0.414189    
893 0.8920      1  0 -0.169846     -0.414349    
894 0.8930      1  0 -0.169847     -0.414582    
895 0.8940      1  0 -0.169848     -0.414885    
896 0.8950      1  0 -0.169850     -0.415252    
897 0.8960      1  0 -0.169852     -0.415678    
898 0.8970      1  0 -0.169855     -0.416154    
899 0.8980      1  0 -0.169858     -0.416672    
900 0.8990      1  0 -0.169862     -0.417219    
901 0.9000      1  0 -0.169867     -0.417784    
902 0.9010      1  0 -0.169873     -0.418354    
903 0.9020      1  0 -0.169880     -0.418915    
904 0.9030      1  0 -0.169887     -0.419452    
905 0.9040      1  0 -0.169896     -0.419955    
906 0.9050      1  0 -0.169905     -0.420412    
907 0.9060      1  0 -0.169914     -0.420813    
908 0.9070      1  0 -0.169925     -0.421152    
909 0.9080      1  0 -0.169935     -0.421424    
910 0.9090      1  0 -0.169946     -0.421627    
911 0.9100      1  0 -0.169957     -0.421758    
912 0.9110      1  0 -0.169968     -0.421820    
913 0.9120      1  0 -0.169979     -0.421815    
914 0.9130      1  0 -0.169990     -0.421746    
915 0.9140      1  0 -0.170001     -0.421618    
916 0.9150      1  0 -0.170011     -0.421435    
917 0.9160      1  0 -0.170021     -0.421203    
918 0.9170      1  0 -0.170031     -0.420926    
919 0.9180      1  0 -0.170040     -0.420609    
920 0.9190      1  0 -0.170049     -0.420259    
921 0.9200      1  0 -0.170057     -0.419883    
922 0.9210      1  0 -0.170065     -0.419486    
923 0.9220      1  0 -0.170073     -0.419076    
924 0.9230      1  0 -0.170080     -0.418664    
925 0.9240      1  0 -0.170087     -0.418257    
926 0.9250      1  0 -0.170094     -0.417865    
927 0.9260      1  0 -0.170101     -0.417500    
928 0.9270      1  0 -0.170107     -0.417171    
929 0.9280      1  0 -0.170114     -0.416888    
930 0.9290      1  0 -0.170121     -0.416658    
931 0.9300      1  0 -0.170128     -0.416490    
932 0.9310      1  0 -0.170135     -0.416388    
933 0.9320      1  0 -0.170142     -0.416356    
934 0.9330      1  0 -0.170149     -0.416394    
935 0.9340      1  0 -0.170157     -0.416503    
936 0.9350      1  0 -0.170165     -0.416678    
937 0.9360      1  0 -0.170173     -0.416916    
938 0.9370      1  0 -0.170182     -0.417210    
939 0.9380      1  0 -0.170190     -0.417554    
940 0.9390      1  0 -0.170199     -0.417939    
941 0.9400      1  0 -0.170208     -0.418358    
942 0.9410      1  0 -0.170216     -0.418803    
943 0.9420      1  0 -0.170225     -0.419265    
944 0.9430      1  0 -0.170233     -0.419736    
945 0.9440      1  0 -0.170242     -0.420208    
946 0.9450      1  0 -0.170250     -0.420673    
947 0.9460      1  0 -0.170258     -0.421124    
948 0.9470      1  0 -0.170266     -0.421551    
949 0.9480      1  0 -0.170274     -0.421947    
950 0.9490      1  0 -0.170281     -0.422305    
951 0.9500      1  0 -0.170288     -0.422616    
952 0.9510      1  0 -0.170295     -0.422872    
953 0.9520      1  0 -0.170302     -0.423069    
954 0.9530      1  0 -0.170308     -0.423200    
955 0.9540      1  0 -0.170315     -0.423261    
956 0.9550      1  0 -0.170321     -0.423251    
957 0.9560      1  0 -0.170328     -0.423169    
958 0.9570      1  0 -0.170334     -0.423017    
959 0.9580      1  0 -0.170341     -0.422799    
960 0.9590      1  0 -0.170348     -0.422522    
961 0.9600      1  0 -0.170355     -0.422193    
962 0.9610      1  0 -0.170363     -0.421822    
963 0.9620      1  0 -0.170371     -0.421420    
964 0.9630      1  0 -0.170380     -0.420999    
965 0.9640      1  0 -0.170389     -0.420569    
966 0.9650      1  0 -0.170398     -0.420142    
967 0.9660      1  0 -0.170408     -0.419729    
968 0.9670      1  0 -0.170419     -0.419341    
969 0.9680      1  0 -0.170430     -0.418987    
970 0.9690      1  0 -0.170441     -0.418675    
971 0.9700      1  0 -0.170452     -0.418412    
972 0.9710      1  0 -0.170464     -0.418205    
973 0.9720      1  0 -0.170475     -0.418059    
974 0.9730      1  0 -0.170487     -0.417977    
975 0.9740      1  0 -0.170499     -0.417964    
976 0.9750      1  0 -0.170510     -0.418020    
977 0.9760      1  0 -0.170521     -0.418147    
978 0.9770      1  0 -0.170532     -0.418343    
979 0.9780      1  0 -0.170542     -0.418605    
980 0.9790      1  0 -0.170552     -0.418932    
981 0.9800      1  0 -0.170561     -0.419315    
982 0.9810      1  0 -0.170569     -0.419749    
983 0.9820      1  0 -0.170577     -0.420224    
984 0.9830      1  0 -0.170584     -0.420730    
985 0.9840      1  0 -0.170591     -0.421255    
986 0.9850      1  0 -0.170597     -0.421788    
987 0.9860      1  0 -0.170602     -0.422314    
988 0.9870      1  0 -0.170607     -0.422823    
989 0.9880      1  0 -0.170612     -0.423300    
990 0.9890      1  0 -0.170617     -0.423735    
991 0.9900      1  0 -0.170621     -0.424117    
992 0.9910      1  0 -0.170625     -0.424438    
993 0.9920      1  0 -0.170629     -0.424691    
994 0.9930      1  0 -0.170634     -0.424872    
995 0.9940      1  0 -0.170639     -0.424976    
996 0.9950      1  0 -0.170644     -0.425005    
997 0.9960      1  0 -0.170650     -0.424957    
998 0.9970      1  0 -0.170657     -0.424837    
999 0.9980      1  0 -0.170664     -0.424648    
