# Pazy Wing (simplified : constant stiffness properties)                          
# Operating point sequence...
# i     t     conv	stall	 RY pos[ 1]    Theta[ 1]    
  1  7.984      1  0 -0.181547     -0.477377    
  2  7.985      1  0 -0.181547     -0.477378    
  3  7.986      1  0 -0.181547     -0.477379    
  4  7.987      1  0 -0.181547     -0.477380    
  5  7.988      1  0 -0.181547     -0.477381    
  6  7.989      1  0 -0.181547     -0.477381    
  7  7.990      1  0 -0.181548     -0.477381    
  8  7.991      1  0 -0.181548     -0.477382    
  9  7.992      1  0 -0.181548     -0.477382    
 10  7.993      1  0 -0.181548     -0.477382    
 11  7.994      1  0 -0.181548     -0.477383    
 12  7.995      1  0 -0.181548     -0.477383    
 13  7.996      1  0 -0.181548     -0.477383    
 14  7.997      1  0 -0.181548     -0.477384    
 15  7.998      1  0 -0.181549     -0.477384    
 16  7.999      1  0 -0.181549     -0.477385    
 17  8.000      1  0 -0.181549     -0.477385    
 18  8.001      1  0 -0.181549     -0.477386    
 19  8.002      1  0 -0.181549     -0.477386    
 20  8.003      1  0 -0.181549     -0.477387    
 21  8.004      1  0 -0.181549     -0.477387    
 22  8.005      1  0 -0.181549     -0.477387    
 23  8.006      1  0 -0.181550     -0.477388    
 24  8.007      1  0 -0.181550     -0.477388    
 25  8.008      1  0 -0.181550     -0.477389    
 26  8.009      1  0 -0.181550     -0.477389    
 27  8.010      1  0 -0.181550     -0.477389    
 28  8.011      1  0 -0.181550     -0.477390    
 29  8.012      1  0 -0.181550     -0.477391    
 30  8.013      1  0 -0.181550     -0.477392    
 31  8.014      1  0 -0.181551     -0.477392    
 32  8.015      1  0 -0.181551     -0.477393    
 33  8.016      1  0 -0.181551     -0.477394    
 34  8.017      1  0 -0.181551     -0.477395    
 35  8.018      1  0 -0.181551     -0.477396    
 36  8.019      1  0 -0.181551     -0.477397    
 37  8.020      1  0 -0.181551     -0.477398    
 38  8.021      1  0 -0.181551     -0.477400    
 39  8.022      1  0 -0.181551     -0.477401    
 40  8.023      1  0 -0.181552     -0.477402    
 41  8.024      1  0 -0.181552     -0.477404    
 42  8.025      1  0 -0.181552     -0.477406    
 43  8.026      1  0 -0.181552     -0.477407    
 44  8.027      1  0 -0.181552     -0.477409    
 45  8.028      1  0 -0.181552     -0.477410    
 46  8.029      1  0 -0.181552     -0.477412    
 47  8.030      1  0 -0.181552     -0.477414    
 48  8.031      1  0 -0.181552     -0.477415    
 49  8.032      1  0 -0.181553     -0.477416    
 50  8.033      1  0 -0.181553     -0.477417    
 51  8.034      1  0 -0.181553     -0.477418    
 52  8.035      1  0 -0.181553     -0.477420    
 53  8.036      1  0 -0.181553     -0.477421    
 54  8.037      1  0 -0.181553     -0.477423    
 55  8.038      1  0 -0.181553     -0.477424    
 56  8.039      1  0 -0.181554     -0.477425    
 57  8.040      1  0 -0.181554     -0.477427    
 58  8.041      1  0 -0.181554     -0.477428    
 59  8.042      1  0 -0.181554     -0.477430    
 60  8.043      1  0 -0.181554     -0.477431    
 61  8.044      1  0 -0.181554     -0.477432    
 62  8.045      1  0 -0.181555     -0.477434    
 63  8.046      1  0 -0.181555     -0.477435    
 64  8.047      1  0 -0.181555     -0.477436    
 65  8.048      1  0 -0.181555     -0.477437    
 66  8.049      1  0 -0.181555     -0.477438    
 67  8.050      1  0 -0.181556     -0.477439    
 68  8.051      1  0 -0.181556     -0.477441    
 69  8.052      1  0 -0.181556     -0.477443    
 70  8.053      1  0 -0.181556     -0.477444    
 71  8.054      1  0 -0.181556     -0.477446    
 72  8.055      1  0 -0.181557     -0.477448    
 73  8.056      1  0 -0.181557     -0.477450    
 74  8.057      1  0 -0.181557     -0.477452    
 75  8.058      1  0 -0.181557     -0.477455    
 76  8.059      1  0 -0.181558     -0.477457    
 77  8.060      1  0 -0.181558     -0.477459    
 78  8.061      1  0 -0.181558     -0.477462    
 79  8.062      1  0 -0.181559     -0.477464    
 80  8.063      1  0 -0.181559     -0.477467    
 81  8.064      1  0 -0.181559     -0.477470    
 82  8.065      1  0 -0.181559     -0.477472    
 83  8.066      1  0 -0.181560     -0.477475    
 84  8.067      1  0 -0.181560     -0.477477    
 85  8.068      1  0 -0.181560     -0.477480    
 86  8.069      1  0 -0.181561     -0.477482    
 87  8.070      1  0 -0.181561     -0.477485    
 88  8.071      1  0 -0.181562     -0.477487    
 89  8.072      1  0 -0.181562     -0.477490    
 90  8.073      1  0 -0.181562     -0.477493    
 91  8.074      1  0 -0.181563     -0.477495    
 92  8.075      1  0 -0.181563     -0.477498    
 93  8.076      1  0 -0.181564     -0.477501    
 94  8.077      1  0 -0.181564     -0.477504    
 95  8.078      1  0 -0.181565     -0.477506    
 96  8.079      1  0 -0.181565     -0.477509    
 97  8.080      1  0 -0.181565     -0.477511    
 98  8.081      1  0 -0.181566     -0.477513    
 99  8.082      1  0 -0.181567     -0.477516    
100  8.083      1  0 -0.181567     -0.477518    
101  8.084      1  0 -0.181568     -0.477520    
102  8.085      1  0 -0.181568     -0.477523    
103  8.086      1  0 -0.181569     -0.477526    
104  8.087      1  0 -0.181569     -0.477529    
105  8.088      1  0 -0.181570     -0.477533    
106  8.089      1  0 -0.181571     -0.477536    
107  8.090      1  0 -0.181571     -0.477540    
108  8.091      1  0 -0.181572     -0.477544    
109  8.092      1  0 -0.181572     -0.477548    
110  8.093      1  0 -0.181573     -0.477551    
111  8.094      1  0 -0.181574     -0.477555    
112  8.095      1  0 -0.181574     -0.477559    
113  8.096      1  0 -0.181575     -0.477562    
114  8.097      1  0 -0.181576     -0.477565    
115  8.098      1  0 -0.181577     -0.477569    
116  8.099      1  0 -0.181577     -0.477574    
117  8.100      1  0 -0.181578     -0.477578    
118  8.101      1  0 -0.181579     -0.477583    
119  8.102      1  0 -0.181580     -0.477587    
120  8.103      1  0 -0.181580     -0.477592    
121  8.104      1  0 -0.181581     -0.477597    
122  8.105      1  0 -0.181582     -0.477602    
123  8.106      1  0 -0.181583     -0.477607    
124  8.107      1  0 -0.181584     -0.477611    
125  8.108      1  0 -0.181584     -0.477616    
126  8.109      1  0 -0.181585     -0.477620    
127  8.110      1  0 -0.181586     -0.477625    
128  8.111      1  0 -0.181587     -0.477629    
129  8.112      1  0 -0.181588     -0.477634    
130  8.113      1  0 -0.181589     -0.477638    
131  8.114      1  0 -0.181590     -0.477643    
132  8.115      1  0 -0.181591     -0.477648    
133  8.116      1  0 -0.181592     -0.477654    
134  8.117      1  0 -0.181593     -0.477659    
135  8.118      1  0 -0.181594     -0.477664    
136  8.119      1  0 -0.181595     -0.477669    
137  8.120      1  0 -0.181596     -0.477674    
138  8.121      1  0 -0.181597     -0.477680    
139  8.122      1  0 -0.181598     -0.477685    
140  8.123      1  0 -0.181599     -0.477691    
141  8.124      1  0 -0.181601     -0.477696    
142  8.125      1  0 -0.181602     -0.477702    
143  8.126      1  0 -0.181603     -0.477708    
144  8.127      1  0 -0.181604     -0.477714    
145  8.128      1  0 -0.181605     -0.477720    
146  8.129      1  0 -0.181606     -0.477726    
147  8.130      1  0 -0.181608     -0.477732    
148  8.131      1  0 -0.181609     -0.477738    
149  8.132      1  0 -0.181610     -0.477744    
150  8.133      1  0 -0.181611     -0.477751    
151  8.134      1  0 -0.181613     -0.477757    
152  8.135      1  0 -0.181614     -0.477763    
153  8.136      1  0 -0.181615     -0.477770    
154  8.137      1  0 -0.181616     -0.477777    
155  8.138      1  0 -0.181618     -0.477784    
156  8.139      1  0 -0.181619     -0.477791    
157  8.140      1  0 -0.181620     -0.477798    
158  8.141      1  0 -0.181622     -0.477805    
159  8.142      1  0 -0.181623     -0.477812    
160  8.143      1  0 -0.181625     -0.477820    
161  8.144      1  0 -0.181626     -0.477827    
162  8.145      1  0 -0.181627     -0.477834    
163  8.146      1  0 -0.181629     -0.477841    
164  8.147      1  0 -0.181630     -0.477848    
165  8.148      1  0 -0.181632     -0.477855    
166  8.149      1  0 -0.181633     -0.477862    
167  8.150      1  0 -0.181635     -0.477869    
168  8.151      1  0 -0.181636     -0.477876    
169  8.152      1  0 -0.181638     -0.477883    
170  8.153      1  0 -0.181640     -0.477890    
171  8.154      1  0 -0.181641     -0.477898    
172  8.155      1  0 -0.181643     -0.477906    
173  8.156      1  0 -0.181644     -0.477914    
174  8.157      1  0 -0.181646     -0.477922    
175  8.158      1  0 -0.181648     -0.477930    
176  8.159      1  0 -0.181649     -0.477938    
177  8.160      1  0 -0.181651     -0.477946    
178  8.161      1  0 -0.181653     -0.477954    
179  8.162      1  0 -0.181654     -0.477962    
180  8.163      1  0 -0.181656     -0.477971    
181  8.164      1  0 -0.181658     -0.477979    
182  8.165      1  0 -0.181659     -0.477988    
183  8.166      1  0 -0.181661     -0.477997    
184  8.167      1  0 -0.181663     -0.478006    
185  8.168      1  0 -0.181665     -0.478015    
186  8.169      1  0 -0.181666     -0.478025    
187  8.170      1  0 -0.181668     -0.478034    
188  8.171      1  0 -0.181670     -0.478043    
189  8.172      1  0 -0.181672     -0.478052    
190  8.173      1  0 -0.181674     -0.478062    
191  8.174      1  0 -0.181675     -0.478071    
192  8.175      1  0 -0.181677     -0.478080    
193  8.176      1  0 -0.181679     -0.478090    
194  8.177      1  0 -0.181681     -0.478099    
195  8.178      1  0 -0.181683     -0.478109    
196  8.179      1  0 -0.181685     -0.478118    
197  8.180      1  0 -0.181687     -0.478129    
198  8.181      1  0 -0.181689     -0.478138    
199  8.182      1  0 -0.181691     -0.478148    
200  8.183      1  0 -0.181693     -0.478158    
201  8.184      1  0 -0.181695     -0.478168    
202  8.185      1  0 -0.181697     -0.478178    
203  8.186      1  0 -0.181699     -0.478187    
204  8.187      1  0 -0.181701     -0.478197    
205  8.188      1  0 -0.181703     -0.478207    
206  8.189      1  0 -0.181705     -0.478217    
207  8.190      1  0 -0.181707     -0.478226    
208  8.191      1  0 -0.181709     -0.478236    
209  8.192      1  0 -0.181711     -0.478247    
210  8.193      1  0 -0.181713     -0.478257    
211  8.194      1  0 -0.181715     -0.478268    
212  8.195      1  0 -0.181718     -0.478279    
213  8.196      1  0 -0.181720     -0.478290    
214  8.197      1  0 -0.181722     -0.478301    
215  8.198      1  0 -0.181724     -0.478312    
216  8.199      1  0 -0.181726     -0.478324    
217  8.200      1  0 -0.181728     -0.478334    
218  8.201      1  0 -0.181731     -0.478345    
219  8.202      1  0 -0.181733     -0.478356    
220  8.203      1  0 -0.181735     -0.478367    
221  8.204      1  0 -0.181737     -0.478378    
222  8.205      1  0 -0.181739     -0.478388    
223  8.206      1  0 -0.181742     -0.478399    
224  8.207      1  0 -0.181744     -0.478411    
225  8.208      1  0 -0.181746     -0.478423    
226  8.209      1  0 -0.181748     -0.478434    
227  8.210      1  0 -0.181751     -0.478447    
228  8.211      1  0 -0.181753     -0.478459    
229  8.212      1  0 -0.181755     -0.478471    
230  8.213      1  0 -0.181758     -0.478483    
231  8.214      1  0 -0.181760     -0.478495    
232  8.215      1  0 -0.181762     -0.478507    
233  8.216      1  0 -0.181765     -0.478519    
234  8.217      1  0 -0.181767     -0.478531    
235  8.218      1  0 -0.181770     -0.478542    
236  8.219      1  0 -0.181772     -0.478554    
237  8.220      1  0 -0.181774     -0.478566    
238  8.221      1  0 -0.181777     -0.478578    
239  8.222      1  0 -0.181779     -0.478590    
240  8.223      1  0 -0.181782     -0.478602    
241  8.224      1  0 -0.181784     -0.478615    
242  8.225      1  0 -0.181787     -0.478627    
243  8.226      1  0 -0.181789     -0.478640    
244  8.227      1  0 -0.181792     -0.478653    
245  8.228      1  0 -0.181794     -0.478666    
246  8.229      1  0 -0.181797     -0.478679    
247  8.230      1  0 -0.181799     -0.478692    
248  8.231      1  0 -0.181802     -0.478705    
249  8.232      1  0 -0.181804     -0.478718    
250  8.233      1  0 -0.181807     -0.478731    
251  8.234      1  0 -0.181810     -0.478744    
252  8.235      1  0 -0.181812     -0.478758    
253  8.236      1  0 -0.181815     -0.478771    
254  8.237      1  0 -0.181817     -0.478784    
255  8.238      1  0 -0.181820     -0.478797    
256  8.239      1  0 -0.181823     -0.478810    
257  8.240      1  0 -0.181825     -0.478824    
258  8.241      1  0 -0.181828     -0.478837    
259  8.242      1  0 -0.181831     -0.478851    
260  8.243      1  0 -0.181833     -0.478865    
261  8.244      1  0 -0.181836     -0.478878    
262  8.245      1  0 -0.181839     -0.478892    
263  8.246      1  0 -0.181841     -0.478907    
264  8.247      1  0 -0.181844     -0.478921    
265  8.248      1  0 -0.181847     -0.478935    
266  8.249      1  0 -0.181850     -0.478949    
267  8.250      1  0 -0.181852     -0.478963    
268  8.251      1  0 -0.181855     -0.478977    
269  8.252      1  0 -0.181858     -0.478991    
270  8.253      1  0 -0.181861     -0.479005    
271  8.254      1  0 -0.181864     -0.479019    
272  8.255      1  0 -0.181866     -0.479033    
273  8.256      1  0 -0.181869     -0.479047    
274  8.257      1  0 -0.181872     -0.479061    
275  8.258      1  0 -0.181875     -0.479075    
276  8.259      1  0 -0.181878     -0.479089    
277  8.260      1  0 -0.181881     -0.479104    
278  8.261      1  0 -0.181884     -0.479119    
279  8.262      1  0 -0.181887     -0.479134    
280  8.263      1  0 -0.181890     -0.479149    
281  8.264      1  0 -0.181892     -0.479165    
282  8.265      1  0 -0.181895     -0.479181    
283  8.266      1  0 -0.181898     -0.479197    
284  8.267      1  0 -0.181901     -0.479212    
285  8.268      1  0 -0.181904     -0.479227    
286  8.269      1  0 -0.181907     -0.479243    
287  8.270      1  0 -0.181910     -0.479257    
288  8.271      1  0 -0.181913     -0.479272    
289  8.272      1  0 -0.181916     -0.479287    
290  8.273      1  0 -0.181919     -0.479302    
291  8.274      1  0 -0.181922     -0.479318    
292  8.275      1  0 -0.181925     -0.479333    
293  8.276      1  0 -0.181929     -0.479348    
294  8.277      1  0 -0.181932     -0.479364    
295  8.278      1  0 -0.181935     -0.479380    
296  8.279      1  0 -0.181938     -0.479396    
297  8.280      1  0 -0.181941     -0.479412    
298  8.281      1  0 -0.181944     -0.479429    
299  8.282      1  0 -0.181947     -0.479445    
300  8.283      1  0 -0.181950     -0.479461    
301  8.284      1  0 -0.181954     -0.479477    
302  8.285      1  0 -0.181957     -0.479492    
303  8.286      1  0 -0.181960     -0.479508    
304  8.287      1  0 -0.181963     -0.479524    
305  8.288      1  0 -0.181966     -0.479539    
306  8.289      1  0 -0.181970     -0.479555    
307  8.290      1  0 -0.181973     -0.479570    
308  8.291      1  0 -0.181976     -0.479587    
309  8.292      1  0 -0.181979     -0.479603    
310  8.293      1  0 -0.181983     -0.479620    
311  8.294      1  0 -0.181986     -0.479637    
312  8.295      1  0 -0.181989     -0.479654    
313  8.296      1  0 -0.181992     -0.479671    
314  8.297      1  0 -0.181996     -0.479688    
315  8.298      1  0 -0.181999     -0.479705    
316  8.299      1  0 -0.182002     -0.479722    
317  8.300      1  0 -0.182006     -0.479739    
318  8.301      1  0 -0.182009     -0.479756    
319  8.302      1  0 -0.182013     -0.479773    
320  8.303      1  0 -0.182016     -0.479790    
321  8.304      1  0 -0.182019     -0.479807    
322  8.305      1  0 -0.182023     -0.479825    
323  8.306      1  0 -0.182026     -0.479842    
324  8.307      1  0 -0.182030     -0.479860    
325  8.308      1  0 -0.182033     -0.479878    
326  8.309      1  0 -0.182036     -0.479896    
327  8.310      1  0 -0.182040     -0.479914    
328  8.311      1  0 -0.182043     -0.479932    
329  8.312      1  0 -0.182047     -0.479950    
330  8.313      1  0 -0.182050     -0.479969    
331  8.314      1  0 -0.182054     -0.479987    
332  8.315      1  0 -0.182057     -0.480005    
333  8.316      1  0 -0.182061     -0.480023    
334  8.317      1  0 -0.182065     -0.480041    
335  8.318      1  0 -0.182068     -0.480059    
336  8.319      1  0 -0.182072     -0.480078    
337  8.320      1  0 -0.182075     -0.480096    
338  8.321      1  0 -0.182079     -0.480114    
339  8.322      1  0 -0.182082     -0.480132    
340  8.323      1  0 -0.182086     -0.480150    
341  8.324      1  0 -0.182090     -0.480168    
342  8.325      1  0 -0.182093     -0.480187    
343  8.326      1  0 -0.182097     -0.480205    
344  8.327      1  0 -0.182101     -0.480223    
345  8.328      1  0 -0.182104     -0.480241    
346  8.329      1  0 -0.182108     -0.480259    
347  8.330      1  0 -0.182112     -0.480278    
348  8.331      1  0 -0.182115     -0.480296    
349  8.332      1  0 -0.182119     -0.480314    
350  8.333      1  0 -0.182123     -0.480333    
351  8.334      1  0 -0.182127     -0.480351    
352  8.335      1  0 -0.182130     -0.480370    
353  8.336      1  0 -0.182134     -0.480389    
354  8.337      1  0 -0.182138     -0.480408    
355  8.338      1  0 -0.182142     -0.480427    
356  8.339      1  0 -0.182146     -0.480445    
357  8.340      1  0 -0.182149     -0.480464    
358  8.341      1  0 -0.182153     -0.480483    
359  8.342      1  0 -0.182157     -0.480502    
360  8.343      1  0 -0.182161     -0.480522    
361  8.344      1  0 -0.182165     -0.480541    
362  8.345      1  0 -0.182169     -0.480560    
363  8.346      1  0 -0.182173     -0.480580    
364  8.347      1  0 -0.182176     -0.480600    
365  8.348      1  0 -0.182180     -0.480620    
366  8.349      1  0 -0.182184     -0.480640    
367  8.350      1  0 -0.182188     -0.480659    
368  8.351      1  0 -0.182192     -0.480679    
369  8.352      1  0 -0.182196     -0.480699    
370  8.353      1  0 -0.182200     -0.480719    
371  8.354      1  0 -0.182204     -0.480738    
372  8.355      1  0 -0.182208     -0.480758    
373  8.356      1  0 -0.182212     -0.480777    
374  8.357      1  0 -0.182216     -0.480797    
375  8.358      1  0 -0.182220     -0.480816    
376  8.359      1  0 -0.182224     -0.480836    
377  8.360      1  0 -0.182228     -0.480857    
378  8.361      1  0 -0.182232     -0.480877    
379  8.362      1  0 -0.182236     -0.480897    
380  8.363      1  0 -0.182240     -0.480917    
381  8.364      1  0 -0.182244     -0.480937    
382  8.365      1  0 -0.182248     -0.480957    
383  8.366      1  0 -0.182252     -0.480977    
384  8.367      1  0 -0.182256     -0.480997    
385  8.368      1  0 -0.182260     -0.481017    
386  8.369      1  0 -0.182264     -0.481036    
387  8.370      1  0 -0.182268     -0.481057    
388  8.371      1  0 -0.182272     -0.481077    
389  8.372      1  0 -0.182276     -0.481097    
390  8.373      1  0 -0.182280     -0.481118    
391  8.374      1  0 -0.182285     -0.481139    
392  8.375      1  0 -0.182289     -0.481160    
393  8.376      1  0 -0.182293     -0.481181    
394  8.377      1  0 -0.182297     -0.481202    
395  8.378      1  0 -0.182301     -0.481223    
396  8.379      1  0 -0.182305     -0.481244    
397  8.380      1  0 -0.182309     -0.481265    
398  8.381      1  0 -0.182313     -0.481286    
399  8.382      1  0 -0.182318     -0.481307    
400  8.383      1  0 -0.182322     -0.481328    
401  8.384      1  0 -0.182326     -0.481350    
402  8.385      1  0 -0.182330     -0.481372    
403  8.386      1  0 -0.182334     -0.481393    
404  8.387      1  0 -0.182339     -0.481416    
405  8.388      1  0 -0.182343     -0.481438    
406  8.389      1  0 -0.182347     -0.481460    
407  8.390      1  0 -0.182351     -0.481482    
408  8.391      1  0 -0.182355     -0.481505    
409  8.392      1  0 -0.182360     -0.481527    
410  8.393      1  0 -0.182364     -0.481549    
411  8.394      1  0 -0.182368     -0.481571    
412  8.395      1  0 -0.182372     -0.481593    
413  8.396      1  0 -0.182377     -0.481615    
414  8.397      1  0 -0.182381     -0.481636    
415  8.398      1  0 -0.182385     -0.481658    
416  8.399      1  0 -0.182390     -0.481680    
417  8.400      1  0 -0.182394     -0.481702    
418  8.401      1  0 -0.182398     -0.481725    
419  8.402      1  0 -0.182403     -0.481747    
420  8.403      1  0 -0.182407     -0.481770    
421  8.404      1  0 -0.182411     -0.481792    
422  8.405      1  0 -0.182416     -0.481815    
423  8.406      1  0 -0.182420     -0.481837    
424  8.407      1  0 -0.182424     -0.481860    
425  8.408      1  0 -0.182429     -0.481882    
426  8.409      1  0 -0.182433     -0.481904    
427  8.410      1  0 -0.182437     -0.481926    
428  8.411      1  0 -0.182442     -0.481948    
429  8.412      1  0 -0.182446     -0.481970    
430  8.413      1  0 -0.182451     -0.481993    
431  8.414      1  0 -0.182455     -0.482015    
432  8.415      1  0 -0.182460     -0.482038    
433  8.416      1  0 -0.182464     -0.482060    
434  8.417      1  0 -0.182469     -0.482083    
435  8.418      1  0 -0.182473     -0.482107    
436  8.419      1  0 -0.182477     -0.482129    
437  8.420      1  0 -0.182482     -0.482153    
438  8.421      1  0 -0.182486     -0.482176    
439  8.422      1  0 -0.182491     -0.482199    
440  8.423      1  0 -0.182496     -0.482222    
441  8.424      1  0 -0.182500     -0.482246    
442  8.425      1  0 -0.182505     -0.482269    
443  8.426      1  0 -0.182509     -0.482292    
444  8.427      1  0 -0.182514     -0.482315    
445  8.428      1  0 -0.182518     -0.482339    
446  8.429      1  0 -0.182523     -0.482362    
447  8.430      1  0 -0.182527     -0.482386    
448  8.431      1  0 -0.182532     -0.482410    
449  8.432      1  0 -0.182537     -0.482433    
450  8.433      1  0 -0.182541     -0.482458    
451  8.434      1  0 -0.182546     -0.482482    
452  8.435      1  0 -0.182551     -0.482506    
453  8.436      1  0 -0.182555     -0.482530    
454  8.437      1  0 -0.182560     -0.482554    
455  8.438      1  0 -0.182565     -0.482578    
456  8.439      1  0 -0.182569     -0.482601    
457  8.440      1  0 -0.182574     -0.482625    
458  8.441      1  0 -0.182579     -0.482649    
459  8.442      1  0 -0.182583     -0.482673    
460  8.443      1  0 -0.182588     -0.482697    
461  8.444      1  0 -0.182593     -0.482721    
462  8.445      1  0 -0.182598     -0.482745    
463  8.446      1  0 -0.182602     -0.482770    
464  8.447      1  0 -0.182607     -0.482794    
465  8.448      1  0 -0.182612     -0.482818    
466  8.449      1  0 -0.182617     -0.482842    
467  8.450      1  0 -0.182622     -0.482866    
468  8.451      1  0 -0.182627     -0.482890    
469  8.452      1  0 -0.182631     -0.482914    
470  8.453      1  0 -0.182636     -0.482938    
471  8.454      1  0 -0.182641     -0.482962    
472  8.455      1  0 -0.182646     -0.482987    
473  8.456      1  0 -0.182651     -0.483011    
474  8.457      1  0 -0.182656     -0.483036    
475  8.458      1  0 -0.182661     -0.483061    
476  8.459      1  0 -0.182666     -0.483086    
477  8.460      1  0 -0.182670     -0.483111    
478  8.461      1  0 -0.182675     -0.483136    
479  8.462      1  0 -0.182680     -0.483160    
480  8.463      1  0 -0.182685     -0.483185    
481  8.464      1  0 -0.182690     -0.483210    
482  8.465      1  0 -0.182695     -0.483235    
483  8.466      1  0 -0.182700     -0.483260    
484  8.467      1  0 -0.182705     -0.483286    
485  8.468      1  0 -0.182710     -0.483311    
486  8.469      1  0 -0.182715     -0.483337    
487  8.470      1  0 -0.182720     -0.483363    
488  8.471      1  0 -0.182725     -0.483389    
489  8.472      1  0 -0.182730     -0.483415    
490  8.473      1  0 -0.182735     -0.483442    
491  8.474      1  0 -0.182740     -0.483468    
492  8.475      1  0 -0.182745     -0.483495    
493  8.476      1  0 -0.182750     -0.483521    
494  8.477      1  0 -0.182755     -0.483547    
495  8.478      1  0 -0.182761     -0.483573    
496  8.479      1  0 -0.182766     -0.483599    
497  8.480      1  0 -0.182771     -0.483625    
498  8.481      1  0 -0.182776     -0.483651    
499  8.482      1  0 -0.182781     -0.483678    
500  8.483      1  0 -0.182786     -0.483704    
501  8.484      1  0 -0.182791     -0.483731    
502  8.485      1  0 -0.182797     -0.483758    
503  8.486      1  0 -0.182802     -0.483785    
504  8.487      1  0 -0.182807     -0.483812    
505  8.488      1  0 -0.182812     -0.483840    
506  8.489      1  0 -0.182817     -0.483866    
507  8.490      1  0 -0.182823     -0.483894    
508  8.491      1  0 -0.182828     -0.483920    
509  8.492      1  0 -0.182833     -0.483947    
510  8.493      1  0 -0.182838     -0.483973    
511  8.494      1  0 -0.182844     -0.484000    
512  8.495      1  0 -0.182849     -0.484027    
513  8.496      1  0 -0.182854     -0.484054    
514  8.497      1  0 -0.182860     -0.484081    
515  8.498      1  0 -0.182865     -0.484108    
516  8.499      1  0 -0.182870     -0.484135    
517  8.500      1  0 -0.182876     -0.484163    
518  8.501      1  0 -0.182881     -0.484191    
519  8.502      1  0 -0.182886     -0.484218    
520  8.503      1  0 -0.182892     -0.484246    
521  8.504      1  0 -0.182897     -0.484274    
522  8.505      1  0 -0.182903     -0.484302    
523  8.506      1  0 -0.182908     -0.484330    
524  8.507      1  0 -0.182914     -0.484357    
525  8.508      1  0 -0.182919     -0.484385    
526  8.509      1  0 -0.182925     -0.484412    
527  8.510      1  0 -0.182930     -0.484440    
528  8.511      1  0 -0.182936     -0.484468    
529  8.512      1  0 -0.182941     -0.484496    
530  8.513      1  0 -0.182947     -0.484524    
531  8.514      1  0 -0.182952     -0.484552    
532  8.515      1  0 -0.182958     -0.484581    
533  8.516      1  0 -0.182963     -0.484609    
534  8.517      1  0 -0.182969     -0.484638    
535  8.518      1  0 -0.182974     -0.484666    
536  8.519      1  0 -0.182980     -0.484696    
537  8.520      1  0 -0.182986     -0.484725    
538  8.521      1  0 -0.182991     -0.484753    
539  8.522      1  0 -0.182997     -0.484782    
540  8.523      1  0 -0.183003     -0.484811    
541  8.524      1  0 -0.183008     -0.484840    
542  8.525      1  0 -0.183014     -0.484869    
543  8.526      1  0 -0.183020     -0.484898    
544  8.527      1  0 -0.183025     -0.484927    
545  8.528      1  0 -0.183031     -0.484956    
546  8.529      1  0 -0.183037     -0.484985    
547  8.530      1  0 -0.183042     -0.485014    
548  8.531      1  0 -0.183048     -0.485044    
549  8.532      1  0 -0.183054     -0.485073    
550  8.533      1  0 -0.183060     -0.485102    
551  8.534      1  0 -0.183065     -0.485131    
552  8.535      1  0 -0.183071     -0.485160    
553  8.536      1  0 -0.183077     -0.485190    
554  8.537      1  0 -0.183083     -0.485219    
555  8.538      1  0 -0.183089     -0.485249    
556  8.539      1  0 -0.183095     -0.485279    
557  8.540      1  0 -0.183101     -0.485308    
558  8.541      1  0 -0.183106     -0.485338    
559  8.542      1  0 -0.183112     -0.485367    
560  8.543      1  0 -0.183118     -0.485397    
561  8.544      1  0 -0.183124     -0.485427    
562  8.545      1  0 -0.183130     -0.485456    
563  8.546      1  0 -0.183136     -0.485485    
564  8.547      1  0 -0.183142     -0.485515    
565  8.548      1  0 -0.183148     -0.485545    
566  8.549      1  0 -0.183154     -0.485575    
567  8.550      1  0 -0.183160     -0.485606    
568  8.551      1  0 -0.183166     -0.485636    
569  8.552      1  0 -0.183172     -0.485667    
570  8.553      1  0 -0.183178     -0.485698    
571  8.554      1  0 -0.183184     -0.485728    
572  8.555      1  0 -0.183190     -0.485759    
573  8.556      1  0 -0.183196     -0.485790    
574  8.557      1  0 -0.183202     -0.485821    
575  8.558      1  0 -0.183208     -0.485852    
576  8.559      1  0 -0.183214     -0.485882    
577  8.560      1  0 -0.183220     -0.485913    
578  8.561      1  0 -0.183226     -0.485944    
579  8.562      1  0 -0.183232     -0.485975    
580  8.563      1  0 -0.183239     -0.486006    
581  8.564      1  0 -0.183245     -0.486038    
582  8.565      1  0 -0.183251     -0.486069    
583  8.566      1  0 -0.183257     -0.486101    
584  8.567      1  0 -0.183263     -0.486133    
585  8.568      1  0 -0.183269     -0.486165    
586  8.569      1  0 -0.183275     -0.486197    
587  8.570      1  0 -0.183282     -0.486229    
588  8.571      1  0 -0.183288     -0.486260    
589  8.572      1  0 -0.183294     -0.486292    
590  8.573      1  0 -0.183300     -0.486324    
591  8.574      1  0 -0.183307     -0.486355    
592  8.575      1  0 -0.183313     -0.486387    
593  8.576      1  0 -0.183319     -0.486418    
594  8.577      1  0 -0.183325     -0.486450    
595  8.578      1  0 -0.183332     -0.486482    
596  8.579      1  0 -0.183338     -0.486514    
597  8.580      1  0 -0.183344     -0.486545    
598  8.581      1  0 -0.183351     -0.486577    
599  8.582      1  0 -0.183357     -0.486609    
600  8.583      1  0 -0.183363     -0.486641    
601  8.584      1  0 -0.183370     -0.486673    
602  8.585      1  0 -0.183376     -0.486705    
603  8.586      1  0 -0.183382     -0.486737    
604  8.587      1  0 -0.183389     -0.486770    
605  8.588      1  0 -0.183395     -0.486802    
606  8.589      1  0 -0.183402     -0.486835    
607  8.590      1  0 -0.183408     -0.486868    
608  8.591      1  0 -0.183414     -0.486901    
609  8.592      1  0 -0.183421     -0.486933    
610  8.593      1  0 -0.183427     -0.486965    
611  8.594      1  0 -0.183434     -0.486998    
612  8.595      1  0 -0.183440     -0.487030    
613  8.596      1  0 -0.183447     -0.487062    
614  8.597      1  0 -0.183453     -0.487095    
615  8.598      1  0 -0.183460     -0.487128    
616  8.599      1  0 -0.183466     -0.487161    
617  8.600      1  0 -0.183473     -0.487194    
618  8.601      1  0 -0.183479     -0.487228    
619  8.602      1  0 -0.183486     -0.487262    
620  8.603      1  0 -0.183492     -0.487296    
621  8.604      1  0 -0.183499     -0.487330    
622  8.605      1  0 -0.183505     -0.487364    
623  8.606      1  0 -0.183512     -0.487399    
624  8.607      1  0 -0.183518     -0.487433    
625  8.608      1  0 -0.183525     -0.487466    
626  8.609      1  0 -0.183531     -0.487500    
627  8.610      1  0 -0.183538     -0.487534    
628  8.611      1  0 -0.183545     -0.487567    
629  8.612      1  0 -0.183551     -0.487601    
630  8.613      1  0 -0.183558     -0.487634    
631  8.614      1  0 -0.183565     -0.487668    
632  8.615      1  0 -0.183571     -0.487702    
633  8.616      1  0 -0.183578     -0.487736    
634  8.617      1  0 -0.183585     -0.487771    
635  8.618      1  0 -0.183591     -0.487805    
636  8.619      1  0 -0.183598     -0.487840    
637  8.620      1  0 -0.183605     -0.487875    
638  8.621      1  0 -0.183611     -0.487909    
639  8.622      1  0 -0.183618     -0.487944    
640  8.623      1  0 -0.183625     -0.487978    
641  8.624      1  0 -0.183631     -0.488012    
642  8.625      1  0 -0.183638     -0.488047    
643  8.626      1  0 -0.183645     -0.488081    
644  8.627      1  0 -0.183652     -0.488115    
645  8.628      1  0 -0.183659     -0.488149    
646  8.629      1  0 -0.183665     -0.488183    
647  8.630      1  0 -0.183672     -0.488218    
648  8.631      1  0 -0.183679     -0.488252    
649  8.632      1  0 -0.183686     -0.488287    
650  8.633      1  0 -0.183693     -0.488321    
651  8.634      1  0 -0.183699     -0.488356    
652  8.635      1  0 -0.183706     -0.488391    
653  8.636      1  0 -0.183713     -0.488426    
654  8.637      1  0 -0.183720     -0.488462    
655  8.638      1  0 -0.183727     -0.488496    
656  8.639      1  0 -0.183734     -0.488532    
657  8.640      1  0 -0.183741     -0.488567    
658  8.641      1  0 -0.183748     -0.488603    
659  8.642      1  0 -0.183755     -0.488638    
660  8.643      1  0 -0.183761     -0.488674    
661  8.644      1  0 -0.183768     -0.488710    
662  8.645      1  0 -0.183775     -0.488745    
663  8.646      1  0 -0.183782     -0.488780    
664  8.647      1  0 -0.183789     -0.488816    
665  8.648      1  0 -0.183796     -0.488852    
666  8.649      1  0 -0.183803     -0.488888    
667  8.650      1  0 -0.183810     -0.488923    
668  8.651      1  0 -0.183817     -0.488959    
669  8.652      1  0 -0.183824     -0.488995    
670  8.653      1  0 -0.183831     -0.489031    
671  8.654      1  0 -0.183838     -0.489067    
672  8.655      1  0 -0.183845     -0.489104    
673  8.656      1  0 -0.183852     -0.489140    
674  8.657      1  0 -0.183859     -0.489177    
675  8.658      1  0 -0.183867     -0.489213    
676  8.659      1  0 -0.183874     -0.489250    
677  8.660      1  0 -0.183881     -0.489286    
678  8.661      1  0 -0.183888     -0.489322    
679  8.662      1  0 -0.183895     -0.489358    
680  8.663      1  0 -0.183902     -0.489394    
681  8.664      1  0 -0.183909     -0.489430    
682  8.665      1  0 -0.183916     -0.489466    
683  8.666      1  0 -0.183923     -0.489502    
684  8.667      1  0 -0.183931     -0.489539    
685  8.668      1  0 -0.183938     -0.489575    
686  8.669      1  0 -0.183945     -0.489612    
687  8.670      1  0 -0.183952     -0.489648    
688  8.671      1  0 -0.183959     -0.489685    
689  8.672      1  0 -0.183967     -0.489722    
690  8.673      1  0 -0.183974     -0.489759    
691  8.674      1  0 -0.183981     -0.489795    
692  8.675      1  0 -0.183988     -0.489832    
693  8.676      1  0 -0.183995     -0.489869    
694  8.677      1  0 -0.184003     -0.489906    
695  8.678      1  0 -0.184010     -0.489942    
696  8.679      1  0 -0.184017     -0.489979    
697  8.680      1  0 -0.184025     -0.490016    
698  8.681      1  0 -0.184032     -0.490053    
699  8.682      1  0 -0.184039     -0.490090    
700  8.683      1  0 -0.184046     -0.490128    
701  8.684      1  0 -0.184054     -0.490165    
702  8.685      1  0 -0.184061     -0.490203    
703  8.686      1  0 -0.184068     -0.490241    
704  8.687      1  0 -0.184076     -0.490278    
705  8.688      1  0 -0.184083     -0.490316    
706  8.689      1  0 -0.184091     -0.490355    
707  8.690      1  0 -0.184098     -0.490393    
708  8.691      1  0 -0.184105     -0.490431    
709  8.692      1  0 -0.184113     -0.490470    
710  8.693      1  0 -0.184120     -0.490508    
711  8.694      1  0 -0.184127     -0.490546    
712  8.695      1  0 -0.184135     -0.490585    
713  8.696      1  0 -0.184142     -0.490622    
714  8.697      1  0 -0.184150     -0.490660    
715  8.698      1  0 -0.184157     -0.490698    
716  8.699      1  0 -0.184165     -0.490736    
717  8.700      1  0 -0.184172     -0.490775    
718  8.701      1  0 -0.184180     -0.490813    
719  8.702      1  0 -0.184187     -0.490851    
720  8.703      1  0 -0.184195     -0.490890    
721  8.704      1  0 -0.184202     -0.490929    
722  8.705      1  0 -0.184210     -0.490968    
723  8.706      1  0 -0.184217     -0.491006    
724  8.707      1  0 -0.184225     -0.491045    
725  8.708      1  0 -0.184232     -0.491084    
726  8.709      1  0 -0.184240     -0.491122    
727  8.710      1  0 -0.184247     -0.491161    
728  8.711      1  0 -0.184255     -0.491199    
729  8.712      1  0 -0.184262     -0.491237    
730  8.713      1  0 -0.184270     -0.491275    
731  8.714      1  0 -0.184278     -0.491314    
732  8.715      1  0 -0.184285     -0.491352    
733  8.716      1  0 -0.184293     -0.491390    
734  8.717      1  0 -0.184300     -0.491429    
735  8.718      1  0 -0.184308     -0.491468    
736  8.719      1  0 -0.184316     -0.491507    
737  8.720      1  0 -0.184323     -0.491547    
738  8.721      1  0 -0.184331     -0.491586    
739  8.722      1  0 -0.184339     -0.491626    
740  8.723      1  0 -0.184346     -0.491665    
741  8.724      1  0 -0.184354     -0.491705    
742  8.725      1  0 -0.184362     -0.491744    
743  8.726      1  0 -0.184369     -0.491784    
744  8.727      1  0 -0.184377     -0.491823    
745  8.728      1  0 -0.184385     -0.491863    
746  8.729      1  0 -0.184393     -0.491902    
747  8.730      1  0 -0.184400     -0.491942    
748  8.731      1  0 -0.184408     -0.491982    
749  8.732      1  0 -0.184416     -0.492022    
750  8.733      1  0 -0.184424     -0.492061    
751  8.734      1  0 -0.184431     -0.492102    
752  8.735      1  0 -0.184439     -0.492142    
753  8.736      1  0 -0.184447     -0.492183    
754  8.737      1  0 -0.184455     -0.492223    
755  8.738      1  0 -0.184463     -0.492264    
756  8.739      1  0 -0.184470     -0.492305    
757  8.740      1  0 -0.184478     -0.492345    
758  8.741      1  0 -0.184486     -0.492386    
759  8.742      1  0 -0.184494     -0.492427    
760  8.743      1  0 -0.184502     -0.492468    
761  8.744      1  0 -0.184510     -0.492508    
762  8.745      1  0 -0.184518     -0.492549    
763  8.746      1  0 -0.184525     -0.492589    
764  8.747      1  0 -0.184533     -0.492630    
765  8.748      1  0 -0.184541     -0.492670    
766  8.749      1  0 -0.184549     -0.492711    
767  8.750      1  0 -0.184557     -0.492752    
768  8.751      1  0 -0.184565     -0.492793    
769  8.752      1  0 -0.184573     -0.492834    
770  8.753      1  0 -0.184581     -0.492875    
771  8.754      1  0 -0.184589     -0.492916    
772  8.755      1  0 -0.184597     -0.492957    
773  8.756      1  0 -0.184605     -0.492998    
774  8.757      1  0 -0.184613     -0.493039    
775  8.758      1  0 -0.184621     -0.493081    
776  8.759      1  0 -0.184629     -0.493122    
777  8.760      1  0 -0.184637     -0.493164    
778  8.761      1  0 -0.184645     -0.493205    
779  8.762      1  0 -0.184653     -0.493246    
780  8.763      1  0 -0.184661     -0.493288    
781  8.764      1  0 -0.184669     -0.493329    
782  8.765      1  0 -0.184678     -0.493371    
783  8.766      1  0 -0.184686     -0.493413    
784  8.767      1  0 -0.184694     -0.493454    
785  8.768      1  0 -0.184702     -0.493496    
786  8.769      1  0 -0.184710     -0.493538    
787  8.770      1  0 -0.184718     -0.493580    
788  8.771      1  0 -0.184726     -0.493623    
789  8.772      1  0 -0.184735     -0.493665    
790  8.773      1  0 -0.184743     -0.493708    
791  8.774      1  0 -0.184751     -0.493750    
792  8.775      1  0 -0.184759     -0.493793    
793  8.776      1  0 -0.184767     -0.493835    
794  8.777      1  0 -0.184776     -0.493878    
795  8.778      1  0 -0.184784     -0.493920    
796  8.779      1  0 -0.184792     -0.493963    
797  8.780      1  0 -0.184800     -0.494005    
798  8.781      1  0 -0.184809     -0.494047    
799  8.782      1  0 -0.184817     -0.494090    
800  8.783      1  0 -0.184825     -0.494133    
801  8.784      1  0 -0.184834     -0.494176    
802  8.785      1  0 -0.184842     -0.494219    
803  8.786      1  0 -0.184850     -0.494262    
804  8.787      1  0 -0.184859     -0.494305    
805  8.788      1  0 -0.184867     -0.494348    
806  8.789      1  0 -0.184875     -0.494392    
807  8.790      1  0 -0.184884     -0.494435    
808  8.791      1  0 -0.184892     -0.494479    
809  8.792      1  0 -0.184901     -0.494522    
810  8.793      1  0 -0.184909     -0.494565    
811  8.794      1  0 -0.184918     -0.494608    
812  8.795      1  0 -0.184926     -0.494651    
813  8.796      1  0 -0.184934     -0.494695    
814  8.797      1  0 -0.184943     -0.494738    
815  8.798      1  0 -0.184951     -0.494781    
816  8.799      1  0 -0.184960     -0.494825    
817  8.800      1  0 -0.184968     -0.494868    
818  8.801      1  0 -0.184977     -0.494912    
819  8.802      1  0 -0.184985     -0.494956    
820  8.803      1  0 -0.184994     -0.495000    
821  8.804      1  0 -0.185003     -0.495043    
822  8.805      1  0 -0.185011     -0.495087    
823  8.806      1  0 -0.185020     -0.495130    
824  8.807      1  0 -0.185028     -0.495174    
825  8.808      1  0 -0.185037     -0.495218    
826  8.809      1  0 -0.185046     -0.495262    
827  8.810      1  0 -0.185054     -0.495306    
828  8.811      1  0 -0.185063     -0.495351    
829  8.812      1  0 -0.185071     -0.495395    
830  8.813      1  0 -0.185080     -0.495440    
831  8.814      1  0 -0.185089     -0.495484    
832  8.815      1  0 -0.185097     -0.495529    
833  8.816      1  0 -0.185106     -0.495573    
834  8.817      1  0 -0.185115     -0.495618    
835  8.818      1  0 -0.185124     -0.495663    
836  8.819      1  0 -0.185132     -0.495707    
837  8.820      1  0 -0.185141     -0.495752    
838  8.821      1  0 -0.185150     -0.495797    
839  8.822      1  0 -0.185159     -0.495842    
840  8.823      1  0 -0.185167     -0.495887    
841  8.824      1  0 -0.185176     -0.495933    
842  8.825      1  0 -0.185185     -0.495979    
843  8.826      1  0 -0.185194     -0.496024    
844  8.827      1  0 -0.185202     -0.496070    
845  8.828      1  0 -0.185211     -0.496116    
846  8.829      1  0 -0.185220     -0.496162    
847  8.830      1  0 -0.185229     -0.496208    
848  8.831      1  0 -0.185238     -0.496254    
849  8.832      1  0 -0.185247     -0.496300    
850  8.833      1  0 -0.185256     -0.496346    
851  8.834      1  0 -0.185264     -0.496392    
852  8.835      1  0 -0.185273     -0.496438    
853  8.836      1  0 -0.185282     -0.496484    
854  8.837      1  0 -0.185291     -0.496531    
855  8.838      1  0 -0.185300     -0.496577    
856  8.839      1  0 -0.185309     -0.496624    
857  8.840      1  0 -0.185318     -0.496671    
858  8.841      1  0 -0.185327     -0.496717    
859  8.842      1  0 -0.185336     -0.496764    
860  8.843      1  0 -0.185345     -0.496810    
861  8.844      1  0 -0.185354     -0.496856    
862  8.845      1  0 -0.185363     -0.496903    
863  8.846      1  0 -0.185372     -0.496949    
864  8.847      1  0 -0.185381     -0.496995    
865  8.848      1  0 -0.185390     -0.497042    
866  8.849      1  0 -0.185399     -0.497088    
867  8.850      1  0 -0.185408     -0.497134    
868  8.851      1  0 -0.185417     -0.497181    
869  8.852      1  0 -0.185426     -0.497227    
870  8.853      1  0 -0.185436     -0.497274    
871  8.854      1  0 -0.185445     -0.497320    
872  8.855      1  0 -0.185454     -0.497367    
873  8.856      1  0 -0.185463     -0.497414    
874  8.857      1  0 -0.185472     -0.497461    
875  8.858      1  0 -0.185481     -0.497508    
876  8.859      1  0 -0.185490     -0.497555    
877  8.860      1  0 -0.185500     -0.497602    
878  8.861      1  0 -0.185509     -0.497649    
879  8.862      1  0 -0.185518     -0.497696    
880  8.863      1  0 -0.185527     -0.497744    
881  8.864      1  0 -0.185536     -0.497791    
882  8.865      1  0 -0.185546     -0.497839    
883  8.866      1  0 -0.185555     -0.497886    
884  8.867      1  0 -0.185564     -0.497934    
885  8.868      1  0 -0.185574     -0.497982    
886  8.869      1  0 -0.185583     -0.498030    
887  8.870      1  0 -0.185592     -0.498078    
888  8.871      1  0 -0.185601     -0.498127    
889  8.872      1  0 -0.185611     -0.498175    
890  8.873      1  0 -0.185620     -0.498223    
891  8.874      1  0 -0.185629     -0.498271    
892  8.875      1  0 -0.185639     -0.498319    
893  8.876      1  0 -0.185648     -0.498368    
894  8.877      1  0 -0.185657     -0.498416    
895  8.878      1  0 -0.185667     -0.498464    
896  8.879      1  0 -0.185676     -0.498514    
897  8.880      1  0 -0.185686     -0.498563    
898  8.881      1  0 -0.185695     -0.498612    
899  8.882      1  0 -0.185704     -0.498661    
900  8.883      1  0 -0.185714     -0.498710    
901  8.884      1  0 -0.185723     -0.498758    
902  8.885      1  0 -0.185733     -0.498807    
903  8.886      1  0 -0.185742     -0.498856    
904  8.887      1  0 -0.185752     -0.498904    
905  8.888      1  0 -0.185761     -0.498953    
906  8.889      1  0 -0.185771     -0.499001    
907  8.890      1  0 -0.185780     -0.499050    
908  8.891      1  0 -0.185790     -0.499098    
909  8.892      1  0 -0.185799     -0.499147    
910  8.893      1  0 -0.185809     -0.499197    
911  8.894      1  0 -0.185818     -0.499247    
912  8.895      1  0 -0.185828     -0.499296    
913  8.896      1  0 -0.185837     -0.499346    
914  8.897      1  0 -0.185847     -0.499396    
915  8.898      1  0 -0.185857     -0.499445    
916  8.899      1  0 -0.185866     -0.499495    
917  8.900      1  0 -0.185876     -0.499544    
918  8.901      1  0 -0.185885     -0.499593    
919  8.902      1  0 -0.185895     -0.499642    
920  8.903      1  0 -0.185905     -0.499691    
921  8.904      1  0 -0.185914     -0.499740    
922  8.905      1  0 -0.185924     -0.499789    
923  8.906      1  0 -0.185934     -0.499839    
924  8.907      1  0 -0.185943     -0.499889    
925  8.908      1  0 -0.185953     -0.499939    
926  8.909      1  0 -0.185963     -0.499990    
927  8.910      1  0 -0.185972     -0.500041    
928  8.911      1  0 -0.185982     -0.500091    
929  8.912      1  0 -0.185992     -0.500142    
930  8.913      1  0 -0.186002     -0.500193    
931  8.914      1  0 -0.186011     -0.500244    
932  8.915      1  0 -0.186021     -0.500295    
933  8.916      1  0 -0.186031     -0.500345    
934  8.917      1  0 -0.186041     -0.500395    
935  8.918      1  0 -0.186050     -0.500446    
936  8.919      1  0 -0.186060     -0.500496    
937  8.920      1  0 -0.186070     -0.500546    
938  8.921      1  0 -0.186080     -0.500597    
939  8.922      1  0 -0.186090     -0.500648    
940  8.923      1  0 -0.186099     -0.500699    
941  8.924      1  0 -0.186109     -0.500750    
942  8.925      1  0 -0.186119     -0.500802    
943  8.926      1  0 -0.186129     -0.500853    
944  8.927      1  0 -0.186139     -0.500904    
945  8.928      1  0 -0.186149     -0.500956    
946  8.929      1  0 -0.186159     -0.501007    
947  8.930      1  0 -0.186168     -0.501058    
948  8.931      1  0 -0.186178     -0.501110    
949  8.932      1  0 -0.186188     -0.501160    
950  8.933      1  0 -0.186198     -0.501211    
951  8.934      1  0 -0.186208     -0.501262    
952  8.935      1  0 -0.186218     -0.501313    
953  8.936      1  0 -0.186228     -0.501364    
954  8.937      1  0 -0.186238     -0.501414    
955  8.938      1  0 -0.186248     -0.501466    
956  8.939      1  0 -0.186258     -0.501517    
957  8.940      1  0 -0.186268     -0.501568    
958  8.941      1  0 -0.186278     -0.501620    
959  8.942      1  0 -0.186288     -0.501671    
960  8.943      1  0 -0.186298     -0.501723    
961  8.944      1  0 -0.186308     -0.501775    
962  8.945      1  0 -0.186318     -0.501827    
963  8.946      1  0 -0.186328     -0.501878    
964  8.947      1  0 -0.186338     -0.501930    
965  8.948      1  0 -0.186348     -0.501983    
966  8.949      1  0 -0.186358     -0.502035    
967  8.950      1  0 -0.186368     -0.502087    
968  8.951      1  0 -0.186379     -0.502139    
969  8.952      1  0 -0.186389     -0.502191    
970  8.953      1  0 -0.186399     -0.502243    
971  8.954      1  0 -0.186409     -0.502296    
972  8.955      1  0 -0.186419     -0.502348    
973  8.956      1  0 -0.186429     -0.502400    
974  8.957      1  0 -0.186439     -0.502453    
975  8.958      1  0 -0.186449     -0.502505    
976  8.959      1  0 -0.186460     -0.502558    
977  8.960      1  0 -0.186470     -0.502610    
978  8.961      1  0 -0.186480     -0.502663    
979  8.962      1  0 -0.186490     -0.502717    
980  8.963      1  0 -0.186500     -0.502769    
981  8.964      1  0 -0.186511     -0.502823    
982  8.965      1  0 -0.186521     -0.502877    
983  8.966      1  0 -0.186531     -0.502930    
984  8.967      1  0 -0.186541     -0.502983    
985  8.968      1  0 -0.186551     -0.503036    
986  8.969      1  0 -0.186562     -0.503089    
987  8.970      1  0 -0.186572     -0.503142    
988  8.971      1  0 -0.186582     -0.503194    
989  8.972      1  0 -0.186592     -0.503247    
990  8.973      1  0 -0.186603     -0.503300    
991  8.974      1  0 -0.186613     -0.503352    
992  8.975      1  0 -0.186623     -0.503405    
993  8.976      1  0 -0.186634     -0.503458    
994  8.977      1  0 -0.186644     -0.503511    
995  8.978      1  0 -0.186654     -0.503565    
996  8.979      1  0 -0.186664     -0.503618    
997  8.980      1  0 -0.186675     -0.503672    
998  8.981      1  0 -0.186685     -0.503725    
999  8.982      1  0 -0.186695     -0.503778    
