# FFWT Removed                                                                    
# Operating point sequence...
# i     t     Mc` mom[ 1]  
  1  0.000      0.356172    
  2 0.4000E-02  0.356172    
  3 0.8000E-02  0.356172    
  4 0.1200E-01  0.356172    
  5 0.1600E-01  0.356172    
  6 0.2000E-01  0.356172    
  7 0.2400E-01  0.356172    
  8 0.2800E-01  0.356172    
  9 0.3200E-01  0.356171    
 10 0.3600E-01  0.356171    
 11 0.4000E-01  0.356171    
 12 0.4400E-01  0.356170    
 13 0.4800E-01  0.356170    
 14 0.5200E-01  0.356170    
 15 0.5600E-01  0.356169    
 16 0.6000E-01  0.356169    
 17 0.6400E-01  0.356169    
 18 0.6800E-01  0.356169    
 19 0.7200E-01  0.356169    
 20 0.7600E-01  0.356169    
 21 0.8000E-01  0.356169    
 22 0.8400E-01  0.356170    
 23 0.8800E-01  0.356170    
 24 0.9200E-01  0.356171    
 25 0.9600E-01  0.356172    
 26 0.1000      0.356172    
 27 0.1040      0.356173    
 28 0.1080      0.356173    
 29 0.1120      0.356173    
 30 0.1160      0.356174    
 31 0.1200      0.356174    
 32 0.1240      0.356174    
 33 0.1280      0.356174    
 34 0.1320      0.356175    
 35 0.1360      0.356260    
 36 0.1400      0.356702    
 37 0.1440      0.357845    
 38 0.1480      0.360079    
 39 0.1520      0.363799    
 40 0.1560      0.369297    
 41 0.1600      0.376690    
 42 0.1640      0.385883    
 43 0.1680      0.396591    
 44 0.1720      0.408404    
 45 0.1760      0.420873    
 46 0.1800      0.433604    
 47 0.1840      0.446331    
 48 0.1880      0.458949    
 49 0.1920      0.471509    
 50 0.1960      0.484162    
 51 0.2000      0.497093    
 52 0.2040      0.510435    
 53 0.2080      0.524213    
 54 0.2120      0.538307    
 55 0.2160      0.552461    
 56 0.2200      0.566326    
 57 0.2240      0.579520    
 58 0.2280      0.591704    
 59 0.2320      0.602634    
 60 0.2360      0.612197    
 61 0.2400      0.620410    
 62 0.2440      0.627386    
 63 0.2480      0.633283    
 64 0.2520      0.638246    
 65 0.2560      0.642355    
 66 0.2600      0.645595    
 67 0.2640      0.647861    
 68 0.2680      0.648977    
 69 0.2720      0.648743    
 70 0.2760      0.646990    
 71 0.2800      0.643620    
 72 0.2840      0.638635    
 73 0.2880      0.632140    
 74 0.2920      0.624323    
 75 0.2960      0.615413    
 76 0.3000      0.605644    
 77 0.3040      0.595203    
 78 0.3080      0.584216    
 79 0.3120      0.572735    
 80 0.3160      0.560753    
 81 0.3200      0.548240    
 82 0.3240      0.535174    
 83 0.3280      0.521578    
 84 0.3320      0.507543    
 85 0.3360      0.493227    
 86 0.3400      0.478848    
 87 0.3440      0.464654    
 88 0.3480      0.450888    
 89 0.3520      0.437759    
 90 0.3560      0.425419    
 91 0.3600      0.413953    
 92 0.3640      0.403392    
 93 0.3680      0.393729    
 94 0.3720      0.384950    
 95 0.3760      0.377055    
 96 0.3800      0.370082    
 97 0.3840      0.364111    
 98 0.3880      0.359254    
 99 0.3920      0.355641    
100 0.3960      0.353393    
101 0.4000      0.352575    
102 0.4040      0.353005    
103 0.4080      0.354349    
104 0.4120      0.356160    
105 0.4160      0.357931    
106 0.4200      0.359199    
107 0.4240      0.359658    
108 0.4280      0.359230    
109 0.4320      0.358066    
110 0.4360      0.356498    
111 0.4400      0.354946    
112 0.4440      0.353803    
113 0.4480      0.353343    
114 0.4520      0.353650    
115 0.4560      0.354611    
116 0.4600      0.355950    
117 0.4640      0.357310    
118 0.4680      0.358345    
119 0.4720      0.358806    
120 0.4760      0.358606    
121 0.4800      0.357826    
122 0.4840      0.356694    
123 0.4880      0.355516    
124 0.4920      0.354594    
125 0.4960      0.354151    
126 0.5000      0.354278    
127 0.5040      0.354917    
128 0.5080      0.355881    
129 0.5120      0.356911    
130 0.5160      0.357742    
131 0.5200      0.358174    
132 0.5240      0.358116    
133 0.5280      0.357608    
134 0.5320      0.356801    
135 0.5360      0.355916    
136 0.5400      0.355183    
137 0.5440      0.354782    
138 0.5480      0.354800    
139 0.5520      0.355215    
140 0.5560      0.355902    
141 0.5600      0.356675    
142 0.5640      0.357334    
143 0.5680      0.357718    
144 0.5720      0.357744    
145 0.5760      0.357422    
146 0.5800      0.356853    
147 0.5840      0.356195    
148 0.5880      0.355619    
149 0.5920      0.355271    
150 0.5960      0.355228    
151 0.6000      0.355489    
152 0.6040      0.355973    
153 0.6080      0.356549    
154 0.6120      0.357065    
155 0.6160      0.357396    
156 0.6200      0.357467    
157 0.6240      0.357272    
158 0.6280      0.356876    
159 0.6320      0.356391    
160 0.6360      0.355944    
161 0.6400      0.355649    
162 0.6440      0.355575    
163 0.6480      0.355732    
164 0.6520      0.356069    
165 0.6560      0.356494    
166 0.6600      0.356896    
167 0.6640      0.357174    
168 0.6680      0.357265    
169 0.6720      0.357156    
170 0.6760      0.356885    
171 0.6800      0.356531    
172 0.6840      0.356189    
173 0.6880      0.355946    
174 0.6920      0.355861    
175 0.6960      0.355949    
176 0.7000      0.356181    
177 0.7040      0.356493    
178 0.7080      0.356802    
179 0.7120      0.357032    
180 0.7160      0.357129    
181 0.7200      0.357076    
182 0.7240      0.356895    
183 0.7280      0.356640    
184 0.7320      0.356381    
185 0.7360      0.356185    
186 0.7400      0.356100    
187 0.7440      0.356144    
188 0.7480      0.356302    
189 0.7520      0.356529    
190 0.7560      0.356766    
191 0.7600      0.356952    
192 0.7640      0.357046    
193 0.7680      0.357028    
194 0.7720      0.356911    
195 0.7760      0.356730    
196 0.7800      0.356535    
197 0.7840      0.356380    
198 0.7880      0.356302    
199 0.7920      0.356320    
200 0.7960      0.356426    
