# Pazy Wing (simplified : constant stiffness properties)                          
# 
#   Op.Point     Eigenvalue
       1    0.93318345E-15     28.893226    
       1   -0.29823642E-14     183.18113    
       1    0.51171018E-14     272.99872    
       2    -6.1101217         0.0000000    
       2   -0.13128939         28.891782    
       2   -0.13573787         183.17751    
       2   -0.12322471         272.98951    
       3    -12.208837         0.0000000    
       3   -0.26111974         28.900059    
       3   -0.26727943         183.17083    
       3   -0.24708422         272.96114    
       4   -0.39834791         28.913456    
       4   -0.39520287         183.16346    
       4   -0.37160174         272.91275    
       5    -24.357450         0.0000000    
       5   -0.54280974         28.926477    
       5   -0.52018830         183.15661    
       5   -0.49689183         272.84330    
       6   -0.69225866         28.936732    
       6   -0.64290215         183.15096    
       6   -0.62310711         272.75146    
       7   -0.84476018         28.943692    
       7   -0.76397520         183.14691    
       7   -0.75041153         272.63539    
       8   -0.99908425         28.947584    
       8   -0.88399698         183.14466    
       8   -0.87896202         272.49283    
       9    -1.1545548         28.948839    
       9    -48.510292         0.0000000    
       9    -1.0035094         183.14427    
       9    -1.0088950         272.32104    
      10    -1.3108467         28.947878    
      10    -54.524662         0.0000000    
      10    -1.1230016         183.14571    
      10    -1.1403150         272.11689    
      11    -1.4678377         28.945045    
      11    -60.529091         0.0000000    
      11    -1.2429067         183.14879    
      11    -1.2732863         271.87673    
      12    -1.6255200         28.940598    
      12    -1.3636015         183.15335    
      12    -1.4078263         271.59642    
      13    -1.7839469         28.934768    
      13    -72.505226         0.0000000    
      13    -1.4854078         183.15912    
      13    -1.5438986         271.27134    
      14    -1.9432071         28.927697    
      14    -1.6085967         183.16581    
      14    -1.6814094         270.89630    
      15    -2.1034066         28.919492    
      15    -84.432877         0.0000000    
      15    -1.7333923         183.17313    
      15    -1.8202004         270.46557    
      16    -2.2646639         28.910256    
      16    -90.376747         0.0000000    
      16    -1.8599803         183.18072    
      16    -1.9600469         269.97287    
      17    -2.4271022         28.900049    
      17    -96.306396         0.0000000    
      17    -1.9885113         183.18828    
      17    -2.1006499         269.41121    
      18    -2.5908506         28.888926    
      18    -102.22119         0.0000000    
      18    -2.1191096         183.19546    
      18    -2.2416323         268.77306    
      19    -2.7560411         28.876930    
      19    -108.12046         0.0000000    
      19    -2.2518786         183.20194    
      19    -2.3825316         268.05012    
      20    -2.9228107         28.864090    
      20    -2.3869081         183.20738    
      20    -2.5227916         267.23334    
      21    -3.0913003         28.850434    
      21    -2.5242797         183.21148    
      21    -2.6617547         266.31300    
      22    -3.2616560         28.835977    
      22    -2.6640716         183.21390    
      22    -2.7986486         265.27846    
      23    -3.4340292         28.820737    
      23    -2.8063687         183.21437    
      23    -2.9325763         264.11829    
      24    -3.6085783         28.804717    
      24    -2.9512641         183.21257    
      24    -3.0624982         262.82027    
      25    -3.7854696         28.787923    
      25    -3.0988699         183.20825    
      25    -3.1872180         261.37120    
      26    -3.9648792         28.770354    
      26    -3.2493245         183.20115    
      26    -3.3053657         259.75723    
      27    -4.1469919         28.751997    
      27    -3.4028018         183.19104    
      27    -3.4153768         257.96354    
      28    -4.3320055         28.732840    
      28    -3.5595243         183.17773    
      28    -3.5154764         255.97488    
      29    -4.5201290         28.712859    
      29    -3.7197807         183.16108    
      29    -3.6036621         253.77556    
      30    -4.7115901         28.692022    
      30    -3.8839498         183.14103    
      30    -3.6776952         251.34964    
      31    -4.9066300         28.670280    
      31    -4.0525319         183.11761    
      31    -3.7350863         248.68144    
      32    -5.1055125         28.647581    
      32    -4.2262001         183.09101    
      32    -3.7730913         245.75598    
      33    -5.3085207         28.623847    
      33    -4.4058715         183.06160    
      33    -3.7887011         242.55953    
      34    -5.5159675         28.598984    
      34    -4.5928278         183.03010    
      34    -3.7786085         239.08018    
      35    -5.7281944         28.572875    
      35    -4.7889055         182.99765    
      35    -3.7391298         235.30859    
      36    -5.9455719         28.545366    
      36    -4.9968201         182.96612    
      36    -3.6659939         231.23866    
      37    -6.1685172         28.516274    
      37    -5.2207681         182.93847    
      37    -3.5538761         226.86757    
      38    -6.3974880         28.485371    
      38    -5.4675822         182.91944    
      38    -3.3953647         222.19613    
      39    -6.6330004         28.452364    
      39    -5.7491862         182.91662    
      39    -3.1785882         217.22778    
      40    -6.8756240         28.416904    
      40    -6.0883615         182.94223    
      40    -2.8814908         211.96700    
      41    -7.1260163         28.378552    
      41    -6.5342567         183.01441    
      41    -2.4563289         206.41765    
      42    -7.3849077         28.336773    
      42    -7.2093611         183.14376    
      42    -1.7826042         200.59578    
      43    -7.6531448         28.290889    
      43    -8.4120901         183.17252    
      43   -0.56439003         194.68925    
      44    -7.9316867         28.240081    
      44    -10.132892         182.29237    
      44     1.1859460         189.53893    
      44    -3.2594864         422.07900    
      45    -8.2216632         28.183309    
      45    -11.282044         180.30345    
      45     2.3756747         185.37805    
      45    -3.5076499         415.66114    
      46    -8.5243698         28.119286    
      46    -11.426449         177.86428    
      46     2.5686701         181.58110    
      46    -3.7667301         409.73545    
      47    -8.8413445         28.046396    
      47    -10.419442         175.32883    
      47     1.6153346         177.82545    
      47    -4.0353455         404.26111    
      48    -9.1744019         27.962593    
      48    -7.1830269         173.11655    
      48    -1.5650672         173.72032    
      48    -4.3126095         399.19612    
      49    -9.5257115         27.865282    
      49    -3.1830191         164.27082    
      49    -5.5091919         176.24738    
      49    -4.5981850         394.49833    
      50    -9.8979044         27.751127    
      50    -2.6816380         157.40810    
      50    -5.9570105         176.81123    
      50    -4.8923514         390.12622    
      51    -10.294189         27.615805    
      51    -2.2865100         151.09552    
      51    -6.3027709         176.86120    
      51    -5.1960426         386.03938    
      52    -10.718551         27.453624    
      52    -1.9429221         145.05316    
      52    -6.6027758         176.68863    
      52    -5.5109455         382.19864    
      53    -11.175995         27.256976    
      53    -1.6302998         139.20276    
      53    -6.8789080         176.37835    
      53    -5.8395991         378.56617    
      54    -11.672925         27.015505    
      54    -1.3386087         133.51240    
      54    -7.1422808         175.96329    
      54    -6.1855884         375.10517    
      55    -12.217733         26.714738    
      55    -1.0620224         127.96403    
      55    -7.3996014         175.45656    
      55    -6.5538478         371.77909    
      56    -12.821641         26.333855    
      56   -0.79659412         122.54303    
      56    -7.6555552         174.86125    
      56    -6.9511211         368.55116    
      57    -13.500175         25.841727    
      57   -0.53918514         117.23309    
      57    -7.9139454         174.17383    
      57    -7.3867572         365.38246    
      58    -14.275645         25.189420    
      58   -0.28690654         112.01277    
      58    -8.1783791         173.38476    
      58    -7.8740706         362.23010    
      59    -15.181786         24.294719    
      59   -0.36756386E-01     106.85166    
      59    -8.4528487         172.47720    
      59    -8.4328041         359.04331    
      60    -16.273312         23.005609    
      60    0.21465264         101.70296    
      60    -8.7424875         171.42294    
      60    -9.0940830         355.75596    
      61    -17.648436         20.996394    
      61    0.47121875         96.487746    
      61    -9.0549316         170.17196    
      61    -9.9115620         352.27053    
      62    -19.514674         17.355105    
      62    0.73680041         91.048984    
      62    -9.4037208         168.62196    
      62    -10.992164         348.41387    
      63    -22.471718         6.0955300    
      63     1.0089083         84.954680    
      63    -9.8205036         166.48393    
      63    -12.618236         343.75605    
      63    -6.7399580         459.32319    
      64     1.6760973         0.0000000    
      64    -49.863766         0.0000000    
      64    0.22488897         72.887290    
      64    -10.335582         157.78530    
      64    -14.687802         332.72406    
      64    -7.2082897         437.47484    
