# Pazy Wing (simplified : constant stiffness properties)                          
# 
#   Op.Point     Eigenvalue
       1    0.93318345E-15     28.893226    
       1   -0.29823642E-14     183.18113    
       1    0.51171018E-14     272.99872    
       2    -6.1148582         0.0000000    
       2   -0.13175994         28.891781    
       2   -0.13623113         183.17750    
       2   -0.12344837         272.98938    
       3   -0.26206838         28.900103    
       3   -0.26824248         183.17078    
       3   -0.24754796         272.96074    
       4   -0.39981501         28.913550    
       4   -0.39661729         183.16341    
       4   -0.37233627         272.91260    
       5   -0.54482013         28.926597    
       5   -0.52204077         183.15660    
       5   -0.49794889         272.84476    
       6   -0.69482050         28.936839    
       6   -0.64518376         183.15108    
       6   -0.62456899         272.75711    
       7   -0.84787133         28.943744    
       7    -36.481045         0.0000000    
       7   -0.76668083         183.14730    
       7   -0.75240252         272.64950    
       8    -1.0027360         28.947528    
       8    -42.518646         0.0000000    
       8   -0.88712423         183.14549    
       8   -0.88166303         272.52162    
       9    -1.1587343         28.948613    
       9    -1.0070579         183.14579    
       9    -1.0125597         272.37321    
      10    -1.3155375         28.947405    
      10    -1.1269724         183.14822    
      10    -1.1452894         272.20391    
      11    -1.4730209         28.944236    
      11    -60.575581         0.0000000    
      11    -1.2473014         183.15273    
      11    -1.2800294         272.01329    
      12    -1.6311716         28.939354    
      12    -1.3684213         183.15918    
      12    -1.4169342         271.80090    
      13    -1.7900395         28.932944    
      13    -72.562622         0.0000000    
      13    -1.4906528         183.16744    
      13    -1.5561313         271.56622    
      14    -1.9497072         28.925137    
      14    -78.539139         0.0000000    
      14    -1.6142643         183.17732    
      14    -1.6977186         271.30872    
      15    -2.1102753         28.916024    
      15    -84.503586         0.0000000    
      15    -1.7394779         183.18866    
      15    -1.8417635         271.02778    
      16    -2.2718538         28.905664    
      16    -90.455467         0.0000000    
      16    -1.8664734         183.20125    
      16    -1.9883017         270.72275    
      17    -2.4345580         28.894093    
      17    -1.9953965         183.21489    
      17    -2.1373375         270.39294    
      18    -2.5985074         28.881336    
      18    -102.32005         0.0000000    
      18    -2.1263637         183.22944    
      18    -2.2888422         270.03763    
      19    -2.7638216         28.867396    
      19    -108.23206         0.0000000    
      19    -2.2594672         183.24471    
      19    -2.4427556         269.65609    
      20    -2.9306242         28.852270    
      20    -2.3947828         183.26055    
      20    -2.5989857         269.24753    
      21    -3.0990396         28.835938    
      21    -2.5323720         183.27681    
      21    -2.7574091         268.81104    
      22    -3.2691963         28.818382    
      22    -2.6722892         183.29338    
      22    -2.9178718         268.34580    
      23    -3.4412244         28.799571    
      23    -2.8145831         183.31016    
      23    -3.0801892         267.85087    
      24    -3.6152570         28.779461    
      24    -2.9593011         183.32702    
      24    -3.2441461         267.32528    
      25    -3.7914325         28.758020    
      25    -3.1064929         183.34391    
      25    -3.4094982         266.76803    
      26    -3.9698923         28.735199    
      26    -3.2562121         183.36074    
      26    -3.5759687         266.17804    
      27    -4.1507838         28.710940    
      27    -3.4085188         183.37745    
      27    -3.7432523         265.55420    
      28    -4.3342589         28.685181    
      28    -3.5634831         183.39400    
      28    -3.9110101         264.89532    
      29    -4.5204777         28.657855    
      29    -3.7211862         183.41036    
      29    -4.0788729         264.20015    
      30    -4.7096030         28.628881    
      30    -3.8817212         183.42647    
      30    -4.2464350         263.46740    
      31    -4.9018098         28.598182    
      31    -4.0451987         183.44231    
      31    -4.4132575         262.69570    
      32    -5.0972785         28.565669    
      32    -4.2117452         183.45787    
      32    -4.5788610         261.88355    
      33    -5.2961992         28.531244    
      33    -4.3815080         183.47314    
      33    -4.7427248         261.02939    
      34    -5.4987711         28.494796    
      34    -4.5546569         183.48811    
      34    -4.9042849         260.13156    
      35    -5.7052044         28.456208    
      35    -4.7313871         183.50276    
      35    -5.0629229         259.18825    
      36    -5.9157206         28.415352    
      36    -4.9119233         183.51712    
      36    -5.2179702         258.19764    
      37    -6.1305550         28.372091    
      37    -5.0965258         183.53119    
      37    -5.3686924         257.15765    
      38    -6.3499556         28.326263    
      38    -5.2854904         183.54496    
      38    -5.5142839         256.06612    
      39    -6.5741860         28.277706    
      39    -5.4791617         183.55849    
      39    -5.6538638         254.92079    
      40    -6.8035255         28.226232    
      40    -5.6779352         183.57177    
      40    -5.7864530         253.71909    
      41    -7.0382709         28.171637    
      41    -5.8822699         183.58484    
      41    -5.9109702         252.45837    
      42    -7.2787428         28.113697    
      42    -6.0926973         183.59772    
      42    -6.0262098         251.13579    
      43    -7.5252754         28.052166    
      43    -6.3098389         183.61047    
      43    -6.1308193         249.74823    
      44    -7.7782349         27.986768    
      44    -6.5344252         183.62311    
      44    -6.2232814         248.29240    
      45    -8.0380056         27.917205    
      45    -6.7673160         183.63569    
      45    -6.3018690         246.76468    
      46    -8.3050069         27.843135    
      46    -7.0095381         183.64828    
      46    -6.3646221         245.16127    
      47    -8.5796862         27.764189    
      47    -7.2623144         183.66088    
      47    -6.4092871         243.47806    
      48    -8.8625267         27.679950    
      48    -7.5271331         183.67356    
      48    -6.4332524         241.71058    
      49    -9.1540463         27.589955    
      49    -7.8057948         183.68631    
      49    -6.4334753         239.85422    
      50    -9.4548087         27.493676    
      50    -8.1005316         183.69909    
      50    -6.4063702         237.90396    
      51    -9.7654268         27.390531    
      51    -8.4141236         183.71180    
      51    -6.3476684         235.85450    
      52    -10.086557         27.279856    
      52    -8.7500612         183.72412    
      52    -6.2522236         233.70044    
      53    -10.418925         27.160898    
      53    -9.1128188         183.73552    
      53    -6.1137717         231.43617    
      54    -10.763309         27.032812    
      54    -9.5081540         183.74495    
      54    -5.9245657         229.05630    
      55    -11.120573         26.894620    
      55    -9.9435941         183.75047    
      55    -5.6749176         226.55590    
      56    -11.491651         26.745211    
      56    -10.429027         183.74857    
      56    -5.3525708         223.93128    
      57    -11.877575         26.583297    
      57    -10.977419         183.73285    
      57    -4.9419905         221.18136    
      58    -12.279475         26.407399    
      58    -11.605446         183.69168    
      58    -4.4237104         218.30995    
      59    -12.698599         26.215792    
      59    -12.333240         183.60411    
      59    -3.7746076         215.33002    
      60    -13.136324         26.006459    
      60    -13.181144         183.43357    
      60    -2.9711505         212.27001    
      61    -13.594180         25.777030    
      61    -14.159492         183.12147    
      61    -1.9996337         209.18041    
      62    -14.073849         25.524700    
      62    -15.249042         182.58937    
      62   -0.87576699         206.13164    
      63    -14.577225         25.246113    
      63    -16.383594         181.76221    
      63    0.33786679         203.19103    
      64    -15.106402         24.937252    
      64    -17.460395         180.60339    
      64     1.5422104         200.38795    
      65    -15.663702         24.593248    
      65    -18.376718         179.12530    
      65     2.6382074         197.70353    
      66    -16.251755         24.208127    
      66    -19.054758         177.36758    
      66     3.5516026         195.09261    
      67    -16.873476         23.774499    
      67    -19.439586         175.37200    
      67     4.2308310         192.50904    
      68    -17.532119         23.283131    
      68    -19.485722         173.17019    
      68     4.6334705         189.91842    
      69    -18.231319         22.722282    
      69    -19.144170         170.77914    
      69     4.7131558         187.30275    
      70    -18.975138         22.076771    
      70    -18.351334         168.19567    
      70     4.4083853         184.66609    
      71    -19.768085         21.326580    
      71    -17.018609         165.37998    
      71     3.6319851         182.05127    
      72    -20.615125         20.444618    
      72    -15.032295         162.20752    
      72     2.2709071         179.58805    
      73    -21.521702         19.392955    
      73    -12.341176         158.36761    
      73    0.27363759         177.59454    
      73    -4.5503252         419.03639    
      74    -22.493701         18.115976    
      74    -9.2980644         153.44644    
      74    -2.0084626         176.49369    
      74    -4.8085825         411.12243    
      75    -23.537436         16.526432    
      75    -6.5642170         147.60242    
      75    -3.9170046         176.13734    
      75    -5.0935462         403.44604    
      75    -7.5722963         502.16560    
      76    -24.659578         14.472309    
      76    -4.2748201         141.36386    
      76    -5.3215696         176.00768    
      76    -5.4046555         395.99445    
      76    -7.6823367         501.04977    
      77    -25.867202         11.634120    
      77    -2.2677444         134.98669    
      77    -6.3915469         175.85732    
      77    -5.7423283         388.74580    
      77    -7.7891890         499.76288    
      78    -27.168082         6.9650237    
      78   -0.41898458         128.54532    
      78    -7.2616559         175.61509    
      78    -6.1086195         381.66627    
      78    -7.8933733         498.26752    
      79    -21.209896         0.0000000    
      79    -35.933567         0.0000000    
      79     1.3352844         122.05670    
      79    -8.0111424         175.25613    
      79    -6.5083625         374.70543    
      79    -7.9954618         496.51174    
      80    -16.777967         0.0000000    
      80    -43.406521         0.0000000    
      80     3.0217878         115.51136    
      80    -8.6887462         174.75945    
      80    -6.9514142         367.78574    
      80    -8.0962685         494.41924    
      81    -13.645230         0.0000000    
      81    -49.867420         0.0000000    
      81     4.6440469         108.86624    
      81    -9.3294120         174.09118    
      81    -7.4576098         360.78064    
      81    -8.1972398         491.86829    
      82    -10.810213         0.0000000    
      82    -56.442768         0.0000000    
      82     6.1884324         102.00470    
      82    -9.9663383         173.18382    
      82    -8.0699534         353.45524    
      82    -8.3014610         488.63682    
      83    -7.7546396         0.0000000    
      83    -64.025673         0.0000000    
      83     7.6241392         94.586646    
      83    -10.650921         171.87088    
      83    -8.9035990         345.25107    
      83    -8.4174285         484.20699    
      84    -2.9950371         0.0000000    
      84     8.8796954         84.713721    
      84    -11.597206         169.32294    
      84    -10.593498         333.38010    
