# Pazy Wing (simplified : constant stiffness properties)                          
# 
#   Op.Point     Eigenvalue
       1    0.93318345E-15     28.893226    
       1   -0.29823642E-14     183.18113    
       1    0.51171018E-14     272.99872    
       2    -6.1142259         0.0000000    
       2   -0.13170108         28.891781    
       2   -0.13616941         183.17750    
       2   -0.12342048         272.98939    
       3    -12.217001         0.0000000    
       3   -0.26194977         28.900097    
       3   -0.26812200         183.17078    
       3   -0.24749011         272.96078    
       4    -18.303200         0.0000000    
       4   -0.39963169         28.913540    
       4   -0.39644036         183.16342    
       4   -0.37224463         272.91261    
       5    -24.373552         0.0000000    
       5   -0.54456908         28.926584    
       5   -0.52180907         183.15660    
       5   -0.49781697         272.84459    
       6   -0.69450075         28.936827    
       6    -30.430834         0.0000000    
       6   -0.64489839         183.15107    
       6   -0.62438631         272.75644    
       7   -0.84748316         28.943738    
       7   -0.76634248         183.14724    
       7   -0.75215352         272.64773    
       8    -1.0022805         28.947537    
       8    -42.514336         0.0000000    
       8   -0.88673307         183.14538    
       8   -0.88132488         272.51802    
       9    -1.1582134         28.948644    
       9    -48.542164         0.0000000    
       9    -1.0066142         183.14560    
       9    -1.0121004         272.36666    
      10    -1.3149533         28.947467    
      10    -54.560650         0.0000000    
      10    -1.1264760         183.14790    
      10    -1.1446653         272.19294    
      11    -1.4723755         28.944341    
      11    -60.569336         0.0000000    
      11    -1.2467521         183.15224    
      11    -1.2791829         271.99605    
      12    -1.6304682         28.939514    
      12    -66.567650         0.0000000    
      12    -1.3678190         183.15845    
      12    -1.4157904         271.77508    
      13    -1.7892816         28.933178    
      13    -72.554924         0.0000000    
      13    -1.4899975         183.16639    
      13    -1.5545941         271.52900    
      14    -1.9488989         28.925464    
      14    -78.530602         0.0000000    
      14    -1.6135564         183.17588    
      14    -1.6956688         271.25667    
      15    -2.1094222         28.916467    
      15    -84.494102         0.0000000    
      15    -1.7387179         183.18670    
      15    -1.8390538         270.95684    
      16    -2.2709613         28.906249    
      16    -90.444931         0.0000000    
      16    -1.8656629         183.19866    
      16    -1.9847526         270.62813    
      17    -2.4336335         28.894851    
      17    -96.382652         0.0000000    
      17    -1.9945374         183.21155    
      17    -2.1327320         270.26911    
      18    -2.5975586         28.882293    
      18    -102.30687         0.0000000    
      18    -2.1254589         183.22516    
      18    -2.2829220         269.87818    
      19    -2.7628588         28.868597    
      19    -108.21721         0.0000000    
      19    -2.2585211         183.23931    
      19    -2.4352131         269.45362    
      20    -2.9296588         28.853760    
      20    -2.3938014         183.25383    
      20    -2.5894593         268.99359    
      21    -3.0980850         28.837772    
      21    -2.5313639         183.26856    
      21    -2.7454739         268.49615    
      22    -3.2682690         28.820606    
      22    -2.6712659         183.28335    
      22    -2.9030322         267.95910    
      23    -3.4403420         28.802247    
      23    -2.8135601         183.29804    
      23    -3.0618680         267.38027    
      24    -3.6144421         28.782667    
      24    -2.9582999         183.31254    
      24    -3.2216732         266.75717    
      25    -3.7907095         28.761820    
      25    -3.1055410         183.32674    
      25    -3.3820959         266.08719    
      26    -3.9692914         28.739671    
      26    -3.2553471         183.34052    
      26    -3.5427386         265.36752    
      27    -4.1503391         28.716170    
      27    -3.4077911         183.35380    
      27    -3.7031544         264.59516    
      28    -4.3340109         28.691259    
      28    -3.5629584         183.36651    
      28    -3.8628429         263.76687    
      29    -4.5204707         28.664881    
      29    -3.7209498         183.37859    
      29    -4.0212449         262.87916    
      30    -4.7098929         28.636966    
      30    -3.8818874         183.38998    
      30    -4.1777410         261.92831    
      31    -4.9024570         28.607440    
      31    -4.0459143         183.40063    
      31    -4.3316356         260.91031    
      32    -5.0983550         28.576219    
      32    -4.2132023         183.41051    
      32    -4.4821581         259.82083    
      33    -5.2977897         28.543212    
      33    -4.3839567         183.41962    
      33    -4.6284460         258.65523    
      34    -5.5009690         28.508315    
      34    -4.5584193         183.42793    
      34    -4.7695310         257.40858    
      35    -5.7081236         28.471419    
      35    -4.7368837         183.43547    
      35    -4.9043332         256.07545    
      36    -5.9194897         28.432398    
      36    -4.9196982         183.44227    
      36    -5.0316326         254.65016    
      37    -6.1353232         28.391114    
      37    -5.1072828         183.44838    
      37    -5.1500547         253.12661    
      38    -6.3558953         28.347410    
      38    -5.3001460         183.45389    
      38    -5.2580380         251.49818    
      39    -6.5814962         28.301124    
      39    -5.4989065         183.45895    
      39    -5.3538137         249.75801    
      40    -6.8124367         28.252060    
      40    -5.7043235         183.46372    
      40    -5.4353487         247.89860    
      41    -7.0490528         28.200007    
      41    -5.9173393         183.46844    
      41    -5.5003132         245.91212    
      42    -7.2917049         28.144727    
      42    -6.1391366         183.47342    
      42    -5.5460106         243.79037    
      43    -7.5407781         28.085957    
      43    -6.3712138         183.47912    
      43    -5.5692854         241.52469    
      44    -7.7966960         28.023386    
      44    -6.6155083         183.48605    
      44    -5.5664241         239.10615    
      45    -8.0599140         27.956687    
      45    -6.8745617         183.49495    
      45    -5.5329724         236.52552    
      46    -8.3309259         27.885459    
      46    -7.1517734         183.50670    
      46    -5.4634974         233.77331    
      47    -8.6102764         27.809271    
      47    -7.4518109         183.52244    
      47    -5.3512192         230.84012    
      48    -8.8985575         27.727615    
      48    -7.7812361         183.54350    
      48    -5.1873822         227.71655    
      49    -9.1964165         27.639915    
      49    -8.1495567         183.57127    
      49    -4.9602577         224.39377    
      50    -9.5045715         27.545502    
      50    -8.5710272         183.60673    
      50    -4.6534098         220.86427    
      51    -9.8238111         27.443599    
      51    -9.0677469         183.64893    
      51    -4.2426375         217.12342    
      52    -10.155020         27.333309    
      52    -9.6748694         183.69054    
      52    -3.6908736         213.17449    
      53    -10.499165         27.213570    
      53    -10.447563         183.70483    
      53    -2.9412437         209.04174    
      54    -10.857351         27.083137    
      54    -11.459494         183.61208    
      54    -1.9187281         204.80431    
      55    -11.230796         26.940532    
      55    -12.745171         183.22824    
      55   -0.58782818         200.64783    
      56    -11.620889         26.783995    
      56    -14.156089         182.31961    
      56    0.90346855         196.80995    
      57    -12.029192         26.611404    
      57    -15.386583         180.83321    
      57     2.2495672         193.34981    
      58    -12.457496         26.420188    
      58    -16.219753         178.90491    
      58     3.2331171         190.14016    
      59    -12.907842         26.207205    
      59    -16.565940         176.67724    
      59     3.7635724         187.04915    
      60    -13.382588         25.968581    
      60    -16.370280         174.23621    
      60     3.7847741         184.00325    
      61    -13.884474         25.699472    
      61    -15.547578         171.61272    
      61     3.2098989         180.98564    
      61    -4.2177821         417.04001    
      62    -14.416691         25.393774    
      62    -13.922415         168.75119    
      62     1.8617007         178.06688    
      63    -14.983000         25.043668    
      63    -11.167159         165.26124    
      63   -0.58938615         175.65276    
      63    -4.7574310         404.43984    
      64    -15.587866         24.638999    
      64    -7.8194199         159.86394    
      64    -3.6076732         175.03733    
      64    -5.0502458         398.57850    
      65    -16.236642         24.166316    
      65    -5.7303237         153.36084    
      65    -5.3438335         175.43321    
      65    -5.3577325         392.98190    
      66    -16.935849         23.607404    
      66    -4.3628909         146.95909    
      66    -6.3364724         175.64554    
      66    -5.6802023         387.62489    
      67    -17.693496         22.936953    
      67    -3.2648664         140.69943    
      67    -7.0392167         175.64315    
      67    -6.0188721         382.47904    
      68    -18.519643         22.118523    
      68    -2.2870397         134.53554    
      68    -7.6024599         175.47790    
      68    -6.3762086         377.51183    
      69    -19.427217         21.097306    
      69    -1.3677258         128.43818    
      69    -8.0889678         175.17895    
      69    -6.7564324         372.68565    
      70    -20.433360         19.785620    
      70   -0.47588146         122.38802    
      70    -8.5310657         174.75747    
      70    -7.1663586         367.95586    
      71    -21.561951         18.029908    
      71    0.40638717         116.36598    
      71    -8.9486208         174.21150    
      71    -7.6169284         363.26654    
      72    -22.848432         15.519086    
      72     1.2901235         110.34458    
      72    -9.3563365         173.52642    
      72    -8.1261117         358.54299    
      73    -24.351092         11.410330    
      73     2.1819597         104.27326    
      73    -9.7680784         172.67023    
      73    -8.7254491         353.67448    
      74    -21.340363         0.0000000    
      74    -31.022846         0.0000000    
      74     3.0846751         98.044941    
      74    -10.201738         171.57747    
      74    -9.4771313         348.47057    
      74    -7.5412690         480.03813    
      75    -12.456724         0.0000000    
      75    -44.781284         0.0000000    
      75     3.9969737         91.378940    
      75    -10.691848         170.09068    
      75    -10.534891         342.50879    
      75    -7.6926407         475.24956    
      76    -5.0287237         0.0000000    
      76     4.9169693         82.912969    
      76    -11.379762         167.51394    
      76    -12.618577         333.98810    
