# Pazy Wing (simplified : constant stiffness properties)                          
# 
#   Op.Point     Eigenvalue
       1   -0.23649214E-13     28.893226    
       1   -0.29870680E-14     183.18113    
       1    0.30223941E-14     272.99872    
       2    -13.506398         25.782826    
       2    -12.195092         183.63221    
       2    -5.7290245         226.33238    
       2    -6.6210068         511.68470    
       3    -13.971550         25.541876    
       3    -12.758120         183.54282    
       3    -5.3664163         224.52147    
       4    -14.457964         25.278426    
       4    -13.367191         183.41846    
       4    -4.9402621         222.69177    
       4    -6.8460623         511.68403    
       5    -14.967307         24.989538    
       5    -14.025145         183.24807    
       5    -4.4460460         220.85311    
       6    -15.501425         24.671751    
       6    -14.732817         183.01794    
       6    -3.8810880         219.01788    
       6    -7.0730482         511.68355    
       7    -16.062347         24.320962    
       7    -15.487708         182.71206    
       7    -3.2458550         217.20079    
       7    -7.1872779         511.68336    
       8    -16.652314         23.932270    
       8    -16.282634         182.31311    
       8    -2.5452955         215.41784    
       9    -17.273812         23.499758    
       9    -17.104854         181.80436    
       9    -1.7896653         213.68442    
       9    -7.4172334         511.68304    
      10    -17.929587         23.016220    
      10    -17.936277         181.17207    
      10   -0.99432374         212.01297    
      10    -7.5329692         511.68290    
      11    -18.622691         22.472764    
      11    -18.755053         180.40752    
      11   -0.17807850         210.41089    
      11    -7.6492178         511.68276    
      12    -19.356500         21.858267    
      12    -19.538034         179.50795    
      12    0.63928722         208.87975    
      13    -20.134778         21.158557    
      13    -20.263188         178.47593    
      13     1.4394902         207.41584    
      13    -7.8832704         511.68246    
      14    -20.961683         20.355221    
      14    -20.911109         177.31783    
      14     2.2072577         206.01184    
      14    -8.0010843         511.68229    
      15    -21.841845         19.423628    
      15    -21.465447         176.04202    
      15     2.9308550         204.65858    
      15    -8.1194315         511.68209    
      16    -22.780379         18.329688    
      16    -21.912519         174.65748    
      16     3.6016873         203.34664    
      16    -8.2383162         511.68187    
      17    -23.782929         17.023851    
      17    -22.240549         173.17292    
      17     4.2135974         202.06722    
      17    -8.3577432         511.68162    
      18    -24.855710         15.428846    
      18    -22.438855         171.59637    
      18     4.7620928         200.81270    
      18    -8.4777196         511.68133    
      19    -26.005488         13.410388    
      19    -22.497163         169.93521    
      19     5.2436394         199.57683    
      19    -8.5982493         511.68100    
      20    -27.239605         10.685684    
      20    -22.405092         168.19620    
      20     5.6551623         198.35479    
      20    -8.7193399         511.68062    
      21    -28.565868         6.3190243    
      21    -22.151841         166.38579    
      21     5.9936349         197.14316    
      21    -8.8409958         511.68019    
      22    -23.339731         0.0000000    
      22    -36.645237         0.0000000    
      22    -21.726027         164.51032    
      22     6.2558462         195.93996    
      22    -8.9632244         511.67970    
      23    -19.699312         0.0000000    
      23    -21.115744         162.57621    
      23     6.4382176         194.74469    
      24    -17.407841         0.0000000    
      24    -48.952309         0.0000000    
      24    -20.308823         160.59008    
      24     6.5367503         193.55853    
      25    -15.650579         0.0000000    
      25    -54.263237         0.0000000    
      25    -19.293302         158.55873    
      25     6.5470921         192.38450    
      25    -9.3334068         511.67789    
      26    -14.195009         0.0000000    
      26    -59.534550         0.0000000    
      26    -18.058261         156.48889    
      26     6.4647458         191.22788    
      26    -9.4579884         511.67715    
      27    -12.936710         0.0000000    
      27    -16.594943         154.38673    
      27     6.2855521         190.09657    
      28    -11.818562         0.0000000    
      28    -70.360611         0.0000000    
      28    -14.898372         152.25723    
      28     6.0065103         189.00145    
      29    -10.805428         0.0000000    
      29    -76.009140         0.0000000    
      29    -12.969264         150.10339    
      29     5.6270294         187.95651    
      30    -9.8739748         0.0000000    
      30    -81.838768         0.0000000    
      30    -10.816203         147.92581    
      30     5.1505993         186.97834    
      31    -9.0078011         0.0000000    
      31    -87.847916         0.0000000    
      31    -8.4575066         145.72314    
      31     4.5864876         186.08457    
      32    -8.1948709         0.0000000    
      32    -94.023376         0.0000000    
      32    -5.9218469         143.49359    
      32     3.9507059         185.29108    
      33    -7.4260554         0.0000000    
      33    -100.34328         0.0000000    
      33    -3.2467257         141.23741    
      33     3.2652032         184.60857    
      34    -6.6942210         0.0000000    
      34    -106.78029         0.0000000    
      34   -0.47436858         138.95895    
      34     2.5549043         184.03977    
      35    -5.9936814         0.0000000    
      35    -113.30438         0.0000000    
      35     2.3535881         136.66694    
      35     1.8435528         183.57901    
      36    -5.3197851         0.0000000    
      36    -119.88583         0.0000000    
      36     5.2008890         134.37279    
      36     1.1501440         183.21412    
      37    -4.6686807         0.0000000    
      37    -126.49692         0.0000000    
      37     8.0389996         132.08791    
      37    0.48738647         182.92976    
      38    -4.0371137         0.0000000    
      38     10.847350         129.82154    
      38    -133.11346         0.0000000    
      38   -0.13793642         182.71029    
      39    -3.4222965         0.0000000    
      39     13.612129         127.57965    
      39   -0.72354641         182.54167    
      40    -2.8218100         0.0000000    
      40     16.324688         125.36489    
      40    -146.28636         0.0000000    
      40    -1.2700902         182.41224    
      41    -2.2335119         0.0000000    
      41     18.980144         123.17704    
      41    -152.81458         0.0000000    
      41    -1.7798656         182.31271    
      42    -1.6555073         0.0000000    
      42     21.576088         121.01382    
      42    -159.29105         0.0000000    
      42    -2.2559182         182.23590    
      43    -1.0860652         0.0000000    
      43     24.111925         118.87142    
      43    -165.70984         0.0000000    
      43    -2.7015324         182.17635    
      44   -0.52360660         0.0000000    
      44     26.588150         116.74512    
      44    -3.1199098         182.12993    
      45   -0.12182900E-03    0.49725326E-04
      45    0.12220101E-03    0.50090789E-04
      45    0.33334177E-01    0.36546462E-06
      45     29.005996         114.62964    
      45    -178.36151         0.0000000    
      45    -3.5140312         182.09349    
      46    0.58613789         0.0000000    
      46     31.367136         112.51941    
      46    -3.8865910         182.06467    
      46    -184.59190         0.0000000    
      47     1.1361306         0.0000000    
      47     33.673536         110.40870    
      47    -4.2399968         182.04167    
      47    -190.75912         0.0000000    
      47    -12.227163         511.64022    
      48     1.6845820         0.0000000    
      48     35.927212         108.29176    
      48    -4.5763639         182.02311    
      48    -196.86432         0.0000000    
      48    -12.367146         511.63721    
      49     2.2327442         0.0000000    
      49     38.130230         106.16282    
      49    -4.8975547         182.00793    
      49    -202.90930         0.0000000    
      49    -12.507956         511.63406    
      50     2.7818668         0.0000000    
      50     40.284625         104.01607    
      50    -5.2052051         181.99532    
      50    -208.89627         0.0000000    
      50    -12.649607         511.63078    
      51     3.3332121         0.0000000    
      51     42.392346         101.84565    
      51    -5.5007491         181.98465    
      51    -214.82767         0.0000000    
      51    -12.792115         511.62735    
