# FFWT Flare 10                                                                   
# Operating point sequence...
# i     t     V             alpha         Phi[ 2]       Theta[ 2]     Psi[ 2]       Phi[ 3]       Theta[ 3]     Psi[ 3]      
  1  1.000       10.0000       2.50000      -60.0063       8.24039      -5.00612       59.7559       7.56186       5.64795    
  2  2.000       11.0000       2.50000      -55.1859       7.87209      -4.73497       55.6682       7.90172       4.36889    
  3  3.000       12.0000       2.50000      -51.7628       7.55893      -3.82195       52.0629       7.84597       3.46048    
  4  4.000       13.0000       2.50000      -49.8120       6.96164      -2.98503       48.2443       7.22079       3.35302    
  5  5.000       14.0000       2.50000      -44.8815       6.87215      -2.92764       44.8811       6.87210       2.92759    
  6  6.000       15.0000       2.50000      -41.5767       6.50591      -2.53276       41.5765       6.50588       2.53274    
  7  7.000       16.0000       2.50000      -38.3066       6.12140      -2.16597       38.1454       6.13900       2.18778    
  8  8.000       17.0000       2.50000      -35.0766       5.72110      -1.82828       35.0764       5.72107       1.82826    
  9  9.000       18.0000       2.50000      -31.8971       5.30826      -1.52083       32.9419       5.60196      0.860535    
 10  10.00       19.0000       2.50000      -30.9658       4.79573     -0.976412       22.6834       6.02927      0.990208E-01
 11  11.00       20.0000       2.50000      -25.7452       4.46159     -0.999967       25.7246       4.39646       1.13142    
 12  12.00       21.0000       2.50000      -25.2745       3.31359      -1.87361       22.8028       4.03669      0.786863    
 13  13.00       22.0000       2.50000      -19.9740       3.61818     -0.604757       19.7376       3.59851      0.691165    
 14  14.00       23.0000       2.50000      -17.2657       3.20912     -0.451758       17.2655       3.20908      0.451747    
 15  15.00       24.0000       2.50000      -14.6896       2.81387     -0.325959       14.6817       2.81234      0.325605    
 16  16.00       25.0000       2.50000      -12.2519       2.43545     -0.224861       12.2524       2.43556      0.224880    
 17  17.00       26.0000       2.50000      -9.95895       2.07688     -0.145858       9.95876       2.07684      0.145852    
 18  18.00       27.0000       2.50000      -8.49906       1.87417      0.777337       7.80770       1.73910      0.860196E-01
 19  19.00       28.0000       2.50000      -5.79743       1.42332     -0.426514E-01   5.79771       1.42338      0.426559E-01
 20  20.00       29.0000       2.50000      -2.83484       1.11145     -0.375786       4.54835       1.02629       1.08457    
 21  21.00       30.0000       2.50000       1.24652      0.858180      0.634113E-01   2.17979      0.858407     -0.483245E-02
 22  22.00       31.0000       2.50000     -0.556029      0.607823      0.134104E-01  0.465367      0.607931     -0.202406E-01
 23  23.00       32.0000       2.50000      0.955563      0.377222      0.143588E-01 -0.510235      0.377987     -0.647767E-01
 24  24.00       33.0000       2.50000       2.36369      0.165430      0.919212E-02  -2.36381      0.165407     -0.919115E-02
 25  25.00       34.0000       2.50000       3.67747     -0.289034E-01 -0.830492E-03  -3.67740     -0.288820E-01  0.829207E-03
 26  26.00       35.0000       2.50000       4.90423     -0.206817     -0.146520E-01  -4.90434     -0.206839      0.146538E-01
 27  27.00       36.0000       2.50000       7.82295     -0.450173      0.519772      -5.15747     -0.355309      0.164481    
 28  28.00       37.0000       2.50000       5.53218     -0.373821      -1.62589      -7.13356     -0.519734      0.505646E-01
 29  29.00       38.0000       2.50000       8.14779     -0.656457     -0.713584E-01  -9.70766     -0.798664     -0.758252    
 30  30.00       39.0000       2.50000       9.34772     -0.880200      0.524716      -9.10764     -0.782455      0.935388E-01
 31  31.00       40.0000       2.50000       6.56254     -0.809637     -0.812057      -10.0135     -0.897357      0.116587    
