# [0_3/90]_s                                                                      
# Operating point sequence...
# i     t     RY pos[ 1]    Psi[ 1]       V[ 1]         beta[ 1]     
  1  1.000               NaN           NaN           NaN           NaN
  2  2.000     -0.613494E-03 -0.136614E-01   1.00757       16.5447    
  3  3.000     -0.246031E-02 -0.545589E-01   2.01514       16.5856    
  4  4.000     -0.554698E-02 -0.122427       3.02270       16.6531    
  5  5.000     -0.988601E-02 -0.216796       4.03023       16.7466    
  6  6.000     -0.154939E-01 -0.336948       5.03774       16.8649    
  7  7.000     -0.223903E-01 -0.481869       6.04521       17.0064    
  8  8.000     -0.305966E-01 -0.650175       7.05261       17.1692    
  9  9.000     -0.401345E-01 -0.840040       8.05993       17.3508    
 10  10.00     -0.510240E-01  -1.04912       9.06714       17.5481    
 11  11.00     -0.632818E-01  -1.27445       10.0742       17.7576    
 12  12.00     -0.769183E-01  -1.51244       11.0810       17.9749    
 13  13.00     -0.919356E-01  -1.75878       12.0876       18.1952    
 14  14.00     -0.108324      -2.00844       13.0938       18.4127    
 15  15.00     -0.126062      -2.25577       14.0995       18.6211    
 16  16.00     -0.145107      -2.49457       15.1046       18.8131    
 17  17.00     -0.165400      -2.71836       16.1089       18.9809    
 18  18.00     -0.186859      -2.92075       17.1122       19.1157    
