# [0_3/90]_s                                                                      
# Operating point sequence...
# i     t     RY pos[ 1]    Psi[ 1]       V[ 1]         beta[ 1]     
  1  1.000               NaN           NaN           NaN           NaN
  2  2.000     -0.462746E-04 -0.107122E-02   1.00004       1.13314    
  3  3.000     -0.189306E-03 -0.429495E-02   2.00009       1.13666    
  4  4.000     -0.429378E-03 -0.970355E-02   3.00013       1.14257    
  5  5.000     -0.769061E-03 -0.173515E-01   4.00017       1.15093    
  6  6.000     -0.121205E-02 -0.273170E-01   5.00022       1.16182    
  7  7.000     -0.176323E-02 -0.397038E-01   6.00026       1.17535    
  8  8.000     -0.242887E-02 -0.546439E-01   7.00031       1.19167    
  9  9.000     -0.321670E-02 -0.723012E-01   8.00036       1.21096    
 10  10.00     -0.413621E-02 -0.928760E-01   9.00041       1.23343    
 11  11.00     -0.519889E-02 -0.116611       10.0005       1.25935    
 12  12.00     -0.641859E-02 -0.143797       11.0005       1.28904    
 13  13.00     -0.781203E-02 -0.174786       12.0006       1.32287    
 14  14.00     -0.939930E-02 -0.210000       13.0006       1.36132    
 15  15.00     -0.112047E-01 -0.249949       14.0007       1.40493    
 16  16.00     -0.132578E-01 -0.295248       15.0008       1.45438    
 17  17.00     -0.155945E-01 -0.346649       16.0008       1.51050    
 18  18.00     -0.182594E-01 -0.405073       17.0009       1.57430    
 19  19.00     -0.213073E-01 -0.471660       18.0010       1.64703    
 20  20.00     -0.248077E-01 -0.547834       19.0011       1.73028    
 21  21.00     -0.288487E-01 -0.635401       20.0012       1.82605    
 22  22.00     -0.335448E-01 -0.736684       21.0013       1.93694    
 23  23.00     -0.390470E-01 -0.854724       22.0015       2.06640    
 24  24.00     -0.455598E-01 -0.993597       23.0016       2.21908    
 25  25.00     -0.533697E-01  -1.15892       24.0018       2.40149    
 26  26.00     -0.628940E-01  -1.35875       25.0021       2.62315    
 27  27.00     -0.747793E-01  -1.60528       26.0023       2.89883    
 28  28.00     -0.901204E-01  -1.91851       27.0027       3.25361    
 29  29.00     -0.111074      -2.33634       28.0032       3.73723    
