# [0_3/90]_s                                                                      
# Operating point sequence...
# i     t     RY pos[ 1]    Psi[ 1]       V[ 1]         beta[ 1]     
  1  1.000               NaN           NaN           NaN           NaN
  2  2.000     -0.235142E-03 -0.532867E-02   1.00107       5.66180    
  3  3.000     -0.946731E-03 -0.213598E-01   2.00214       5.67931    
  4  4.000     -0.214096E-02 -0.482310E-01   3.00323       5.70864    
  5  5.000     -0.383038E-02 -0.861740E-01   4.00432       5.75004    
  6  6.000     -0.603299E-02 -0.135517       5.00544       5.80386    
  7  7.000     -0.877260E-02 -0.196690       6.00657       5.87054    
  8  8.000     -0.120795E-01 -0.270232       7.00774       5.95067    
  9  9.000     -0.159910E-01 -0.356795       8.00895       6.04494    
 10  10.00     -0.205528E-01 -0.457155       9.01019       6.15419    
 11  11.00     -0.258200E-01 -0.572223       10.0115       6.27943    
 12  12.00     -0.318588E-01 -0.703057       11.0128       6.42185    
 13  13.00     -0.387489E-01 -0.850873       12.0143       6.58287    
 14  14.00     -0.465865E-01  -1.01706       13.0158       6.76416    
 15  15.00     -0.554882E-01  -1.20321       14.0174       6.96773    
 16  16.00     -0.655976E-01  -1.41113       15.0191       7.19598    
 17  17.00     -0.770937E-01  -1.64284       16.0210       7.45189    
 18  18.00     -0.902053E-01  -1.90067       17.0230       7.73917    
 19  19.00     -0.105234      -2.18727       18.0252       8.06269    
 20  20.00     -0.122596      -2.50569       19.0277       8.42906    
 21  21.00     -0.142906      -2.85963       20.0306       8.84804    
 22  22.00     -0.167171      -3.25384       21.0340       9.33562    
 23  23.00     -0.197334      -3.69548       22.0383       9.92276    
