# Mowe_temp                                                                       
# Operating point sequence...
# i     t     dWx ang.acc.  Wx rot.rate   Phi   (bank)  Phi[ 2]       Phi[ 3]      
  1  2.000      0.533897       264.622      -458.999      -98.9988      -98.9988    
  2  2.010      0.517660       264.627      -461.645      -101.645      -101.645    
  3  2.020      0.493923       264.632      -464.291      -104.291      -104.291    
  4  2.030      0.477160       264.637      -466.938      -106.938      -106.938    
  5  2.040      0.459658       264.642      -469.584      -109.584      -109.584    
  6  2.050      0.442532       264.646      -472.230      -112.230      -112.230    
  7  2.060      0.426386       264.651      -474.877      -114.877      -114.877    
  8  2.070      0.410624       264.655      -477.523      -117.523      -117.523    
  9  2.080      0.395451       264.659      -480.170      -120.170      -120.170    
 10  2.090      0.380712       264.663      -482.817      -122.817      -122.817    
 11  2.100      0.366740       264.666      -485.463      -125.463      -125.463    
 12  2.110      0.353425       264.670      -488.110      -128.110      -128.110    
 13  2.120      0.340215       264.673      -490.757      -130.757      -130.757    
 14  2.130      0.327652       264.677      -493.403      -133.403      -133.403    
 15  2.140      0.315327       264.680      -496.050      -136.050      -136.050    
 16  2.150      0.303918       264.683      -498.697      -138.697      -138.697    
 17  2.160      0.292682       264.686      -501.344      -141.344      -141.344    
 18  2.170      0.282320       264.689      -503.991      -143.991      -143.991    
 19  2.180      0.271735       264.692      -506.638      -146.638      -146.638    
 20  2.190      0.261775       264.694      -509.284      -149.284      -149.284    
 21  2.200      0.252107       264.697      -511.931      -151.931      -151.931    
 22  2.210      0.242735       264.699      -514.578      -154.578      -154.578    
 23  2.220      0.233923       264.702      -517.225      -157.225      -157.225    
 24  2.230      0.225136       264.704      -519.872      -159.872      -159.872    
 25  2.240      0.216803       264.706      -522.519      -162.519      -162.519    
 26  2.250      0.208874       264.708      -525.166      -165.166      -165.166    
 27  2.260      0.201031       264.710      -527.814      -167.814      -167.814    
 28  2.270      0.193772       264.712      -530.461      -170.461      -170.461    
 29  2.280      0.186647       264.714      -533.108      -173.108      -173.108    
 30  2.290      0.179680       264.716      -535.755      -175.755      -175.755    
 31  2.300      0.173501       264.718      -538.402      -178.402      -178.402    
 32  2.310      0.167010       264.719      -541.049       178.951       178.951    
 33  2.320      0.161179       264.721      -543.696       176.304       176.304    
 34  2.330      0.155019       264.723      -546.344       173.656       173.656    
 35  2.340      0.149320       264.724      -548.991       171.009       171.009    
 36  2.350      0.143902       264.726      -551.638       168.362       168.362    
 37  2.360      0.138699       264.727      -554.285       165.715       165.715    
 38  2.370      0.133595       264.728      -556.932       163.068       163.068    
 39  2.380      0.128768       264.730      -559.580       160.420       160.420    
 40  2.390      0.123936       264.731      -562.227       157.773       157.773    
 41  2.400      0.119450       264.732      -564.874       155.126       155.126    
 42  2.410      0.114942       264.733      -567.522       152.478       152.478    
 43  2.420      0.110737       264.734      -570.169       149.831       149.831    
 44  2.430      0.106957       264.735      -572.816       147.184       147.184    
 45  2.440      0.102797       264.736      -575.464       144.536       144.536    
 46  2.450      0.990972E-01   264.737      -578.111       141.889       141.889    
 47  2.460      0.955001E-01   264.738      -580.758       139.242       139.242    
 48  2.470      0.921009E-01   264.739      -583.406       136.594       136.594    
 49  2.480      0.885179E-01   264.740      -586.053       133.947       133.947    
 50  2.490      0.852574E-01   264.741      -588.700       131.300       131.300    
 51  2.500      0.822482E-01   264.742      -591.348       128.652       128.652    
 52  2.510      0.789193E-01   264.743      -593.995       126.005       126.005    
 53  2.520      0.759592E-01   264.744      -596.643       123.357       123.357    
 54  2.530      0.733517E-01   264.744      -599.290       120.710       120.710    
 55  2.540      0.705888E-01   264.745      -601.938       118.062       118.062    
 56  2.550      0.679697E-01   264.746      -604.585       115.415       115.415    
 57  2.560      0.656006E-01   264.746      -607.232       112.768       112.768    
 58  2.570      0.631829E-01   264.747      -609.880       110.120       110.120    
 59  2.580      0.609058E-01   264.748      -612.527       107.473       107.473    
 60  2.590      0.586397E-01   264.748      -615.175       104.825       104.825    
 61  2.600      0.564107E-01   264.749      -617.822       102.178       102.178    
 62  2.610      0.544380E-01   264.749      -620.470       99.5305       99.5305    
 63  2.620      0.524192E-01   264.750      -623.117       96.8830       96.8830    
 64  2.630      0.505897E-01   264.750      -625.765       94.2355       94.2355    
 65  2.640      0.486857E-01   264.751      -628.412       91.5881       91.5881    
 66  2.650      0.469043E-01   264.751      -631.059       88.9406       88.9406    
 67  2.660      0.451868E-01   264.752      -633.707       86.2931       86.2931    
 68  2.670      0.435450E-01   264.752      -636.354       83.6456       83.6456    
 69  2.680      0.419813E-01   264.753      -639.002       80.9981       80.9981    
 70  2.690      0.405877E-01   264.753      -641.649       78.3506       78.3506    
 71  2.700      0.389730E-01   264.753      -644.297       75.7031       75.7031    
 72  2.710      0.375685E-01   264.754      -646.944       73.0556       73.0556    
 73  2.720      0.363340E-01   264.754      -649.592       70.4080       70.4080    
 74  2.730      0.349671E-01   264.754      -652.240       67.7605       67.7605    
 75  2.740      0.337874E-01   264.755      -654.887       65.1130       65.1130    
 76  2.750      0.326853E-01   264.755      -657.535       62.4654       62.4654    
 77  2.760      0.314817E-01   264.755      -660.182       59.8179       59.8179    
 78  2.770      0.303272E-01   264.756      -662.830       57.1704       57.1704    
 79  2.780      0.290406E-01   264.756      -665.477       54.5229       54.5229    
 80  2.790      0.280644E-01   264.756      -668.125       51.8753       51.8753    
 81  2.800      0.271535E-01   264.757      -670.772       49.2277       49.2277    
 82  2.810      0.259393E-01   264.757      -673.420       46.5802       46.5802    
 83  2.820      0.250317E-01   264.757      -676.067       43.9326       43.9326    
 84  2.830      0.242220E-01   264.757      -678.715       41.2851       41.2851    
 85  2.840      0.234385E-01   264.758      -681.362       38.6375       38.6375    
 86  2.850      0.224472E-01   264.758      -684.010       35.9900       35.9900    
 87  2.860      0.215791E-01   264.758      -686.658       33.3424       33.3424    
 88  2.870      0.210189E-01   264.758      -689.305       30.6949       30.6949    
 89  2.880      0.201416E-01   264.758      -691.953       28.0474       28.0474    
 90  2.890      0.197456E-01   264.758      -694.600       25.3998       25.3998    
 91  2.900      0.189035E-01   264.759      -697.248       22.7522       22.7522    
 92  2.910      0.184425E-01   264.759      -699.895       20.1046       20.1046    
 93  2.920      0.176681E-01   264.759      -702.543       17.4571       17.4571    
 94  2.930      0.172046E-01   264.759      -705.190       14.8095       14.8095    
 95  2.940      0.164161E-01   264.759      -707.838       12.1619       12.1619    
 96  2.950      0.157693E-01   264.759      -710.486       9.51432       9.51432    
 97  2.960      0.153024E-01   264.760      -713.133       6.86672       6.86672    
 98  2.970      0.149323E-01   264.760      -715.781       4.21918       4.21918    
 99  2.980      0.141407E-01   264.760      -718.428       1.57163       1.57163    
100  2.990      0.139052E-01   264.760      -721.076      -1.07591      -1.07591    
101  3.000      0.135109E-01   264.760      -723.723      -3.72346      -3.72346    
102  3.010      0.129248E-01   264.760      -726.371      -6.37106      -6.37106    
103  3.020      0.125199E-01   264.760      -729.019      -9.01866      -9.01866    
104  3.030      0.122104E-01   264.760      -731.666      -11.6663      -11.6663    
105  3.040      0.116327E-01   264.761      -734.314      -14.3138      -14.3138    
106  3.050      0.115305E-01   264.761      -736.961      -16.9613      -16.9613    
107  3.060      0.108464E-01   264.761      -739.609      -19.6089      -19.6089    
108  3.070      0.104646E-01   264.761      -742.257      -22.2565      -22.2565    
109  3.080      0.101213E-01   264.761      -744.904      -24.9041      -24.9041    
110  3.090      0.973249E-02   264.761      -747.552      -27.5517      -27.5517    
111  3.100      0.945711E-02   264.761      -750.199      -30.1992      -30.1992    
112  3.110      0.887019E-02   264.761      -752.847      -32.8468      -32.8468    
113  3.120      0.878650E-02   264.761      -755.494      -35.4943      -35.4943    
114  3.130      0.864732E-02   264.761      -758.142      -38.1419      -38.1419    
115  3.140      0.815740E-02   264.762      -760.790      -40.7895      -40.7895    
116  3.150      0.776630E-02   264.762      -763.437      -43.4371      -43.4371    
117  3.160      0.740340E-02   264.762      -766.085      -46.0847      -46.0847    
118  3.170      0.724529E-02   264.762      -768.732      -48.7322      -48.7322    
119  3.180      0.675900E-02   264.762      -771.380      -51.3798      -51.3798    
120  3.190      0.680652E-02   264.762      -774.027      -54.0274      -54.0274    
121  3.200      0.653503E-02   264.762      -776.675      -56.6750      -56.6750    
122  3.210      0.625333E-02   264.762      -779.323      -59.3226      -59.3226    
123  3.220      0.599041E-02   264.762      -781.970      -61.9701      -61.9701    
124  3.230      0.572448E-02   264.762      -784.618      -64.6177      -64.6177    
125  3.240      0.578481E-02   264.762      -787.265      -67.2653      -67.2653    
126  3.250      0.567844E-02   264.762      -789.913      -69.9129      -69.9129    
127  3.260      0.552639E-02   264.762      -792.561      -72.5605      -72.5605    
128  3.270      0.537283E-02   264.762      -795.208      -75.2081      -75.2081    
129  3.280      0.520113E-02   264.762      -797.856      -77.8557      -77.8557    
130  3.290      0.506784E-02   264.762      -800.503      -80.5033      -80.5033    
131  3.300      0.485948E-02   264.762      -803.151      -83.1509      -83.1509    
132  3.310      0.462586E-02   264.762      -805.798      -85.7984      -85.7984    
133  3.320      0.443528E-02   264.763      -808.446      -88.4460      -88.4460    
134  3.330      0.429658E-02   264.763      -811.094      -91.0936      -91.0936    
135  3.340      0.422452E-02   264.763      -813.741      -93.7412      -93.7412    
136  3.350      0.403595E-02   264.763      -816.389      -96.3887      -96.3887    
137  3.360      0.406985E-02   264.763      -819.036      -99.0363      -99.0363    
138  3.370      0.392477E-02   264.763      -821.684      -101.684      -101.684    
139  3.380      0.376350E-02   264.763      -824.331      -104.331      -104.331    
140  3.390      0.362946E-02   264.763      -826.979      -106.979      -106.979    
141  3.400      0.361368E-02   264.763      -829.627      -109.627      -109.627    
142  3.410      0.331338E-02   264.763      -832.274      -112.274      -112.274    
143  3.420      0.329347E-02   264.763      -834.922      -114.922      -114.922    
144  3.430      0.330317E-02   264.763      -837.569      -117.569      -117.569    
145  3.440      0.305163E-02   264.763      -840.217      -120.217      -120.217    
146  3.450      0.280524E-02   264.763      -842.865      -122.865      -122.865    
147  3.460      0.294297E-02   264.763      -845.512      -125.512      -125.512    
148  3.470      0.277421E-02   264.763      -848.160      -128.160      -128.160    
149  3.480      0.262810E-02   264.763      -850.807      -130.807      -130.807    
150  3.490      0.265373E-02   264.763      -853.455      -133.455      -133.455    
151  3.500      0.269367E-02   264.763      -856.103      -136.103      -136.103    
152  3.510      0.286816E-02   264.763      -858.750      -138.750      -138.750    
153  3.520      0.272197E-02   264.763      -861.398      -141.398      -141.398    
154  3.530      0.286846E-02   264.763      -864.045      -144.045      -144.045    
155  3.540      0.249449E-02   264.763      -866.693      -146.693      -146.693    
156  3.550      0.272899E-02   264.763      -869.340      -149.340      -149.340    
157  3.560      0.279925E-02   264.763      -871.988      -151.988      -151.988    
158  3.570      0.266432E-02   264.763      -874.635      -154.636      -154.636    
159  3.580      0.286622E-02   264.763      -877.283      -157.283      -157.283    
160  3.590      0.258154E-02   264.763      -879.931      -159.931      -159.931    
161  3.600      0.282068E-02   264.763      -882.578      -162.578      -162.578    
162  3.610      0.288615E-02   264.763      -885.226      -165.226      -165.226    
163  3.620      0.258300E-02   264.763      -887.873      -167.873      -167.873    
164  3.630      0.291627E-02   264.763      -890.521      -170.521      -170.521    
165  3.640      0.269755E-02   264.763      -893.169      -173.168      -173.168    
166  3.650      0.284477E-02   264.763      -895.816      -175.816      -175.816    
167  3.660      0.301456E-02   264.763      -898.464      -178.464      -178.464    
168  3.670      0.254237E-02   264.763      -901.111       178.889       178.889    
169  3.680      0.295832E-02   264.763      -903.759       176.241       176.241    
170  3.690      0.249852E-02   264.763      -906.406       173.594       173.594    
171  3.700      0.270175E-02   264.763      -909.054       170.946       170.946    
172  3.710      0.281194E-02   264.763      -911.701       168.299       168.299    
173  3.720      0.280743E-02   264.763      -914.349       165.651       165.651    
174  3.730      0.258154E-02   264.763      -916.997       163.003       163.003    
175  3.740      0.278761E-02   264.763      -919.644       160.356       160.356    
176  3.750      0.264821E-02   264.763      -922.292       157.708       157.708    
177  3.760      0.292288E-02   264.763      -924.940       155.060       155.060    
178  3.770      0.258658E-02   264.763      -927.587       152.413       152.413    
179  3.780      0.291535E-02   264.763      -930.235       149.765       149.765    
180  3.790      0.278687E-02   264.763      -932.882       147.118       147.118    
181  3.800      0.286634E-02   264.763      -935.530       144.470       144.470    
182  3.810      0.254651E-02   264.763      -938.177       141.823       141.823    
183  3.820      0.268903E-02   264.763      -940.825       139.175       139.175    
184  3.830      0.272447E-02   264.763      -943.473       136.528       136.528    
185  3.840      0.269354E-02   264.763      -946.120       133.880       133.880    
186  3.850      0.300325E-02   264.763      -948.768       131.232       131.232    
187  3.860      0.284181E-02   264.763      -951.415       128.585       128.585    
188  3.870      0.265636E-02   264.763      -954.063       125.937       125.937    
189  3.880      0.280410E-02   264.763      -956.710       123.290       123.290    
190  3.890      0.272538E-02   264.763      -959.358       120.642       120.642    
191  3.900      0.267955E-02   264.763      -962.005       117.995       117.995    
192  3.910      0.279762E-02   264.763      -964.653       115.347       115.347    
193  3.920      0.275893E-02   264.763      -967.301       112.699       112.699    
194  3.930      0.269028E-02   264.763      -969.948       110.052       110.052    
195  3.940      0.270753E-02   264.763      -972.596       107.404       107.404    
196  3.950      0.272221E-02   264.763      -975.243       104.757       104.757    
197  3.960      0.270161E-02   264.763      -977.891       102.109       102.109    
198  3.970      0.270397E-02   264.763      -980.538       99.4615       99.4615    
199  3.980      0.269810E-02   264.763      -983.186       96.8139       96.8139    
200  3.990      0.266403E-02   264.763      -985.834       94.1663       94.1663    
201  4.000      0.278014E-02   264.763      -988.481       91.5187       91.5187    
