# Mowe_temp                                                                       
# Operating point sequence...
# i     t     dWx ang.acc.  Wx rot.rate   Phi   (bank)  Phi[ 2]       Phi[ 3]      
  1  2.000      0.738709E-02   309.291      -569.145       150.855       150.855    
  2  2.010      0.115471E-01   309.291      -572.238       147.762       147.762    
  3  2.020      0.100283E-01   309.291      -575.331       144.669       144.669    
  4  2.030      0.591154E-02   309.291      -578.424       141.576       141.576    
  5  2.040      0.535865E-02   309.291      -581.517       138.483       138.483    
  6  2.050      0.517765E-02   309.291      -584.610       135.390       135.390    
  7  2.060      0.483387E-02   309.291      -587.703       132.297       132.297    
  8  2.070      0.480525E-02   309.291      -590.796       129.204       129.204    
  9  2.080      0.450121E-02   309.291      -593.888       126.112       126.112    
 10  2.090      0.448480E-02   309.291      -596.981       123.019       123.019    
 11  2.100      0.407701E-02   309.291      -600.074       119.926       119.926    
 12  2.110      0.396349E-02   309.291      -603.167       116.833       116.833    
 13  2.120      0.383511E-02   309.291      -606.260       113.740       113.740    
 14  2.130      0.363220E-02   309.291      -609.353       110.647       110.647    
 15  2.140      0.362526E-02   309.291      -612.446       107.554       107.554    
 16  2.150      0.366241E-02   309.291      -615.539       104.461       104.461    
 17  2.160      0.364630E-02   309.291      -618.632       101.368       101.368    
 18  2.170      0.367027E-02   309.291      -621.725       98.2755       98.2755    
 19  2.180      0.362449E-02   309.291      -624.817       95.1825       95.1825    
 20  2.190      0.365855E-02   309.291      -627.910       92.0896       92.0896    
 21  2.200      0.365127E-02   309.291      -631.003       88.9967       88.9967    
 22  2.210      0.368077E-02   309.291      -634.096       85.9039       85.9039    
 23  2.220      0.362007E-02   309.291      -637.189       82.8109       82.8109    
 24  2.230      0.365356E-02   309.291      -640.282       79.7180       79.7180    
 25  2.240      0.365760E-02   309.291      -643.375       76.6251       76.6251    
 26  2.250      0.363302E-02   309.291      -646.468       73.5322       73.5322    
 27  2.260      0.357485E-02   309.291      -649.561       70.4392       70.4392    
 28  2.270      0.364892E-02   309.291      -652.654       67.3464       67.3464    
 29  2.280      0.369941E-02   309.291      -655.747       64.2535       64.2535    
 30  2.290      0.360801E-02   309.291      -658.839       61.1606       61.1606    
 31  2.300      0.363715E-02   309.291      -661.932       58.0676       58.0676    
 32  2.310      0.362605E-02   309.291      -665.025       54.9747       54.9747    
 33  2.320      0.364537E-02   309.291      -668.118       51.8819       51.8819    
 34  2.330      0.359824E-02   309.291      -671.211       48.7890       48.7890    
 35  2.340      0.363987E-02   309.291      -674.304       45.6960       45.6960    
 36  2.350      0.354397E-02   309.291      -677.397       42.6031       42.6031    
 37  2.360      0.367077E-02   309.291      -680.490       39.5102       39.5102    
 38  2.370      0.363547E-02   309.291      -683.583       36.4173       36.4173    
 39  2.380      0.371402E-02   309.291      -686.676       33.3245       33.3245    
 40  2.390      0.384723E-02   309.291      -689.768       30.2316       30.2316    
 41  2.400      0.344549E-02   309.291      -692.861       27.1387       27.1387    
 42  2.410      0.371652E-02   309.291      -695.954       24.0459       24.0459    
 43  2.420      0.370795E-02   309.291      -699.047       20.9530       20.9530    
 44  2.430      0.351656E-02   309.291      -702.140       17.8601       17.8601    
 45  2.440      0.371365E-02   309.291      -705.233       14.7672       14.7672    
 46  2.450      0.366614E-02   309.291      -708.326       11.6743       11.6743    
 47  2.460      0.358860E-02   309.291      -711.419       8.58138       8.58138    
 48  2.470      0.352520E-02   309.291      -714.512       5.48845       5.48845    
 49  2.480      0.365643E-02   309.291      -717.604       2.39552       2.39552    
 50  2.490      0.376994E-02   309.291      -720.697     -0.697300     -0.697300    
 51  2.500      0.351040E-02   309.291      -723.790      -3.79017      -3.79017    
 52  2.510      0.382839E-02   309.291      -726.883      -6.88305      -6.88305    
 53  2.520      0.373440E-02   309.291      -729.976      -9.97592      -9.97592    
 54  2.530      0.358742E-02   309.291      -733.069      -13.0688      -13.0688    
 55  2.540      0.349522E-02   309.291      -736.162      -16.1617      -16.1617    
 56  2.550      0.388350E-02   309.291      -739.255      -19.2546      -19.2546    
 57  2.560      0.372775E-02   309.291      -742.347      -22.3474      -22.3474    
 58  2.570      0.352221E-02   309.291      -745.440      -25.4403      -25.4403    
 59  2.580      0.358260E-02   309.291      -748.533      -28.5333      -28.5333    
 60  2.590      0.359664E-02   309.291      -751.626      -31.6262      -31.6262    
 61  2.600      0.365766E-02   309.291      -754.719      -34.7191      -34.7191    
 62  2.610      0.361232E-02   309.291      -757.812      -37.8119      -37.8119    
 63  2.620      0.373538E-02   309.291      -760.905      -40.9048      -40.9048    
 64  2.630      0.359592E-02   309.291      -763.998      -43.9977      -43.9977    
 65  2.640      0.366384E-02   309.291      -767.091      -47.0906      -47.0906    
 66  2.650      0.364871E-02   309.291      -770.183      -50.1834      -50.1834    
 67  2.660      0.359113E-02   309.291      -773.276      -53.2763      -53.2763    
 68  2.670      0.359442E-02   309.291      -776.369      -56.3692      -56.3692    
 69  2.680      0.364446E-02   309.291      -779.462      -59.4621      -59.4621    
 70  2.690      0.361940E-02   309.291      -782.555      -62.5549      -62.5549    
 71  2.700      0.362833E-02   309.291      -785.648      -65.6478      -65.6478    
 72  2.710      0.361632E-02   309.291      -788.741      -68.7407      -68.7407    
 73  2.720      0.362113E-02   309.291      -791.833      -71.8335      -71.8335    
 74  2.730      0.362813E-02   309.291      -794.926      -74.9264      -74.9264    
 75  2.740      0.367972E-02   309.291      -798.019      -78.0192      -78.0192    
 76  2.750      0.363873E-02   309.291      -801.112      -81.1121      -81.1121    
 77  2.760      0.365193E-02   309.291      -804.205      -84.2049      -84.2049    
 78  2.770      0.366115E-02   309.291      -807.298      -87.2978      -87.2978    
 79  2.780      0.362242E-02   309.291      -810.391      -90.3906      -90.3906    
 80  2.790      0.365900E-02   309.291      -813.484      -93.4835      -93.4835    
 81  2.800      0.365185E-02   309.291      -816.576      -96.5764      -96.5764    
 82  2.810      0.365023E-02   309.291      -819.669      -99.6692      -99.6692    
 83  2.820      0.362238E-02   309.291      -822.762      -102.762      -102.762    
 84  2.830      0.368472E-02   309.291      -825.855      -105.855      -105.855    
 85  2.840      0.374674E-02   309.291      -828.948      -108.948      -108.948    
 86  2.850      0.364116E-02   309.291      -832.041      -112.041      -112.041    
 87  2.860      0.371058E-02   309.291      -835.133      -115.133      -115.133    
 88  2.870      0.361446E-02   309.291      -838.226      -118.226      -118.226    
 89  2.880      0.372357E-02   309.291      -841.319      -121.319      -121.319    
 90  2.890      0.359442E-02   309.291      -844.412      -124.412      -124.412    
 91  2.900      0.351378E-02   309.291      -847.505      -127.505      -127.505    
 92  2.910      0.374299E-02   309.291      -850.598      -130.598      -130.598    
 93  2.920      0.351256E-02   309.291      -853.691      -133.691      -133.691    
 94  2.930      0.370099E-02   309.291      -856.783      -136.783      -136.783    
 95  2.940      0.359344E-02   309.291      -859.876      -139.876      -139.876    
 96  2.950      0.364607E-02   309.291      -862.969      -142.969      -142.969    
 97  2.960      0.353141E-02   309.291      -866.062      -146.062      -146.062    
 98  2.970      0.360456E-02   309.291      -869.155      -149.155      -149.155    
 99  2.980      0.360263E-02   309.291      -872.248      -152.248      -152.248    
100  2.990      0.355457E-02   309.291      -875.341      -155.341      -155.341    
101  3.000      0.371905E-02   309.291      -878.433      -158.433      -158.433    
102  3.010      0.362440E-02   309.291      -881.526      -161.526      -161.526    
103  3.020      0.353532E-02   309.291      -884.619      -164.619      -164.619    
104  3.030      0.366514E-02   309.291      -887.712      -167.712      -167.712    
105  3.040      0.366933E-02   309.291      -890.805      -170.805      -170.805    
106  3.050      0.349034E-02   309.291      -893.898      -173.898      -173.898    
107  3.060      0.374629E-02   309.291      -896.991      -176.991      -176.991    
108  3.070      0.361745E-02   309.291      -900.083       179.917       179.917    
109  3.080      0.370096E-02   309.291      -903.176       176.824       176.824    
110  3.090      0.363629E-02   309.291      -906.269       173.731       173.731    
111  3.100      0.347615E-02   309.291      -909.362       170.638       170.638    
112  3.110      0.365654E-02   309.291      -912.455       167.545       167.545    
113  3.120      0.369962E-02   309.291      -915.548       164.452       164.452    
114  3.130      0.368263E-02   309.291      -918.641       161.359       161.359    
115  3.140      0.371380E-02   309.291      -921.734       158.266       158.266    
116  3.150      0.357317E-02   309.291      -924.827       155.173       155.173    
117  3.160      0.372666E-02   309.291      -927.919       152.081       152.081    
118  3.170      0.361621E-02   309.291      -931.012       148.988       148.988    
119  3.180      0.382423E-02   309.291      -934.105       145.895       145.895    
120  3.190      0.359988E-02   309.291      -937.198       142.802       142.802    
121  3.200      0.370054E-02   309.291      -940.291       139.709       139.709    
122  3.210      0.373207E-02   309.291      -943.384       136.616       136.616    
123  3.220      0.367436E-02   309.291      -946.477       133.523       133.523    
124  3.230      0.357888E-02   309.291      -949.570       130.430       130.430    
125  3.240      0.360743E-02   309.291      -952.663       127.337       127.337    
126  3.250      0.339215E-02   309.291      -955.756       124.244       124.244    
127  3.260      0.358219E-02   309.291      -958.849       121.151       121.151    
128  3.270      0.359364E-02   309.291      -961.941       118.059       118.059    
129  3.280      0.357009E-02   309.291      -965.034       114.966       114.966    
130  3.290      0.361979E-02   309.291      -968.127       111.873       111.873    
131  3.300      0.373198E-02   309.291      -971.220       108.780       108.780    
132  3.310      0.360803E-02   309.291      -974.313       105.687       105.687    
133  3.320      0.358376E-02   309.291      -977.406       102.594       102.594    
134  3.330      0.365233E-02   309.291      -980.499       99.5011       99.5011    
135  3.340      0.365627E-02   309.291      -983.592       96.4082       96.4082    
136  3.350      0.362241E-02   309.291      -986.685       93.3154       93.3154    
137  3.360      0.365371E-02   309.291      -989.777       90.2225       90.2225    
138  3.370      0.366576E-02   309.291      -992.870       87.1297       87.1297    
139  3.380      0.364607E-02   309.291      -995.963       84.0368       84.0368    
140  3.390      0.368326E-02   309.291      -999.056       80.9439       80.9439    
141  3.400      0.358861E-02   309.291      -1002.15       77.8510       77.8510    
142  3.410      0.365991E-02   309.291      -1005.24       74.7581       74.7581    
143  3.420      0.370471E-02   309.291      -1008.33       71.6652       71.6652    
144  3.430      0.363924E-02   309.291      -1011.43       68.5723       68.5723    
145  3.440      0.365881E-02   309.291      -1014.52       65.4793       65.4793    
146  3.450      0.359606E-02   309.291      -1017.61       62.3865       62.3865    
147  3.460      0.365575E-02   309.291      -1020.71       59.2936       59.2936    
148  3.470      0.361927E-02   309.291      -1023.80       56.2007       56.2007    
149  3.480      0.352354E-02   309.291      -1026.89       53.1077       53.1077    
150  3.490      0.373972E-02   309.291      -1029.99       50.0148       50.0148    
151  3.500      0.364526E-02   309.291      -1033.08       46.9220       46.9220    
152  3.510      0.377711E-02   309.291      -1036.17       43.8291       43.8291    
153  3.520      0.361280E-02   309.291      -1039.26       40.7361       40.7361    
154  3.530      0.370963E-02   309.291      -1042.36       37.6432       37.6432    
155  3.540      0.369036E-02   309.291      -1045.45       34.5503       34.5503    
156  3.550      0.370276E-02   309.291      -1048.54       31.4574       31.4574    
157  3.560      0.359268E-02   309.291      -1051.64       28.3645       28.3645    
158  3.570      0.370477E-02   309.291      -1054.73       25.2716       25.2716    
159  3.580      0.371163E-02   309.291      -1057.82       22.1787       22.1787    
160  3.590      0.360164E-02   309.291      -1060.91       19.0857       19.0857    
161  3.600      0.369806E-02   309.291      -1064.01       15.9929       15.9929    
162  3.610      0.360469E-02   309.291      -1067.10       12.9000       12.9000    
163  3.620      0.367539E-02   309.291      -1070.19       9.80706       9.80706    
164  3.630      0.372661E-02   309.291      -1073.29       6.71413       6.71413    
165  3.640      0.368947E-02   309.291      -1076.38       3.62120       3.62120    
166  3.650      0.382360E-02   309.291      -1079.47      0.528271      0.528271    
167  3.660      0.370068E-02   309.291      -1082.56      -2.56466      -2.56466    
168  3.670      0.375719E-02   309.291      -1085.66      -5.65748      -5.65748    
169  3.680      0.360153E-02   309.291      -1088.75      -8.75040      -8.75040    
170  3.690      0.369882E-02   309.291      -1091.84      -11.8433      -11.8433    
171  3.700      0.365846E-02   309.291      -1094.94      -14.9363      -14.9363    
172  3.710      0.363723E-02   309.291      -1098.03      -18.0292      -18.0292    
173  3.720      0.360431E-02   309.291      -1101.12      -21.1220      -21.1220    
174  3.730      0.369261E-02   309.291      -1104.21      -24.2149      -24.2149    
175  3.740      0.351937E-02   309.291      -1107.31      -27.3079      -27.3079    
176  3.750      0.364696E-02   309.291      -1110.40      -30.4008      -30.4008    
177  3.760      0.371855E-02   309.291      -1113.49      -33.4937      -33.4937    
178  3.770      0.354679E-02   309.291      -1116.59      -36.5865      -36.5865    
179  3.780      0.370246E-02   309.291      -1119.68      -39.6795      -39.6795    
180  3.790      0.363484E-02   309.291      -1122.77      -42.7724      -42.7724    
181  3.800      0.370263E-02   309.291      -1125.87      -45.8653      -45.8653    
182  3.810      0.374617E-02   309.291      -1128.96      -48.9583      -48.9583    
183  3.820      0.364353E-02   309.291      -1132.05      -52.0511      -52.0511    
184  3.830      0.375042E-02   309.291      -1135.14      -55.1440      -55.1440    
185  3.840      0.362495E-02   309.291      -1138.24      -58.2369      -58.2369    
186  3.850      0.369751E-02   309.291      -1141.33      -61.3299      -61.3299    
187  3.860      0.375396E-02   309.291      -1144.42      -64.4228      -64.4228    
188  3.870      0.376118E-02   309.291      -1147.52      -67.5156      -67.5156    
189  3.880      0.365705E-02   309.291      -1150.61      -70.6085      -70.6085    
190  3.890      0.368841E-02   309.291      -1153.70      -73.7015      -73.7015    
191  3.900      0.364782E-02   309.291      -1156.79      -76.7944      -76.7944    
192  3.910      0.366776E-02   309.291      -1159.89      -79.8873      -79.8873    
193  3.920      0.366118E-02   309.291      -1162.98      -82.9802      -82.9802    
194  3.930      0.366269E-02   309.291      -1166.07      -86.0732      -86.0732    
195  3.940      0.365690E-02   309.291      -1169.17      -89.1660      -89.1660    
196  3.950      0.367396E-02   309.291      -1172.26      -92.2589      -92.2589    
197  3.960      0.364641E-02   309.291      -1175.35      -95.3518      -95.3518    
198  3.970      0.365931E-02   309.291      -1178.44      -98.4447      -98.4447    
199  3.980      0.363475E-02   309.291      -1181.54      -101.537      -101.537    
200  3.990      0.366843E-02   309.291      -1184.63      -104.630      -104.630    
201  4.000      0.352644E-02   309.291      -1187.72      -107.723      -107.723    
