# Mowe_temp                                                                       
# Operating point sequence...
# i     t     dWx ang.acc.  Wx rot.rate   Phi   (bank)  Phi[ 2]       Phi[ 3]      
  1  2.000      0.472005E-02   193.215      -355.547       4.45273       4.45273    
  2  2.010      0.716059E-02   193.215      -357.479       2.52055       2.52055    
  3  2.020      0.629379E-02   193.215      -359.412      0.588424      0.588424    
  4  2.030      0.362399E-02   193.215      -361.344      -1.34370      -1.34370    
  5  2.040      0.323684E-02   193.215      -363.276      -3.27582      -3.27582    
  6  2.050      0.288858E-02   193.215      -365.208      -5.20795      -5.20795    
  7  2.060      0.274320E-02   193.215      -367.140      -7.14007      -7.14007    
  8  2.070      0.254711E-02   193.215      -369.072      -9.07220      -9.07220    
  9  2.080      0.259763E-02   193.215      -371.004      -11.0043      -11.0043    
 10  2.090      0.212045E-02   193.215      -372.936      -12.9364      -12.9364    
 11  2.100      0.227159E-02   193.215      -374.869      -14.8686      -14.8686    
 12  2.110      0.220257E-02   193.215      -376.801      -16.8007      -16.8007    
 13  2.120      0.203118E-02   193.215      -378.733      -18.7328      -18.7328    
 14  2.130      0.232277E-02   193.215      -380.665      -20.6649      -20.6649    
 15  2.140      0.211052E-02   193.215      -382.597      -22.5971      -22.5971    
 16  2.150      0.171159E-02   193.215      -384.529      -24.5292      -24.5292    
 17  2.160      0.188302E-02   193.215      -386.461      -26.4613      -26.4613    
 18  2.170      0.171102E-02   193.215      -388.393      -28.3934      -28.3934    
 19  2.180      0.166937E-02   193.215      -390.326      -30.3255      -30.3255    
 20  2.190      0.172345E-02   193.215      -392.258      -32.2577      -32.2577    
 21  2.200      0.161452E-02   193.215      -394.190      -34.1898      -34.1898    
 22  2.210      0.164187E-02   193.215      -396.122      -36.1220      -36.1220    
 23  2.220      0.168089E-02   193.215      -398.054      -38.0541      -38.0541    
 24  2.230      0.169271E-02   193.215      -399.986      -39.9862      -39.9862    
 25  2.240      0.168067E-02   193.215      -401.918      -41.9183      -41.9183    
 26  2.250      0.164797E-02   193.215      -403.850      -43.8505      -43.8505    
 27  2.260      0.161362E-02   193.215      -405.783      -45.7826      -45.7826    
 28  2.270      0.166082E-02   193.215      -407.715      -47.7147      -47.7147    
 29  2.280      0.169895E-02   193.215      -409.647      -49.6469      -49.6469    
 30  2.290      0.160976E-02   193.215      -411.579      -51.5790      -51.5790    
 31  2.300      0.174014E-02   193.215      -413.511      -53.5112      -53.5112    
 32  2.310      0.166587E-02   193.215      -415.443      -55.4433      -55.4433    
 33  2.320      0.163675E-02   193.215      -417.375      -57.3755      -57.3755    
 34  2.330      0.169330E-02   193.215      -419.308      -59.3076      -59.3076    
 35  2.340      0.174563E-02   193.215      -421.240      -61.2398      -61.2398    
 36  2.350      0.171751E-02   193.215      -423.172      -63.1719      -63.1719    
 37  2.360      0.158905E-02   193.215      -425.104      -65.1040      -65.1040    
 38  2.370      0.169382E-02   193.215      -427.036      -67.0362      -67.0362    
 39  2.380      0.169327E-02   193.215      -428.968      -68.9683      -68.9683    
 40  2.390      0.170340E-02   193.215      -430.900      -70.9004      -70.9004    
 41  2.400      0.163912E-02   193.215      -432.833      -72.8326      -72.8326    
 42  2.410      0.164153E-02   193.215      -434.765      -74.7647      -74.7647    
 43  2.420      0.169945E-02   193.215      -436.697      -76.6969      -76.6969    
 44  2.430      0.168370E-02   193.215      -438.629      -78.6290      -78.6290    
 45  2.440      0.169280E-02   193.215      -440.561      -80.5611      -80.5611    
 46  2.450      0.168687E-02   193.215      -442.493      -82.4933      -82.4933    
 47  2.460      0.164876E-02   193.215      -444.425      -84.4254      -84.4254    
 48  2.470      0.166594E-02   193.215      -446.358      -86.3575      -86.3575    
 49  2.480      0.166028E-02   193.215      -448.290      -88.2896      -88.2896    
 50  2.490      0.167069E-02   193.215      -450.222      -90.2218      -90.2218    
 51  2.500      0.165407E-02   193.215      -452.154      -92.1538      -92.1538    
 52  2.510      0.165767E-02   193.215      -454.086      -94.0860      -94.0860    
 53  2.520      0.166470E-02   193.215      -456.018      -96.0182      -96.0182    
 54  2.530      0.171831E-02   193.215      -457.950      -97.9503      -97.9503    
 55  2.540      0.164803E-02   193.215      -459.882      -99.8824      -99.8824    
 56  2.550      0.168341E-02   193.215      -461.815      -101.815      -101.815    
 57  2.560      0.168246E-02   193.215      -463.747      -103.747      -103.747    
 58  2.570      0.169685E-02   193.215      -465.679      -105.679      -105.679    
 59  2.580      0.166512E-02   193.215      -467.611      -107.611      -107.611    
 60  2.590      0.170304E-02   193.215      -469.543      -109.543      -109.543    
 61  2.600      0.169598E-02   193.215      -471.475      -111.475      -111.475    
 62  2.610      0.161146E-02   193.215      -473.407      -113.407      -113.407    
 63  2.620      0.163242E-02   193.215      -475.339      -115.339      -115.339    
 64  2.630      0.155652E-02   193.215      -477.272      -117.272      -117.272    
 65  2.640      0.179007E-02   193.215      -479.204      -119.204      -119.204    
 66  2.650      0.169019E-02   193.215      -481.136      -121.136      -121.136    
 67  2.660      0.171053E-02   193.215      -483.068      -123.068      -123.068    
 68  2.670      0.167268E-02   193.215      -485.000      -125.000      -125.000    
 69  2.680      0.162897E-02   193.215      -486.932      -126.932      -126.932    
 70  2.690      0.174381E-02   193.215      -488.865      -128.865      -128.865    
 71  2.700      0.166381E-02   193.215      -490.797      -130.797      -130.797    
 72  2.710      0.167558E-02   193.215      -492.729      -132.729      -132.729    
 73  2.720      0.167797E-02   193.215      -494.661      -134.661      -134.661    
 74  2.730      0.164902E-02   193.215      -496.593      -136.593      -136.593    
 75  2.740      0.158462E-02   193.215      -498.525      -138.525      -138.525    
 76  2.750      0.159346E-02   193.215      -500.457      -140.457      -140.457    
 77  2.760      0.166915E-02   193.215      -502.389      -142.389      -142.389    
 78  2.770      0.160193E-02   193.215      -504.322      -144.322      -144.322    
 79  2.780      0.162939E-02   193.215      -506.254      -146.254      -146.254    
 80  2.790      0.162868E-02   193.215      -508.186      -148.186      -148.186    
 81  2.800      0.186312E-02   193.215      -510.118      -150.118      -150.118    
 82  2.810      0.163200E-02   193.215      -512.050      -152.050      -152.050    
 83  2.820      0.179171E-02   193.215      -513.982      -153.982      -153.982    
 84  2.830      0.162957E-02   193.215      -515.914      -155.914      -155.914    
 85  2.840      0.163998E-02   193.215      -517.847      -157.847      -157.847    
 86  2.850      0.161343E-02   193.215      -519.779      -159.779      -159.779    
 87  2.860      0.178064E-02   193.215      -521.711      -161.711      -161.711    
 88  2.870      0.162646E-02   193.215      -523.643      -163.643      -163.643    
 89  2.880      0.182934E-02   193.215      -525.575      -165.575      -165.575    
 90  2.890      0.168073E-02   193.215      -527.507      -167.507      -167.507    
 91  2.900      0.163989E-02   193.215      -529.439      -169.439      -169.439    
 92  2.910      0.161238E-02   193.215      -531.372      -171.372      -171.372    
 93  2.920      0.156786E-02   193.215      -533.304      -173.304      -173.304    
 94  2.930      0.159962E-02   193.215      -535.236      -175.236      -175.236    
 95  2.940      0.187517E-02   193.215      -537.168      -177.168      -177.168    
 96  2.950      0.177874E-02   193.215      -539.100      -179.100      -179.100    
 97  2.960      0.176314E-02   193.215      -541.032       178.968       178.968    
 98  2.970      0.154521E-02   193.215      -542.964       177.036       177.036    
 99  2.980      0.170337E-02   193.215      -544.896       175.104       175.104    
100  2.990      0.169233E-02   193.215      -546.829       173.171       173.171    
101  3.000      0.168327E-02   193.215      -548.761       171.239       171.239    
102  3.010      0.169393E-02   193.215      -550.693       169.307       169.307    
103  3.020      0.162879E-02   193.215      -552.625       167.375       167.375    
104  3.030      0.175790E-02   193.215      -554.557       165.443       165.443    
105  3.040      0.153119E-02   193.215      -556.489       163.511       163.511    
106  3.050      0.173659E-02   193.215      -558.421       161.579       161.579    
107  3.060      0.166361E-02   193.215      -560.353       159.647       159.647    
108  3.070      0.181490E-02   193.215      -562.286       157.714       157.714    
109  3.080      0.162222E-02   193.215      -564.218       155.782       155.782    
110  3.090      0.161289E-02   193.215      -566.150       153.850       153.850    
111  3.100      0.175684E-02   193.215      -568.082       151.918       151.918    
112  3.110      0.179203E-02   193.215      -570.014       149.986       149.986    
113  3.120      0.179040E-02   193.215      -571.946       148.054       148.054    
114  3.130      0.184338E-02   193.215      -573.878       146.122       146.122    
115  3.140      0.166203E-02   193.215      -575.811       144.189       144.189    
116  3.150      0.162242E-02   193.215      -577.743       142.257       142.257    
117  3.160      0.176379E-02   193.215      -579.675       140.325       140.325    
118  3.170      0.159223E-02   193.215      -581.607       138.393       138.393    
119  3.180      0.168597E-02   193.215      -583.539       136.461       136.461    
120  3.190      0.165509E-02   193.215      -585.471       134.529       134.529    
121  3.200      0.167058E-02   193.215      -587.403       132.597       132.597    
122  3.210      0.167551E-02   193.215      -589.335       130.665       130.665    
123  3.220      0.174185E-02   193.215      -591.268       128.732       128.732    
124  3.230      0.178120E-02   193.215      -593.200       126.800       126.800    
125  3.240      0.166064E-02   193.215      -595.132       124.868       124.868    
126  3.250      0.160927E-02   193.215      -597.064       122.936       122.936    
127  3.260      0.162303E-02   193.215      -598.996       121.004       121.004    
128  3.270      0.164411E-02   193.215      -600.928       119.072       119.072    
129  3.280      0.168823E-02   193.215      -602.861       117.139       117.139    
130  3.290      0.162013E-02   193.215      -604.793       115.207       115.207    
131  3.300      0.157567E-02   193.215      -606.725       113.275       113.275    
132  3.310      0.170430E-02   193.215      -608.657       111.343       111.343    
133  3.320      0.162751E-02   193.215      -610.589       109.411       109.411    
134  3.330      0.164166E-02   193.215      -612.521       107.479       107.479    
135  3.340      0.165952E-02   193.215      -614.453       105.547       105.547    
136  3.350      0.165764E-02   193.215      -616.386       103.614       103.614    
137  3.360      0.167438E-02   193.215      -618.318       101.682       101.682    
138  3.370      0.166183E-02   193.215      -620.250       99.7501       99.7501    
139  3.380      0.170657E-02   193.215      -622.182       97.8180       97.8180    
140  3.390      0.167830E-02   193.215      -624.114       95.8859       95.8859    
141  3.400      0.168057E-02   193.215      -626.046       93.9538       93.9538    
142  3.410      0.166393E-02   193.215      -627.978       92.0216       92.0216    
143  3.420      0.168106E-02   193.215      -629.910       90.0895       90.0895    
144  3.430      0.167644E-02   193.215      -631.843       88.1574       88.1574    
145  3.440      0.167356E-02   193.215      -633.775       86.2253       86.2253    
146  3.450      0.166787E-02   193.215      -635.707       84.2931       84.2931    
147  3.460      0.166529E-02   193.215      -637.639       82.3610       82.3610    
148  3.470      0.163963E-02   193.215      -639.571       80.4288       80.4288    
149  3.480      0.165651E-02   193.215      -641.503       78.4967       78.4967    
150  3.490      0.161797E-02   193.215      -643.435       76.5646       76.5646    
151  3.500      0.167404E-02   193.215      -645.368       74.6325       74.6325    
152  3.510      0.167560E-02   193.215      -647.300       72.7003       72.7003    
153  3.520      0.166695E-02   193.215      -649.232       70.7682       70.7682    
154  3.530      0.168067E-02   193.215      -651.164       68.8360       68.8360    
155  3.540      0.165785E-02   193.215      -653.096       66.9039       66.9039    
156  3.550      0.165361E-02   193.215      -655.028       64.9718       64.9718    
157  3.560      0.167597E-02   193.215      -656.960       63.0397       63.0397    
158  3.570      0.165974E-02   193.215      -658.892       61.1076       61.1076    
159  3.580      0.158566E-02   193.215      -660.825       59.1754       59.1754    
160  3.590      0.167318E-02   193.215      -662.757       57.2433       57.2433    
161  3.600      0.185277E-02   193.215      -664.689       55.3112       55.3112    
162  3.610      0.166152E-02   193.215      -666.621       53.3790       53.3790    
163  3.620      0.167320E-02   193.215      -668.553       51.4469       51.4469    
164  3.630      0.157164E-02   193.215      -670.485       49.5148       49.5148    
165  3.640      0.166966E-02   193.215      -672.417       47.5826       47.5826    
166  3.650      0.165300E-02   193.215      -674.349       45.6505       45.6505    
167  3.660      0.163417E-02   193.215      -676.282       43.7184       43.7184    
168  3.670      0.166591E-02   193.215      -678.214       41.7863       41.7863    
169  3.680      0.175719E-02   193.215      -680.146       39.8541       39.8541    
170  3.690      0.171391E-02   193.215      -682.078       37.9220       37.9220    
171  3.700      0.167246E-02   193.215      -684.010       35.9898       35.9898    
172  3.710      0.181868E-02   193.215      -685.942       34.0577       34.0577    
173  3.720      0.172822E-02   193.215      -687.874       32.1256       32.1256    
174  3.730      0.142636E-02   193.215      -689.807       30.1935       30.1935    
175  3.740      0.161563E-02   193.215      -691.739       28.2613       28.2613    
176  3.750      0.160752E-02   193.215      -693.671       26.3292       26.3292    
177  3.760      0.159952E-02   193.215      -695.603       24.3971       24.3971    
178  3.770      0.162565E-02   193.215      -697.535       22.4649       22.4649    
179  3.780      0.185995E-02   193.215      -699.467       20.5328       20.5328    
180  3.790      0.184390E-02   193.215      -701.399       18.6007       18.6007    
181  3.800      0.157163E-02   193.215      -703.331       16.6685       16.6685    
182  3.810      0.179066E-02   193.215      -705.264       14.7364       14.7364    
183  3.820      0.178190E-02   193.215      -707.196       12.8043       12.8043    
184  3.830      0.172989E-02   193.215      -709.128       10.8722       10.8722    
185  3.840      0.168962E-02   193.215      -711.060       8.94010       8.94010    
186  3.850      0.166491E-02   193.215      -712.992       7.00797       7.00797    
187  3.860      0.166038E-02   193.215      -714.924       5.07579       5.07579    
188  3.870      0.172728E-02   193.215      -716.856       3.14362       3.14362    
189  3.880      0.181218E-02   193.215      -718.789       1.21149       1.21149    
190  3.890      0.168582E-02   193.215      -720.721     -0.720632     -0.720632    
191  3.900      0.172513E-02   193.215      -722.653      -2.65276      -2.65276    
192  3.910      0.155243E-02   193.215      -724.585      -4.58488      -4.58488    
193  3.920      0.171228E-02   193.215      -726.517      -6.51695      -6.51695    
194  3.930      0.156468E-02   193.215      -728.449      -8.44913      -8.44913    
195  3.940      0.162841E-02   193.215      -730.381      -10.3813      -10.3813    
196  3.950      0.172036E-02   193.215      -732.313      -12.3134      -12.3134    
197  3.960      0.172837E-02   193.215      -734.246      -14.2456      -14.2456    
198  3.970      0.179133E-02   193.215      -736.178      -16.1777      -16.1777    
199  3.980      0.181446E-02   193.215      -738.110      -18.1098      -18.1098    
200  3.990      0.164169E-02   193.215      -740.042      -20.0419      -20.0419    
201  4.000      0.162655E-02   193.215      -741.974      -21.9740      -21.9740    
