# Mowe_temp                                                                       
# Operating point sequence...
# i     t     dWx ang.acc.  Wx rot.rate   Phi   (bank)  Phi[ 2]       Phi[ 3]      
  1  2.000      0.309791E-02   240.454      -454.166      -94.1663      -94.1663    
  2  2.010      0.210713E-02   240.454      -456.571      -96.5709      -96.5709    
  3  2.020     -0.822444E-03   240.454      -458.975      -98.9753      -98.9753    
  4  2.030      0.302013E-02   240.454      -461.380      -101.380      -101.380    
  5  2.040      0.312086E-02   240.454      -463.784      -103.784      -103.784    
  6  2.050      0.304731E-02   240.454      -466.189      -106.189      -106.189    
  7  2.060      0.315317E-02   240.454      -468.593      -108.593      -108.593    
  8  2.070      0.308232E-02   240.454      -470.998      -110.998      -110.998    
  9  2.080      0.319682E-02   240.454      -473.402      -113.402      -113.402    
 10  2.090      0.317298E-02   240.454      -475.807      -115.807      -115.807    
 11  2.100      0.317382E-02   240.454      -478.211      -118.211      -118.211    
 12  2.110      0.311868E-02   240.454      -480.616      -120.616      -120.616    
 13  2.120      0.315347E-02   240.454      -483.020      -123.020      -123.020    
 14  2.130      0.318497E-02   240.454      -485.425      -125.425      -125.425    
 15  2.140      0.302786E-02   240.454      -487.829      -127.829      -127.829    
 16  2.150      0.310705E-02   240.454      -490.234      -130.234      -130.234    
 17  2.160      0.312059E-02   240.454      -492.638      -132.638      -132.638    
 18  2.170      0.319829E-02   240.454      -495.043      -135.043      -135.043    
 19  2.180      0.296006E-02   240.454      -497.447      -137.447      -137.447    
 20  2.190      0.303302E-02   240.454      -499.852      -139.852      -139.852    
 21  2.200      0.323070E-02   240.454      -502.257      -142.256      -142.256    
 22  2.210      0.293024E-02   240.454      -504.661      -144.661      -144.661    
 23  2.220      0.296958E-02   240.454      -507.066      -147.066      -147.066    
 24  2.230      0.299821E-02   240.454      -509.470      -149.470      -149.470    
 25  2.240      0.316740E-02   240.454      -511.875      -151.875      -151.875    
 26  2.250      0.328662E-02   240.454      -514.279      -154.279      -154.279    
 27  2.260      0.301463E-02   240.454      -516.684      -156.684      -156.684    
 28  2.270      0.326808E-02   240.454      -519.088      -159.088      -159.088    
 29  2.280      0.300976E-02   240.454      -521.493      -161.493      -161.493    
 30  2.290      0.308808E-02   240.454      -523.897      -163.897      -163.897    
 31  2.300      0.337765E-02   240.454      -526.302      -166.302      -166.302    
 32  2.310      0.309090E-02   240.454      -528.706      -168.706      -168.706    
 33  2.320      0.337109E-02   240.454      -531.111      -171.111      -171.111    
 34  2.330      0.312904E-02   240.454      -533.515      -173.515      -173.515    
 35  2.340      0.299431E-02   240.454      -535.920      -175.920      -175.920    
 36  2.350      0.329584E-02   240.454      -538.324      -178.324      -178.324    
 37  2.360      0.317457E-02   240.454      -540.729       179.271       179.271    
 38  2.370      0.340351E-02   240.454      -543.133       176.867       176.867    
 39  2.380      0.313611E-02   240.454      -545.538       174.462       174.462    
 40  2.390      0.306763E-02   240.454      -547.942       172.058       172.058    
 41  2.400      0.298233E-02   240.454      -550.347       169.653       169.653    
 42  2.410      0.334127E-02   240.454      -552.751       167.249       167.249    
 43  2.420      0.336540E-02   240.454      -555.156       164.844       164.844    
 44  2.430      0.321933E-02   240.454      -557.560       162.440       162.440    
 45  2.440      0.333022E-02   240.454      -559.965       160.035       160.035    
 46  2.450      0.325400E-02   240.454      -562.369       157.631       157.631    
 47  2.460      0.322229E-02   240.454      -564.774       155.226       155.226    
 48  2.470      0.318680E-02   240.454      -567.178       152.822       152.822    
 49  2.480      0.335390E-02   240.454      -569.583       150.417       150.417    
 50  2.490      0.322749E-02   240.454      -571.987       148.013       148.013    
 51  2.500      0.311054E-02   240.454      -574.392       145.608       145.608    
 52  2.510      0.327141E-02   240.454      -576.796       143.204       143.204    
 53  2.520      0.316206E-02   240.454      -579.201       140.799       140.799    
 54  2.530      0.321337E-02   240.454      -581.605       138.395       138.395    
 55  2.540      0.315729E-02   240.454      -584.010       135.990       135.990    
 56  2.550      0.313898E-02   240.454      -586.414       133.586       133.586    
 57  2.560      0.324074E-02   240.454      -588.819       131.181       131.181    
 58  2.570      0.314020E-02   240.454      -591.223       128.777       128.777    
 59  2.580      0.319257E-02   240.454      -593.628       126.372       126.372    
 60  2.590      0.318859E-02   240.454      -596.032       123.968       123.968    
 61  2.600      0.308361E-02   240.454      -598.437       121.563       121.563    
 62  2.610      0.326680E-02   240.454      -600.841       119.159       119.159    
 63  2.620      0.314009E-02   240.454      -603.246       116.754       116.754    
 64  2.630      0.316701E-02   240.454      -605.650       114.350       114.350    
 65  2.640      0.310590E-02   240.454      -608.055       111.945       111.945    
 66  2.650      0.316569E-02   240.454      -610.459       109.541       109.541    
 67  2.660      0.311836E-02   240.454      -612.864       107.136       107.136    
 68  2.670      0.308164E-02   240.454      -615.269       104.731       104.731    
 69  2.680      0.313435E-02   240.454      -617.673       102.327       102.327    
 70  2.690      0.318067E-02   240.454      -620.078       99.9225       99.9225    
 71  2.700      0.310144E-02   240.454      -622.482       97.5180       97.5180    
 72  2.710      0.310453E-02   240.454      -624.887       95.1135       95.1135    
 73  2.720      0.321102E-02   240.454      -627.291       92.7090       92.7090    
 74  2.730      0.314239E-02   240.454      -629.696       90.3045       90.3045    
 75  2.740      0.310247E-02   240.454      -632.100       87.9000       87.9000    
 76  2.750      0.313785E-02   240.454      -634.505       85.4954       85.4954    
 77  2.760      0.311364E-02   240.454      -636.909       83.0909       83.0909    
 78  2.770      0.323614E-02   240.454      -639.314       80.6864       80.6864    
 79  2.780      0.324082E-02   240.454      -641.718       78.2819       78.2819    
 80  2.790      0.308947E-02   240.454      -644.123       75.8774       75.8774    
 81  2.800      0.318476E-02   240.454      -646.527       73.4729       73.4729    
 82  2.810      0.311793E-02   240.454      -648.932       71.0684       71.0684    
 83  2.820      0.318015E-02   240.454      -651.336       68.6639       68.6639    
 84  2.830      0.314691E-02   240.454      -653.741       66.2594       66.2594    
 85  2.840      0.310025E-02   240.454      -656.145       63.8548       63.8548    
 86  2.850      0.311673E-02   240.454      -658.550       61.4503       61.4503    
 87  2.860      0.306838E-02   240.454      -660.954       59.0458       59.0458    
 88  2.870      0.311455E-02   240.454      -663.359       56.6413       56.6413    
 89  2.880      0.318596E-02   240.454      -665.763       54.2368       54.2368    
 90  2.890      0.316332E-02   240.454      -668.168       51.8323       51.8323    
 91  2.900      0.322395E-02   240.454      -670.572       49.4278       49.4278    
 92  2.910      0.323499E-02   240.454      -672.977       47.0233       47.0233    
 93  2.920      0.317808E-02   240.454      -675.381       44.6188       44.6188    
 94  2.930      0.313622E-02   240.454      -677.786       42.2142       42.2142    
 95  2.940      0.332315E-02   240.454      -680.190       39.8097       39.8097    
 96  2.950      0.303618E-02   240.454      -682.595       37.4052       37.4052    
 97  2.960      0.320429E-02   240.454      -684.999       35.0007       35.0007    
 98  2.970      0.327875E-02   240.454      -687.404       32.5962       32.5962    
 99  2.980      0.317276E-02   240.454      -689.808       30.1917       30.1917    
100  2.990      0.323617E-02   240.454      -692.213       27.7872       27.7872    
101  3.000      0.306621E-02   240.454      -694.617       25.3827       25.3827    
102  3.010      0.317918E-02   240.454      -697.022       22.9782       22.9782    
103  3.020      0.321810E-02   240.454      -699.426       20.5737       20.5737    
104  3.030      0.328632E-02   240.454      -701.831       18.1692       18.1692    
105  3.040      0.313551E-02   240.454      -704.235       15.7646       15.7646    
106  3.050      0.310168E-02   240.454      -706.640       13.3600       13.3600    
107  3.060      0.327506E-02   240.454      -709.044       10.9555       10.9555    
108  3.070      0.315432E-02   240.454      -711.449       8.55105       8.55105    
109  3.080      0.324597E-02   240.454      -713.853       6.14655       6.14655    
110  3.090      0.302397E-02   240.454      -716.258       3.74205       3.74205    
111  3.100      0.328091E-02   240.454      -718.662       1.33755       1.33755    
112  3.110      0.299222E-02   240.454      -721.067      -1.06695      -1.06695    
113  3.120      0.328331E-02   240.454      -723.471      -3.47145      -3.47145    
114  3.130      0.315232E-02   240.454      -725.876      -5.87600      -5.87600    
115  3.140      0.311717E-02   240.454      -728.281      -8.28056      -8.28056    
116  3.150      0.309142E-02   240.454      -730.685      -10.6851      -10.6851    
117  3.160      0.324933E-02   240.454      -733.090      -13.0896      -13.0896    
118  3.170      0.335417E-02   240.454      -735.494      -15.4941      -15.4941    
119  3.180      0.312537E-02   240.454      -737.899      -17.8986      -17.8986    
120  3.190      0.323544E-02   240.454      -740.303      -20.3031      -20.3031    
121  3.200      0.308067E-02   240.454      -742.708      -22.7076      -22.7076    
122  3.210      0.310549E-02   240.454      -745.112      -25.1121      -25.1121    
123  3.220      0.319954E-02   240.454      -747.517      -27.5166      -27.5166    
124  3.230      0.313038E-02   240.454      -749.921      -29.9212      -29.9212    
125  3.240      0.326169E-02   240.454      -752.326      -32.3257      -32.3257    
126  3.250      0.313472E-02   240.454      -754.730      -34.7302      -34.7302    
127  3.260      0.310469E-02   240.454      -757.135      -37.1347      -37.1347    
128  3.270      0.308298E-02   240.454      -759.539      -39.5392      -39.5392    
129  3.280      0.324326E-02   240.454      -761.944      -41.9437      -41.9437    
130  3.290      0.327317E-02   240.454      -764.348      -44.3482      -44.3482    
131  3.300      0.317858E-02   240.454      -766.753      -46.7527      -46.7527    
132  3.310      0.317530E-02   240.454      -769.157      -49.1572      -49.1572    
133  3.320      0.329978E-02   240.454      -771.562      -51.5618      -51.5618    
134  3.330      0.308806E-02   240.454      -773.966      -53.9663      -53.9663    
135  3.340      0.309198E-02   240.454      -776.371      -56.3708      -56.3708    
136  3.350      0.311314E-02   240.454      -778.775      -58.7753      -58.7753    
137  3.360      0.322449E-02   240.454      -781.180      -61.1798      -61.1798    
138  3.370      0.322422E-02   240.454      -783.584      -63.5843      -63.5843    
139  3.380      0.312455E-02   240.454      -785.989      -65.9888      -65.9888    
140  3.390      0.319274E-02   240.454      -788.393      -68.3933      -68.3933    
141  3.400      0.322993E-02   240.454      -790.798      -70.7978      -70.7978    
142  3.410      0.312933E-02   240.454      -793.202      -73.2024      -73.2024    
143  3.420      0.305591E-02   240.454      -795.607      -75.6068      -75.6068    
144  3.430      0.318055E-02   240.454      -798.011      -78.0114      -78.0114    
145  3.440      0.312924E-02   240.454      -800.416      -80.4159      -80.4159    
146  3.450      0.310966E-02   240.454      -802.820      -82.8204      -82.8204    
147  3.460      0.323727E-02   240.454      -805.225      -85.2248      -85.2248    
148  3.470      0.313036E-02   240.454      -807.629      -87.6293      -87.6293    
149  3.480      0.323787E-02   240.454      -810.034      -90.0338      -90.0338    
150  3.490      0.323522E-02   240.454      -812.438      -92.4383      -92.4383    
151  3.500      0.322445E-02   240.454      -814.843      -94.8427      -94.8427    
152  3.510      0.324145E-02   240.454      -817.247      -97.2473      -97.2473    
153  3.520      0.314164E-02   240.454      -819.652      -99.6517      -99.6517    
154  3.530      0.317056E-02   240.454      -822.056      -102.056      -102.056    
155  3.540      0.311699E-02   240.454      -824.461      -104.461      -104.461    
156  3.550      0.323929E-02   240.454      -826.865      -106.865      -106.865    
157  3.560      0.326546E-02   240.454      -829.270      -109.270      -109.270    
158  3.570      0.319608E-02   240.454      -831.674      -111.674      -111.674    
159  3.580      0.326196E-02   240.454      -834.079      -114.079      -114.079    
160  3.590      0.315561E-02   240.454      -836.483      -116.483      -116.483    
161  3.600      0.317346E-02   240.454      -838.888      -118.888      -118.888    
162  3.610      0.326379E-02   240.454      -841.292      -121.292      -121.292    
163  3.620      0.310637E-02   240.454      -843.697      -123.697      -123.697    
164  3.630      0.323866E-02   240.454      -846.101      -126.101      -126.101    
165  3.640      0.308315E-02   240.454      -848.506      -128.506      -128.506    
166  3.650      0.327921E-02   240.454      -850.910      -130.910      -130.910    
167  3.660      0.317894E-02   240.454      -853.315      -133.315      -133.315    
168  3.670      0.303008E-02   240.454      -855.719      -135.719      -135.719    
169  3.680      0.318994E-02   240.454      -858.124      -138.124      -138.124    
170  3.690      0.315261E-02   240.454      -860.528      -140.528      -140.528    
171  3.700      0.308565E-02   240.454      -862.933      -142.933      -142.933    
172  3.710      0.320365E-02   240.454      -865.337      -145.337      -145.337    
173  3.720      0.320761E-02   240.454      -867.742      -147.742      -147.742    
174  3.730      0.301249E-02   240.454      -870.146      -150.146      -150.146    
175  3.740      0.307940E-02   240.454      -872.551      -152.551      -152.551    
176  3.750      0.318007E-02   240.454      -874.955      -154.955      -154.955    
177  3.760      0.327705E-02   240.454      -877.360      -157.360      -157.360    
178  3.770      0.328903E-02   240.454      -879.764      -159.764      -159.764    
179  3.780      0.320719E-02   240.454      -882.169      -162.169      -162.169    
180  3.790      0.314533E-02   240.454      -884.573      -164.573      -164.573    
181  3.800      0.323900E-02   240.454      -886.978      -166.978      -166.978    
182  3.810      0.309505E-02   240.454      -889.383      -169.383      -169.383    
183  3.820      0.293419E-02   240.454      -891.787      -171.787      -171.787    
184  3.830      0.314167E-02   240.454      -894.192      -174.192      -174.192    
185  3.840      0.342496E-02   240.454      -896.596      -176.596      -176.596    
186  3.850      0.324080E-02   240.454      -899.001      -179.001      -179.001    
187  3.860      0.318788E-02   240.454      -901.405       178.595       178.595    
188  3.870      0.332684E-02   240.454      -903.809       176.191       176.191    
189  3.880      0.305855E-02   240.454      -906.214       173.786       173.786    
190  3.890      0.313501E-02   240.454      -908.618       171.382       171.382    
191  3.900      0.306743E-02   240.454      -911.023       168.977       168.977    
192  3.910      0.317825E-02   240.454      -913.427       166.573       166.573    
193  3.920      0.315048E-02   240.454      -915.832       164.168       164.168    
194  3.930      0.326198E-02   240.454      -918.236       161.764       161.764    
195  3.940      0.315176E-02   240.454      -920.641       159.359       159.359    
196  3.950      0.310697E-02   240.454      -923.045       156.955       156.955    
197  3.960      0.326063E-02   240.454      -925.450       154.550       154.550    
198  3.970      0.299172E-02   240.454      -927.854       152.146       152.146    
199  3.980      0.321114E-02   240.454      -930.259       149.741       149.741    
200  3.990      0.306367E-02   240.454      -932.663       147.337       147.337    
201  4.000      0.312881E-02   240.454      -935.068       144.932       144.932    
