# Mowe_temp                                                                       
# Operating point sequence...
# i     t     dWx ang.acc.  Wx rot.rate   Phi   (bank)  Phi[ 2]       Phi[ 3]      
  1  2.000      0.341825E-02   386.355      -729.740      -9.73982      -9.73982    
  2  2.010      0.199539E-02   386.355      -733.603      -13.6034      -13.6034    
  3  2.020     -0.306321E-02   386.355      -737.467      -17.4668      -17.4668    
  4  2.030      0.269880E-02   386.355      -741.330      -21.3303      -21.3303    
  5  2.040      0.297499E-02   386.355      -745.194      -25.1939      -25.1939    
  6  2.050      0.308732E-02   386.355      -749.057      -29.0574      -29.0574    
  7  2.060      0.302112E-02   386.355      -752.921      -32.9209      -32.9209    
  8  2.070      0.276657E-02   386.355      -756.784      -36.7844      -36.7844    
  9  2.080      0.320080E-02   386.355      -760.648      -40.6479      -40.6479    
 10  2.090      0.290765E-02   386.355      -764.511      -44.5114      -44.5114    
 11  2.100      0.313504E-02   386.355      -768.375      -48.3749      -48.3749    
 12  2.110      0.300605E-02   386.355      -772.238      -52.2385      -52.2385    
 13  2.120      0.297673E-02   386.355      -776.102      -56.1019      -56.1019    
 14  2.130      0.281169E-02   386.355      -779.965      -59.9655      -59.9655    
 15  2.140      0.286152E-02   386.355      -783.829      -63.8290      -63.8290    
 16  2.150      0.289995E-02   386.355      -787.693      -67.6926      -67.6926    
 17  2.160      0.282749E-02   386.355      -791.556      -71.5561      -71.5561    
 18  2.170      0.298396E-02   386.355      -795.420      -75.4196      -75.4196    
 19  2.180      0.286621E-02   386.355      -799.283      -79.2832      -79.2832    
 20  2.190      0.284043E-02   386.355      -803.147      -83.1467      -83.1467    
 21  2.200      0.305887E-02   386.355      -807.010      -87.0102      -87.0102    
 22  2.210      0.296708E-02   386.355      -810.874      -90.8738      -90.8738    
 23  2.220      0.297428E-02   386.355      -814.737      -94.7373      -94.7373    
 24  2.230      0.293833E-02   386.355      -818.601      -98.6009      -98.6009    
 25  2.240      0.287438E-02   386.355      -822.464      -102.464      -102.464    
 26  2.250      0.318499E-02   386.355      -826.328      -106.328      -106.328    
 27  2.260      0.315944E-02   386.355      -830.191      -110.191      -110.191    
 28  2.270      0.315498E-02   386.355      -834.055      -114.055      -114.055    
 29  2.280      0.287399E-02   386.355      -837.918      -117.918      -117.918    
 30  2.290      0.305440E-02   386.355      -841.782      -121.782      -121.782    
 31  2.300      0.313603E-02   386.355      -845.645      -125.645      -125.645    
 32  2.310      0.293814E-02   386.355      -849.509      -129.509      -129.509    
 33  2.320      0.312073E-02   386.355      -853.373      -133.373      -133.373    
 34  2.330      0.273742E-02   386.355      -857.236      -137.236      -137.236    
 35  2.340      0.290313E-02   386.355      -861.100      -141.100      -141.100    
 36  2.350      0.313949E-02   386.355      -864.963      -144.963      -144.963    
 37  2.360      0.288673E-02   386.355      -868.827      -148.827      -148.827    
 38  2.370      0.333597E-02   386.355      -872.690      -152.690      -152.690    
 39  2.380      0.281214E-02   386.355      -876.554      -156.554      -156.554    
 40  2.390      0.290866E-02   386.355      -880.417      -160.417      -160.417    
 41  2.400      0.287006E-02   386.355      -884.281      -164.281      -164.281    
 42  2.410      0.313686E-02   386.355      -888.144      -168.144      -168.144    
 43  2.420      0.325428E-02   386.355      -892.008      -172.008      -172.008    
 44  2.430      0.317663E-02   386.355      -895.871      -175.871      -175.871    
 45  2.440      0.300040E-02   386.355      -899.735      -179.735      -179.735    
 46  2.450      0.286354E-02   386.355      -903.598       176.402       176.402    
 47  2.460      0.313599E-02   386.355      -907.462       172.538       172.538    
 48  2.470      0.285733E-02   386.355      -911.325       168.675       168.675    
 49  2.480      0.289682E-02   386.355      -915.189       164.811       164.811    
 50  2.490      0.292322E-02   386.355      -919.052       160.948       160.948    
 51  2.500      0.310443E-02   386.355      -922.916       157.084       157.084    
 52  2.510      0.330921E-02   386.355      -926.779       153.221       153.221    
 53  2.520      0.279090E-02   386.355      -930.643       149.357       149.357    
 54  2.530      0.300019E-02   386.355      -934.506       145.494       145.494    
 55  2.540      0.283798E-02   386.355      -938.370       141.630       141.630    
 56  2.550      0.283921E-02   386.355      -942.233       137.767       137.767    
 57  2.560      0.316565E-02   386.355      -946.097       133.903       133.903    
 58  2.570      0.297127E-02   386.355      -949.960       130.040       130.040    
 59  2.580      0.317679E-02   386.355      -953.824       126.176       126.176    
 60  2.590      0.314591E-02   386.355      -957.687       122.313       122.313    
 61  2.600      0.286036E-02   386.355      -961.551       118.449       118.449    
 62  2.610      0.310425E-02   386.355      -965.414       114.586       114.586    
 63  2.620      0.289052E-02   386.355      -969.278       110.722       110.722    
 64  2.630      0.300013E-02   386.355      -973.141       106.859       106.859    
 65  2.640      0.285608E-02   386.355      -977.005       102.995       102.995    
 66  2.650      0.284819E-02   386.355      -980.868       99.1316       99.1316    
 67  2.660      0.289477E-02   386.355      -984.732       95.2681       95.2681    
 68  2.670      0.288391E-02   386.355      -988.595       91.4046       91.4046    
 69  2.680      0.290611E-02   386.355      -992.459       87.5412       87.5412    
 70  2.690      0.297532E-02   386.355      -996.322       83.6777       83.6777    
 71  2.700      0.285005E-02   386.355      -1000.19       79.8142       79.8142    
 72  2.710      0.288551E-02   386.355      -1004.05       75.9507       75.9507    
 73  2.720      0.306442E-02   386.355      -1007.91       72.0872       72.0872    
 74  2.730      0.297924E-02   386.355      -1011.78       68.2238       68.2238    
 75  2.740      0.305195E-02   386.355      -1015.64       64.3603       64.3603    
 76  2.750      0.283985E-02   386.355      -1019.50       60.4968       60.4968    
 77  2.760      0.293294E-02   386.355      -1023.37       56.6332       56.6332    
 78  2.770      0.313262E-02   386.355      -1027.23       52.7697       52.7697    
 79  2.780      0.312978E-02   386.355      -1031.09       48.9062       48.9062    
 80  2.790      0.297035E-02   386.355      -1034.96       45.0427       45.0427    
 81  2.800      0.302655E-02   386.355      -1038.82       41.1793       41.1793    
 82  2.810      0.295284E-02   386.355      -1042.68       37.3158       37.3158    
 83  2.820      0.317135E-02   386.355      -1046.55       33.4523       33.4523    
 84  2.830      0.305779E-02   386.355      -1050.41       29.5888       29.5888    
 85  2.840      0.287527E-02   386.355      -1054.27       25.7253       25.7253    
 86  2.850      0.292427E-02   386.355      -1058.14       21.8618       21.8618    
 87  2.860      0.287008E-02   386.355      -1062.00       17.9984       17.9984    
 88  2.870      0.311700E-02   386.355      -1065.87       14.1349       14.1349    
 89  2.880      0.337993E-02   386.355      -1069.73       10.2714       10.2714    
 90  2.890      0.313899E-02   386.355      -1073.59       6.40792       6.40792    
 91  2.900      0.298606E-02   386.355      -1077.46       2.54443       2.54443    
 92  2.910      0.297264E-02   386.355      -1081.32      -1.31905      -1.31905    
 93  2.920      0.300353E-02   386.355      -1085.18      -5.18253      -5.18253    
 94  2.930      0.280281E-02   386.355      -1089.05      -9.04601      -9.04601    
 95  2.940      0.305684E-02   386.355      -1092.91      -12.9095      -12.9095    
 96  2.950      0.276698E-02   386.355      -1096.77      -16.7730      -16.7730    
 97  2.960      0.321753E-02   386.355      -1100.64      -20.6365      -20.6365    
 98  2.970      0.317681E-02   386.355      -1104.50      -24.4999      -24.4999    
 99  2.980      0.296074E-02   386.355      -1108.36      -28.3634      -28.3634    
100  2.990      0.289491E-02   386.355      -1112.23      -32.2269      -32.2269    
101  3.000      0.282981E-02   386.355      -1116.09      -36.0904      -36.0904    
102  3.010      0.288506E-02   386.355      -1119.95      -39.9539      -39.9539    
103  3.020      0.313447E-02   386.355      -1123.82      -43.8174      -43.8174    
104  3.030      0.314018E-02   386.355      -1127.68      -47.6808      -47.6808    
105  3.040      0.288841E-02   386.355      -1131.54      -51.5443      -51.5443    
106  3.050      0.312439E-02   386.355      -1135.41      -55.4078      -55.4078    
107  3.060      0.309708E-02   386.355      -1139.27      -59.2713      -59.2713    
108  3.070      0.310254E-02   386.355      -1143.13      -63.1348      -63.1348    
109  3.080      0.298976E-02   386.355      -1147.00      -66.9983      -66.9983    
110  3.090      0.285461E-02   386.355      -1150.86      -70.8617      -70.8617    
111  3.100      0.293836E-02   386.355      -1154.73      -74.7252      -74.7252    
112  3.110      0.287611E-02   386.355      -1158.59      -78.5887      -78.5887    
113  3.120      0.295526E-02   386.355      -1162.45      -82.4522      -82.4522    
114  3.130      0.290540E-02   386.355      -1166.32      -86.3157      -86.3157    
115  3.140      0.310279E-02   386.355      -1170.18      -90.1793      -90.1793    
116  3.150      0.284534E-02   386.355      -1174.04      -94.0427      -94.0427    
117  3.160      0.282091E-02   386.355      -1177.91      -97.9063      -97.9063    
118  3.170      0.308356E-02   386.355      -1181.77      -101.770      -101.770    
119  3.180      0.280257E-02   386.355      -1185.63      -105.633      -105.633    
120  3.190      0.295959E-02   386.355      -1189.50      -109.497      -109.497    
121  3.200      0.312736E-02   386.355      -1193.36      -113.360      -113.360    
122  3.210      0.281731E-02   386.355      -1197.22      -117.224      -117.224    
123  3.220      0.289204E-02   386.355      -1201.09      -121.087      -121.087    
124  3.230      0.297072E-02   386.355      -1204.95      -124.951      -124.951    
125  3.240      0.311216E-02   386.355      -1208.81      -128.814      -128.814    
126  3.250      0.287733E-02   386.355      -1212.68      -132.678      -132.678    
127  3.260      0.323810E-02   386.355      -1216.54      -136.541      -136.541    
128  3.270      0.280387E-02   386.355      -1220.41      -140.405      -140.405    
129  3.280      0.300500E-02   386.355      -1224.27      -144.268      -144.268    
130  3.290      0.312889E-02   386.355      -1228.13      -148.132      -148.132    
131  3.300      0.306600E-02   386.355      -1232.00      -151.995      -151.995    
132  3.310      0.317267E-02   386.355      -1235.86      -155.859      -155.859    
133  3.320      0.273656E-02   386.355      -1239.72      -159.723      -159.723    
134  3.330      0.287613E-02   386.355      -1243.59      -163.586      -163.586    
135  3.340      0.285117E-02   386.355      -1247.45      -167.450      -167.450    
136  3.350      0.288422E-02   386.355      -1251.31      -171.313      -171.313    
137  3.360      0.317096E-02   386.355      -1255.18      -175.177      -175.177    
138  3.370      0.288229E-02   386.355      -1259.04      -179.040      -179.040    
139  3.380      0.295658E-02   386.355      -1262.90       177.096       177.096    
140  3.390      0.320356E-02   386.355      -1266.77       173.233       173.233    
141  3.400      0.307798E-02   386.355      -1270.63       169.369       169.369    
142  3.410      0.306136E-02   386.355      -1274.49       165.506       165.506    
143  3.420      0.279031E-02   386.355      -1278.36       161.642       161.642    
144  3.430      0.319597E-02   386.355      -1282.22       157.779       157.779    
145  3.440      0.288590E-02   386.355      -1286.08       153.915       153.915    
146  3.450      0.277221E-02   386.355      -1289.95       150.052       150.052    
147  3.460      0.314946E-02   386.355      -1293.81       146.188       146.188    
148  3.470      0.276275E-02   386.355      -1297.68       142.325       142.325    
149  3.480      0.299133E-02   386.355      -1301.54       138.461       138.461    
150  3.490      0.304836E-02   386.355      -1305.40       134.598       134.598    
151  3.500      0.315655E-02   386.355      -1309.27       130.734       130.734    
152  3.510      0.303760E-02   386.355      -1313.13       126.870       126.870    
153  3.520      0.288186E-02   386.355      -1316.99       123.007       123.007    
154  3.530      0.298243E-02   386.355      -1320.86       119.144       119.144    
155  3.540      0.281727E-02   386.355      -1324.72       115.280       115.280    
156  3.550      0.310965E-02   386.355      -1328.58       111.417       111.417    
157  3.560      0.305832E-02   386.355      -1332.45       107.553       107.553    
158  3.570      0.311901E-02   386.355      -1336.31       103.689       103.689    
159  3.580      0.313405E-02   386.355      -1340.17       99.8260       99.8260    
160  3.590      0.289399E-02   386.355      -1344.04       95.9624       95.9624    
161  3.600      0.289112E-02   386.355      -1347.90       92.0989       92.0989    
162  3.610      0.307532E-02   386.355      -1351.76       88.2353       88.2353    
163  3.620      0.284486E-02   386.355      -1355.63       84.3718       84.3718    
164  3.630      0.313787E-02   386.355      -1359.49       80.5084       80.5084    
165  3.640      0.288825E-02   386.355      -1363.36       76.6450       76.6450    
166  3.650      0.313364E-02   386.355      -1367.22       72.7814       72.7814    
167  3.660      0.313089E-02   386.355      -1371.08       68.9179       68.9179    
168  3.670      0.294461E-02   386.355      -1374.95       65.0543       65.0543    
169  3.680      0.311881E-02   386.355      -1378.81       61.1908       61.1908    
170  3.690      0.290169E-02   386.355      -1382.67       57.3272       57.3272    
171  3.700      0.287430E-02   386.355      -1386.54       53.4637       53.4637    
172  3.710      0.277753E-02   386.355      -1390.40       49.6004       49.6004    
173  3.720      0.294675E-02   386.355      -1394.26       45.7369       45.7369    
174  3.730      0.282984E-02   386.355      -1398.13       41.8733       41.8733    
175  3.740      0.293841E-02   386.355      -1401.99       38.0098       38.0098    
176  3.750      0.294971E-02   386.355      -1405.85       34.1462       34.1462    
177  3.760      0.296305E-02   386.355      -1409.72       30.2827       30.2827    
178  3.770      0.289613E-02   386.355      -1413.58       26.4191       26.4191    
179  3.780      0.321371E-02   386.355      -1417.44       22.5557       22.5557    
180  3.790      0.269725E-02   386.355      -1421.31       18.6923       18.6923    
181  3.800      0.312649E-02   386.355      -1425.17       14.8288       14.8288    
182  3.810      0.302695E-02   386.355      -1429.03       10.9652       10.9652    
183  3.820      0.267208E-02   386.355      -1432.90       7.10172       7.10172    
184  3.830      0.263440E-02   386.355      -1436.76       3.23813       3.23813    
185  3.840      0.315028E-02   386.355      -1440.63     -0.625358     -0.625358    
186  3.850      0.320899E-02   386.355      -1444.49      -4.48895      -4.48895    
187  3.860      0.270618E-02   386.355      -1448.35      -8.35243      -8.35243    
188  3.870      0.319949E-02   386.355      -1452.22      -12.2160      -12.2160    
189  3.880      0.307373E-02   386.355      -1456.08      -16.0795      -16.0795    
190  3.890      0.294439E-02   386.355      -1459.94      -19.9429      -19.9429    
191  3.900      0.294642E-02   386.355      -1463.81      -23.8064      -23.8064    
192  3.910      0.308185E-02   386.355      -1467.67      -27.6700      -27.6700    
193  3.920      0.294935E-02   386.355      -1471.53      -31.5334      -31.5334    
194  3.930      0.278461E-02   386.355      -1475.40      -35.3970      -35.3970    
195  3.940      0.300125E-02   386.355      -1479.26      -39.2605      -39.2605    
196  3.950      0.291240E-02   386.355      -1483.12      -43.1241      -43.1241    
197  3.960      0.278669E-02   386.355      -1486.99      -46.9876      -46.9876    
198  3.970      0.280917E-02   386.355      -1490.85      -50.8510      -50.8510    
199  3.980      0.284899E-02   386.355      -1494.71      -54.7144      -54.7144    
200  3.990      0.283177E-02   386.355      -1498.58      -58.5780      -58.5780    
201  4.000      0.315483E-02   386.355      -1502.44      -62.4415      -62.4415    
