# Bending Beam 2                                                                  
# 
#   Op.Point     Eigenvalue
       1    -13.260815         15.562227    
       1    -4.8674325         68.946891    
       1    -14.835002         186.35718    
       1    -348.82907         0.0000000    
       1    -9.0217172         434.44020    
       1    -13.210634         551.88040    
       1    -8.0994556         836.99017    
       2    -13.674327         15.266633    
       2    -4.6174244         68.154805    
       2    -14.887599         186.34289    
       2    -350.30695         0.0000000    
       2    -9.0531636         434.18861    
       2    -13.273289         551.88118    
       2    -8.1298655         836.87176    
       3    -14.107759         14.933956    
       3    -4.3485128         67.359468    
       3    -14.939978         186.32851    
       3    -351.78409         0.0000000    
       3    -9.0842252         433.93570    
       3    -13.335996         551.88196    
       3    -8.1601835         836.75280    
       4    -14.561791         14.558387    
       4    -4.0600307         66.562141    
       4    -14.992140         186.31406    
       4    -353.26044         0.0000000    
       4    -9.1149023         433.68146    
       4    -13.398756         551.88275    
       4    -8.1904138         836.63330    
       5    -15.036973         14.132944    
       5    -3.7514217         65.764256    
       5    -15.044087         186.29953    
       5    -354.73611         0.0000000    
       5    -9.1451802         433.42591    
       5    -13.461571         551.88354    
       5    -8.2205484         836.51325    
       6    -15.533708         13.649110    
       6    -3.4222893         64.967377    
       6    -15.095819         186.28492    
       6    -356.21103         0.0000000    
       6    -9.1750561         433.16905    
       6    -13.524440         551.88435    
       6    -8.2505892         836.39265    
       7    -16.052218         13.096271    
       7    -3.0724212         64.173185    
       7    -15.147338         186.27024    
       7    -357.68518         0.0000000    
       7    -9.2045275         432.91087    
       7    -13.587362         551.88516    
       7    -8.2805386         836.27151    
       8    -16.592487         12.460876    
       8    -2.7018285         63.383481    
       8    -15.198644         186.25548    
       8    -359.15863         0.0000000    
       8    -9.2335846         432.65138    
       8    -13.650341         551.88597    
       8    -8.3103937         836.14982    
       9    -17.154265         11.724915    
       9    -2.3107692         62.600103    
       9    -15.249740         186.24066    
       9    -360.63129         0.0000000    
       9    -9.2622196         432.39057    
       9    -13.713374         551.88679    
       9    -8.3401492         836.02758    
      10    -17.737022         10.863221    
      10    -1.8997777         61.824909    
      10    -15.300627         186.22576    
      10    -362.10324         0.0000000    
      10    -9.2904296         432.12845    
      10    -13.776465         551.88762    
      10    -562.46094         0.0000000    
      10    -8.3698104         835.90480    
      11    -18.339940         9.8379683    
      11    -1.4696743         61.059723    
      11    -15.351306         186.21079    
      11    -363.57449         0.0000000    
      11    -9.3182103         431.86503    
      11    -13.839611         551.88845    
      11    -8.3993773         835.78147    
      12    -18.961928         8.5858213    
      12    -1.0215545         60.306254    
      12    -15.401779         186.19576    
      12    -365.04495         0.0000000    
      12    -9.3455536         431.60030    
      12    -13.902814         551.88930    
      12    -8.4288463         835.65759    
      13    -19.601627         6.9806794    
      13   -0.55678146         59.566070    
      13    -15.452046         186.18066    
      13    -366.51471         0.0000000    
      13    -9.3724539         431.33426    
      13    -13.966075         551.89014    
      13    -8.4582184         835.53317    
      14    -20.257447         4.6658245    
      14   -0.76944072E-01     58.840521    
      14    -15.502109         186.16549    
      14    -367.98376         0.0000000    
      14    -9.3989013         431.06692    
      14    -14.029394         551.89100    
      14    -8.4874889         835.40819    
      15    -18.243744         0.0000000    
      15    -23.611511         0.0000000    
      15    0.41618785         58.130699    
      15    -15.551971         186.15027    
      15    -369.45206         0.0000000    
      15    -9.4248955         430.79827    
      15    -14.092772         551.89186    
      15    -8.5166620         835.28267    
      16    -15.428731         0.0000000    
      16    -27.791821         0.0000000    
      16    0.92071685         57.437417    
      16    -15.601631         186.13498    
      16    -370.91968         0.0000000    
      16    -9.4504336         430.52833    
      16    -14.156208         551.89272    
      16    -8.5457415         835.15661    
      17    -13.861897         0.0000000    
      17    -30.744968         0.0000000    
      17     1.4346845         56.761197    
      17    -15.651093         186.11964    
      17    -372.38654         0.0000000    
      17    -9.4755012         430.25708    
      17    -14.219704         551.89359    
      17    -8.5747168         835.02999    
      18    -12.693211         0.0000000    
      18    -33.317055         0.0000000    
      18     1.9561210         56.102264    
      18    -15.700356         186.10423    
      18    -373.85269         0.0000000    
      18    -9.5000957         429.98454    
      18    -14.283260         551.89447    
      18    -8.6035917         834.90283    
      19    -11.737885         0.0000000    
      19    -35.689041         0.0000000    
      19     2.4831098         55.460571    
      19    -15.749423         186.08877    
      19    -375.31812         0.0000000    
      19    -9.5242098         429.71071    
      19    -14.346876         551.89535    
      19    -8.6323648         834.77512    
      20    -10.918899         0.0000000    
      20    -37.934319         0.0000000    
      20     3.0138287         54.835812    
      20    -15.798296         186.07326    
      20    -376.78287         0.0000000    
      20    -9.5478447         429.43559    
      20    -14.410553         551.89624    
      20    -8.6610408         834.64686    
      21    -10.195647         0.0000000    
      21    -40.090115         0.0000000    
      21     3.5465889         54.227479    
      21    -15.846975         186.05769    
      21    -378.24683         0.0000000    
      21    -9.5709815         429.15917    
      21    -14.474291         551.89714    
      21    -8.6896080         834.51805    
      22    -9.5437279         0.0000000    
      22    -42.177757         0.0000000    
      22     4.0798495         53.634888    
      22    -15.895463         186.04207    
      22    -379.71014         0.0000000    
      22    -9.5936259         428.88147    
      22    -14.538092         551.89804    
      22    -8.7180765         834.38869    
      23    -8.9471722         0.0000000    
      23    -44.210491         0.0000000    
      23     4.6122425         53.057216    
      23    -15.943761         186.02640    
      23    -381.17276         0.0000000    
      23    -9.6157694         428.60248    
      23    -14.601954         551.89894    
      23    -8.7464438         834.25879    
      24    -8.3948946         0.0000000    
      24    -46.197002         0.0000000    
      24     5.1425679         52.493552    
      24    -15.991871         186.01068    
      24    -382.63461         0.0000000    
      24    -9.6374022         428.32222    
      24    -14.665880         551.89986    
      24    -8.7747055         834.12834    
      25    -7.8788314         0.0000000    
      25    -48.143303         0.0000000    
      25     5.6697953         51.942915    
      25    -16.039794         185.99491    
      25    -384.09583         0.0000000    
      25    -9.6585189         428.04067    
      25    -14.729868         551.90077    
      25    -8.8028623         833.99733    
      26    -7.3929191         0.0000000    
      26    -50.053719         0.0000000    
      26     6.1930527         51.404292    
      26    -16.087532         185.97910    
      26    -385.55634         0.0000000    
      26    -9.6791135         427.75784    
      26    -14.793921         551.90169    
      26    -8.8309116         833.86578    
      27    -6.9324574         0.0000000    
      27     6.7116140         50.876655    
      27    -51.931511         0.0000000    
      27    -16.135086         185.96324    
      27    -387.01608         0.0000000    
      27    -9.6991851         427.47374    
      27    -14.858038         551.90262    
      27    -8.8588583         833.73368    
      28    -6.4937248         0.0000000    
      28     7.2248864         50.358989    
      28    -53.779217         0.0000000    
      28    -16.182459         185.94734    
      28    -388.47513         0.0000000    
      28    -9.7187228         427.18837    
      28    -14.922220         551.90356    
      28    -8.8866988         833.60103    
      29    -6.0737081         0.0000000    
      29     7.7323954         49.850293    
      29    -55.598911         0.0000000    
      29    -16.229653         185.93139    
      29    -389.93350         0.0000000    
      29    -9.7377221         426.90173    
      29    -14.986467         551.90450    
      29    -8.9144315         833.46784    
      30    -5.6699347         0.0000000    
      30     8.2337626         49.349607    
      30    -57.392307         0.0000000    
      30    -16.276667         185.91540    
      30    -391.39124         0.0000000    
      30    -9.7561740         426.61383    
      30    -15.050780         551.90544    
      30    -8.9420552         833.33409    
      31    -5.2803345         0.0000000    
      31     8.7287022         48.855997    
      31    -59.160919         0.0000000    
      31    -16.323506         185.89938    
      31    -392.84821         0.0000000    
      31    -9.7740752         426.32466    
      31    -15.115160         551.90639    
      31    -8.9695712         833.19979    
      32    -4.9031596         0.0000000    
      32     9.2169941         48.368579    
      32    -60.906067         0.0000000    
      32    -16.370170         185.88331    
      32    -394.30450         0.0000000    
      32    -9.7914230         426.03423    
      32    -15.179607         551.90734    
      32    -8.9969797         833.06494    
      33    -4.5369096         0.0000000    
      33     9.6984890         47.886505    
      33    -62.628952         0.0000000    
      33    -16.416660         185.86721    
      33    -395.76007         0.0000000    
      33    -9.8082092         425.74255    
      33    -15.244120         551.90830    
      33    -9.0242801         832.92955    
      34    -4.1802855         0.0000000    
      34     10.173085         47.408972    
      34    -64.330666         0.0000000    
      34    -16.462980         185.85107    
      34    -397.21503         0.0000000    
      34    -9.8244225         425.44961    
      34    -15.308702         551.90926    
      34    -9.0514673         832.79360    
      35    -3.8321519         0.0000000    
      35     10.640716         46.935221    
      35    -66.012238         0.0000000    
      35    -16.509131         185.83489    
      35    -398.66925         0.0000000    
      35    -9.8400644         425.15543    
      35    -15.373352         551.91023    
      35    -9.0785464         832.65710    
      36    -3.4915032         0.0000000    
      36     11.101354         46.464530    
      36    -67.674614         0.0000000    
      36    -16.555113         185.81868    
      36    -400.12277         0.0000000    
      36    -9.8551270         424.85999    
      36    -15.438071         551.91121    
      36    -9.1055157         832.52006    
      37    -3.1574411         0.0000000    
      37     11.554998         45.996213    
      37    -69.318703         0.0000000    
      37    -16.600930         185.80244    
      37    -401.57568         0.0000000    
      37    -9.8696003         424.56332    
      37    -15.502860         551.91219    
      37    -9.1323708         832.38246    
      38    -2.8291554         0.0000000    
      38     12.001665         45.529617    
      38    -70.945351         0.0000000    
      38    -16.646584         185.78616    
      38    -403.02786         0.0000000    
      38    -9.8834827         424.26540    
      38    -15.567719         551.91317    
      38    -9.1591141         832.24431    
      39    -2.5059175         0.0000000    
      39     12.441379         45.064131    
      39    -72.555336         0.0000000    
      39    -16.692075         185.76986    
      39    -404.47937         0.0000000    
      39    -9.8967659         423.96625    
      39    -15.632649         551.91416    
      39    -9.1857428         832.10561    
      40    -16.737406         185.75352    
