# Mowe_temp                                                                       
# Operating point sequence...
# i     t     alpha         Lift          Drag          CL            CD            CDi           CM            span eff.    
  1  1.000      -0.00000       0.00000       18.2543       0.00000      0.946076E-02  -0.00000       0.00000       0.00000    
  2  2.000       1.98920       265.341       20.3825      0.137520      0.105638E-01  0.127636E-02 -0.136398      0.962483    
  3  3.000       4.08600       545.565       27.2708      0.282753      0.141338E-01  0.540618E-02 -0.280019      0.962715    
  4  4.000       6.07530       812.415       38.3182      0.421055      0.198594E-01  0.120249E-01 -0.415981      0.963084    
  5  5.000       8.09140       1084.18       54.1659      0.561905      0.280729E-01  0.215090E-01 -0.553271      0.963576    
  6  6.000       10.0810       1347.60       74.1259      0.698430      0.384177E-01  0.334402E-01 -0.685240      0.963371    
  7  7.000       12.0700       1539.39       93.2676      0.797827      0.483384E-01  0.442746E-01 -0.783868      0.954921    
  8  8.000       14.1130       1646.23       114.306      0.853201      0.592420E-01  0.517730E-01 -0.842445      0.937923    
  9  9.000       15.0540       1681.79       127.132      0.871631      0.658894E-01  0.546044E-01 -0.862397      0.929605    
 10  10.00       15.9950       1712.70       142.646      0.887653      0.739298E-01  0.572109E-01 -0.879848      0.921407    
 11  11.00       18.0910       1771.41       188.274      0.918082      0.975779E-01  0.624935E-01 -0.913326      0.904028    
