 ..........................................................................................

 Mowe_temp                                                                       
 Op.Point:  2                                                  altitude :     0.000 Kft    

 Velocity:  20.00     1.0000   Heading:  0.000     deg      earth X:  0.000     1.0000 
 Beta    :  0.000     deg      Elev.  :  0.000     deg      earth Y:  0.000     1.0000 
 Alpha   :  3.000     deg      Bank   :  0.000     deg      earth Z:  0.000     1.0000 

 sum Mx  : 0.7400E-06 1.0000     Wx   :  0.000     deg/1.0   Wdotx :  0.000     deg/1.0
 sum My  : 0.1433E-02 1.0000     Wy   :  0.000     deg/1.0   Wdoty :  0.000     deg/1.0
 sum Mz  : 0.3303E-07 1.0000     Wz   :  0.000     deg/1.0   Wdotz :  0.000     deg/1.0

 sum Fx  : 0.7443E-01 1.0000     Ux   : -19.97     1.0000    Udotx :  0.000     1.0000 
 sum Fy  : 0.1113E-07 1.0000     Uy   :  0.000     1.0000    Udoty :  0.000     1.0000 
 sum Fz  :  8.707     1.0000     Uz   : -1.047     1.0000    Udotz :  0.000     1.0000 

  Flap 1 :  0.000              Flap 2 :  0.000              Flap 3 :  0.000            

 Lift    :  8.691     1.0000   Density:  1.226     1.0000  Ref.Area: 0.1546     1.0000 
 Weight  :  0.000     1.0000   Dyn.Pr.:  245.1     1.0000  Ref.Span:  1.000     1.0000 
 Load Fac:  1.000              VIAS   :  20.00     1.0000  Ref.Chrd: 0.1546     1.0000 
 Mach    : 0.5879E-01          VTAS   :  20.00     1.0000  MachPG  :  0.000            

 avg CL  :  0.2293             avg CD :   0.01399              L/D :   16.40
 Span Eff:  0.9963             avg CDi:   0.00261           avg Cm :  0.0002
 ..........................................................................................
 .............................................................

  Surface  Beam  1:  Foward Wing                                                     
                                                0      -1       0                                                       
      t     x-x0     y      z-z0   tw-tw0 Mc'/10  Ms'/10   Fn/10   chord     cl      cm   f_aero  f_reac  da_eff a_flap 
  ------- ------- ------- ------- ------- ------- ------- ------- ------- ------- ------- ------- ------- ------ ------ 
    -0.50    0.00   -0.50   -0.00   -0.00   0.000   0.000   0.000   0.005  0.4762  0.0000   0.063   0.000  -0.00   0.00 
    -0.50    0.00   -0.50   -0.00   -0.00   0.000   0.000  -0.000   0.020  0.4283  0.0000   0.714   0.000  -0.00   0.00 
    -0.49    0.00   -0.49    0.00    0.00   0.000   0.000  -0.005   0.041  0.2571  0.0000   1.940   0.000   0.00   0.00 
    -0.48    0.00   -0.48   -0.00    0.00   0.000   0.003  -0.029   0.061  0.2302  0.0000   3.119   0.000   0.00   0.00 
    -0.47    0.00   -0.47   -0.00    0.00   0.001   0.012  -0.081   0.080  0.2254  0.0000   4.201   0.000   0.00   0.00 
    -0.45    0.00   -0.45    0.00    0.00   0.003   0.030  -0.167   0.098  0.2245  0.0000   5.209   0.000   0.00   0.00 
    -0.42    0.00   -0.42    0.00    0.00   0.009   0.063  -0.293   0.114  0.2247  0.0000   6.141   0.000   0.00   0.00 
    -0.40    0.00   -0.40    0.00    0.00   0.019   0.114  -0.459   0.129  0.2252  0.0000   6.989   0.000   0.00   0.00 
    -0.37    0.00   -0.37    0.00    0.00   0.035   0.186  -0.664   0.142  0.2257  0.0000   7.750   0.000   0.00   0.00 
    -0.34    0.00   -0.34    0.00    0.00   0.059   0.279  -0.904   0.153  0.2262  0.0000   8.422   0.000   0.00   0.00 
    -0.31    0.00   -0.31    0.00    0.00   0.092   0.393  -1.175   0.163  0.2267  0.0000   9.007   0.000  -0.00   0.00 
    -0.27    0.00   -0.27    0.00   -0.00   0.134   0.526  -1.469   0.172  0.2271  0.0000   9.507   0.000  -0.00   0.00 
    -0.24    0.00   -0.24    0.00   -0.00   0.187   0.676  -1.780   0.179  0.2274  0.0000   9.928   0.000  -0.00   0.00 
    -0.21    0.00   -0.21    0.00    0.00   0.249   0.839  -2.103   0.185  0.2277  0.0000  10.275   0.000  -0.00   0.00 
    -0.18    0.00   -0.18    0.00   -0.00   0.320   1.013  -2.430   0.189  0.2279  0.0000  10.556   0.000  -0.00   0.00 
    -0.14    0.00   -0.14    0.00   -0.00   0.400   1.194  -2.758   0.193  0.2281  0.0000  10.777   0.000  -0.00   0.00 
    -0.11    0.00   -0.11   -0.00   -0.00   0.488   1.381  -3.085   0.196  0.2283  0.0000  10.945   0.000  -0.00   0.00 
    -0.08    0.00   -0.08    0.00    0.00   0.582   1.572  -3.407   0.198  0.2284  0.0000  11.065   0.000   0.00   0.00 
    -0.06    0.00   -0.06    0.00    0.00   0.684   1.767  -3.725   0.199  0.2285  0.0000  11.143   0.000   0.00   0.00 
    -0.03    0.00   -0.03    0.00   -0.00   0.792   1.966  -4.040   0.200  0.2285  0.0000  11.181   0.000  -0.00   0.00 
    -0.00    0.00    0.00    0.00    0.00   0.908   2.169  -4.353   0.200  0.2283  0.0000  11.181   0.000   0.00   0.00 
    -0.00    0.00   -0.00    0.00    0.00   0.908  -2.169   4.353   0.200  0.2285  0.0000  11.181   0.000  -0.00   0.00 
     0.03    0.00    0.03   -0.00   -0.00   0.792  -1.966   4.040   0.199  0.2285  0.0000  11.143   0.000  -0.00   0.00 
     0.06    0.00    0.06   -0.00   -0.00   0.684  -1.767   3.725   0.198  0.2284  0.0000  11.065   0.000  -0.00   0.00 
     0.08    0.00    0.08   -0.00   -0.00   0.582  -1.572   3.407   0.196  0.2283  0.0000  10.945   0.000  -0.00   0.00 
     0.11    0.00    0.11   -0.00   -0.00   0.488  -1.381   3.085   0.193  0.2281  0.0000  10.777   0.000  -0.00   0.00 
     0.14    0.00    0.14   -0.00    0.00   0.400  -1.194   2.758   0.189  0.2279  0.0000  10.556   0.000  -0.00   0.00 
     0.18    0.00    0.18   -0.00   -0.00   0.320  -1.013   2.430   0.185  0.2277  0.0000  10.275   0.000  -0.00   0.00 
     0.21    0.00    0.21   -0.00   -0.00   0.249  -0.839   2.103   0.179  0.2274  0.0000   9.928   0.000  -0.00   0.00 
     0.24    0.00    0.24   -0.00   -0.00   0.187  -0.676   1.780   0.172  0.2271  0.0000   9.507   0.000  -0.00   0.00 
     0.27    0.00    0.27   -0.00   -0.00   0.134  -0.526   1.469   0.163  0.2267  0.0000   9.007   0.000  -0.00   0.00 
     0.31    0.00    0.31   -0.00   -0.00   0.092  -0.393   1.175   0.153  0.2262  0.0000   8.422   0.000  -0.00   0.00 
     0.34    0.00    0.34   -0.00   -0.00   0.059  -0.279   0.904   0.142  0.2257  0.0000   7.750   0.000  -0.00   0.00 
     0.37    0.00    0.37   -0.00   -0.00   0.035  -0.186   0.664   0.129  0.2252  0.0000   6.990   0.000  -0.00   0.00 
     0.40    0.00    0.40   -0.00   -0.00   0.019  -0.114   0.459   0.114  0.2247  0.0000   6.141   0.000  -0.00   0.00 
     0.42    0.00    0.42   -0.00   -0.00   0.009  -0.063   0.293   0.098  0.2245  0.0000   5.209   0.000  -0.00   0.00 
     0.45    0.00    0.45   -0.00    0.00   0.003  -0.030   0.167   0.080  0.2254  0.0000   4.201   0.000   0.00   0.00 
     0.47    0.00    0.47   -0.00    0.00   0.001  -0.012   0.081   0.061  0.2302  0.0000   3.119   0.000   0.00   0.00 
     0.48    0.00    0.48   -0.00    0.00   0.000  -0.003   0.029   0.041  0.2571  0.0000   1.940   0.000   0.00   0.00 
     0.49    0.00    0.49   -0.00    0.00   0.000  -0.000   0.005   0.020  0.4283  0.0000   0.714   0.000   0.00   0.00 
     0.50    0.00    0.50   -0.00    0.00   0.000  -0.000   0.000   0.005  0.4762  0.0000   0.063   0.000   0.00   0.00 
     0.50    0.00    0.50   -0.00    0.00   0.000   0.000   0.000   0.000  0.0000  0.0000   0.000   0.000   0.00   0.00 
