# Mowe_temp                                                                       
# Operating point sequence...
# i     t     alpha         Lift          Drag          CL            CD            CDi           CM            span eff.    
  1  1.000      -6.00000      -569.232       19.5987     -0.554152      0.190795E-01  0.702324E-02 -0.197277E-03  0.987195    
  2  2.000      -5.75000      -545.362       18.6017     -0.530915      0.181089E-01  0.644641E-02 -0.182489E-03  0.987189    
  3  3.000      -5.50000      -521.513       17.6347     -0.507697      0.171675E-01  0.589475E-02 -0.168340E-03  0.987183    
  4  4.000      -5.25000      -497.681       16.6980     -0.484497      0.162556E-01  0.536818E-02 -0.154825E-03  0.987179    
  5  5.000      -5.00000      -473.867       15.7921     -0.461314      0.153737E-01  0.486661E-02 -0.141940E-03  0.987174    
  6  6.000      -4.75000      -450.070       14.9176     -0.438148      0.145224E-01  0.438999E-02 -0.129685E-03  0.987170    
  7  7.000      -4.50000      -426.289       14.0753     -0.414997      0.137024E-01  0.393824E-02 -0.118055E-03  0.987165    
  8  8.000      -4.25000      -402.523       13.2659     -0.391860      0.129145E-01  0.351129E-02 -0.107052E-03  0.987161    
  9  9.000      -4.00000      -378.771       12.4904     -0.368738      0.121595E-01  0.310907E-02 -0.966591E-04  0.987157    
 10  10.00      -3.75000      -355.033       11.7497     -0.345628      0.114384E-01  0.273153E-02 -0.868693E-04  0.987154    
 11  11.00      -3.50000      -331.307       11.0448     -0.322531      0.107522E-01  0.237861E-02 -0.776693E-04  0.987150    
 12  12.00      -3.25000      -307.593       10.3767     -0.299445      0.101018E-01  0.205026E-02 -0.690402E-04  0.987147    
 13  13.00      -3.00000      -283.890       9.74639     -0.276369      0.948820E-02  0.174642E-02 -0.609628E-04  0.987144    
 14  14.00      -2.75000      -260.196       9.15499     -0.253303      0.891247E-02  0.146706E-02 -0.534014E-04  0.987142    
 15  15.00      -2.50000      -236.512       8.60343     -0.230246      0.837552E-02  0.121213E-02 -0.463342E-04  0.987140    
 16  16.00      -2.25000      -212.835       8.09268     -0.207197      0.787830E-02  0.981597E-03 -0.397206E-04  0.987137    
 17  17.00      -2.00000      -189.167       7.62360     -0.184156      0.742165E-02  0.775419E-03 -0.335234E-04  0.987135    
 18  18.00      -1.75000      -165.504       7.19701     -0.161120      0.700635E-02  0.593570E-03 -0.276955E-04  0.987133    
 19  19.00      -1.50000      -141.848       6.81361     -0.138090      0.663311E-02  0.436022E-03 -0.221907E-04  0.987132    
 20  20.00      -1.25000      -118.196       6.47402     -0.115065      0.630252E-02  0.302752E-03 -0.169570E-04  0.987130    
 21  21.00      -1.00000      -94.5484       6.17875     -0.920438E-01  0.601507E-02  0.193739E-03 -0.119388E-04  0.987129    
 22  22.00     -0.750000      -70.9040       5.92818     -0.690257E-01  0.577114E-02  0.108969E-03 -0.708061E-05  0.987128    
 23  23.00     -0.500000      -47.2620       5.72257     -0.460100E-01  0.557097E-02  0.484276E-04 -0.232376E-05  0.987128    
 24  24.00     -0.250000      -23.6215       5.56205     -0.229957E-01  0.541471E-02  0.121065E-04  0.239112E-05  0.987127    
 25  25.00      -0.00000      0.182484E-01   5.44662      0.177650E-04  0.530234E-02  0.110142E-41  0.712464E-05  0.907667E-02
 26  26.00      0.250000       23.6581       5.37615      0.230313E-01  0.523373E-02  0.121065E-04  0.119361E-04  0.987127    
 27  27.00      0.500000       47.2988       5.35038      0.460458E-01  0.520864E-02  0.484276E-04  0.168847E-04  0.987128    
 28  28.00      0.750000       70.9412       5.36892      0.690619E-01  0.522669E-02  0.108969E-03  0.220277E-04  0.987128    
 29  29.00       1.00000       94.5862       5.43126      0.920805E-01  0.528738E-02  0.193740E-03  0.274199E-04  0.987129    
 30  30.00       1.25000       118.235       5.53679      0.115102      0.539012E-02  0.302752E-03  0.331137E-04  0.987130    
 31  31.00       1.50000       141.887       5.68480      0.138128      0.553421E-02  0.436022E-03  0.391596E-04  0.987131    
 32  32.00       1.75000       165.545       5.87448      0.161159      0.571886E-02  0.593570E-03  0.456022E-04  0.987133    
 33  33.00       2.00000       189.208       6.10495      0.184196      0.594323E-02  0.775419E-03  0.524828E-04  0.987135    
 34  34.00       2.25000       212.878       6.37527      0.207239      0.620638E-02  0.981597E-03  0.598396E-04  0.987137    
 35  35.00       2.50000       236.556       6.68445      0.230289      0.650737E-02  0.121213E-02  0.677037E-04  0.987139    
 36  36.00       2.75000       260.242       7.03148      0.253348      0.684521E-02  0.146706E-02  0.761055E-04  0.987142    
 37  37.00       3.00000       283.937       7.41533      0.276415      0.721889E-02  0.174642E-02  0.850671E-04  0.987144    
 38  38.00       3.25000       307.642       7.83497      0.299493      0.762741E-02  0.205026E-02  0.946100E-04  0.987147    
 39  39.00       3.50000       331.358       8.28936      0.322580      0.806977E-02  0.237861E-02  0.104750E-03  0.987150    
 40  40.00       3.75000       355.086       8.77759      0.345680      0.854506E-02  0.273153E-02  0.115499E-03  0.987154    
 41  41.00       4.00000       378.827       9.29872      0.368791      0.905239E-02  0.310907E-02  0.126863E-03  0.987157    
 42  42.00       4.25000       402.580       9.85196      0.391916      0.959098E-02  0.351129E-02  0.138851E-03  0.987161    
 43  43.00       4.50000       426.349       10.4365      0.415054      0.101601E-01  0.393824E-02  0.151467E-03  0.987165    
 44  44.00       4.75000       450.132       11.0518      0.438208      0.107591E-01  0.438999E-02  0.164715E-03  0.987170    
 45  45.00       5.00000       473.932       11.6973      0.461377      0.113875E-01  0.486661E-02  0.178602E-03  0.987174    
 46  46.00       5.25000       497.748       12.3726      0.484562      0.120448E-01  0.536817E-02  0.193118E-03  0.987179    
 47  47.00       5.50000       521.582       13.0774      0.507765      0.127310E-01  0.589475E-02  0.208278E-03  0.987183    
 48  48.00       5.75000       545.434       13.8116      0.530985      0.134457E-01  0.644641E-02  0.224090E-03  0.987189    
 49  49.00       6.00000       569.306       14.5752      0.554225      0.141891E-01  0.702325E-02  0.240551E-03  0.987195    
 50  50.00       6.25000       593.198       15.3683      0.577484      0.149612E-01  0.762533E-02  0.257684E-03  0.987200    
 51  51.00       6.50000       617.110       16.1912      0.600763      0.157623E-01  0.825275E-02  0.275497E-03  0.987205    
 52  52.00       6.75000       641.044       17.0445      0.624062      0.165929E-01  0.890559E-02  0.294017E-03  0.987211    
 53  53.00       7.00000       664.998       17.9285      0.647382      0.174536E-01  0.958392E-02  0.313274E-03  0.987217    
 54  54.00       7.25000       688.974       18.8441      0.670723      0.183449E-01  0.102878E-01  0.333285E-03  0.987222    
 55  55.00       7.50000       712.970       19.7919      0.694083      0.192676E-01  0.110173E-01  0.354100E-03  0.987228    
 56  56.00       7.75000       736.983       20.7727      0.717460      0.202225E-01  0.117724E-01  0.375757E-03  0.987232    
 57  57.00       8.00000       761.010       21.7875      0.740850      0.212103E-01  0.125530E-01  0.398300E-03  0.987234    
 58  58.00       8.25000       785.044       22.8370      0.764248      0.222320E-01  0.133590E-01  0.421789E-03  0.987234    
 59  59.00       8.50000       809.074       23.9217      0.787641      0.232880E-01  0.141901E-01  0.446281E-03  0.987230    
 60  60.00       8.75000       833.081       25.0425      0.811012      0.243791E-01  0.150456E-01  0.471834E-03  0.987220    
 61  61.00       9.00000       857.036       26.1992      0.834333      0.255052E-01  0.159244E-01  0.498523E-03  0.987199    
 62  62.00       9.25000       880.893       27.3914      0.857557      0.266658E-01  0.168247E-01  0.526422E-03  0.987164    
 63  63.00       9.50000       904.580       28.6176      0.880617      0.278595E-01  0.177437E-01  0.555623E-03  0.987105    
 64  64.00       9.75000       927.991       29.8721      0.903408      0.290808E-01  0.186768E-01  0.586194E-03  0.987013    
 65  65.00       10.0000       950.980       31.1489      0.925788      0.303238E-01  0.196174E-01  0.618245E-03  0.986873    
 66  66.00       10.2500       973.352       32.4452      0.947567      0.315857E-01  0.205568E-01  0.651958E-03  0.986667    
 67  67.00       10.5000       994.881       33.7536      0.968526      0.328595E-01  0.214838E-01  0.687566E-03  0.986376    
 68  68.00       10.7500       1015.33       35.0673      0.988434      0.341383E-01  0.223862E-01  0.725378E-03  0.985989    
 69  69.00       11.0000       1034.50       36.3811       1.00709      0.354173E-01  0.232522E-01  0.765809E-03  0.985502    
 70  70.00       11.2500       1052.24       37.6936       1.02437      0.366951E-01  0.240722E-01  0.809375E-03  0.984925    
 71  71.00       11.5000       1068.49       39.0076       1.04019      0.379743E-01  0.248392E-01  0.856686E-03  0.984283    
 72  72.00       11.7500       1083.26       40.3295       1.05457      0.392611E-01  0.255500E-01  0.908419E-03  0.983603    
 73  73.00       12.0000       1096.62       41.6690       1.06757      0.405652E-01  0.262038E-01  0.965294E-03  0.982919    
 74  74.00       11.0000       1034.50       36.3811       1.00709      0.354173E-01  0.232522E-01  0.765809E-03  0.985502    
 75  75.00       11.2500       1052.24       37.6936       1.02437      0.366951E-01  0.240722E-01  0.809375E-03  0.984925    
 76  76.00       11.5000       1068.49       39.0076       1.04019      0.379743E-01  0.248392E-01  0.856686E-03  0.984283    
 77  77.00       11.7500       1083.26       40.3295       1.05457      0.392611E-01  0.255500E-01  0.908419E-03  0.983603    
 78  78.00       12.0000       1096.62       41.6690       1.06757      0.405652E-01  0.262038E-01  0.965294E-03  0.982919    
 79  79.00       11.0000       1034.50       36.3811       1.00709      0.354173E-01  0.232522E-01  0.765809E-03  0.985502    
 80  80.00       11.2500       1052.24       37.6936       1.02437      0.366951E-01  0.240722E-01  0.809375E-03  0.984925    
 81  81.00       11.5000       1068.49       39.0076       1.04019      0.379743E-01  0.248392E-01  0.856686E-03  0.984283    
 82  82.00       11.7500       1083.26       40.3295       1.05457      0.392611E-01  0.255500E-01  0.908419E-03  0.983603    
 83  83.00       12.0000       1096.62       41.6690       1.06757      0.405652E-01  0.262038E-01  0.965294E-03  0.982919    
 84  84.00       11.0000       1034.50       36.3811       1.00709      0.354173E-01  0.232522E-01  0.765809E-03  0.985502    
 85  85.00       11.2500       1052.24       37.6936       1.02437      0.366951E-01  0.240722E-01  0.809375E-03  0.984925    
 86  86.00       11.5000       1068.49       39.0076       1.04019      0.379743E-01  0.248392E-01  0.856686E-03  0.984283    
 87  87.00       11.7500       1083.26       40.3295       1.05457      0.392611E-01  0.255500E-01  0.908419E-03  0.983603    
 88  88.00       12.0000       1096.62       41.6690       1.06757      0.405652E-01  0.262038E-01  0.965294E-03  0.982919    
 89  89.00       11.2500       1052.24       37.6936       1.02437      0.366951E-01  0.240722E-01  0.809375E-03  0.984925    
 90  90.00       11.5000       1068.49       39.0076       1.04019      0.379743E-01  0.248392E-01  0.856686E-03  0.984283    
 91  91.00       11.7500       1083.26       40.3295       1.05457      0.392611E-01  0.255500E-01  0.908419E-03  0.983603    
 92  92.00       12.0000       1096.62       41.6690       1.06757      0.405652E-01  0.262038E-01  0.965294E-03  0.982919    
 93  93.00       12.2500       1108.67       43.0383       1.07930      0.418982E-01  0.268026E-01  0.102808E-02  0.982256    
 94  94.00       12.5000       1119.53       44.4509       1.08988      0.432733E-01  0.273498E-01  0.109757E-02  0.981634    
 95  95.00       12.7500       1129.35       45.9214       1.09944      0.447049E-01  0.278499E-01  0.117459E-02  0.981062    
 96  96.00       13.0000       1138.26       47.4645       1.10810      0.462071E-01  0.283077E-01  0.126000E-02  0.980545    
 97  97.00       13.2500       1146.36       49.0957       1.11600      0.477951E-01  0.287281E-01  0.135473E-02  0.980084    
 98  98.00       13.5000       1153.78       50.8307       1.12322      0.494842E-01  0.291156E-01  0.145985E-02  0.979671    
 99  99.00       13.7500       1160.60       52.6863       1.12986      0.512906E-01  0.294742E-01  0.157647E-02  0.979308    
100  100.0       14.0000       1166.90       54.6804       1.13599      0.532319E-01  0.298075E-01  0.170592E-02  0.978987    
101  101.0       14.2500       1172.75       56.8329       1.14168      0.553274E-01  0.301187E-01  0.184973E-02  0.978702    
102  102.0       14.5000       1178.21       59.1660       1.14699      0.575987E-01  0.304105E-01  0.200966E-02  0.978449    
103  103.0       14.7500       1183.31       61.7048       1.15197      0.600702E-01  0.306851E-01  0.218776E-02  0.978226    
104  104.0       15.0000       1188.12       64.4781       1.15664      0.627700E-01  0.309445E-01  0.238644E-02  0.978028    
105  105.0       15.2500       1192.64       67.5185       1.16105      0.657299E-01  0.311904E-01  0.260849E-02  0.977850    
106  106.0       15.5000       1196.93       70.8474       1.16522      0.689706E-01  0.314243E-01  0.285677E-02  0.977692    
107  107.0       15.7500       1201.00       74.4982       1.16918      0.725247E-01  0.316473E-01  0.313392E-02  0.977550    
108  108.0       16.0000       1204.87       77.8534       1.17296      0.757910E-01  0.318607E-01  0.339513E-02  0.977423    
109  109.0       16.2500       1208.58       81.0856       1.17656      0.789376E-01  0.320654E-01  0.365222E-02  0.977309    
110  110.0       16.5000       1212.13       84.3362       1.18002      0.821021E-01  0.322621E-01  0.391684E-02  0.977207    
111  111.0       16.7500       1215.54       87.4182       1.18334      0.851024E-01  0.324516E-01  0.417657E-02  0.977115    
112  112.0       17.0000       1218.84       89.9857       1.18655      0.876020E-01  0.326345E-01  0.441245E-02  0.977031    
