S7075 (9%)
    1.000000       0.000000    
   0.9988807      0.1742238E-03
   0.9975380      0.3963783E-03
   0.9961343      0.6425803E-03
   0.9946640      0.9122660E-03
   0.9931226      0.1203756E-02
   0.9915081      0.1514048E-02
   0.9898220      0.1840987E-02
   0.9880681      0.2183162E-02
   0.9862510      0.2538720E-02
   0.9843755      0.2905490E-02
   0.9824461      0.3281315E-02
   0.9804666      0.3665177E-02
   0.9784410      0.4056641E-02
   0.9763742      0.4455251E-02
   0.9742714      0.4860558E-02
   0.9721376      0.5272168E-02
   0.9699781      0.5689718E-02
   0.9677971      0.6112605E-02
   0.9655989      0.6540184E-02
   0.9633872      0.6971902E-02
   0.9611648      0.7407341E-02
   0.9589339      0.7846223E-02
   0.9566958      0.8288445E-02
   0.9544510      0.8734006E-02
   0.9521994      0.9182780E-02
   0.9499412      0.9634594E-02
   0.9476765      0.1008925E-01
   0.9454055      0.1054653E-01
   0.9431286      0.1100619E-01
   0.9408464      0.1146797E-01
   0.9385591      0.1193158E-01
   0.9362677      0.1239674E-01
   0.9339727      0.1286325E-01
   0.9316748      0.1333094E-01
   0.9293744      0.1379964E-01
   0.9270722      0.1426918E-01
   0.9247686      0.1473941E-01
   0.9224641      0.1521020E-01
   0.9201589      0.1568142E-01
   0.9178532      0.1615296E-01
   0.9155477      0.1662469E-01
   0.9132421      0.1709650E-01
   0.9109368      0.1756827E-01
   0.9086319      0.1803988E-01
   0.9063278      0.1851122E-01
   0.9040242      0.1898217E-01
   0.9017214      0.1945263E-01
   0.8994196      0.1992251E-01
   0.8971188      0.2039169E-01
   0.8948190      0.2086010E-01
   0.8925202      0.2132764E-01
   0.8902227      0.2179423E-01
   0.8879263      0.2225979E-01
   0.8856312      0.2272423E-01
   0.8833374      0.2318746E-01
   0.8810451      0.2364940E-01
   0.8787543      0.2410995E-01
   0.8764651      0.2456903E-01
   0.8741777      0.2502653E-01
   0.8718922      0.2548237E-01
   0.8696087      0.2593644E-01
   0.8673274      0.2638865E-01
   0.8650483      0.2683886E-01
   0.8627714      0.2728699E-01
   0.8604967      0.2773295E-01
   0.8582243      0.2817665E-01
   0.8559538      0.2861804E-01
   0.8536851      0.2905704E-01
   0.8514180      0.2949362E-01
   0.8491521      0.2992773E-01
   0.8468872      0.3035935E-01
   0.8446229      0.3078846E-01
   0.8423585      0.3121506E-01
   0.8400940      0.3163924E-01
   0.8378287      0.3206113E-01
   0.8355624      0.3248082E-01
   0.8332950      0.3289841E-01
   0.8310263      0.3331395E-01
   0.8287561      0.3372753E-01
   0.8264846      0.3413918E-01
   0.8242117      0.3454894E-01
   0.8219375      0.3495684E-01
   0.8196624      0.3536288E-01
   0.8173864      0.3576706E-01
   0.8151101      0.3616938E-01
   0.8128339      0.3656976E-01
   0.8105580      0.3696807E-01
   0.8082828      0.3736415E-01
   0.8060085      0.3775790E-01
   0.8037354      0.3814919E-01
   0.8014637      0.3853790E-01
   0.7991935      0.3892395E-01
   0.7969249      0.3930724E-01
   0.7946579      0.3968767E-01
   0.7923927      0.4006520E-01
   0.7901289      0.4043973E-01
   0.7878668      0.4081123E-01
   0.7856060      0.4117961E-01
   0.7833465      0.4154487E-01
   0.7810881      0.4190700E-01
   0.7788305      0.4226603E-01
   0.7765736      0.4262197E-01
   0.7743173      0.4297482E-01
   0.7720612      0.4332462E-01
   0.7698053      0.4367137E-01
   0.7675493      0.4401509E-01
   0.7652931      0.4435580E-01
   0.7630363      0.4469350E-01
   0.7607787      0.4502822E-01
   0.7585203      0.4535997E-01
   0.7562607      0.4568875E-01
   0.7539997      0.4601459E-01
   0.7517369      0.4633752E-01
   0.7494725      0.4665764E-01
   0.7472059      0.4697505E-01
   0.7449371      0.4728987E-01
   0.7426660      0.4760217E-01
   0.7403925      0.4791205E-01
   0.7381166      0.4821961E-01
   0.7358383      0.4852491E-01
   0.7335576      0.4882803E-01
   0.7312745      0.4912905E-01
   0.7289892      0.4942803E-01
   0.7267017      0.4972505E-01
   0.7244123      0.5002015E-01
   0.7221212      0.5031339E-01
   0.7198285      0.5060483E-01
   0.7175347      0.5089445E-01
   0.7152399      0.5118222E-01
   0.7129443      0.5146811E-01
   0.7106480      0.5175211E-01
   0.7083514      0.5203416E-01
   0.7060543      0.5231427E-01
   0.7037572      0.5259242E-01
   0.7014599      0.5286860E-01
   0.6991624      0.5314280E-01
   0.6968650      0.5341500E-01
   0.6945676      0.5368523E-01
   0.6922700      0.5395346E-01
   0.6899724      0.5421971E-01
   0.6876746      0.5448398E-01
   0.6853765      0.5474628E-01
   0.6830781      0.5500665E-01
   0.6807790      0.5526511E-01
   0.6784796      0.5552168E-01
   0.6761795      0.5577641E-01
   0.6738787      0.5602931E-01
   0.6715772      0.5628041E-01
   0.6692748      0.5652974E-01
   0.6669718      0.5677730E-01
   0.6646679      0.5702314E-01
   0.6623632      0.5726725E-01
   0.6600578      0.5750967E-01
   0.6577516      0.5775041E-01
   0.6554449      0.5798947E-01
   0.6531374      0.5822688E-01
   0.6508294      0.5846266E-01
   0.6485208      0.5869679E-01
   0.6462119      0.5892927E-01
   0.6439025      0.5916009E-01
   0.6415930      0.5938924E-01
   0.6392832      0.5961672E-01
   0.6369731      0.5984251E-01
   0.6346630      0.6006662E-01
   0.6323527      0.6028904E-01
   0.6300424      0.6050975E-01
   0.6277320      0.6072877E-01
   0.6254216      0.6094608E-01
   0.6231112      0.6116168E-01
   0.6208008      0.6137557E-01
   0.6184903      0.6158775E-01
   0.6161798      0.6179823E-01
   0.6138694      0.6200698E-01
   0.6115589      0.6221403E-01
   0.6092482      0.6241936E-01
   0.6069376      0.6262297E-01
   0.6046270      0.6282488E-01
   0.6023161      0.6302506E-01
   0.6000053      0.6322354E-01
   0.5976944      0.6342030E-01
   0.5953832      0.6361534E-01
   0.5930721      0.6380866E-01
   0.5907607      0.6400026E-01
   0.5884492      0.6419016E-01
   0.5861377      0.6437831E-01
   0.5838258      0.6456476E-01
   0.5815139      0.6474947E-01
   0.5792018      0.6493247E-01
   0.5768895      0.6511373E-01
   0.5745770      0.6529328E-01
   0.5722644      0.6547111E-01
   0.5699515      0.6564721E-01
   0.5676386      0.6582158E-01
   0.5653254      0.6599425E-01
   0.5630121      0.6616518E-01
   0.5606986      0.6633440E-01
   0.5583849      0.6650190E-01
   0.5560712      0.6666768E-01
   0.5537572      0.6683174E-01
   0.5514432      0.6699409E-01
   0.5491291      0.6715471E-01
   0.5468149      0.6731361E-01
   0.5445007      0.6747080E-01
   0.5421864      0.6762625E-01
   0.5398722      0.6778000E-01
   0.5375580      0.6793200E-01
   0.5352439      0.6808227E-01
   0.5329298      0.6823077E-01
   0.5306158      0.6837750E-01
   0.5283020      0.6852245E-01
   0.5259882      0.6866562E-01
   0.5236747      0.6880698E-01
   0.5213612      0.6894653E-01
   0.5190480      0.6908426E-01
   0.5167350      0.6922014E-01
   0.5144220      0.6935419E-01
   0.5121093      0.6948639E-01
   0.5097969      0.6961671E-01
   0.5074845      0.6974515E-01
   0.5051724      0.6987172E-01
   0.5028605      0.6999640E-01
   0.5005488      0.7011917E-01
   0.4982372      0.7024003E-01
   0.4959258      0.7035898E-01
   0.4936146      0.7047600E-01
   0.4913035      0.7059109E-01
   0.4889927      0.7070426E-01
   0.4866819      0.7081547E-01
   0.4843712      0.7092475E-01
   0.4820607      0.7103207E-01
   0.4797501      0.7113743E-01
   0.4774397      0.7124082E-01
   0.4751294      0.7134223E-01
   0.4728190      0.7144166E-01
   0.4705086      0.7153911E-01
   0.4681983      0.7163456E-01
   0.4658878      0.7172801E-01
   0.4635773      0.7181947E-01
   0.4612667      0.7190893E-01
   0.4589560      0.7199638E-01
   0.4566451      0.7208184E-01
   0.4543341      0.7216532E-01
   0.4520230      0.7224678E-01
   0.4497118      0.7232626E-01
   0.4474005      0.7240374E-01
   0.4450891      0.7247923E-01
   0.4427776      0.7255273E-01
   0.4404662      0.7262422E-01
   0.4381547      0.7269372E-01
   0.4358434      0.7276123E-01
   0.4335321      0.7282674E-01
   0.4312210      0.7289026E-01
   0.4289102      0.7295177E-01
   0.4265996      0.7301126E-01
   0.4242894      0.7306872E-01
   0.4219796      0.7312413E-01
   0.4196702      0.7317746E-01
   0.4173613      0.7322866E-01
   0.4150529      0.7327776E-01
   0.4127450      0.7332472E-01
   0.4104376      0.7336950E-01
   0.4081308      0.7341209E-01
   0.4058245      0.7345250E-01
   0.4035187      0.7349066E-01
   0.4012134      0.7352660E-01
   0.3989086      0.7356027E-01
   0.3966042      0.7359164E-01
   0.3943003      0.7362073E-01
   0.3919967      0.7364748E-01
   0.3896934      0.7367191E-01
   0.3873903      0.7369401E-01
   0.3850877      0.7371376E-01
   0.3827851      0.7373118E-01
   0.3804827      0.7374622E-01
   0.3781806      0.7375891E-01
   0.3758786      0.7376923E-01
   0.3735768      0.7377718E-01
   0.3712752      0.7378272E-01
   0.3689738      0.7378589E-01
   0.3666725      0.7378666E-01
   0.3643715      0.7378502E-01
   0.3620708      0.7378097E-01
   0.3597704      0.7377449E-01
   0.3574702      0.7376560E-01
   0.3551705      0.7375427E-01
   0.3528712      0.7374047E-01
   0.3505722      0.7372419E-01
   0.3482739      0.7370542E-01
   0.3459760      0.7368414E-01
   0.3436787      0.7366033E-01
   0.3413819      0.7363395E-01
   0.3390858      0.7360502E-01
   0.3367901      0.7357350E-01
   0.3344951      0.7353937E-01
   0.3322006      0.7350262E-01
   0.3299068      0.7346322E-01
   0.3276135      0.7342116E-01
   0.3253207      0.7337641E-01
   0.3230284      0.7332896E-01
   0.3207367      0.7327880E-01
   0.3184454      0.7322591E-01
   0.3161545      0.7317027E-01
   0.3138642      0.7311188E-01
   0.3115742      0.7305072E-01
   0.3092847      0.7298677E-01
   0.3069956      0.7292002E-01
   0.3047070      0.7285047E-01
   0.3024187      0.7277811E-01
   0.3001310      0.7270290E-01
   0.2978438      0.7262485E-01
   0.2955571      0.7254395E-01
   0.2932709      0.7246019E-01
   0.2909854      0.7237355E-01
   0.2887004      0.7228401E-01
   0.2864161      0.7219157E-01
   0.2841326      0.7209620E-01
   0.2818498      0.7199787E-01
   0.2795678      0.7189658E-01
   0.2772866      0.7179226E-01
   0.2750064      0.7168493E-01
   0.2727270      0.7157452E-01
   0.2704486      0.7146104E-01
   0.2681711      0.7134446E-01
   0.2658946      0.7122473E-01
   0.2636190      0.7110186E-01
   0.2613446      0.7097579E-01
   0.2590711      0.7084652E-01
   0.2567986      0.7071402E-01
   0.2545272      0.7057826E-01
   0.2522568      0.7043920E-01
   0.2499874      0.7029682E-01
   0.2477191      0.7015108E-01
   0.2454519      0.7000196E-01
   0.2431857      0.6984943E-01
   0.2409208      0.6969346E-01
   0.2386569      0.6953402E-01
   0.2363942      0.6937107E-01
   0.2341328      0.6920458E-01
   0.2318725      0.6903454E-01
   0.2296136      0.6886091E-01
   0.2273559      0.6868366E-01
   0.2250996      0.6850278E-01
   0.2228447      0.6831823E-01
   0.2205912      0.6812996E-01
   0.2183393      0.6793796E-01
   0.2160889      0.6774216E-01
   0.2138400      0.6754255E-01
   0.2115927      0.6733906E-01
   0.2093470      0.6713169E-01
   0.2071029      0.6692036E-01
   0.2048604      0.6670507E-01
   0.2026195      0.6648574E-01
   0.2003803      0.6626235E-01
   0.1981426      0.6603487E-01
   0.1959066      0.6580324E-01
   0.1936722      0.6556743E-01
   0.1914393      0.6532738E-01
   0.1892079      0.6508309E-01
   0.1869782      0.6483448E-01
   0.1847500      0.6458154E-01
   0.1825236      0.6432422E-01
   0.1802988      0.6406251E-01
   0.1780760      0.6379636E-01
   0.1758549      0.6352577E-01
   0.1736358      0.6325070E-01
   0.1714189      0.6297112E-01
   0.1692042      0.6268702E-01
   0.1669919      0.6239840E-01
   0.1647821      0.6210520E-01
   0.1625750      0.6180738E-01
   0.1603708      0.6150484E-01
   0.1581695      0.6119754E-01
   0.1559714      0.6088541E-01
   0.1537765      0.6056837E-01
   0.1515850      0.6024636E-01
   0.1493969      0.5991931E-01
   0.1472123      0.5958715E-01
   0.1450314      0.5924983E-01
   0.1428540      0.5890726E-01
   0.1406805      0.5855937E-01
   0.1385107      0.5820610E-01
   0.1363449      0.5784737E-01
   0.1341828      0.5748307E-01
   0.1320248      0.5711316E-01
   0.1298709      0.5673753E-01
   0.1277210      0.5635611E-01
   0.1255753      0.5596884E-01
   0.1234338      0.5557562E-01
   0.1212966      0.5517638E-01
   0.1191637      0.5477106E-01
   0.1170353      0.5435959E-01
   0.1149113      0.5394188E-01
   0.1127919      0.5351786E-01
   0.1106773      0.5308745E-01
   0.1085676      0.5265060E-01
   0.1064629      0.5220724E-01
   0.1043635      0.5175732E-01
   0.1022698      0.5130084E-01
   0.1001819      0.5083774E-01
   0.9810030E-01  0.5036804E-01
   0.9602524E-01  0.4989172E-01
   0.9395707E-01  0.4940880E-01
   0.9189621E-01  0.4891923E-01
   0.8984320E-01  0.4842294E-01
   0.8779850E-01  0.4791983E-01
   0.8576250E-01  0.4740984E-01
   0.8373576E-01  0.4689291E-01
   0.8171878E-01  0.4636901E-01
   0.7971201E-01  0.4583810E-01
   0.7771593E-01  0.4530015E-01
   0.7573100E-01  0.4475517E-01
   0.7375781E-01  0.4420319E-01
   0.7179681E-01  0.4364417E-01
   0.6984857E-01  0.4307806E-01
   0.6791376E-01  0.4250487E-01
   0.6599304E-01  0.4192462E-01
   0.6408700E-01  0.4133733E-01
   0.6219631E-01  0.4074308E-01
   0.6032174E-01  0.4014201E-01
   0.5846383E-01  0.3953420E-01
   0.5662337E-01  0.3891984E-01
   0.5480101E-01  0.3829907E-01
   0.5299779E-01  0.3767210E-01
   0.5121497E-01  0.3703924E-01
   0.4945421E-01  0.3640103E-01
   0.4771722E-01  0.3575807E-01
   0.4600596E-01  0.3511114E-01
   0.4432229E-01  0.3446107E-01
   0.4266811E-01  0.3380879E-01
   0.4104531E-01  0.3315529E-01
   0.3945563E-01  0.3250139E-01
   0.3790097E-01  0.3184770E-01
   0.3638304E-01  0.3119484E-01
   0.3490319E-01  0.3054346E-01
   0.3346267E-01  0.2989430E-01
   0.3206231E-01  0.2924803E-01
   0.3070258E-01  0.2860527E-01
   0.2938380E-01  0.2796669E-01
   0.2810585E-01  0.2733281E-01
   0.2686850E-01  0.2670414E-01
   0.2567176E-01  0.2608135E-01
   0.2451569E-01  0.2546519E-01
   0.2340020E-01  0.2485641E-01
   0.2232524E-01  0.2425580E-01
   0.2129043E-01  0.2366406E-01
   0.2029529E-01  0.2308186E-01
   0.1933895E-01  0.2250964E-01
   0.1842058E-01  0.2194786E-01
   0.1753906E-01  0.2139682E-01
   0.1669334E-01  0.2085635E-01
   0.1588275E-01  0.2032596E-01
   0.1510651E-01  0.1980519E-01
   0.1436373E-01  0.1929369E-01
   0.1365343E-01  0.1879116E-01
   0.1297452E-01  0.1829734E-01
   0.1232576E-01  0.1781194E-01
   0.1170596E-01  0.1733473E-01
   0.1111397E-01  0.1686556E-01
   0.1054852E-01  0.1640421E-01
   0.1000824E-01  0.1595036E-01
   0.9491970E-02  0.1550386E-01
   0.8998624E-02  0.1506442E-01
   0.8527596E-02  0.1463204E-01
   0.8077951E-02  0.1420640E-01
   0.7648710E-02  0.1378716E-01
   0.7239026E-02  0.1337406E-01
   0.6847945E-02  0.1296673E-01
   0.6474665E-02  0.1256490E-01
   0.6118298E-02  0.1216819E-01
   0.5778034E-02  0.1177626E-01
   0.5453224E-02  0.1138891E-01
   0.5143146E-02  0.1100581E-01
   0.4847091E-02  0.1062662E-01
   0.4564506E-02  0.1025113E-01
   0.4294848E-02  0.9879125E-02
   0.4037546E-02  0.9510367E-02
   0.3791762E-02  0.9144519E-02
   0.3557013E-02  0.8781830E-02
   0.3332525E-02  0.8422034E-02
   0.3117815E-02  0.8065251E-02
   0.2912481E-02  0.7711693E-02
   0.2715966E-02  0.7361255E-02
   0.2527968E-02  0.7014240E-02
   0.2348084E-02  0.6670734E-02
   0.2175985E-02  0.6330927E-02
   0.2011355E-02  0.5995002E-02
   0.1853786E-02  0.5662921E-02
   0.1703045E-02  0.5334965E-02
   0.1558854E-02  0.5011304E-02
   0.1420855E-02  0.4691881E-02
   0.1288844E-02  0.4376966E-02
   0.1162491E-02  0.4066488E-02
   0.1041612E-02  0.3760605E-02
   0.9264693E-03  0.3459447E-02
   0.8175416E-03  0.3163071E-02
   0.7151897E-03  0.2871391E-02
   0.6197087E-03  0.2584294E-02
   0.5313743E-03  0.2301755E-02
   0.4503437E-03  0.2023498E-02
   0.3767496E-03  0.1749224E-02
   0.3107665E-03  0.1478849E-02
   0.2524930E-03  0.1212043E-02
   0.2020530E-03  0.9485771E-03
   0.1595524E-03  0.6880936E-03
   0.1251455E-03  0.4304615E-03
   0.9895398E-04  0.1751872E-03
   0.8117474E-04 -0.7775531E-04
   0.7198844E-04 -0.3288711E-03
   0.7163319E-04 -0.5783136E-03
   0.8037897E-04 -0.8264748E-03
   0.9854404E-04 -0.1073629E-02
   0.1265090E-03 -0.1320169E-02
   0.1645141E-03 -0.1566297E-02
   0.2124314E-03 -0.1812062E-02
   0.2701590E-03 -0.2057602E-02
   0.3376621E-03 -0.2303036E-02
   0.4149307E-03 -0.2548347E-02
   0.5019958E-03 -0.2793494E-02
   0.5988801E-03 -0.3038291E-02
   0.7057772E-03 -0.3282856E-02
   0.8227797E-03 -0.3526926E-02
   0.9501096E-03 -0.3770409E-02
   0.1087964E-02 -0.4013045E-02
   0.1236562E-02 -0.4254511E-02
   0.1396205E-02 -0.4494513E-02
   0.1567145E-02 -0.4732567E-02
   0.1749567E-02 -0.4968004E-02
   0.1943875E-02 -0.5200339E-02
   0.2150249E-02 -0.5428705E-02
   0.2368905E-02 -0.5652600E-02
   0.2600187E-02 -0.5872068E-02
   0.2844342E-02 -0.6087099E-02
   0.3101779E-02 -0.6297849E-02
   0.3372703E-02 -0.6504333E-02
   0.3657476E-02 -0.6706733E-02
   0.3956334E-02 -0.6905185E-02
   0.4269463E-02 -0.7099856E-02
   0.4597202E-02 -0.7291086E-02
   0.4939625E-02 -0.7479132E-02
   0.5296935E-02 -0.7664437E-02
   0.5669145E-02 -0.7847460E-02
   0.6056262E-02 -0.8028805E-02
   0.6458170E-02 -0.8209186E-02
   0.6874599E-02 -0.8389447E-02
   0.7305102E-02 -0.8570595E-02
   0.7749029E-02 -0.8753663E-02
   0.8206929E-02 -0.8939134E-02
   0.8679203E-02 -0.9126856E-02
   0.9166823E-02 -0.9316872E-02
   0.9670333E-02 -0.9509028E-02
   0.1019052E-01 -0.9703225E-02
   0.1072829E-01 -0.9899386E-02
   0.1128447E-01 -0.1009735E-01
   0.1185992E-01 -0.1029695E-01
   0.1245574E-01 -0.1049803E-01
   0.1307286E-01 -0.1070035E-01
   0.1371256E-01 -0.1090372E-01
   0.1437595E-01 -0.1110788E-01
   0.1506478E-01 -0.1131264E-01
   0.1578048E-01 -0.1151770E-01
   0.1652535E-01 -0.1172294E-01
   0.1730143E-01 -0.1192834E-01
   0.1811089E-01 -0.1213396E-01
   0.1895626E-01 -0.1233995E-01
   0.1983982E-01 -0.1254636E-01
   0.2076440E-01 -0.1275339E-01
   0.2173269E-01 -0.1296121E-01
   0.2274768E-01 -0.1317011E-01
   0.2381195E-01 -0.1338036E-01
   0.2492845E-01 -0.1359243E-01
   0.2609944E-01 -0.1380683E-01
   0.2732669E-01 -0.1402419E-01
   0.2861110E-01 -0.1424506E-01
   0.2995306E-01 -0.1446900E-01
   0.3135189E-01 -0.1469509E-01
   0.3280592E-01 -0.1492228E-01
   0.3431283E-01 -0.1514944E-01
   0.3586898E-01 -0.1537530E-01
   0.3747099E-01 -0.1559872E-01
   0.3911516E-01 -0.1581860E-01
   0.4079860E-01 -0.1603401E-01
   0.4251972E-01 -0.1624429E-01
   0.4427862E-01 -0.1644914E-01
   0.4607538E-01 -0.1664848E-01
   0.4790984E-01 -0.1684224E-01
   0.4978180E-01 -0.1703043E-01
   0.5169034E-01 -0.1721307E-01
   0.5363442E-01 -0.1739019E-01
   0.5561222E-01 -0.1756190E-01
   0.5762171E-01 -0.1772834E-01
   0.5966023E-01 -0.1788973E-01
   0.6172457E-01 -0.1804613E-01
   0.6381162E-01 -0.1819730E-01
   0.6591818E-01 -0.1834301E-01
   0.6804138E-01 -0.1848311E-01
   0.7017862E-01 -0.1861749E-01
   0.7232738E-01 -0.1874612E-01
   0.7448590E-01 -0.1886902E-01
   0.7665271E-01 -0.1898625E-01
   0.7882675E-01 -0.1909794E-01
   0.8100788E-01 -0.1920424E-01
   0.8319575E-01 -0.1930528E-01
   0.8539055E-01 -0.1940118E-01
   0.8759217E-01 -0.1949207E-01
   0.8980045E-01 -0.1957806E-01
   0.9201539E-01 -0.1965930E-01
   0.9423681E-01 -0.1973590E-01
   0.9646448E-01 -0.1980800E-01
   0.9869826E-01 -0.1987574E-01
   0.1009380     -0.1993925E-01
   0.1031833     -0.1999868E-01
   0.1054339     -0.2005416E-01
   0.1076896     -0.2010579E-01
   0.1099501     -0.2015368E-01
   0.1122150     -0.2019795E-01
   0.1144842     -0.2023871E-01
   0.1167573     -0.2027609E-01
   0.1190341     -0.2031020E-01
   0.1213142     -0.2034119E-01
   0.1235973     -0.2036918E-01
   0.1258833     -0.2039429E-01
   0.1281717     -0.2041667E-01
   0.1304622     -0.2043642E-01
   0.1327548     -0.2045355E-01
   0.1350489     -0.2046811E-01
   0.1373447     -0.2048012E-01
   0.1396417     -0.2048962E-01
   0.1419399     -0.2049663E-01
   0.1442393     -0.2050119E-01
   0.1465398     -0.2050332E-01
   0.1488414     -0.2050306E-01
   0.1511440     -0.2050046E-01
   0.1534479     -0.2049552E-01
   0.1557530     -0.2048830E-01
   0.1580595     -0.2047883E-01
   0.1603676     -0.2046717E-01
   0.1626772     -0.2045338E-01
   0.1649887     -0.2043754E-01
   0.1673019     -0.2041970E-01
   0.1696168     -0.2039993E-01
   0.1719336     -0.2037829E-01
   0.1742521     -0.2035486E-01
   0.1765724     -0.2032968E-01
   0.1788942     -0.2030285E-01
   0.1812177     -0.2027441E-01
   0.1835423     -0.2024444E-01
   0.1858683     -0.2021301E-01
   0.1881952     -0.2018018E-01
   0.1905229     -0.2014595E-01
   0.1928512     -0.2011034E-01
   0.1951800     -0.2007336E-01
   0.1975092     -0.2003501E-01
   0.1998387     -0.1999531E-01
   0.2021684     -0.1995426E-01
   0.2044982     -0.1991189E-01
   0.2068282     -0.1986818E-01
   0.2091585     -0.1982315E-01
   0.2114890     -0.1977680E-01
   0.2138198     -0.1972915E-01
   0.2161509     -0.1968021E-01
   0.2184827     -0.1962996E-01
   0.2208150     -0.1957845E-01
   0.2231482     -0.1952570E-01
   0.2254823     -0.1947176E-01
   0.2278176     -0.1941666E-01
   0.2301538     -0.1936046E-01
   0.2324912     -0.1930319E-01
   0.2348298     -0.1924490E-01
   0.2371696     -0.1918563E-01
   0.2395106     -0.1912543E-01
   0.2418527     -0.1906435E-01
   0.2441959     -0.1900242E-01
   0.2465402     -0.1893970E-01
   0.2488852     -0.1887623E-01
   0.2512312     -0.1881207E-01
   0.2535778     -0.1874726E-01
   0.2559249     -0.1868181E-01
   0.2582723     -0.1861573E-01
   0.2606199     -0.1854901E-01
   0.2629678     -0.1848166E-01
   0.2653155     -0.1841368E-01
   0.2676634     -0.1834506E-01
   0.2700111     -0.1827581E-01
   0.2723587     -0.1820592E-01
   0.2747062     -0.1813540E-01
   0.2770535     -0.1806424E-01
   0.2794007     -0.1799244E-01
   0.2817478     -0.1791999E-01
   0.2840948     -0.1784690E-01
   0.2864419     -0.1777315E-01
   0.2887891     -0.1769874E-01
   0.2911364     -0.1762368E-01
   0.2934841     -0.1754799E-01
   0.2958320     -0.1747170E-01
   0.2981805     -0.1739480E-01
   0.3005294     -0.1731733E-01
   0.3028788     -0.1723931E-01
   0.3052288     -0.1716075E-01
   0.3075793     -0.1708168E-01
   0.3099306     -0.1700211E-01
   0.3122823     -0.1692207E-01
   0.3146346     -0.1684158E-01
   0.3169875     -0.1676066E-01
   0.3193408     -0.1667934E-01
   0.3216947     -0.1659762E-01
   0.3240490     -0.1651555E-01
   0.3264036     -0.1643314E-01
   0.3287584     -0.1635041E-01
   0.3311135     -0.1626734E-01
   0.3334686     -0.1618396E-01
   0.3358238     -0.1610026E-01
   0.3381792     -0.1601624E-01
   0.3405344     -0.1593190E-01
   0.3428897     -0.1584725E-01
   0.3452449     -0.1576227E-01
   0.3476001     -0.1567698E-01
   0.3499552     -0.1559138E-01
   0.3523103     -0.1550547E-01
   0.3546654     -0.1541924E-01
   0.3570204     -0.1533269E-01
   0.3593756     -0.1524582E-01
   0.3617308     -0.1515864E-01
   0.3640862     -0.1507113E-01
   0.3664418     -0.1498331E-01
   0.3687975     -0.1489518E-01
   0.3711536     -0.1480677E-01
   0.3735101     -0.1471808E-01
   0.3758669     -0.1462915E-01
   0.3782243     -0.1453996E-01
   0.3805819     -0.1445056E-01
   0.3829403     -0.1436095E-01
   0.3852989     -0.1427115E-01
   0.3876580     -0.1418117E-01
   0.3900177     -0.1409104E-01
   0.3923778     -0.1400077E-01
   0.3947382     -0.1391039E-01
   0.3970990     -0.1381990E-01
   0.3994603     -0.1372933E-01
   0.4018219     -0.1363870E-01
   0.4041837     -0.1354802E-01
   0.4065458     -0.1345731E-01
   0.4089079     -0.1336657E-01
   0.4112702     -0.1327579E-01
   0.4136327     -0.1318496E-01
   0.4159951     -0.1309411E-01
   0.4183574     -0.1300322E-01
   0.4207198     -0.1291229E-01
   0.4230821     -0.1282132E-01
   0.4254442     -0.1273031E-01
   0.4278064     -0.1263925E-01
   0.4301683     -0.1254816E-01
   0.4325303     -0.1245701E-01
   0.4348920     -0.1236582E-01
   0.4372536     -0.1227458E-01
   0.4396153     -0.1218328E-01
   0.4419767     -0.1209193E-01
   0.4443382     -0.1200052E-01
   0.4466996     -0.1190904E-01
   0.4490609     -0.1181753E-01
   0.4514224     -0.1172595E-01
   0.4537838     -0.1163433E-01
   0.4561452     -0.1154268E-01
   0.4585068     -0.1145098E-01
   0.4608683     -0.1135926E-01
   0.4632300     -0.1126750E-01
   0.4655917     -0.1117573E-01
   0.4679534     -0.1108394E-01
   0.4703153     -0.1099213E-01
   0.4726772     -0.1090032E-01
   0.4750392     -0.1080851E-01
   0.4774013     -0.1071670E-01
   0.4797634     -0.1062490E-01
   0.4821256     -0.1053311E-01
   0.4844877     -0.1044134E-01
   0.4868498     -0.1034960E-01
   0.4892119     -0.1025789E-01
   0.4915741     -0.1016621E-01
   0.4939363     -0.1007457E-01
   0.4962983     -0.9982976E-02
   0.4986602     -0.9891429E-02
   0.5010222     -0.9799929E-02
   0.5033838     -0.9708490E-02
   0.5057455     -0.9617108E-02
   0.5081072     -0.9525785E-02
   0.5104686     -0.9434534E-02
   0.5128300     -0.9343355E-02
   0.5151911     -0.9252250E-02
   0.5175522     -0.9161226E-02
   0.5199133     -0.9070279E-02
   0.5222742     -0.8979424E-02
   0.5246349     -0.8888659E-02
   0.5269955     -0.8797988E-02
   0.5293561     -0.8707414E-02
   0.5317165     -0.8616938E-02
   0.5340769     -0.8526561E-02
   0.5364372     -0.8436289E-02
   0.5387972     -0.8346126E-02
   0.5411574     -0.8256068E-02
   0.5435173     -0.8166123E-02
   0.5458773     -0.8076292E-02
   0.5482371     -0.7986576E-02
   0.5505969     -0.7896977E-02
   0.5529568     -0.7807497E-02
   0.5553165     -0.7718143E-02
   0.5576762     -0.7628911E-02
   0.5600360     -0.7539807E-02
   0.5623957     -0.7450832E-02
   0.5647553     -0.7361992E-02
   0.5671151     -0.7273282E-02
   0.5694748     -0.7184704E-02
   0.5718347     -0.7096251E-02
   0.5741944     -0.7007930E-02
   0.5765544     -0.6919726E-02
   0.5789144     -0.6831638E-02
   0.5812744     -0.6743666E-02
   0.5836344     -0.6655809E-02
   0.5859946     -0.6568056E-02
   0.5883548     -0.6480407E-02
   0.5907151     -0.6392860E-02
   0.5930755     -0.6305410E-02
   0.5954360     -0.6218053E-02
   0.5977966     -0.6130790E-02
   0.6001572     -0.6043614E-02
   0.6025179     -0.5956521E-02
   0.6048788     -0.5869512E-02
   0.6072395     -0.5782586E-02
   0.6096004     -0.5695724E-02
   0.6119612     -0.5608919E-02
   0.6143223     -0.5522151E-02
   0.6166831     -0.5435414E-02
   0.6190442     -0.5348685E-02
   0.6214052     -0.5261954E-02
   0.6237661     -0.5175211E-02
   0.6261269     -0.5088440E-02
   0.6284875     -0.5001627E-02
   0.6308482     -0.4914755E-02
   0.6332086     -0.4827816E-02
   0.6355688     -0.4740796E-02
   0.6379287     -0.4653681E-02
   0.6402883     -0.4566460E-02
   0.6426475     -0.4479119E-02
   0.6450064     -0.4391644E-02
   0.6473648     -0.4304019E-02
   0.6497226     -0.4216237E-02
   0.6520799     -0.4128280E-02
   0.6544367     -0.4040126E-02
   0.6567929     -0.3951763E-02
   0.6591486     -0.3863173E-02
   0.6615035     -0.3774337E-02
   0.6638579     -0.3685240E-02
   0.6662118     -0.3595859E-02
   0.6685652     -0.3506177E-02
   0.6709181     -0.3416172E-02
   0.6732708     -0.3325826E-02
   0.6756232     -0.3235118E-02
   0.6779754     -0.3144029E-02
   0.6803275     -0.3052534E-02
   0.6826797     -0.2960610E-02
   0.6850321     -0.2868241E-02
   0.6873847     -0.2775421E-02
   0.6897379     -0.2682177E-02
   0.6920915     -0.2588538E-02
   0.6944457     -0.2494527E-02
   0.6968007     -0.2400175E-02
   0.6991563     -0.2305516E-02
   0.7015127     -0.2210574E-02
   0.7038699     -0.2115379E-02
   0.7062278     -0.2019973E-02
   0.7085862     -0.1924385E-02
   0.7109452     -0.1828644E-02
   0.7133047     -0.1732794E-02
   0.7156647     -0.1636863E-02
   0.7180247     -0.1540897E-02
   0.7203848     -0.1444932E-02
   0.7227449     -0.1348997E-02
   0.7251044     -0.1253107E-02
   0.7274636     -0.1157223E-02
   0.7298221     -0.1061309E-02
   0.7321796     -0.9653399E-03
   0.7345364     -0.8692671E-03
   0.7368923     -0.7730651E-03
   0.7392471     -0.6766846E-03
   0.7416011     -0.5800913E-03
   0.7439539     -0.4832505E-03
   0.7463060     -0.3861086E-03
   0.7486574     -0.2886310E-03
   0.7510080     -0.1907687E-03
   0.7533581     -0.9248275E-04
   0.7557080      0.6281226E-05
   0.7580575      0.1055674E-03
   0.7604073      0.2054065E-03
   0.7627574      0.3057815E-03
   0.7651081      0.4066686E-03
   0.7674594      0.5080337E-03
   0.7698113      0.6098477E-03
   0.7721641      0.7120867E-03
   0.7745178      0.8147114E-03
   0.7768723      0.9176823E-03
   0.7792275      0.1020970E-02
   0.7815834      0.1124536E-02
   0.7839398      0.1228333E-02
   0.7862964      0.1332318E-02
   0.7886531      0.1436451E-02
   0.7910097      0.1540684E-02
   0.7933657      0.1644964E-02
   0.7957209      0.1749200E-02
   0.7980749      0.1853252E-02
   0.8004273      0.1956977E-02
   0.8027779      0.2060231E-02
   0.8051262      0.2162873E-02
   0.8074720      0.2264765E-02
   0.8098152      0.2365774E-02
   0.8121551      0.2465755E-02
   0.8144919      0.2564582E-02
   0.8168249      0.2662118E-02
   0.8191539      0.2758230E-02
   0.8214790      0.2852801E-02
   0.8237996      0.2945695E-02
   0.8261156      0.3036795E-02
   0.8284270      0.3125946E-02
   0.8307333      0.3212928E-02
   0.8330346      0.3297532E-02
   0.8353306      0.3379544E-02
   0.8376215      0.3458769E-02
   0.8399072      0.3535002E-02
   0.8421879      0.3608046E-02
   0.8444637      0.3677713E-02
   0.8467345      0.3743813E-02
   0.8490009      0.3806164E-02
   0.8512628      0.3864584E-02
   0.8535206      0.3918888E-02
   0.8557746      0.3968897E-02
   0.8580251      0.4014441E-02
   0.8602725      0.4055435E-02
   0.8625174      0.4091886E-02
   0.8647598      0.4123792E-02
   0.8670003      0.4151154E-02
   0.8692396      0.4173968E-02
   0.8714778      0.4192226E-02
   0.8737155      0.4205916E-02
   0.8759533      0.4215021E-02
   0.8781916      0.4219524E-02
   0.8804311      0.4219400E-02
   0.8826721      0.4214619E-02
   0.8849154      0.4205149E-02
   0.8871617      0.4190958E-02
   0.8894114      0.4172142E-02
   0.8916654      0.4148893E-02
   0.8939238      0.4121410E-02
   0.8961869      0.4089891E-02
   0.8984550      0.4054535E-02
   0.9007282      0.4015549E-02
   0.9030063      0.3973141E-02
   0.9052892      0.3927527E-02
   0.9075764      0.3878936E-02
   0.9098675      0.3827591E-02
   0.9121617      0.3773741E-02
   0.9144585      0.3717566E-02
   0.9167567      0.3659094E-02
   0.9190561      0.3598319E-02
   0.9213557      0.3535233E-02
   0.9236552      0.3469831E-02
   0.9259540      0.3402108E-02
   0.9282520      0.3332047E-02
   0.9305490      0.3259649E-02
   0.9328449      0.3184886E-02
   0.9351396      0.3107754E-02
   0.9374334      0.3028236E-02
   0.9397261      0.2946367E-02
   0.9420179      0.2862175E-02
   0.9443085      0.2775707E-02
   0.9465973      0.2687012E-02
   0.9488842      0.2596140E-02
   0.9511682      0.2503161E-02
   0.9534490      0.2408135E-02
   0.9557253      0.2311150E-02
   0.9579961      0.2212287E-02
   0.9602603      0.2111649E-02
   0.9625158      0.2009371E-02
   0.9647607      0.1905590E-02
   0.9669926      0.1800480E-02
   0.9692089      0.1694220E-02
   0.9714071      0.1587007E-02
   0.9735838      0.1479192E-02
   0.9757349      0.1371323E-02
   0.9778557      0.1263992E-02
   0.9799399      0.1157820E-02
   0.9819816      0.1053411E-02
   0.9839748      0.9513431E-03
   0.9859138      0.8518439E-03
   0.9877924      0.7548359E-03
   0.9896033      0.6603411E-03
   0.9913407      0.5684194E-03
   0.9930004      0.4790933E-03
   0.9945805      0.3906487E-03
   0.9960822      0.2993753E-03
   0.9975104      0.2023058E-03
   0.9988705      0.9740414E-04
    1.000000       0.000000    
