 ..........................................................................................

 C130J                                                                           
 Op.Point: 13                                                  altitude :     0.000 Kft    

 Velocity:  70.00     m/s      Heading:  0.000     deg      earth X:  0.000     m      
 Beta    :  0.000     deg      Elev.  :  0.000     deg      earth Y:  0.000     m      
 Alpha   :  9.000     deg      Bank   :  0.000     deg      earth Z:  0.000     m      

 sum Mx  :  4.930     N-m        Wx   :  0.000     deg/s     Wdotx :  0.000     deg/s^2
 sum My  :-0.1670E+08 N-m        Wy   :  0.000     deg/s     Wdoty :  0.000     deg/s^2
 sum Mz  :  2.272     N-m        Wz   :  0.000     deg/s     Wdotz :  0.000     deg/s^2

 sum Fx  :-0.9216E+05 N          Ux   : -69.14     m/s       Udotx :  0.000     m/s^2  
 sum Fy  :-0.2404E-02 N          Uy   :  0.000     m/s       Udoty :  0.000     m/s^2  
 sum Fz  : 0.8281E+06 N          Uz   : -10.95     m/s       Udotz :  0.000     m/s^2  

  Flap 1 :  22.50              Flap 2 :  22.50              Flap 3 :  0.000            

 Lift    : 0.1114E+07 N        Density:  1.226     kg/m^3  Ref.Area:  111.1     m^2    
 Weight  : 0.2905E+06 N        Dyn.Pr.:  3003.     N/m^2   Ref.Span:  33.66     m      
 Load Fac:  1.000              VIAS   :  70.00     m/s     Ref.Chrd:  3.787     m      
 Mach    : 0.2058              VTAS   :  70.00     m/s     MachPG  :  0.000            

 avg CL  :  3.3409             avg CD :   0.34575              L/D :    9.66
 Span Eff:  1.0723             avg CDi:   0.30101           avg Cm :-17.3525
 ..........................................................................................
 .............................................................

  Surface  Beam  2:  Wing                                                            
                                                  6         6         5                                    
      t        y        z-z0     tw-tw0   Mc'/10    Ms'/10     Fn/10       cl     f_aero         a_flap    
  --------- --------- --------- --------- --------- --------- --------- --------- -------------- --------- 
   -18.2103  -18.2103   -0.0000    0.0000    0.0000    0.0000    0.0000    0.0765         644.01    0.0000 
   -18.1899  -18.1899   -0.0000    0.0000   -0.0000    0.0000    0.0001    0.2276        1930.89    0.0000 
   -18.1296  -18.1296   -0.0000    0.0000    0.0000    0.0001   -0.0004    0.3748        3208.69    0.0000 
   -18.0297  -18.0297    0.0000    0.0000    0.0000    0.0003   -0.0024    0.5170        4476.59    0.0000 
   -17.8908  -17.8908   -0.0000    0.0000    0.0001    0.0008   -0.0068    0.6531        5732.62    0.0000 
   -17.7138  -17.7138   -0.0000    0.0000    0.0003    0.0015   -0.0144    0.7822        6977.11    0.0000 
   -17.4996  -17.4996    0.0000    0.0000    0.0007    0.0026   -0.0259    0.9040        8213.44    0.0000 
   -17.2497  -17.2497    0.0000    0.0000    0.0015    0.0041   -0.0419    1.0189        9448.78    0.0000 
   -16.9653  -16.9653    0.0000    0.0000    0.0030    0.0062   -0.0631    1.1280       10694.63    0.0000 
   -16.6481  -16.6481    0.0000    0.0000    0.0055    0.0088   -0.0898    1.2330       11967.44    0.0000 
   -16.3000  -16.3000    0.0000    0.0000    0.0092    0.0121   -0.1227    1.3361       13290.44    0.0000 
   -15.9228  -15.9228   -0.0000    0.0000    0.0145    0.0161   -0.1621    1.4407       14695.99    0.0000 
   -15.5187  -15.5187    0.0000    0.0000    0.0220    0.0211   -0.2087    1.5512       16232.00    0.0000 
   -15.0897  -15.0897    0.0000    0.0000    0.0321    0.0270   -0.2632    1.6746       17978.06    0.0000 
   -14.6380  -14.6380   -0.0000    0.0000    0.0454    0.0340   -0.3268    1.8256       20102.32    0.0000 
   -14.1661  -14.1661   -0.0000    0.0000    0.0626    0.0425   -0.4014    1.9707       21483.41    8.7121 
   -14.1661  -14.1661   -0.0000    0.0000    0.0626    0.0425   -0.4014    2.1043       22979.34   17.4241 
   -13.7174  -13.7174   -0.0000    0.0000    0.0825    0.0555   -0.4850    2.2465       25056.95   17.4241 
   -13.2554  -13.2554    0.0000    0.0000    0.1070    0.0702   -0.5792    2.3524       26783.03   17.4241 
   -12.7818  -12.7818   -0.0000    0.0000    0.1369    0.0865   -0.6822    2.4365       28299.15   17.4241 
   -12.2984  -12.2984   -0.0000    0.0000    0.1725    0.1043   -0.7928    2.1112       35126.71   17.4241 
   -11.8069  -11.8069   -0.0000    0.0000    0.2149    0.1281   -0.9372    2.1692       36723.90   17.4241 
   -11.3089  -11.3089   -0.0000    0.0000    0.2653    0.1536   -1.0897    2.2294       38354.45   17.4241 
   -10.8061  -10.8061   -0.0000    0.0000    0.3240    0.1808   -1.2500    2.2960       40088.85   17.4241 
   -10.3000  -10.3000    0.0000    0.0000    0.3914    0.2097   -1.4181    2.7604       34624.58   17.4241 
   -10.3000  -10.3000    0.0000    0.0000    0.4024    0.1991   -1.4145    2.3638       41950.02   17.4241 
    -9.7719   -9.7719    0.0000    0.0000    0.4818    0.2309   -1.5975    2.4085       43488.33   17.4241 
    -9.2431   -9.2431    0.0000    0.0000    0.5710    0.2643   -1.7866    2.4261       44477.62   17.4241 
    -8.7152   -8.7152    0.0000    0.0000    0.6702    0.2989   -1.9786    2.4142       44883.12   17.4241 
    -8.1892   -8.1892    0.0000    0.0000    0.7790    0.3341   -2.1697    2.7948       37378.89   17.4241 
    -7.6662   -7.6662   -0.0000    0.0000    0.8961    0.3628   -2.3181    2.7655       37394.85   17.4241 
    -7.1473   -7.1473   -0.0000    0.0000    1.0198    0.3917   -2.4633    2.7446       37486.99   17.4241 
    -6.6330   -6.6330   -0.0000    0.0000    1.1497    0.4208   -2.6057    2.7260       37577.86   17.4241 
    -6.1240   -6.1240   -0.0000    0.0000    1.2855    0.4501   -2.7450    2.7073       37634.04   17.4241 
    -5.6207   -5.6207    0.0000    0.0000    1.4266    0.4795   -2.8812    2.6965       37635.18   17.4241 
    -5.6207   -5.6207    0.0000    0.0000    1.4266    0.4795   -2.8812    2.6882       37635.54   17.4241 
    -5.2000   -5.2000    0.0000    0.0000    1.5497    0.5043   -2.9935    2.6778       37606.81   17.4241 
    -5.2000   -5.2000    0.0000    0.0000    1.5497    0.5043   -2.9935    2.6668       37578.98   17.4241 
    -4.6951   -4.6951    0.0000    0.0000    1.7037    0.5343   -3.1263    2.6387       37427.91   17.4241 
    -4.1967   -4.1967    0.0000    0.0000    1.8621    0.5643   -3.2547    2.6041       37159.80   17.4241 
    -3.7046   -3.7046    0.0000    0.0000    2.0247    0.5939   -3.3783    2.5604       36739.57   17.4241 
    -3.2184   -3.2184    0.0000    0.0000    2.1911    0.6233   -3.4967    2.5029       36103.94   17.4241 
    -2.7377   -2.7377    0.0000    0.0000    2.3611    0.6522   -3.6088    2.4208       35103.78   17.4241 
    -2.2620   -2.2620   -0.0000    0.0000    2.5345    0.6804   -3.7134    2.3271       34242.72    8.7121 
    -2.2620   -2.2620   -0.0000    0.0000    2.5345    0.6804   -3.7134    2.2226       33561.57    0.0000 
    -1.8046   -1.8046   -0.0000    0.0000    2.7056    0.7002   -3.8016    2.1464       32606.23    0.0000 
    -1.3504   -1.3504   -0.0000    0.0000    2.8793    0.7195   -3.8833    2.0945       32115.61    0.0000 
    -0.8989   -0.8989    0.0000    0.0000    3.0555    0.7385   -3.9610    2.0493       32056.03    0.0000 
    -0.4490   -0.4490    0.0000    0.0000    3.2345    0.7576   -4.0366    1.9429       33441.38    0.0000 
    -0.0000    0.0000    0.0000    0.0000    3.4166    0.7776   -4.1171    1.9429       33444.26    0.0000 
    -0.0000   -0.0000    0.0000    0.0000    3.4166   -0.7776    4.1171    1.9429       33441.37    0.0000 
     0.4490    0.4490    0.0000    0.0000    3.2345   -0.7576    4.0366    2.0493       32056.02    0.0000 
     0.8989    0.8989   -0.0000    0.0000    3.0555   -0.7385    3.9610    2.0945       32115.56    0.0000 
     1.3505    1.3505    0.0000    0.0000    2.8793   -0.7195    3.8833    2.1464       32606.26    0.0000 
     1.8046    1.8046    0.0000    0.0000    2.7056   -0.7002    3.8016    2.2226       33561.71    0.0000 
     2.2620    2.2620    0.0000    0.0000    2.5345   -0.6804    3.7134    2.3271       34242.76    8.7121 
     2.2620    2.2620    0.0000    0.0000    2.5345   -0.6804    3.7134    2.4208       35103.75   17.4241 
     2.7377    2.7377    0.0000    0.0000    2.3611   -0.6522    3.6088    2.5029       36103.93   17.4241 
     3.2184    3.2184    0.0000    0.0000    2.1911   -0.6233    3.4967    2.5604       36739.56   17.4241 
     3.7046    3.7046    0.0000    0.0000    2.0247   -0.5939    3.3783    2.6041       37159.79   17.4241 
     4.1967    4.1967   -0.0000    0.0000    1.8621   -0.5643    3.2547    2.6387       37427.89   17.4241 
     4.6951    4.6951    0.0000    0.0000    1.7037   -0.5343    3.1263    2.6668       37578.96   17.4241 
     5.2000    5.2000    0.0000    0.0000    1.5497   -0.5043    2.9935    2.6778       37606.81   17.4241 
     5.2000    5.2000    0.0000    0.0000    1.5497   -0.5043    2.9935    2.6882       37635.54   17.4241 
     5.6207    5.6207    0.0000    0.0000    1.4266   -0.4795    2.8812    2.6965       37635.21   17.4241 
     5.6207    5.6207    0.0000    0.0000    1.4266   -0.4795    2.8812    2.7073       37634.10   17.4241 
     6.1240    6.1240   -0.0000    0.0000    1.2855   -0.4501    2.7450    2.7260       37577.78   17.4241 
     6.6330    6.6330   -0.0000    0.0000    1.1497   -0.4208    2.6057    2.7446       37486.87   17.4241 
     7.1473    7.1473    0.0000    0.0000    1.0198   -0.3917    2.4633    2.7655       37394.87   17.4241 
     7.6662    7.6662    0.0000    0.0000    0.8961   -0.3628    2.3181    2.7948       37378.93   17.4241 
     8.1892    8.1892    0.0000    0.0000    0.7790   -0.3341    2.1698    2.4142       44883.08   17.4241 
     8.7152    8.7152    0.0000    0.0000    0.6702   -0.2989    1.9786    2.4261       44477.55   17.4241 
     9.2431    9.2431   -0.0000    0.0000    0.5710   -0.2643    1.7866    2.4085       43488.26   17.4241 
     9.7719    9.7719    0.0000    0.0000    0.4818   -0.2309    1.5975    2.3638       41949.98   17.4241 
    10.3000   10.3000    0.0000    0.0000    0.4024   -0.1991    1.4145    2.7604       34624.56   17.4241 
    10.3000   10.3000    0.0000    0.0000    0.3914   -0.2097    1.4181    2.2960       40088.81   17.4241 
    10.8061   10.8061    0.0000    0.0000    0.3240   -0.1808    1.2500    2.2293       38354.46   17.4241 
    11.3089   11.3089    0.0000    0.0000    0.2653   -0.1536    1.0897    2.1692       36723.93   17.4241 
    11.8069   11.8069    0.0000    0.0000    0.2149   -0.1281    0.9372    2.1112       35126.68   17.4241 
    12.2984   12.2984   -0.0000    0.0000    0.1725   -0.1043    0.7928    2.4365       28299.16   17.4241 
    12.7818   12.7818    0.0000    0.0000    0.1369   -0.0865    0.6822    2.3524       26783.04   17.4241 
    13.2554   13.2554   -0.0000    0.0000    0.1070   -0.0702    0.5792    2.2465       25056.92   17.4241 
    13.7174   13.7174   -0.0000   -0.0000    0.0825   -0.0555    0.4851    2.1043       22979.37   17.4241 
    14.1661   14.1661    0.0000   -0.0000    0.0626   -0.0425    0.4014    1.9707       21483.46    8.7121 
    14.1661   14.1661    0.0000   -0.0000    0.0626   -0.0425    0.4014    1.8256       20102.36    0.0000 
    14.6380   14.6380    0.0000    0.0000    0.0454   -0.0340    0.3268    1.6746       17978.09    0.0000 
    15.0897   15.0897    0.0000   -0.0000    0.0321   -0.0270    0.2633    1.5512       16232.09    0.0000 
    15.5187   15.5187   -0.0000   -0.0000    0.0220   -0.0211    0.2087    1.4407       14696.10    0.0000 
    15.9228   15.9228    0.0000   -0.0000    0.0145   -0.0161    0.1621    1.3362       13290.54    0.0000 
    16.3000   16.3000    0.0000   -0.0000    0.0092   -0.0121    0.1227    1.2330       11967.55    0.0000 
    16.6481   16.6481    0.0000   -0.0000    0.0055   -0.0088    0.0898    1.1280       10694.76    0.0000 
    16.9653   16.9653    0.0000   -0.0000    0.0030   -0.0062    0.0631    1.0189        9448.99    0.0000 
    17.2497   17.2497    0.0000   -0.0000    0.0015   -0.0041    0.0419    0.9040        8213.63    0.0000 
    17.4996   17.4996    0.0000   -0.0000    0.0007   -0.0026    0.0259    0.7822        6977.30    0.0000 
    17.7138   17.7138   -0.0000   -0.0000    0.0003   -0.0015    0.0144    0.6532        5732.87    0.0000 
    17.8908   17.8908   -0.0000   -0.0000    0.0001   -0.0008    0.0068    0.5171        4476.89    0.0000 
    18.0297   18.0297    0.0000   -0.0000    0.0000   -0.0003    0.0024    0.3748        3208.96    0.0000 
    18.1296   18.1296    0.0000   -0.0000    0.0000   -0.0001    0.0004    0.2276        1931.02    0.0000 
    18.1899   18.1899   -0.0000   -0.0000   -0.0000   -0.0000   -0.0001    0.0766         644.04    0.0000 
    18.2103   18.2103   -0.0000   -0.0000    0.0000    0.0000    0.0000    0.0000           0.00    0.0000 
