 ..........................................................................................

 C130J                                                                           
 Op.Point:  5                                                  altitude :     0.000 Kft    

 Velocity:  70.00     m/s      Heading:  0.000     deg      earth X:  0.000     m      
 Beta    :  0.000     deg      Elev.  :  0.000     deg      earth Y:  0.000     m      
 Alpha   :  9.000     deg      Bank   :  0.000     deg      earth Z:  0.000     m      

 sum Mx  :  5.898     N-m        Wx   :  0.000     deg/s     Wdotx :  0.000     deg/s^2
 sum My  :-0.1485E+08 N-m        Wy   :  0.000     deg/s     Wdoty :  0.000     deg/s^2
 sum Mz  :  1.615     N-m        Wz   :  0.000     deg/s     Wdotz :  0.000     deg/s^2

 sum Fx  :-0.6540E+05 N          Ux   : -69.14     m/s       Udotx :  0.000     m/s^2  
 sum Fy  :-0.8219E-02 N          Uy   :  0.000     m/s       Udoty :  0.000     m/s^2  
 sum Fz  : 0.7356E+06 N          Uz   : -10.95     m/s       Udotz :  0.000     m/s^2  

  Flap 1 :  22.50              Flap 2 :  22.50              Flap 3 :  0.000            

 Lift    : 0.1024E+07 N        Density:  1.226     kg/m^3  Ref.Area:  111.1     m^2    
 Weight  : 0.2905E+06 N        Dyn.Pr.:  3003.     N/m^2   Ref.Span:  33.66     m      
 Load Fac:  1.000              VIAS   :  70.00     m/s     Ref.Chrd:  3.787     m      
 Mach    : 0.2058              VTAS   :  70.00     m/s     MachPG  :  0.000            

 avg CL  :  3.0695             avg CD :   0.28764              L/D :   10.67
 Span Eff:  1.0891             avg CDi:   0.27458           avg Cm :-15.9282
 ..........................................................................................
 .............................................................

  Surface  Beam  2:  Wing                                                            
                                                  6         6         5                                    
      t        y        z-z0     tw-tw0   Mc'/10    Ms'/10     Fn/10       cl     f_aero         a_flap    
  --------- --------- --------- --------- --------- --------- --------- --------- -------------- --------- 
   -18.2103  -18.2103   -0.0000   -0.0000    0.0000    0.0000    0.0000    0.0752         632.57    0.0000 
   -18.1899  -18.1899   -0.0000   -0.0000   -0.0000    0.0000    0.0001    0.2235        1896.31    0.0000 
   -18.1296  -18.1296   -0.0000   -0.0000    0.0000    0.0001   -0.0004    0.3681        3150.70    0.0000 
   -18.0297  -18.0297    0.0000   -0.0000    0.0000    0.0003   -0.0023    0.5078        4394.73    0.0000 
   -17.8908  -17.8908   -0.0000   -0.0000    0.0001    0.0007   -0.0066    0.6413        5626.24    0.0000 
   -17.7138  -17.7138   -0.0000   -0.0000    0.0003    0.0015   -0.0140    0.7679        6845.27    0.0000 
   -17.4996  -17.4996    0.0000   -0.0000    0.0007    0.0025   -0.0252    0.8871        8054.86    0.0000 
   -17.2497  -17.2497    0.0000   -0.0000    0.0015    0.0040   -0.0409    0.9995        9261.77    0.0000 
   -16.9653  -16.9653    0.0000   -0.0000    0.0030    0.0060   -0.0615    1.1060       10476.93    0.0000 
   -16.6481  -16.6481    0.0000   -0.0000    0.0053    0.0086   -0.0876    1.2082       11716.14    0.0000 
   -16.3000  -16.3000    0.0000   -0.0000    0.0089    0.0118   -0.1196    1.3085       13001.82    0.0000 
   -15.9228  -15.9228   -0.0000   -0.0000    0.0142    0.0158   -0.1580    1.4100       14365.33    0.0000 
   -15.5187  -15.5187    0.0000   -0.0000    0.0215    0.0206   -0.2033    1.5170       15853.36    0.0000 
   -15.0897  -15.0897    0.0000    0.0000    0.0313    0.0264   -0.2563    1.6365       17544.03    0.0000 
   -14.6380  -14.6380   -0.0000    0.0000    0.0443    0.0333   -0.3180    1.7832       19603.75    0.0000 
   -14.1661  -14.1661   -0.0000    0.0000    0.0610    0.0415   -0.3903    1.9246       20961.44    8.7121 
   -14.1661  -14.1661   -0.0000    0.0000    0.0610    0.0415   -0.3903    2.0547       22432.44   17.4241 
   -13.7174  -13.7174   -0.0000    0.0000    0.0803    0.0543   -0.4715    2.1912       24431.49   17.4241 
   -13.2554  -13.2554    0.0000    0.0000    0.1041    0.0688   -0.5628    2.2904       26066.58   17.4241 
   -12.7818  -12.7818   -0.0000    0.0000    0.1331    0.0847   -0.6624    2.3672       27480.02   17.4241 
   -12.2984  -12.2984   -0.0000    0.0000    0.1677    0.1021   -0.7692    2.4283       28731.50   17.4241 
   -11.8069  -11.8069   -0.0000    0.0000    0.2082    0.1208   -0.8820    2.4776       29853.29   17.4241 
   -11.3089  -11.3089   -0.0000    0.0000    0.2549    0.1408   -1.0000    2.5177       30865.56   17.4241 
   -10.8061  -10.8061   -0.0000    0.0000    0.3082    0.1620   -1.1223    2.5503       31782.41   17.4241 
   -10.3000  -10.3000    0.0000    0.0000    0.3680    0.1842   -1.2480    2.5636       32202.67   17.4241 
   -10.3000  -10.3000    0.0000    0.0000    0.3680    0.1842   -1.2480    2.5769       32623.10   17.4241 
    -9.7719   -9.7719    0.0000    0.0000    0.4373    0.2084   -1.3816    2.5981       33388.70   17.4241 
    -9.2431   -9.2431    0.0000    0.0000    0.5138    0.2336   -1.5172    2.6145       34072.41   17.4241 
    -8.7152   -8.7152    0.0000    0.0000    0.5973    0.2596   -1.6541    2.6265       34676.30   17.4241 
    -8.1892   -8.1892    0.0000    0.0000    0.6877    0.2863   -1.7916    2.6345       35201.74   17.4241 
    -7.6662   -7.6662   -0.0000    0.0000    0.7847    0.3136   -1.9288    2.6387       35649.27   17.4241 
    -7.1473   -7.1473   -0.0000    0.0000    0.8881    0.3413   -2.0653    2.6392       36018.36   17.4241 
    -6.6330   -6.6330   -0.0000    0.0000    0.9975    0.3695   -2.2004    2.6359       36306.93   17.4241 
    -6.1240   -6.1240   -0.0000    0.0000    1.1125    0.3979   -2.3336    2.6284       36511.26   17.4241 
    -5.6207   -5.6207    0.0000    0.0000    1.2329    0.4265   -2.4644    2.6218       36566.81   17.4241 
    -5.6207   -5.6207    0.0000    0.0000    1.2329    0.4265   -2.4644    2.6176       36621.53   17.4241 
    -5.2000   -5.2000    0.0000    0.0000    1.3385    0.4507   -2.5728    2.6106       36637.83   17.4241 
    -5.2000   -5.2000    0.0000    0.0000    1.3385    0.4507   -2.5728    2.6029       36655.05   17.4241 
    -4.6951   -4.6951    0.0000    0.0000    1.4712    0.4800   -2.7011    2.5805       36580.41   17.4241 
    -4.1967   -4.1967    0.0000    0.0000    1.6085    0.5093   -2.8256    2.5505       36373.91   17.4241 
    -3.7046   -3.7046    0.0000    0.0000    1.7500    0.5383   -2.9457    2.5105       36003.23   17.4241 
    -3.2184   -3.2184    0.0000    0.0000    1.8954    0.5670   -3.0607    2.4560       35407.21   17.4241 
    -2.7377   -2.7377    0.0000    0.0000    2.0446    0.5953   -3.1698    2.3763       34438.29   17.4241 
    -2.2620   -2.2620   -0.0000    0.0000    2.1972    0.6230   -3.2714    2.2846       33572.87    8.7121 
    -2.2620   -2.2620   -0.0000    0.0000    2.1972    0.6230   -3.2714    2.1822       32885.72    0.0000 
    -1.8046   -1.8046   -0.0000    0.0000    2.3482    0.6422   -3.3570    2.1074       31948.59    0.0000 
    -1.3504   -1.3504   -0.0000    0.0000    2.5018    0.6609   -3.4362    2.0567       31468.24    0.0000 
    -0.8989   -0.8989    0.0000    0.0000    2.6580    0.6793   -3.5112    2.0127       31407.35    0.0000 
    -0.4490   -0.4490    0.0000    0.0000    2.8168    0.6978   -3.5843    1.9098       32741.16    0.0000 
    -0.0000    0.0000    0.0000    0.0000    2.9787    0.7172   -3.6621    1.9098       32743.93    0.0000 
    -0.0000   -0.0000    0.0000    0.0000    2.9787   -0.7172    3.6621    1.9098       32741.15    0.0000 
     0.4490    0.4490    0.0000    0.0000    2.8168   -0.6978    3.5843    2.0127       31407.34    0.0000 
     0.8989    0.8989   -0.0000    0.0000    2.6580   -0.6793    3.5112    2.0567       31468.19    0.0000 
     1.3505    1.3505    0.0000    0.0000    2.5018   -0.6609    3.4362    2.1074       31948.62    0.0000 
     1.8046    1.8046    0.0000    0.0000    2.3482   -0.6422    3.3570    2.1822       32885.88    0.0000 
     2.2620    2.2620    0.0000    0.0000    2.1972   -0.6230    3.2714    2.2846       33572.92    8.7121 
     2.2620    2.2620    0.0000    0.0000    2.1972   -0.6230    3.2714    2.3763       34438.28   17.4241 
     2.7377    2.7377    0.0000    0.0000    2.0446   -0.5953    3.1698    2.4560       35407.20   17.4241 
     3.2184    3.2184    0.0000    0.0000    1.8954   -0.5670    3.0607    2.5105       36003.23   17.4241 
     3.7046    3.7046    0.0000    0.0000    1.7500   -0.5383    2.9457    2.5505       36373.91   17.4241 
     4.1967    4.1967   -0.0000    0.0000    1.6085   -0.5093    2.8256    2.5805       36580.40   17.4241 
     4.6951    4.6951    0.0000    0.0000    1.4712   -0.4800    2.7011    2.6029       36655.04   17.4241 
     5.2000    5.2000    0.0000    0.0000    1.3385   -0.4507    2.5728    2.6106       36637.82   17.4241 
     5.2000    5.2000    0.0000    0.0000    1.3385   -0.4507    2.5728    2.6176       36621.54   17.4241 
     5.6207    5.6207    0.0000    0.0000    1.2329   -0.4265    2.4644    2.6218       36566.84   17.4241 
     5.6207    5.6207    0.0000    0.0000    1.2329   -0.4265    2.4644    2.6284       36511.30   17.4241 
     6.1240    6.1240   -0.0000    0.0000    1.1125   -0.3979    2.3336    2.6359       36306.85   17.4241 
     6.6330    6.6330   -0.0000    0.0000    0.9975   -0.3695    2.2004    2.6392       36018.26   17.4241 
     7.1473    7.1473    0.0000    0.0000    0.8881   -0.3413    2.0653    2.6387       35649.30   17.4241 
     7.6662    7.6662    0.0000    0.0000    0.7847   -0.3136    1.9288    2.6345       35201.79   17.4241 
     8.1892    8.1892    0.0000    0.0000    0.6877   -0.2863    1.7916    2.6265       34676.29   17.4241 
     8.7152    8.7152    0.0000    0.0000    0.5973   -0.2596    1.6541    2.6145       34072.37   17.4241 
     9.2431    9.2431   -0.0000    0.0000    0.5138   -0.2336    1.5173    2.5981       33388.67   17.4241 
     9.7719    9.7719    0.0000    0.0000    0.4373   -0.2084    1.3816    2.5769       32623.08   17.4241 
    10.3000   10.3000    0.0000    0.0000    0.3681   -0.1842    1.2480    2.5636       32202.65   17.4241 
    10.3000   10.3000    0.0000    0.0000    0.3681   -0.1842    1.2480    2.5503       31782.38   17.4241 
    10.8061   10.8061    0.0000    0.0000    0.3082   -0.1620    1.1223    2.5177       30865.57   17.4241 
    11.3089   11.3089    0.0000    0.0000    0.2549   -0.1408    1.0000    2.4776       29853.32   17.4241 
    11.8069   11.8069    0.0000    0.0000    0.2082   -0.1208    0.8820    2.4283       28731.46   17.4241 
    12.2984   12.2984   -0.0000    0.0000    0.1677   -0.1021    0.7692    2.3672       27480.02   17.4241 
    12.7818   12.7818    0.0000    0.0000    0.1331   -0.0847    0.6624    2.2904       26066.58   17.4241 
    13.2554   13.2554    0.0000    0.0000    0.1041   -0.0688    0.5628    2.1912       24431.46   17.4241 
    13.7174   13.7174   -0.0000    0.0000    0.0803   -0.0543    0.4715    2.0547       22432.46   17.4241 
    14.1661   14.1661    0.0000    0.0000    0.0610   -0.0415    0.3903    1.9246       20961.49    8.7121 
    14.1661   14.1661    0.0000    0.0000    0.0610   -0.0415    0.3903    1.7832       19603.80    0.0000 
    14.6380   14.6380    0.0000    0.0000    0.0443   -0.0333    0.3180    1.6365       17544.07    0.0000 
    15.0897   15.0897    0.0000    0.0000    0.0313   -0.0264    0.2563    1.5170       15853.46    0.0000 
    15.5187   15.5187   -0.0000   -0.0000    0.0215   -0.0206    0.2033    1.4100       14365.44    0.0000 
    15.9228   15.9228    0.0000   -0.0000    0.0142   -0.0158    0.1580    1.3085       13001.92    0.0000 
    16.3000   16.3000    0.0000   -0.0000    0.0089   -0.0118    0.1196    1.2082       11716.25    0.0000 
    16.6481   16.6481    0.0000   -0.0000    0.0053   -0.0086    0.0876    1.1060       10477.06    0.0000 
    16.9653   16.9653    0.0000   -0.0000    0.0030   -0.0060    0.0615    0.9995        9261.97    0.0000 
    17.2497   17.2497    0.0000   -0.0000    0.0015   -0.0040    0.0409    0.8871        8055.05    0.0000 
    17.4996   17.4996    0.0000   -0.0000    0.0007   -0.0025    0.0252    0.7679        6845.45    0.0000 
    17.7138   17.7138    0.0000   -0.0000    0.0003   -0.0015    0.0140    0.6414        5626.48    0.0000 
    17.8908   17.8908    0.0000   -0.0000    0.0001   -0.0007    0.0066    0.5079        4395.02    0.0000 
    18.0297   18.0297    0.0000   -0.0000    0.0000   -0.0003    0.0023    0.3682        3150.96    0.0000 
    18.1296   18.1296    0.0000   -0.0000    0.0000   -0.0001    0.0004    0.2236        1896.44    0.0000 
    18.1899   18.1899   -0.0000   -0.0000   -0.0000   -0.0000   -0.0001    0.0752         632.60    0.0000 
    18.2103   18.2103    0.0000   -0.0000    0.0000    0.0000    0.0000    0.0000           0.00    0.0000 
