# Pazy Wing (simplified : constant stiffness properties)                          
# Operating point sequence...
# i     t     conv	stall	 RY pos[ 1]    Theta[ 1]    
  1  0.000      1  0 -0.111672     -0.180935    
  2 0.1000E-02  1  0 -0.111700     -0.183515    
  3 0.2000E-02  1  0 -0.111749     -0.188432    
  4 0.3000E-02  1  0 -0.111830     -0.197109    
  5 0.4000E-02  1  0 -0.111943     -0.209933    
  6 0.5000E-02  1  0 -0.112089     -0.226014    
  7 0.6000E-02  1  0 -0.112261     -0.243639    
  8 0.7000E-02  1  0 -0.112455     -0.261092    
  9 0.8000E-02  1  0 -0.112668     -0.277300    
 10 0.9000E-02  1  0 -0.112904     -0.291990    
 11 0.1000E-01  1  0 -0.113170     -0.305373    
 12 0.1100E-01  1  0 -0.113475     -0.317651    
 13 0.1200E-01  1  0 -0.113825     -0.328714    
 14 0.1300E-01  1  0 -0.114226     -0.338177    
 15 0.1400E-01  1  0 -0.114680     -0.345629    
 16 0.1500E-01  1  0 -0.115189     -0.350863    
 17 0.1600E-01  1  0 -0.115754     -0.353905    
 18 0.1700E-01  1  0 -0.116376     -0.354862    
 19 0.1800E-01  1  0 -0.117055     -0.353721    
 20 0.1900E-01  1  0 -0.117790     -0.350245    
 21 0.2000E-01  1  0 -0.118579     -0.344041    
 22 0.2100E-01  1  0 -0.119419     -0.334772    
 23 0.2200E-01  1  0 -0.120307     -0.322381    
 24 0.2300E-01  1  0 -0.121242     -0.307220    
 25 0.2400E-01  1  0 -0.122224     -0.290038    
 26 0.2500E-01  1  0 -0.123252     -0.271849    
 27 0.2600E-01  1  0 -0.124327     -0.253781    
 28 0.2700E-01  1  0 -0.125447     -0.236965    
 29 0.2800E-01  1  0 -0.126609     -0.222477    
 30 0.2900E-01  1  0 -0.127806     -0.211302    
 31 0.3000E-01  1  0 -0.129032     -0.204267    
 32 0.3100E-01  1  0 -0.130280     -0.201919    
 33 0.3200E-01  1  0 -0.131541     -0.204397    
 34 0.3300E-01  1  0 -0.132806     -0.211367    
 35 0.3400E-01  1  0 -0.134069     -0.222053    
 36 0.3500E-01  1  0 -0.135321     -0.235388    
 37 0.3600E-01  1  0 -0.136557     -0.250210    
 38 0.3700E-01  1  0 -0.137773     -0.265456    
 39 0.3800E-01  1  0 -0.138966     -0.280284    
 40 0.3900E-01  1  0 -0.140135     -0.294135    
 41 0.4000E-01  1  0 -0.141281     -0.306743    
 42 0.4100E-01  1  0 -0.142405     -0.318121    
 43 0.4200E-01  1  0 -0.143507     -0.328519    
 44 0.4300E-01  1  0 -0.144592     -0.338360    
 45 0.4400E-01  1  0 -0.145660     -0.348123    
 46 0.4500E-01  1  0 -0.146714     -0.358216    
 47 0.4600E-01  1  0 -0.147758     -0.368840    
 48 0.4700E-01  1  0 -0.148795     -0.379907    
 49 0.4800E-01  1  0 -0.149827     -0.391016    
 50 0.4900E-01  1  0 -0.150860     -0.401508    
 51 0.5000E-01  1  0 -0.151897     -0.410561    
 52 0.5100E-01  1  0 -0.152943     -0.417310    
 53 0.5200E-01  1  0 -0.154001     -0.420971    
 54 0.5300E-01  1  0 -0.155074     -0.420946    
 55 0.5400E-01  1  0 -0.156165     -0.416909    
 56 0.5500E-01  1  0 -0.157276     -0.408868    
 57 0.5600E-01  1  0 -0.158406     -0.397191    
 58 0.5700E-01  1  0 -0.159556     -0.382594    
 59 0.5800E-01  1  0 -0.160723     -0.366082    
 60 0.5900E-01  1  0 -0.161907     -0.348853    
 61 0.6000E-01  1  0 -0.163105     -0.332175    
 62 0.6100E-01  1  0 -0.164313     -0.317250    
 63 0.6200E-01  1  0 -0.165528     -0.305100    
 64 0.6300E-01  1  0 -0.166747     -0.296460    
 65 0.6400E-01  1  0 -0.167964     -0.291725    
 66 0.6500E-01  1  0 -0.169176     -0.290920    
 67 0.6600E-01  1  0 -0.170377     -0.293725    
 68 0.6700E-01  1  0 -0.171560     -0.299529    
 69 0.6800E-01  1  0 -0.172720     -0.307526    
 70 0.6900E-01  1  0 -0.173848     -0.316839    
 71 0.7000E-01  1  0 -0.174940     -0.326642    
 72 0.7100E-01  1  0 -0.175988     -0.336287    
 73 0.7200E-01  1  0 -0.176987     -0.345383    
 74 0.7300E-01  1  0 -0.177936     -0.353843    
 75 0.7400E-01  1  0 -0.178831     -0.361869    
 76 0.7500E-01  1  0 -0.179674     -0.369897    
 77 0.7600E-01  1  0 -0.180464     -0.378502    
 78 0.7700E-01  1  0 -0.181206     -0.388278    
 79 0.7800E-01  1  0 -0.181904     -0.399725    
 80 0.7900E-01  1  0 -0.182560     -0.413146    
 81 0.8000E-01  1  0 -0.183182     -0.428570    
 82 0.8100E-01  1  0 -0.183773     -0.445723    
 83 0.8200E-01  1  0 -0.184337     -0.464041    
 84 0.8300E-01  1  0 -0.184878     -0.482718    
 85 0.8400E-01  1  0 -0.185401     -0.500796    
 86 0.8500E-01  1  0 -0.185907     -0.517269    
 87 0.8600E-01  1  0 -0.186400     -0.531189    
 88 0.8700E-01  1  0 -0.186883     -0.541767    
 89 0.8800E-01  1  0 -0.187358     -0.548455    
 90 0.8900E-01  1  0 -0.187831     -0.550992    
 91 0.9000E-01  1  0 -0.188303     -0.549426    
 92 0.9100E-01  1  0 -0.188778     -0.544100    
 93 0.9200E-01  1  0 -0.189259     -0.535611    
 94 0.9300E-01  1  0 -0.189748     -0.524739    
 95 0.9400E-01  1  0 -0.190246     -0.512369    
 96 0.9500E-01  1  0 -0.190754     -0.499393    
 97 0.9600E-01  1  0 -0.191271     -0.486630    
 98 0.9700E-01  1  0 -0.191792     -0.474745    
 99 0.9800E-01  1  0 -0.192316     -0.464195    
100 0.9900E-01  1  0 -0.192838     -0.455209    
101 0.1000      1  0 -0.193339     -0.445809    
102 0.1010      1  0 -0.193804     -0.433015    
103 0.1020      1  0 -0.194220     -0.413872    
104 0.1030      1  0 -0.194577     -0.387110    
105 0.1040      1  0 -0.194873     -0.354115    
106 0.1050      1  0 -0.195108     -0.318473    
107 0.1060      1  0 -0.195284     -0.284593    
108 0.1070      1  0 -0.195403     -0.256159    
109 0.1080      1  0 -0.195463     -0.235178    
110 0.1090      1  0 -0.195456     -0.221996    
111 0.1100      1  0 -0.195376     -0.216046    
112 0.1110      1  0 -0.195212     -0.216585    
113 0.1120      1  0 -0.194957     -0.222873    
114 0.1130      1  0 -0.194608     -0.233832    
115 0.1140      1  0 -0.194160     -0.247638    
116 0.1150      1  0 -0.193611     -0.261742    
117 0.1160      1  0 -0.192959     -0.273443    
118 0.1170      1  0 -0.192207     -0.280729    
119 0.1180      1  0 -0.191358     -0.282884    
120 0.1190      1  0 -0.190419     -0.280586    
121 0.1200      1  0 -0.189398     -0.275508    
122 0.1210      1  0 -0.188306     -0.269735    
123 0.1220      1  0 -0.187151     -0.265302    
124 0.1230      1  0 -0.185944     -0.263969    
125 0.1240      1  0 -0.184692     -0.267171    
126 0.1250      1  0 -0.183403     -0.275957    
127 0.1260      1  0 -0.182082     -0.290838    
128 0.1270      1  0 -0.180737     -0.311594    
129 0.1280      1  0 -0.179373     -0.337148    
130 0.1290      1  0 -0.177997     -0.365652    
131 0.1300      1  0 -0.176614     -0.394759    
132 0.1310      1  0 -0.175229     -0.422016    
133 0.1320      1  0 -0.173845     -0.445225    
134 0.1330      1  0 -0.172465     -0.462698    
135 0.1340      1  0 -0.171092     -0.473375    
136 0.1350      1  0 -0.169725     -0.476851    
137 0.1360      1  0 -0.168365     -0.473351    
138 0.1370      1  0 -0.167010     -0.463689    
139 0.1380      1  0 -0.165659     -0.449175    
140 0.1390      1  0 -0.164308     -0.431467    
141 0.1400      1  0 -0.162957     -0.412356    
142 0.1410      1  0 -0.161602     -0.393510    
143 0.1420      1  0 -0.160241     -0.376234    
144 0.1430      1  0 -0.158874     -0.361316    
145 0.1440      1  0 -0.157496     -0.348962    
146 0.1450      1  0 -0.156108     -0.338848    
147 0.1460      1  0 -0.154704     -0.330243    
148 0.1470      1  0 -0.153283     -0.322176    
149 0.1480      1  0 -0.151841     -0.313625    
150 0.1490      1  0 -0.150372     -0.303707    
151 0.1500      1  0 -0.148874     -0.291842    
152 0.1510      1  0 -0.147343     -0.277893    
153 0.1520      1  0 -0.145779     -0.262224    
154 0.1530      1  0 -0.144182     -0.245687    
155 0.1540      1  0 -0.142553     -0.229502    
156 0.1550      1  0 -0.140899     -0.215077    
157 0.1560      1  0 -0.139225     -0.203792    
158 0.1570      1  0 -0.137538     -0.196778    
159 0.1580      1  0 -0.135847     -0.194753    
160 0.1590      1  0 -0.134158     -0.197918    
161 0.1600      1  0 -0.132479     -0.205928    
162 0.1610      1  0 -0.130816     -0.217945    
163 0.1620      1  0 -0.129171     -0.232754    
164 0.1630      1  0 -0.127549     -0.248919    
165 0.1640      1  0 -0.125951     -0.264970    
166 0.1650      1  0 -0.124376     -0.279572    
167 0.1660      1  0 -0.122827     -0.291672    
168 0.1670      1  0 -0.121304     -0.300589    
169 0.1680      1  0 -0.119810     -0.306038    
170 0.1690      1  0 -0.118346     -0.308103    
171 0.1700      1  0 -0.116916     -0.307155    
172 0.1710      1  0 -0.115523     -0.303744    
173 0.1720      1  0 -0.114170     -0.298474    
174 0.1730      1  0 -0.112861     -0.291897    
175 0.1740      1  0 -0.111595     -0.284419    
176 0.1750      1  0 -0.110372     -0.276256    
177 0.1760      1  0 -0.109191     -0.267423    
178 0.1770      1  0 -0.108050     -0.257774    
179 0.1780      1  0 -0.106942     -0.247076    
180 0.1790      1  0 -0.105866     -0.235107    
181 0.1800      1  0 -0.104815     -0.221764    
182 0.1810      1  0 -0.103787     -0.207152    
183 0.1820      1  0 -0.102780     -0.191639    
184 0.1830      1  0 -0.101792     -0.175867    
185 0.1840      1  0 -0.100823     -0.160699    
186 0.1850      1  0 -0.998746E-01 -0.147118    
187 0.1860      1  0 -0.989479E-01 -0.136096    
188 0.1870      1  0 -0.980439E-01 -0.128441    
189 0.1880      1  0 -0.971629E-01 -0.124670    
190 0.1890      1  0 -0.963047E-01 -0.124917    
191 0.1900      1  0 -0.954675E-01 -0.128905    
192 0.1910      1  0 -0.946493E-01 -0.135980    
193 0.1920      1  0 -0.938473E-01 -0.145216    
194 0.1930      1  0 -0.930590E-01 -0.155547    
195 0.1940      1  0 -0.922823E-01 -0.165927    
196 0.1950      1  0 -0.915165E-01 -0.175471    
197 0.1960      1  0 -0.907620E-01 -0.183551    
198 0.1970      1  0 -0.900209E-01 -0.189845    
199 0.1980      1  0 -0.892962E-01 -0.194313    
200 0.1990      1  0 -0.885921E-01 -0.197133    
201 0.2000      1  0 -0.879131E-01 -0.198592    
202 0.2010      1  0 -0.872635E-01 -0.198977    
203 0.2020      1  0 -0.866473E-01 -0.198479    
204 0.2030      1  0 -0.860676E-01 -0.197134    
205 0.2040      1  0 -0.855269E-01 -0.194809    
206 0.2050      1  0 -0.850268E-01 -0.191245    
207 0.2060      1  0 -0.845686E-01 -0.186126    
208 0.2070      1  0 -0.841534E-01 -0.179185    
209 0.2080      1  0 -0.837823E-01 -0.170309    
210 0.2090      1  0 -0.834570E-01 -0.159613    
211 0.2100      1  0 -0.831791E-01 -0.147492    
212 0.2110      1  0 -0.829506E-01 -0.134613    
213 0.2120      1  0 -0.827734E-01 -0.121857    
214 0.2130      1  0 -0.826486E-01 -0.110213    
215 0.2140      1  0 -0.825764E-01 -0.100648    
216 0.2150      1  0 -0.825557E-01 -0.939663E-01
217 0.2160      1  0 -0.825836E-01 -0.906857E-01
218 0.2170      1  0 -0.826555E-01 -0.909578E-01
219 0.2180      1  0 -0.827654E-01 -0.945423E-01
220 0.2190      1  0 -0.829061E-01 -0.100848    
221 0.2200      1  0 -0.830698E-01 -0.109031    
222 0.2210      1  0 -0.832488E-01 -0.118134    
223 0.2220      1  0 -0.834358E-01 -0.127243    
224 0.2230      1  0 -0.836250E-01 -0.135621    
225 0.2240      1  0 -0.838115E-01 -0.142806    
226 0.2250      1  0 -0.839925E-01 -0.148641    
227 0.2260      1  0 -0.841663E-01 -0.153238    
228 0.2270      1  0 -0.843323E-01 -0.156889    
229 0.2280      1  0 -0.844911E-01 -0.159941    
230 0.2290      1  0 -0.846436E-01 -0.162668    
231 0.2300      1  0 -0.847912E-01 -0.165173    
232 0.2310      1  0 -0.849356E-01 -0.167337    
233 0.2320      1  0 -0.850788E-01 -0.168829    
234 0.2330      1  0 -0.852229E-01 -0.169174    
235 0.2340      1  0 -0.853711E-01 -0.167858    
236 0.2350      1  0 -0.855271E-01 -0.164455    
237 0.2360      1  0 -0.856953E-01 -0.158735    
238 0.2370      1  0 -0.858812E-01 -0.150751    
239 0.2380      1  0 -0.860906E-01 -0.140865    
240 0.2390      1  0 -0.863296E-01 -0.129725    
241 0.2400      1  0 -0.866042E-01 -0.118195    
242 0.2410      1  0 -0.869195E-01 -0.107248    
243 0.2420      1  0 -0.872795E-01 -0.978372E-01
244 0.2430      1  0 -0.876868E-01 -0.907754E-01
245 0.2440      1  0 -0.881422E-01 -0.866344E-01
246 0.2450      1  0 -0.886444E-01 -0.856780E-01
247 0.2460      1  0 -0.891908E-01 -0.878416E-01
248 0.2470      1  0 -0.897766E-01 -0.927574E-01
249 0.2480      1  0 -0.903962E-01 -0.998229E-01
250 0.2490      1  0 -0.910429E-01 -0.108298    
251 0.2500      1  0 -0.917095E-01 -0.117416    
252 0.2510      1  0 -0.923888E-01 -0.126497    
253 0.2520      1  0 -0.930736E-01 -0.135028    
254 0.2530      1  0 -0.937574E-01 -0.142712    
255 0.2540      1  0 -0.944342E-01 -0.149475    
256 0.2550      1  0 -0.950987E-01 -0.155422    
257 0.2560      1  0 -0.957464E-01 -0.160762    
258 0.2570      1  0 -0.963734E-01 -0.165718    
259 0.2580      1  0 -0.969769E-01 -0.170434    
260 0.2590      1  0 -0.975543E-01 -0.174907    
261 0.2600      1  0 -0.981044E-01 -0.178962    
262 0.2610      1  0 -0.986264E-01 -0.182266    
263 0.2620      1  0 -0.991205E-01 -0.184379    
264 0.2630      1  0 -0.995881E-01 -0.184844    
265 0.2640      1  0 -0.100031     -0.183280    
266 0.2650      1  0 -0.100454     -0.179465    
267 0.2660      1  0 -0.100860     -0.173405    
268 0.2670      1  0 -0.101254     -0.165348    
269 0.2680      1  0 -0.101641     -0.155777    
270 0.2690      1  0 -0.102029     -0.145355    
271 0.2700      1  0 -0.102423     -0.134851    
272 0.2710      1  0 -0.102827     -0.125049    
273 0.2720      1  0 -0.103248     -0.116663    
274 0.2730      1  0 -0.103690     -0.110262    
275 0.2740      1  0 -0.104156     -0.106221    
276 0.2750      1  0 -0.104647     -0.104697    
277 0.2760      1  0 -0.105165     -0.105639    
278 0.2770      1  0 -0.105709     -0.108811    
279 0.2780      1  0 -0.106277     -0.113850    
280 0.2790      1  0 -0.106866     -0.120317    
281 0.2800      1  0 -0.107471     -0.127763    
282 0.2810      1  0 -0.108089     -0.135784    
283 0.2820      1  0 -0.108713     -0.144051    
284 0.2830      1  0 -0.109338     -0.152340    
285 0.2840      1  0 -0.109959     -0.160518    
286 0.2850      1  0 -0.110569     -0.168528    
287 0.2860      1  0 -0.111165     -0.176351    
288 0.2870      1  0 -0.111740     -0.183962    
289 0.2880      1  0 -0.112292     -0.191291    
290 0.2890      1  0 -0.112816     -0.198200    
291 0.2900      1  0 -0.113310     -0.204469    
292 0.2910      1  0 -0.113771     -0.209810    
293 0.2920      1  0 -0.114199     -0.213900    
294 0.2930      1  0 -0.114591     -0.216420    
295 0.2940      1  0 -0.114949     -0.217108    
296 0.2950      1  0 -0.115274     -0.215801    
297 0.2960      1  0 -0.115566     -0.212470    
298 0.2970      1  0 -0.115829     -0.207235    
299 0.2980      1  0 -0.116066     -0.200356    
300 0.2990      1  0 -0.116281     -0.192219    
301 0.3000      1  0 -0.116479     -0.183291    
302 0.3010      1  0 -0.116665     -0.174081    
303 0.3020      1  0 -0.116845     -0.165091    
304 0.3030      1  0 -0.117023     -0.156781    
305 0.3040      1  0 -0.117204     -0.149530    
306 0.3050      1  0 -0.117393     -0.143626    
307 0.3060      1  0 -0.117592     -0.139254    
308 0.3070      1  0 -0.117804     -0.136507    
309 0.3080      1  0 -0.118031     -0.135396    
310 0.3090      1  0 -0.118272     -0.135873    
311 0.3100      1  0 -0.118527     -0.137850    
312 0.3110      1  0 -0.118794     -0.141216    
313 0.3120      1  0 -0.119071     -0.145851    
314 0.3130      1  0 -0.119355     -0.151633    
315 0.3140      1  0 -0.119643     -0.158435    
316 0.3150      1  0 -0.119930     -0.166119    
317 0.3160      1  0 -0.120214     -0.174526    
318 0.3170      1  0 -0.120490     -0.183467    
319 0.3180      1  0 -0.120754     -0.192711    
320 0.3190      1  0 -0.121001     -0.201987    
321 0.3200      1  0 -0.121229     -0.210987    
322 0.3210      1  0 -0.121434     -0.219381    
323 0.3220      1  0 -0.121612     -0.226839    
324 0.3230      1  0 -0.121760     -0.233051    
325 0.3240      1  0 -0.121878     -0.237754    
326 0.3250      1  0 -0.121963     -0.240757    
327 0.3260      1  0 -0.122016     -0.241950    
328 0.3270      1  0 -0.122038     -0.241317    
329 0.3280      1  0 -0.122029     -0.238930    
330 0.3290      1  0 -0.121993     -0.234939    
331 0.3300      1  0 -0.121933     -0.229557    
332 0.3310      1  0 -0.121852     -0.223039    
333 0.3320      1  0 -0.121754     -0.215660    
334 0.3330      1  0 -0.121645     -0.207702    
335 0.3340      1  0 -0.121527     -0.199439    
336 0.3350      1  0 -0.121406     -0.191130    
337 0.3360      1  0 -0.121286     -0.183020    
338 0.3370      1  0 -0.121170     -0.175339    
339 0.3380      1  0 -0.121062     -0.168308    
340 0.3390      1  0 -0.120964     -0.162141    
341 0.3400      1  0 -0.120878     -0.157048    
342 0.3410      1  0 -0.120806     -0.153231    
343 0.3420      1  0 -0.120748     -0.150873    
344 0.3430      1  0 -0.120706     -0.150131    
345 0.3440      1  0 -0.120677     -0.151112    
346 0.3450      1  0 -0.120661     -0.153864    
347 0.3460      1  0 -0.120656     -0.158354    
348 0.3470      1  0 -0.120659     -0.164464    
349 0.3480      1  0 -0.120665     -0.171981    
350 0.3490      1  0 -0.120673     -0.180606    
351 0.3500      1  0 -0.120676     -0.189969    
352 0.3510      1  0 -0.120671     -0.199652    
353 0.3520      1  0 -0.120654     -0.209218    
354 0.3530      1  0 -0.120621     -0.218244    
355 0.3540      1  0 -0.120569     -0.226353    
356 0.3550      1  0 -0.120494     -0.233236    
357 0.3560      1  0 -0.120396     -0.238674    
358 0.3570      1  0 -0.120272     -0.242537    
359 0.3580      1  0 -0.120124     -0.244784    
360 0.3590      1  0 -0.119951     -0.245445    
361 0.3600      1  0 -0.119755     -0.244603    
362 0.3610      1  0 -0.119537     -0.242369    
363 0.3620      1  0 -0.119301     -0.238865    
364 0.3630      1  0 -0.119048     -0.234209    
365 0.3640      1  0 -0.118783     -0.228510    
366 0.3650      1  0 -0.118509     -0.221874    
367 0.3660      1  0 -0.118229     -0.214412    
368 0.3670      1  0 -0.117948     -0.206257    
369 0.3680      1  0 -0.117670     -0.197581    
370 0.3690      1  0 -0.117398     -0.188609    
371 0.3700      1  0 -0.117136     -0.179620    
372 0.3710      1  0 -0.116889     -0.170950    
373 0.3720      1  0 -0.116657     -0.162974    
374 0.3730      1  0 -0.116446     -0.156084    
375 0.3740      1  0 -0.116255     -0.150660    
376 0.3750      1  0 -0.116085     -0.147031    
377 0.3760      1  0 -0.115938     -0.145447    
378 0.3770      1  0 -0.115811     -0.146045    
379 0.3780      1  0 -0.115703     -0.148831    
380 0.3790      1  0 -0.115611     -0.153669    
381 0.3800      1  0 -0.115532     -0.160295    
382 0.3810      1  0 -0.115462     -0.168328    
383 0.3820      1  0 -0.115396     -0.177308    
384 0.3830      1  0 -0.115330     -0.186736    
385 0.3840      1  0 -0.115260     -0.196118    
386 0.3850      1  0 -0.115182     -0.205007    
387 0.3860      1  0 -0.115092     -0.213034    
388 0.3870      1  0 -0.114986     -0.219933    
389 0.3880      1  0 -0.114864     -0.225538    
390 0.3890      1  0 -0.114722     -0.229780    
391 0.3900      1  0 -0.114561     -0.232663    
392 0.3910      1  0 -0.114381     -0.234231    
393 0.3920      1  0 -0.114181     -0.234545    
394 0.3930      1  0 -0.113963     -0.233651    
395 0.3940      1  0 -0.113730     -0.231574    
396 0.3950      1  0 -0.113483     -0.228310    
397 0.3960      1  0 -0.113226     -0.223842    
398 0.3970      1  0 -0.112962     -0.218161    
399 0.3980      1  0 -0.112694     -0.211292    
400 0.3990      1  0 -0.112427     -0.203325    
401 0.4000      1  0 -0.112164     -0.194434    
402 0.4010      1  0 -0.111910     -0.184889    
403 0.4020      1  0 -0.111669     -0.175054    
404 0.4030      1  0 -0.111444     -0.165369    
405 0.4040      1  0 -0.111239     -0.156323    
406 0.4050      1  0 -0.111057     -0.148413    
407 0.4060      1  0 -0.110899     -0.142098    
408 0.4070      1  0 -0.110768     -0.137761    
409 0.4080      1  0 -0.110664     -0.135663    
410 0.4090      1  0 -0.110585     -0.135923    
411 0.4100      1  0 -0.110530     -0.138500    
412 0.4110      1  0 -0.110498     -0.143200    
413 0.4120      1  0 -0.110483     -0.149691    
414 0.4130      1  0 -0.110483     -0.157541    
415 0.4140      1  0 -0.110492     -0.166258    
416 0.4150      1  0 -0.110506     -0.175340    
417 0.4160      1  0 -0.110521     -0.184319    
418 0.4170      1  0 -0.110531     -0.192796    
419 0.4180      1  0 -0.110532     -0.200468    
420 0.4190      1  0 -0.110522     -0.207134    
421 0.4200      1  0 -0.110497     -0.212684    
422 0.4210      1  0 -0.110457     -0.217081    
423 0.4220      1  0 -0.110398     -0.220331    
424 0.4230      1  0 -0.110322     -0.222449    
425 0.4240      1  0 -0.110227     -0.223437    
426 0.4250      1  0 -0.110116     -0.223268    
427 0.4260      1  0 -0.109990     -0.221883    
428 0.4270      1  0 -0.109850     -0.219208    
429 0.4280      1  0 -0.109699     -0.215173    
430 0.4290      1  0 -0.109541     -0.209746    
431 0.4300      1  0 -0.109378     -0.202963    
432 0.4310      1  0 -0.109214     -0.194951    
433 0.4320      1  0 -0.109053     -0.185945    
434 0.4330      1  0 -0.108900     -0.176286    
435 0.4340      1  0 -0.108759     -0.166408    
436 0.4350      1  0 -0.108633     -0.156807    
437 0.4360      1  0 -0.108527     -0.148005    
438 0.4370      1  0 -0.108445     -0.140501    
439 0.4380      1  0 -0.108387     -0.134730    
440 0.4390      1  0 -0.108356     -0.131022    
441 0.4400      1  0 -0.108352     -0.129572    
442 0.4410      1  0 -0.108374     -0.130424    
443 0.4420      1  0 -0.108422     -0.133471    
444 0.4430      1  0 -0.108491     -0.138469    
445 0.4440      1  0 -0.108579     -0.145063    
446 0.4450      1  0 -0.108682     -0.152828    
447 0.4460      1  0 -0.108795     -0.161307    
448 0.4470      1  0 -0.108913     -0.170058    
449 0.4480      1  0 -0.109031     -0.178681    
450 0.4490      1  0 -0.109146     -0.186850    
451 0.4500      1  0 -0.109254     -0.194323    
452 0.4510      1  0 -0.109350     -0.200936    
453 0.4520      1  0 -0.109433     -0.206590    
454 0.4530      1  0 -0.109500     -0.211230    
455 0.4540      1  0 -0.109549     -0.214821    
456 0.4550      1  0 -0.109580     -0.217320    
457 0.4560      1  0 -0.109592     -0.218669    
458 0.4570      1  0 -0.109586     -0.218790    
459 0.4580      1  0 -0.109564     -0.217591    
460 0.4590      1  0 -0.109525     -0.214987    
461 0.4600      1  0 -0.109474     -0.210928    
462 0.4610      1  0 -0.109412     -0.205421    
463 0.4620      1  0 -0.109343     -0.198558    
464 0.4630      1  0 -0.109271     -0.190527    
465 0.4640      1  0 -0.109199     -0.181620    
466 0.4650      1  0 -0.109132     -0.172215    
467 0.4660      1  0 -0.109075     -0.162760    
468 0.4670      1  0 -0.109031     -0.153740    
469 0.4680      1  0 -0.109003     -0.145637    
470 0.4690      1  0 -0.108996     -0.138891    
471 0.4700      1  0 -0.109010     -0.133865    
472 0.4710      1  0 -0.109049     -0.130817    
473 0.4720      1  0 -0.109111     -0.129880    
474 0.4730      1  0 -0.109197     -0.131053    
475 0.4740      1  0 -0.109304     -0.134214    
476 0.4750      1  0 -0.109431     -0.139129    
477 0.4760      1  0 -0.109575     -0.145483    
478 0.4770      1  0 -0.109731     -0.152910    
479 0.4780      1  0 -0.109895     -0.161024    
480 0.4790      1  0 -0.110064     -0.169453    
481 0.4800      1  0 -0.110233     -0.177857    
482 0.4810      1  0 -0.110398     -0.185950    
483 0.4820      1  0 -0.110555     -0.193500    
484 0.4830      1  0 -0.110700     -0.200332    
485 0.4840      1  0 -0.110832     -0.206311    
486 0.4850      1  0 -0.110947     -0.211331    
487 0.4860      1  0 -0.111043     -0.215299    
488 0.4870      1  0 -0.111121     -0.218127    
489 0.4880      1  0 -0.111178     -0.219723    
490 0.4890      1  0 -0.111217     -0.219996    
491 0.4900      1  0 -0.111236     -0.218866    
492 0.4910      1  0 -0.111239     -0.216284    
493 0.4920      1  0 -0.111227     -0.212240    
494 0.4930      1  0 -0.111202     -0.206794    
495 0.4940      1  0 -0.111168     -0.200079    
496 0.4950      1  0 -0.111129     -0.192310    
497 0.4960      1  0 -0.111088     -0.183782    
498 0.4970      1  0 -0.111049     -0.174856    
499 0.4980      1  0 -0.111016     -0.165939    
500 0.4990      1  0 -0.110993     -0.157459    
501 0.5000      1  0 -0.110984     -0.149835    
502 0.5010      1  0 -0.110991     -0.143443    
503 0.5020      1  0 -0.111016     -0.138599    
504 0.5030      1  0 -0.111061     -0.135528    
505 0.5040      1  0 -0.111127     -0.134358    
506 0.5050      1  0 -0.111213     -0.135110    
507 0.5060      1  0 -0.111318     -0.137705    
508 0.5070      1  0 -0.111439     -0.141973    
509 0.5080      1  0 -0.111576     -0.147670    
510 0.5090      1  0 -0.111723     -0.154502    
511 0.5100      1  0 -0.111877     -0.162144    
512 0.5110      1  0 -0.112035     -0.170265    
513 0.5120      1  0 -0.112192     -0.178548    
514 0.5130      1  0 -0.112345     -0.186699    
515 0.5140      1  0 -0.112490     -0.194460    
516 0.5150      1  0 -0.112624     -0.201612    
517 0.5160      1  0 -0.112743     -0.207971    
518 0.5170      1  0 -0.112846     -0.213381    
519 0.5180      1  0 -0.112931     -0.217715    
520 0.5190      1  0 -0.112997     -0.220862    
521 0.5200      1  0 -0.113043     -0.222729    
522 0.5210      1  0 -0.113069     -0.223243    
523 0.5220      1  0 -0.113076     -0.222351    
524 0.5230      1  0 -0.113066     -0.220035    
525 0.5240      1  0 -0.113040     -0.216316    
526 0.5250      1  0 -0.113001     -0.211270    
527 0.5260      1  0 -0.112952     -0.205028    
528 0.5270      1  0 -0.112897     -0.197785    
529 0.5280      1  0 -0.112838     -0.189797    
530 0.5290      1  0 -0.112779     -0.181373    
531 0.5300      1  0 -0.112725     -0.172862    
532 0.5310      1  0 -0.112678     -0.164634    
533 0.5320      1  0 -0.112642     -0.157061    
534 0.5330      1  0 -0.112620     -0.150493    
535 0.5340      1  0 -0.112615     -0.145237    
536 0.5350      1  0 -0.112627     -0.141538    
537 0.5360      1  0 -0.112657     -0.139562    
538 0.5370      1  0 -0.112706     -0.139391    
539 0.5380      1  0 -0.112772     -0.141013    
540 0.5390      1  0 -0.112854     -0.144331    
541 0.5400      1  0 -0.112950     -0.149166    
542 0.5410      1  0 -0.113056     -0.155278    
543 0.5420      1  0 -0.113170     -0.162377    
544 0.5430      1  0 -0.113288     -0.170147    
545 0.5440      1  0 -0.113406     -0.178263    
546 0.5450      1  0 -0.113521     -0.186410    
547 0.5460      1  0 -0.113628     -0.194295    
548 0.5470      1  0 -0.113725     -0.201660    
549 0.5480      1  0 -0.113808     -0.208285    
550 0.5490      1  0 -0.113876     -0.213990    
551 0.5500      1  0 -0.113927     -0.218631    
552 0.5510      1  0 -0.113959     -0.222099    
553 0.5520      1  0 -0.113973     -0.224310    
554 0.5530      1  0 -0.113967     -0.225207    
555 0.5540      1  0 -0.113943     -0.224756    
556 0.5550      1  0 -0.113902     -0.222947    
557 0.5560      1  0 -0.113846     -0.219804    
558 0.5570      1  0 -0.113776     -0.215384    
559 0.5580      1  0 -0.113697     -0.209792    
560 0.5590      1  0 -0.113610     -0.203180    
561 0.5600      1  0 -0.113520     -0.195752    
562 0.5610      1  0 -0.113430     -0.187765    
563 0.5620      1  0 -0.113343     -0.179517    
564 0.5630      1  0 -0.113262     -0.171342    
565 0.5640      1  0 -0.113192     -0.163592    
566 0.5650      1  0 -0.113135     -0.156615    
567 0.5660      1  0 -0.113092     -0.150736    
568 0.5670      1  0 -0.113067     -0.146237    
569 0.5680      1  0 -0.113059     -0.143336    
570 0.5690      1  0 -0.113070     -0.142171    
571 0.5700      1  0 -0.113098     -0.142794    
572 0.5710      1  0 -0.113142     -0.145163    
573 0.5720      1  0 -0.113201     -0.149151    
574 0.5730      1  0 -0.113272     -0.154548    
575 0.5740      1  0 -0.113352     -0.161084    
576 0.5750      1  0 -0.113436     -0.168446    
577 0.5760      1  0 -0.113522     -0.176300    
578 0.5770      1  0 -0.113607     -0.184312    
579 0.5780      1  0 -0.113685     -0.192167    
580 0.5790      1  0 -0.113755     -0.199586    
581 0.5800      1  0 -0.113813     -0.206332    
582 0.5810      1  0 -0.113857     -0.212215    
583 0.5820      1  0 -0.113884     -0.217090    
584 0.5830      1  0 -0.113895     -0.220852    
585 0.5840      1  0 -0.113887     -0.223424    
586 0.5850      1  0 -0.113862     -0.224758    
587 0.5860      1  0 -0.113819     -0.224820    
588 0.5870      1  0 -0.113759     -0.223597    
589 0.5880      1  0 -0.113685     -0.221095    
590 0.5890      1  0 -0.113599     -0.217345    
591 0.5900      1  0 -0.113502     -0.212414    
592 0.5910      1  0 -0.113398     -0.206413    
593 0.5920      1  0 -0.113290     -0.199502    
594 0.5930      1  0 -0.113182     -0.191896    
595 0.5940      1  0 -0.113077     -0.183863    
596 0.5950      1  0 -0.112977     -0.175716    
597 0.5960      1  0 -0.112888     -0.167798    
598 0.5970      1  0 -0.112811     -0.160468    
599 0.5980      1  0 -0.112749     -0.154072    
600 0.5990      1  0 -0.112704     -0.148924    
601 0.6000      1  0 -0.112677     -0.145284    
602 0.6010      1  0 -0.112668     -0.143333    
603 0.6020      1  0 -0.112678     -0.143166    
604 0.6030      1  0 -0.112706     -0.144778    
605 0.6040      1  0 -0.112749     -0.148072    
606 0.6050      1  0 -0.112805     -0.152862    
607 0.6060      1  0 -0.112872     -0.158888    
608 0.6070      1  0 -0.112945     -0.165842    
609 0.6080      1  0 -0.113022     -0.173387    
610 0.6090      1  0 -0.113098     -0.181183    
611 0.6100      1  0 -0.113170     -0.188909    
612 0.6110      1  0 -0.113235     -0.196278    
613 0.6120      1  0 -0.113290     -0.203051    
614 0.6130      1  0 -0.113332     -0.209037    
615 0.6140      1  0 -0.113359     -0.214091    
616 0.6150      1  0 -0.113370     -0.218111    
617 0.6160      1  0 -0.113364     -0.221023    
618 0.6170      1  0 -0.113341     -0.222774    
619 0.6180      1  0 -0.113301     -0.223326    
620 0.6190      1  0 -0.113244     -0.222650    
621 0.6200      1  0 -0.113173     -0.220732    
622 0.6210      1  0 -0.113090     -0.217578    
623 0.6220      1  0 -0.112996     -0.213223    
624 0.6230      1  0 -0.112895     -0.207748    
625 0.6240      1  0 -0.112790     -0.201283    
626 0.6250      1  0 -0.112683     -0.194019    
627 0.6260      1  0 -0.112579     -0.186203    
628 0.6270      1  0 -0.112480     -0.178138    
629 0.6280      1  0 -0.112390     -0.170166    
630 0.6290      1  0 -0.112313     -0.162651    
631 0.6300      1  0 -0.112250     -0.155952    
632 0.6310      1  0 -0.112204     -0.150403    
633 0.6320      1  0 -0.112176     -0.146285    
634 0.6330      1  0 -0.112167     -0.143806    
635 0.6340      1  0 -0.112177     -0.143084    
636 0.6350      1  0 -0.112206     -0.144139    
637 0.6360      1  0 -0.112250     -0.146894    
638 0.6370      1  0 -0.112310     -0.151180    
639 0.6380      1  0 -0.112380     -0.156753    
640 0.6390      1  0 -0.112459     -0.163317    
641 0.6400      1  0 -0.112543     -0.170542    
642 0.6410      1  0 -0.112628     -0.178097    
643 0.6420      1  0 -0.112710     -0.185663    
644 0.6430      1  0 -0.112786     -0.192956    
645 0.6440      1  0 -0.112853     -0.199739    
646 0.6450      1  0 -0.112909     -0.205818    
647 0.6460      1  0 -0.112950     -0.211049    
648 0.6470      1  0 -0.112977     -0.215322    
649 0.6480      1  0 -0.112986     -0.218558    
650 0.6490      1  0 -0.112979     -0.220695    
651 0.6500      1  0 -0.112955     -0.221682    
652 0.6510      1  0 -0.112915     -0.221476    
653 0.6520      1  0 -0.112861     -0.220048    
654 0.6530      1  0 -0.112793     -0.217386    
655 0.6540      1  0 -0.112714     -0.213508    
656 0.6550      1  0 -0.112627     -0.208476    
657 0.6560      1  0 -0.112535     -0.202403    
658 0.6570      1  0 -0.112441     -0.195464    
659 0.6580      1  0 -0.112348     -0.187895    
660 0.6590      1  0 -0.112259     -0.179989    
661 0.6600      1  0 -0.112179     -0.172079    
662 0.6610      1  0 -0.112110     -0.164527    
663 0.6620      1  0 -0.112054     -0.157693    
664 0.6630      1  0 -0.112015     -0.151916    
665 0.6640      1  0 -0.111994     -0.147486    
666 0.6650      1  0 -0.111991     -0.144623    
667 0.6660      1  0 -0.112008     -0.143462    
668 0.6670      1  0 -0.112042     -0.144042    
669 0.6680      1  0 -0.112094     -0.146308    
670 0.6690      1  0 -0.112161     -0.150114    
671 0.6700      1  0 -0.112240     -0.155239    
672 0.6710      1  0 -0.112328     -0.161405    
673 0.6720      1  0 -0.112422     -0.168304    
674 0.6730      1  0 -0.112518     -0.175615    
675 0.6740      1  0 -0.112613     -0.183029    
676 0.6750      1  0 -0.112703     -0.190267    
677 0.6760      1  0 -0.112785     -0.197086    
678 0.6770      1  0 -0.112856     -0.203289    
679 0.6780      1  0 -0.112914     -0.208721    
680 0.6790      1  0 -0.112957     -0.213262    
681 0.6800      1  0 -0.112984     -0.216819    
682 0.6810      1  0 -0.112994     -0.219318    
683 0.6820      1  0 -0.112988     -0.220698    
684 0.6830      1  0 -0.112965     -0.220907    
685 0.6840      1  0 -0.112927     -0.219905    
686 0.6850      1  0 -0.112875     -0.217673    
687 0.6860      1  0 -0.112812     -0.214221    
688 0.6870      1  0 -0.112739     -0.209599    
689 0.6880      1  0 -0.112660     -0.203911    
690 0.6890      1  0 -0.112577     -0.197318    
691 0.6900      1  0 -0.112495     -0.190040    
692 0.6910      1  0 -0.112416     -0.182354    
693 0.6920      1  0 -0.112343     -0.174582    
694 0.6930      1  0 -0.112281     -0.167069    
695 0.6940      1  0 -0.112231     -0.160170    
696 0.6950      1  0 -0.112196     -0.154219    
697 0.6960      1  0 -0.112178     -0.149509    
698 0.6970      1  0 -0.112178     -0.146271    
699 0.6980      1  0 -0.112197     -0.144657    
700 0.6990      1  0 -0.112233     -0.144730    
701 0.7000      1  0 -0.112287     -0.146461    
702 0.7010      1  0 -0.112356     -0.149735    
703 0.7020      1  0 -0.112438     -0.154362    
704 0.7030      1  0 -0.112529     -0.160092    
705 0.7040      1  0 -0.112627     -0.166637    
706 0.7050      1  0 -0.112729     -0.173693    
707 0.7060      1  0 -0.112830     -0.180960    
708 0.7070      1  0 -0.112927     -0.188157    
709 0.7080      1  0 -0.113017     -0.195036    
710 0.7090      1  0 -0.113098     -0.201387    
711 0.7100      1  0 -0.113166     -0.207039    
712 0.7110      1  0 -0.113219     -0.211858    
713 0.7120      1  0 -0.113257     -0.215736    
714 0.7130      1  0 -0.113279     -0.218588    
715 0.7140      1  0 -0.113283     -0.220345    
716 0.7150      1  0 -0.113272     -0.220949    
717 0.7160      1  0 -0.113244     -0.220358    
718 0.7170      1  0 -0.113202     -0.218550    
719 0.7180      1  0 -0.113148     -0.215529    
720 0.7190      1  0 -0.113083     -0.211337    
721 0.7200      1  0 -0.113011     -0.206066    
722 0.7210      1  0 -0.112935     -0.199860    
723 0.7220      1  0 -0.112857     -0.192920    
724 0.7230      1  0 -0.112781     -0.185502    
725 0.7240      1  0 -0.112710     -0.177903    
726 0.7250      1  0 -0.112647     -0.170452    
727 0.7260      1  0 -0.112596     -0.163491    
728 0.7270      1  0 -0.112559     -0.157348    
729 0.7280      1  0 -0.112538     -0.152320    
730 0.7290      1  0 -0.112533     -0.148649    
731 0.7300      1  0 -0.112547     -0.146511    
732 0.7310      1  0 -0.112578     -0.145997    
733 0.7320      1  0 -0.112626     -0.147113    
734 0.7330      1  0 -0.112690     -0.149780    
735 0.7340      1  0 -0.112766     -0.153842    
736 0.7350      1  0 -0.112854     -0.159079    
737 0.7360      1  0 -0.112949     -0.165228    
738 0.7370      1  0 -0.113048     -0.172001    
739 0.7380      1  0 -0.113148     -0.179101    
740 0.7390      1  0 -0.113245     -0.186245    
741 0.7400      1  0 -0.113336     -0.193176    
742 0.7410      1  0 -0.113418     -0.199668    
743 0.7420      1  0 -0.113489     -0.205534    
744 0.7430      1  0 -0.113547     -0.210624    
745 0.7440      1  0 -0.113589     -0.214817    
746 0.7450      1  0 -0.113615     -0.218018    
747 0.7460      1  0 -0.113624     -0.220151    
748 0.7470      1  0 -0.113617     -0.221159    
749 0.7480      1  0 -0.113594     -0.220996    
750 0.7490      1  0 -0.113557     -0.219636    
751 0.7500      1  0 -0.113506     -0.217081    
752 0.7510      1  0 -0.113444     -0.213361    
753 0.7520      1  0 -0.113374     -0.208554    
754 0.7530      1  0 -0.113298     -0.202781    
755 0.7540      1  0 -0.113219     -0.196220    
756 0.7550      1  0 -0.113141     -0.189100    
757 0.7560      1  0 -0.113067     -0.181695    
758 0.7570      1  0 -0.113000     -0.174313    
759 0.7580      1  0 -0.112943     -0.167280    
760 0.7590      1  0 -0.112899     -0.160921    
761 0.7600      1  0 -0.112869     -0.155538    
762 0.7610      1  0 -0.112856     -0.151390    
763 0.7620      1  0 -0.112860     -0.148676    
764 0.7630      1  0 -0.112881     -0.147519    
765 0.7640      1  0 -0.112919     -0.147964    
766 0.7650      1  0 -0.112973     -0.149968    
767 0.7660      1  0 -0.113040     -0.153412    
768 0.7670      1  0 -0.113119     -0.158108    
769 0.7680      1  0 -0.113207     -0.163816    
770 0.7690      1  0 -0.113299     -0.170260    
771 0.7700      1  0 -0.113394     -0.177152    
772 0.7710      1  0 -0.113487     -0.184205    
773 0.7720      1  0 -0.113576     -0.191150    
774 0.7730      1  0 -0.113657     -0.197751    
775 0.7740      1  0 -0.113727     -0.203804    
776 0.7750      1  0 -0.113785     -0.209143    
777 0.7760      1  0 -0.113829     -0.213636    
778 0.7770      1  0 -0.113857     -0.217181    
779 0.7780      1  0 -0.113869     -0.219696    
780 0.7790      1  0 -0.113864     -0.221119    
781 0.7800      1  0 -0.113843     -0.221405    
782 0.7810      1  0 -0.113808     -0.220524    
783 0.7820      1  0 -0.113759     -0.218468    
784 0.7830      1  0 -0.113698     -0.215257    
785 0.7840      1  0 -0.113628     -0.210948    
786 0.7850      1  0 -0.113551     -0.205643    
787 0.7860      1  0 -0.113471     -0.199492    
788 0.7870      1  0 -0.113390     -0.192697    
789 0.7880      1  0 -0.113312     -0.185507    
790 0.7890      1  0 -0.113240     -0.178209    
791 0.7900      1  0 -0.113176     -0.171118    
792 0.7910      1  0 -0.113124     -0.164552    
793 0.7920      1  0 -0.113085     -0.158819    
794 0.7930      1  0 -0.113062     -0.154195    
795 0.7940      1  0 -0.113056     -0.150902    
796 0.7950      1  0 -0.113067     -0.149096    
797 0.7960      1  0 -0.113094     -0.148857    
798 0.7970      1  0 -0.113138     -0.150180    
799 0.7980      1  0 -0.113196     -0.152981    
800 0.7990      1  0 -0.113267     -0.157102    
801 0.8000      1  0 -0.113346     -0.162327    
802 0.8010      1  0 -0.113433     -0.168398    
803 0.8020      1  0 -0.113523     -0.175031    
804 0.8030      1  0 -0.113612     -0.181941    
805 0.8040      1  0 -0.113699     -0.188853    
806 0.8050      1  0 -0.113778     -0.195518    
807 0.8060      1  0 -0.113849     -0.201720    
808 0.8070      1  0 -0.113908     -0.207281    
809 0.8080      1  0 -0.113954     -0.212057    
810 0.8090      1  0 -0.113985     -0.215937    
811 0.8100      1  0 -0.114000     -0.218834    
812 0.8110      1  0 -0.113999     -0.220682    
813 0.8120      1  0 -0.113982     -0.221429    
814 0.8130      1  0 -0.113950     -0.221042    
815 0.8140      1  0 -0.113905     -0.219501    
816 0.8150      1  0 -0.113847     -0.216815    
817 0.8160      1  0 -0.113779     -0.213023    
818 0.8170      1  0 -0.113704     -0.208204    
819 0.8180      1  0 -0.113623     -0.202484    
820 0.8190      1  0 -0.113542     -0.196038    
821 0.8200      1  0 -0.113461     -0.189092    
822 0.8210      1  0 -0.113385     -0.181913    
823 0.8220      1  0 -0.113317     -0.174801    
824 0.8230      1  0 -0.113259     -0.168070    
825 0.8240      1  0 -0.113214     -0.162031    
826 0.8250      1  0 -0.113183     -0.156972    
827 0.8260      1  0 -0.113169     -0.153139    
828 0.8270      1  0 -0.113171     -0.150715    
829 0.8280      1  0 -0.113191     -0.149811    
830 0.8290      1  0 -0.113226     -0.150460    
831 0.8300      1  0 -0.113277     -0.152609    
832 0.8310      1  0 -0.113341     -0.156134    
833 0.8320      1  0 -0.113415     -0.160843    
834 0.8330      1  0 -0.113497     -0.166497    
835 0.8340      1  0 -0.113584     -0.172823    
836 0.8350      1  0 -0.113672     -0.179541    
837 0.8360      1  0 -0.113758     -0.186371    
838 0.8370      1  0 -0.113839     -0.193058    
839 0.8380      1  0 -0.113912     -0.199375    
840 0.8390      1  0 -0.113974     -0.205132    
841 0.8400      1  0 -0.114025     -0.210175    
842 0.8410      1  0 -0.114061     -0.214381    
843 0.8420      1  0 -0.114082     -0.217657    
844 0.8430      1  0 -0.114087     -0.219928    
845 0.8440      1  0 -0.114076     -0.221139    
846 0.8450      1  0 -0.114051     -0.221245    
847 0.8460      1  0 -0.114011     -0.220223    
848 0.8470      1  0 -0.113958     -0.218064    
849 0.8480      1  0 -0.113895     -0.214794    
850 0.8490      1  0 -0.113823     -0.210470    
851 0.8500      1  0 -0.113746     -0.205197    
852 0.8510      1  0 -0.113666     -0.199126    
853 0.8520      1  0 -0.113586     -0.192458    
854 0.8530      1  0 -0.113509     -0.185443    
855 0.8540      1  0 -0.113439     -0.178363    
856 0.8550      1  0 -0.113378     -0.171525    
857 0.8560      1  0 -0.113328     -0.165242    
858 0.8570      1  0 -0.113292     -0.159809    
859 0.8580      1  0 -0.113272     -0.155487    
860 0.8590      1  0 -0.113268     -0.152486    
861 0.8600      1  0 -0.113281     -0.150946    
862 0.8610      1  0 -0.113311     -0.150932    
863 0.8620      1  0 -0.113356     -0.152426    
864 0.8630      1  0 -0.113414     -0.155334    
865 0.8640      1  0 -0.113485     -0.159495    
866 0.8650      1  0 -0.113564     -0.164690    
867 0.8660      1  0 -0.113649     -0.170663    
868 0.8670      1  0 -0.113737     -0.177140    
869 0.8680      1  0 -0.113824     -0.183845    
870 0.8690      1  0 -0.113907     -0.190516    
871 0.8700      1  0 -0.113984     -0.196919    
872 0.8710      1  0 -0.114052     -0.202850    
873 0.8720      1  0 -0.114108     -0.208145    
874 0.8730      1  0 -0.114151     -0.212669    
875 0.8740      1  0 -0.114179     -0.216317    
876 0.8750      1  0 -0.114192     -0.219007    
877 0.8760      1  0 -0.114189     -0.220676    
878 0.8770      1  0 -0.114171     -0.221272    
879 0.8780      1  0 -0.114139     -0.220761    
880 0.8790      1  0 -0.114094     -0.219128    
881 0.8800      1  0 -0.114037     -0.216380    
882 0.8810      1  0 -0.113971     -0.212560    
883 0.8820      1  0 -0.113898     -0.207751    
884 0.8830      1  0 -0.113821     -0.202082    
885 0.8840      1  0 -0.113743     -0.195733    
886 0.8850      1  0 -0.113667     -0.188930    
887 0.8860      1  0 -0.113596     -0.181940    
888 0.8870      1  0 -0.113533     -0.175058    
889 0.8880      1  0 -0.113481     -0.168592    
890 0.8890      1  0 -0.113441     -0.162841    
891 0.8900      1  0 -0.113416     -0.158081    
892 0.8910      1  0 -0.113407     -0.154539    
893 0.8920      1  0 -0.113414     -0.152383    
894 0.8930      1  0 -0.113438     -0.151711    
895 0.8940      1  0 -0.113478     -0.152538    
896 0.8950      1  0 -0.113532     -0.154805    
897 0.8960      1  0 -0.113598     -0.158380    
898 0.8970      1  0 -0.113674     -0.163071    
899 0.8980      1  0 -0.113758     -0.168643    
900 0.8990      1  0 -0.113845     -0.174833    
901 0.9000      1  0 -0.113933     -0.181369    
902 0.9010      1  0 -0.114019     -0.187987    
903 0.9020      1  0 -0.114100     -0.194445    
904 0.9030      1  0 -0.114173     -0.200529    
905 0.9040      1  0 -0.114235     -0.206059    
906 0.9050      1  0 -0.114284     -0.210888    
907 0.9060      1  0 -0.114320     -0.214900    
908 0.9070      1  0 -0.114341     -0.218002    
909 0.9080      1  0 -0.114347     -0.220122    
910 0.9090      1  0 -0.114337     -0.221202    
911 0.9100      1  0 -0.114313     -0.221200    
912 0.9110      1  0 -0.114275     -0.220090    
913 0.9120      1  0 -0.114225     -0.217871    
914 0.9130      1  0 -0.114164     -0.214567    
915 0.9140      1  0 -0.114096     -0.210244    
916 0.9150      1  0 -0.114023     -0.205010    
917 0.9160      1  0 -0.113948     -0.199020    
918 0.9170      1  0 -0.113873     -0.192480    
919 0.9180      1  0 -0.113802     -0.185635    
920 0.9190      1  0 -0.113737     -0.178767    
921 0.9200      1  0 -0.113681     -0.172174    
922 0.9210      1  0 -0.113638     -0.166157    
923 0.9220      1  0 -0.113608     -0.160998    
924 0.9230      1  0 -0.113593     -0.156943    
925 0.9240      1  0 -0.113595     -0.154186    
926 0.9250      1  0 -0.113612     -0.152853    
927 0.9260      1  0 -0.113646     -0.152996    
928 0.9270      1  0 -0.113694     -0.154591    
929 0.9280      1  0 -0.113756     -0.157540    
930 0.9290      1  0 -0.113828     -0.161680    
931 0.9300      1  0 -0.113909     -0.166799    
932 0.9310      1  0 -0.113995     -0.172649    
933 0.9320      1  0 -0.114084     -0.178968    
934 0.9330      1  0 -0.114171     -0.185490    
935 0.9340      1  0 -0.114254     -0.191967    
936 0.9350      1  0 -0.114331     -0.198173    
937 0.9360      1  0 -0.114398     -0.203916    
938 0.9370      1  0 -0.114454     -0.209034    
939 0.9380      1  0 -0.114496     -0.213397    
940 0.9390      1  0 -0.114525     -0.216902    
941 0.9400      1  0 -0.114538     -0.219467    
942 0.9410      1  0 -0.114536     -0.221027    
943 0.9420      1  0 -0.114519     -0.221533    
944 0.9430      1  0 -0.114488     -0.220951    
945 0.9440      1  0 -0.114444     -0.219269    
946 0.9450      1  0 -0.114390     -0.216498    
947 0.9460      1  0 -0.114326     -0.212686    
948 0.9470      1  0 -0.114257     -0.207920    
949 0.9480      1  0 -0.114183     -0.202332    
950 0.9490      1  0 -0.114109     -0.196104    
951 0.9500      1  0 -0.114038     -0.189459    
952 0.9510      1  0 -0.113971     -0.182660    
953 0.9520      1  0 -0.113912     -0.175994    
954 0.9530      1  0 -0.113864     -0.169758    
955 0.9540      1  0 -0.113829     -0.164240    
956 0.9550      1  0 -0.113808     -0.159699    
957 0.9560      1  0 -0.113803     -0.156353    
958 0.9570      1  0 -0.113813     -0.154358    
959 0.9580      1  0 -0.113840     -0.153800    
960 0.9590      1  0 -0.113882     -0.154692    
961 0.9600      1  0 -0.113937     -0.156973    
962 0.9610      1  0 -0.114005     -0.160512    
963 0.9620      1  0 -0.114081     -0.165123    
964 0.9630      1  0 -0.114165     -0.170578    
965 0.9640      1  0 -0.114252     -0.176624    
966 0.9650      1  0 -0.114339     -0.183000    
967 0.9660      1  0 -0.114424     -0.189451    
968 0.9670      1  0 -0.114504     -0.195742    
969 0.9680      1  0 -0.114575     -0.201667    
970 0.9690      1  0 -0.114636     -0.207051    
971 0.9700      1  0 -0.114684     -0.211749    
972 0.9710      1  0 -0.114719     -0.215645    
973 0.9720      1  0 -0.114739     -0.218648    
974 0.9730      1  0 -0.114744     -0.220685    
975 0.9740      1  0 -0.114734     -0.221700    
976 0.9750      1  0 -0.114710     -0.221652    
977 0.9760      1  0 -0.114672     -0.220519    
978 0.9770      1  0 -0.114623     -0.218300    
979 0.9780      1  0 -0.114564     -0.215025    
980 0.9790      1  0 -0.114498     -0.210761    
981 0.9800      1  0 -0.114427     -0.205617    
982 0.9810      1  0 -0.114354     -0.199749    
983 0.9820      1  0 -0.114281     -0.193357    
984 0.9830      1  0 -0.114213     -0.186684    
985 0.9840      1  0 -0.114151     -0.180001    
986 0.9850      1  0 -0.114098     -0.173597    
987 0.9860      1  0 -0.114057     -0.167764    
988 0.9870      1  0 -0.114029     -0.162772    
989 0.9880      1  0 -0.114017     -0.158858    
990 0.9890      1  0 -0.114020     -0.156207    
991 0.9900      1  0 -0.114038     -0.154940    
992 0.9910      1  0 -0.114073     -0.155107    
993 0.9920      1  0 -0.114121     -0.156682    
994 0.9930      1  0 -0.114183     -0.159572    
995 0.9940      1  0 -0.114254     -0.163620    
996 0.9950      1  0 -0.114334     -0.168619    
997 0.9960      1  0 -0.114419     -0.174331    
998 0.9970      1  0 -0.114505     -0.180501    
999 0.9980      1  0 -0.114591     -0.186872    
