# Pazy Wing (simplified : constant stiffness properties)                          
# Operating point sequence...
# i     t     conv	stall	 RY pos[ 1]    Theta[ 1]    
  1  6.986      1  0 -0.115857     -0.194169    
  2  6.987      1  0 -0.115859     -0.194175    
  3  6.988      1  0 -0.115861     -0.194180    
  4  6.989      1  0 -0.115863     -0.194185    
  5  6.990      1  0 -0.115864     -0.194190    
  6  6.991      1  0 -0.115866     -0.194194    
  7  6.992      1  0 -0.115868     -0.194198    
  8  6.993      1  0 -0.115870     -0.194201    
  9  6.994      1  0 -0.115871     -0.194204    
 10  6.995      1  0 -0.115873     -0.194206    
 11  6.996      1  0 -0.115875     -0.194208    
 12  6.997      1  0 -0.115877     -0.194210    
 13  6.998      1  0 -0.115878     -0.194212    
 14  6.999      1  0 -0.115880     -0.194214    
 15  7.000      1  0 -0.115882     -0.194216    
 16  7.001      1  0 -0.115884     -0.194218    
 17  7.002      1  0 -0.115885     -0.194219    
 18  7.003      1  0 -0.115887     -0.194221    
 19  7.004      1  0 -0.115888     -0.194223    
 20  7.005      1  0 -0.115890     -0.194224    
 21  7.006      1  0 -0.115892     -0.194226    
 22  7.007      1  0 -0.115893     -0.194228    
 23  7.008      1  0 -0.115895     -0.194230    
 24  7.009      1  0 -0.115896     -0.194233    
 25  7.010      1  0 -0.115898     -0.194236    
 26  7.011      1  0 -0.115899     -0.194239    
 27  7.012      1  0 -0.115901     -0.194243    
 28  7.013      1  0 -0.115902     -0.194247    
 29  7.014      1  0 -0.115903     -0.194252    
 30  7.015      1  0 -0.115905     -0.194257    
 31  7.016      1  0 -0.115906     -0.194263    
 32  7.017      1  0 -0.115907     -0.194268    
 33  7.018      1  0 -0.115908     -0.194274    
 34  7.019      1  0 -0.115910     -0.194279    
 35  7.020      1  0 -0.115911     -0.194283    
 36  7.021      1  0 -0.115912     -0.194288    
 37  7.022      1  0 -0.115913     -0.194292    
 38  7.023      1  0 -0.115914     -0.194296    
 39  7.024      1  0 -0.115915     -0.194300    
 40  7.025      1  0 -0.115916     -0.194303    
 41  7.026      1  0 -0.115917     -0.194305    
 42  7.027      1  0 -0.115918     -0.194308    
 43  7.028      1  0 -0.115919     -0.194310    
 44  7.029      1  0 -0.115920     -0.194312    
 45  7.030      1  0 -0.115920     -0.194313    
 46  7.031      1  0 -0.115921     -0.194315    
 47  7.032      1  0 -0.115922     -0.194316    
 48  7.033      1  0 -0.115923     -0.194317    
 49  7.034      1  0 -0.115924     -0.194318    
 50  7.035      1  0 -0.115924     -0.194318    
 51  7.036      1  0 -0.115925     -0.194319    
 52  7.037      1  0 -0.115926     -0.194320    
 53  7.038      1  0 -0.115926     -0.194321    
 54  7.039      1  0 -0.115927     -0.194323    
 55  7.040      1  0 -0.115927     -0.194324    
 56  7.041      1  0 -0.115928     -0.194326    
 57  7.042      1  0 -0.115928     -0.194328    
 58  7.043      1  0 -0.115929     -0.194330    
 59  7.044      1  0 -0.115929     -0.194333    
 60  7.045      1  0 -0.115930     -0.194336    
 61  7.046      1  0 -0.115930     -0.194339    
 62  7.047      1  0 -0.115930     -0.194342    
 63  7.048      1  0 -0.115931     -0.194346    
 64  7.049      1  0 -0.115931     -0.194350    
 65  7.050      1  0 -0.115931     -0.194353    
 66  7.051      1  0 -0.115931     -0.194356    
 67  7.052      1  0 -0.115931     -0.194359    
 68  7.053      1  0 -0.115931     -0.194362    
 69  7.054      1  0 -0.115932     -0.194365    
 70  7.055      1  0 -0.115932     -0.194367    
 71  7.056      1  0 -0.115932     -0.194368    
 72  7.057      1  0 -0.115932     -0.194369    
 73  7.058      1  0 -0.115932     -0.194370    
 74  7.059      1  0 -0.115932     -0.194370    
 75  7.060      1  0 -0.115932     -0.194371    
 76  7.061      1  0 -0.115932     -0.194371    
 77  7.062      1  0 -0.115931     -0.194370    
 78  7.063      1  0 -0.115931     -0.194370    
 79  7.064      1  0 -0.115931     -0.194369    
 80  7.065      1  0 -0.115931     -0.194368    
 81  7.066      1  0 -0.115931     -0.194367    
 82  7.067      1  0 -0.115931     -0.194367    
 83  7.068      1  0 -0.115930     -0.194366    
 84  7.069      1  0 -0.115930     -0.194365    
 85  7.070      1  0 -0.115930     -0.194364    
 86  7.071      1  0 -0.115930     -0.194363    
 87  7.072      1  0 -0.115930     -0.194363    
 88  7.073      1  0 -0.115929     -0.194363    
 89  7.074      1  0 -0.115929     -0.194363    
 90  7.075      1  0 -0.115929     -0.194364    
 91  7.076      1  0 -0.115928     -0.194365    
 92  7.077      1  0 -0.115928     -0.194367    
 93  7.078      1  0 -0.115928     -0.194368    
 94  7.079      1  0 -0.115927     -0.194370    
 95  7.080      1  0 -0.115927     -0.194372    
 96  7.081      1  0 -0.115927     -0.194374    
 97  7.082      1  0 -0.115926     -0.194375    
 98  7.083      1  0 -0.115926     -0.194377    
 99  7.084      1  0 -0.115926     -0.194378    
100  7.085      1  0 -0.115925     -0.194379    
101  7.086      1  0 -0.115925     -0.194380    
102  7.087      1  0 -0.115924     -0.194380    
103  7.088      1  0 -0.115924     -0.194380    
104  7.089      1  0 -0.115923     -0.194379    
105  7.090      1  0 -0.115923     -0.194379    
106  7.091      1  0 -0.115922     -0.194378    
107  7.092      1  0 -0.115922     -0.194377    
108  7.093      1  0 -0.115921     -0.194375    
109  7.094      1  0 -0.115921     -0.194374    
110  7.095      1  0 -0.115920     -0.194372    
111  7.096      1  0 -0.115920     -0.194370    
112  7.097      1  0 -0.115919     -0.194368    
113  7.098      1  0 -0.115919     -0.194365    
114  7.099      1  0 -0.115918     -0.194363    
115  7.100      1  0 -0.115918     -0.194361    
116  7.101      1  0 -0.115917     -0.194358    
117  7.102      1  0 -0.115917     -0.194356    
118  7.103      1  0 -0.115916     -0.194355    
119  7.104      1  0 -0.115916     -0.194353    
120  7.105      1  0 -0.115915     -0.194353    
121  7.106      1  0 -0.115915     -0.194352    
122  7.107      1  0 -0.115914     -0.194352    
123  7.108      1  0 -0.115914     -0.194352    
124  7.109      1  0 -0.115914     -0.194353    
125  7.110      1  0 -0.115913     -0.194354    
126  7.111      1  0 -0.115913     -0.194355    
127  7.112      1  0 -0.115912     -0.194356    
128  7.113      1  0 -0.115912     -0.194357    
129  7.114      1  0 -0.115911     -0.194358    
130  7.115      1  0 -0.115911     -0.194359    
131  7.116      1  0 -0.115911     -0.194359    
132  7.117      1  0 -0.115910     -0.194360    
133  7.118      1  0 -0.115910     -0.194360    
134  7.119      1  0 -0.115909     -0.194360    
135  7.120      1  0 -0.115909     -0.194359    
136  7.121      1  0 -0.115909     -0.194359    
137  7.122      1  0 -0.115908     -0.194358    
138  7.123      1  0 -0.115908     -0.194357    
139  7.124      1  0 -0.115907     -0.194356    
140  7.125      1  0 -0.115907     -0.194354    
141  7.126      1  0 -0.115906     -0.194353    
142  7.127      1  0 -0.115906     -0.194350    
143  7.128      1  0 -0.115906     -0.194347    
144  7.129      1  0 -0.115905     -0.194344    
145  7.130      1  0 -0.115905     -0.194341    
146  7.131      1  0 -0.115905     -0.194338    
147  7.132      1  0 -0.115904     -0.194336    
148  7.133      1  0 -0.115904     -0.194333    
149  7.134      1  0 -0.115904     -0.194331    
150  7.135      1  0 -0.115904     -0.194329    
151  7.136      1  0 -0.115903     -0.194328    
152  7.137      1  0 -0.115903     -0.194328    
153  7.138      1  0 -0.115903     -0.194328    
154  7.139      1  0 -0.115903     -0.194328    
155  7.140      1  0 -0.115902     -0.194328    
156  7.141      1  0 -0.115902     -0.194329    
157  7.142      1  0 -0.115902     -0.194329    
158  7.143      1  0 -0.115902     -0.194330    
159  7.144      1  0 -0.115902     -0.194331    
160  7.145      1  0 -0.115902     -0.194332    
161  7.146      1  0 -0.115902     -0.194333    
162  7.147      1  0 -0.115901     -0.194334    
163  7.148      1  0 -0.115901     -0.194335    
164  7.149      1  0 -0.115901     -0.194337    
165  7.150      1  0 -0.115901     -0.194338    
166  7.151      1  0 -0.115901     -0.194339    
167  7.152      1  0 -0.115901     -0.194339    
168  7.153      1  0 -0.115901     -0.194340    
169  7.154      1  0 -0.115901     -0.194339    
170  7.155      1  0 -0.115901     -0.194339    
171  7.156      1  0 -0.115901     -0.194338    
172  7.157      1  0 -0.115900     -0.194336    
173  7.158      1  0 -0.115900     -0.194334    
174  7.159      1  0 -0.115900     -0.194332    
175  7.160      1  0 -0.115900     -0.194330    
176  7.161      1  0 -0.115900     -0.194328    
177  7.162      1  0 -0.115900     -0.194325    
178  7.163      1  0 -0.115900     -0.194323    
179  7.164      1  0 -0.115900     -0.194321    
180  7.165      1  0 -0.115900     -0.194320    
181  7.166      1  0 -0.115900     -0.194318    
182  7.167      1  0 -0.115900     -0.194317    
183  7.168      1  0 -0.115900     -0.194316    
184  7.169      1  0 -0.115900     -0.194315    
185  7.170      1  0 -0.115901     -0.194315    
186  7.171      1  0 -0.115901     -0.194315    
187  7.172      1  0 -0.115901     -0.194316    
188  7.173      1  0 -0.115901     -0.194317    
189  7.174      1  0 -0.115901     -0.194318    
190  7.175      1  0 -0.115901     -0.194319    
191  7.176      1  0 -0.115901     -0.194321    
192  7.177      1  0 -0.115902     -0.194323    
193  7.178      1  0 -0.115902     -0.194325    
194  7.179      1  0 -0.115902     -0.194327    
195  7.180      1  0 -0.115902     -0.194329    
196  7.181      1  0 -0.115902     -0.194331    
197  7.182      1  0 -0.115902     -0.194333    
198  7.183      1  0 -0.115903     -0.194334    
199  7.184      1  0 -0.115903     -0.194336    
200  7.185      1  0 -0.115903     -0.194336    
201  7.186      1  0 -0.115903     -0.194337    
202  7.187      1  0 -0.115903     -0.194337    
203  7.188      1  0 -0.115903     -0.194337    
204  7.189      1  0 -0.115904     -0.194336    
205  7.190      1  0 -0.115904     -0.194335    
206  7.191      1  0 -0.115904     -0.194334    
207  7.192      1  0 -0.115904     -0.194333    
208  7.193      1  0 -0.115904     -0.194331    
209  7.194      1  0 -0.115904     -0.194329    
210  7.195      1  0 -0.115905     -0.194327    
211  7.196      1  0 -0.115905     -0.194326    
212  7.197      1  0 -0.115905     -0.194324    
213  7.198      1  0 -0.115905     -0.194323    
214  7.199      1  0 -0.115906     -0.194322    
215  7.200      1  0 -0.115906     -0.194321    
216  7.201      1  0 -0.115906     -0.194320    
217  7.202      1  0 -0.115906     -0.194320    
218  7.203      1  0 -0.115907     -0.194321    
219  7.204      1  0 -0.115907     -0.194321    
220  7.205      1  0 -0.115907     -0.194323    
221  7.206      1  0 -0.115907     -0.194324    
222  7.207      1  0 -0.115908     -0.194326    
223  7.208      1  0 -0.115908     -0.194328    
224  7.209      1  0 -0.115908     -0.194331    
225  7.210      1  0 -0.115908     -0.194333    
226  7.211      1  0 -0.115909     -0.194336    
227  7.212      1  0 -0.115909     -0.194339    
228  7.213      1  0 -0.115909     -0.194341    
229  7.214      1  0 -0.115910     -0.194343    
230  7.215      1  0 -0.115910     -0.194346    
231  7.216      1  0 -0.115910     -0.194347    
232  7.217      1  0 -0.115910     -0.194349    
233  7.218      1  0 -0.115911     -0.194350    
234  7.219      1  0 -0.115911     -0.194351    
235  7.220      1  0 -0.115911     -0.194351    
236  7.221      1  0 -0.115911     -0.194351    
237  7.222      1  0 -0.115912     -0.194351    
238  7.223      1  0 -0.115912     -0.194350    
239  7.224      1  0 -0.115912     -0.194349    
240  7.225      1  0 -0.115912     -0.194348    
241  7.226      1  0 -0.115912     -0.194346    
242  7.227      1  0 -0.115913     -0.194345    
243  7.228      1  0 -0.115913     -0.194343    
244  7.229      1  0 -0.115913     -0.194341    
245  7.230      1  0 -0.115913     -0.194340    
246  7.231      1  0 -0.115914     -0.194339    
247  7.232      1  0 -0.115914     -0.194338    
248  7.233      1  0 -0.115914     -0.194337    
249  7.234      1  0 -0.115914     -0.194337    
250  7.235      1  0 -0.115914     -0.194337    
251  7.236      1  0 -0.115915     -0.194338    
252  7.237      1  0 -0.115915     -0.194339    
253  7.238      1  0 -0.115915     -0.194340    
254  7.239      1  0 -0.115915     -0.194342    
255  7.240      1  0 -0.115916     -0.194344    
256  7.241      1  0 -0.115916     -0.194347    
257  7.242      1  0 -0.115916     -0.194349    
258  7.243      1  0 -0.115916     -0.194352    
259  7.244      1  0 -0.115917     -0.194355    
260  7.245      1  0 -0.115917     -0.194358    
261  7.246      1  0 -0.115917     -0.194361    
262  7.247      1  0 -0.115917     -0.194363    
263  7.248      1  0 -0.115917     -0.194365    
264  7.249      1  0 -0.115918     -0.194367    
265  7.250      1  0 -0.115918     -0.194369    
266  7.251      1  0 -0.115918     -0.194369    
267  7.252      1  0 -0.115918     -0.194370    
268  7.253      1  0 -0.115918     -0.194370    
269  7.254      1  0 -0.115918     -0.194369    
270  7.255      1  0 -0.115919     -0.194369    
271  7.256      1  0 -0.115919     -0.194368    
272  7.257      1  0 -0.115919     -0.194366    
273  7.258      1  0 -0.115919     -0.194365    
274  7.259      1  0 -0.115919     -0.194363    
275  7.260      1  0 -0.115919     -0.194362    
276  7.261      1  0 -0.115919     -0.194360    
277  7.262      1  0 -0.115920     -0.194359    
278  7.263      1  0 -0.115920     -0.194357    
279  7.264      1  0 -0.115920     -0.194356    
280  7.265      1  0 -0.115920     -0.194354    
281  7.266      1  0 -0.115920     -0.194354    
282  7.267      1  0 -0.115920     -0.194353    
283  7.268      1  0 -0.115920     -0.194354    
284  7.269      1  0 -0.115920     -0.194354    
285  7.270      1  0 -0.115921     -0.194355    
286  7.271      1  0 -0.115921     -0.194357    
287  7.272      1  0 -0.115921     -0.194359    
288  7.273      1  0 -0.115921     -0.194362    
289  7.274      1  0 -0.115921     -0.194364    
290  7.275      1  0 -0.115921     -0.194367    
291  7.276      1  0 -0.115921     -0.194370    
292  7.277      1  0 -0.115921     -0.194373    
293  7.278      1  0 -0.115922     -0.194375    
294  7.279      1  0 -0.115922     -0.194377    
295  7.280      1  0 -0.115922     -0.194379    
296  7.281      1  0 -0.115922     -0.194381    
297  7.282      1  0 -0.115922     -0.194382    
298  7.283      1  0 -0.115922     -0.194383    
299  7.284      1  0 -0.115922     -0.194383    
300  7.285      1  0 -0.115922     -0.194384    
301  7.286      1  0 -0.115922     -0.194384    
302  7.287      1  0 -0.115922     -0.194384    
303  7.288      1  0 -0.115922     -0.194383    
304  7.289      1  0 -0.115922     -0.194382    
305  7.290      1  0 -0.115922     -0.194380    
306  7.291      1  0 -0.115922     -0.194378    
307  7.292      1  0 -0.115922     -0.194376    
308  7.293      1  0 -0.115922     -0.194374    
309  7.294      1  0 -0.115923     -0.194372    
310  7.295      1  0 -0.115923     -0.194370    
311  7.296      1  0 -0.115923     -0.194368    
312  7.297      1  0 -0.115923     -0.194366    
313  7.298      1  0 -0.115923     -0.194365    
314  7.299      1  0 -0.115923     -0.194365    
315  7.300      1  0 -0.115923     -0.194365    
316  7.301      1  0 -0.115923     -0.194366    
317  7.302      1  0 -0.115923     -0.194367    
318  7.303      1  0 -0.115923     -0.194369    
319  7.304      1  0 -0.115923     -0.194370    
320  7.305      1  0 -0.115923     -0.194372    
321  7.306      1  0 -0.115923     -0.194374    
322  7.307      1  0 -0.115923     -0.194376    
323  7.308      1  0 -0.115923     -0.194378    
324  7.309      1  0 -0.115923     -0.194380    
325  7.310      1  0 -0.115923     -0.194382    
326  7.311      1  0 -0.115923     -0.194384    
327  7.312      1  0 -0.115923     -0.194386    
328  7.313      1  0 -0.115923     -0.194388    
329  7.314      1  0 -0.115924     -0.194390    
330  7.315      1  0 -0.115924     -0.194391    
331  7.316      1  0 -0.115924     -0.194393    
332  7.317      1  0 -0.115924     -0.194393    
333  7.318      1  0 -0.115924     -0.194393    
334  7.319      1  0 -0.115924     -0.194393    
335  7.320      1  0 -0.115924     -0.194391    
336  7.321      1  0 -0.115924     -0.194389    
337  7.322      1  0 -0.115924     -0.194387    
338  7.323      1  0 -0.115924     -0.194385    
339  7.324      1  0 -0.115924     -0.194383    
340  7.325      1  0 -0.115924     -0.194380    
341  7.326      1  0 -0.115924     -0.194378    
342  7.327      1  0 -0.115924     -0.194377    
343  7.328      1  0 -0.115924     -0.194375    
344  7.329      1  0 -0.115924     -0.194374    
345  7.330      1  0 -0.115924     -0.194373    
346  7.331      1  0 -0.115924     -0.194373    
347  7.332      1  0 -0.115924     -0.194373    
348  7.333      1  0 -0.115924     -0.194373    
349  7.334      1  0 -0.115924     -0.194373    
350  7.335      1  0 -0.115924     -0.194374    
351  7.336      1  0 -0.115924     -0.194375    
352  7.337      1  0 -0.115924     -0.194376    
353  7.338      1  0 -0.115924     -0.194378    
354  7.339      1  0 -0.115924     -0.194379    
355  7.340      1  0 -0.115924     -0.194382    
356  7.341      1  0 -0.115924     -0.194384    
357  7.342      1  0 -0.115924     -0.194387    
358  7.343      1  0 -0.115924     -0.194389    
359  7.344      1  0 -0.115924     -0.194392    
360  7.345      1  0 -0.115924     -0.194394    
361  7.346      1  0 -0.115924     -0.194396    
362  7.347      1  0 -0.115924     -0.194397    
363  7.348      1  0 -0.115924     -0.194398    
364  7.349      1  0 -0.115924     -0.194398    
365  7.350      1  0 -0.115924     -0.194398    
366  7.351      1  0 -0.115924     -0.194397    
367  7.352      1  0 -0.115924     -0.194396    
368  7.353      1  0 -0.115924     -0.194394    
369  7.354      1  0 -0.115924     -0.194392    
370  7.355      1  0 -0.115924     -0.194391    
371  7.356      1  0 -0.115924     -0.194389    
372  7.357      1  0 -0.115924     -0.194387    
373  7.358      1  0 -0.115924     -0.194385    
374  7.359      1  0 -0.115924     -0.194383    
375  7.360      1  0 -0.115924     -0.194382    
376  7.361      1  0 -0.115924     -0.194380    
377  7.362      1  0 -0.115924     -0.194379    
378  7.363      1  0 -0.115924     -0.194378    
379  7.364      1  0 -0.115924     -0.194377    
380  7.365      1  0 -0.115924     -0.194377    
381  7.366      1  0 -0.115925     -0.194377    
382  7.367      1  0 -0.115925     -0.194377    
383  7.368      1  0 -0.115925     -0.194378    
384  7.369      1  0 -0.115925     -0.194379    
385  7.370      1  0 -0.115925     -0.194381    
386  7.371      1  0 -0.115925     -0.194383    
387  7.372      1  0 -0.115925     -0.194385    
388  7.373      1  0 -0.115925     -0.194388    
389  7.374      1  0 -0.115925     -0.194391    
390  7.375      1  0 -0.115925     -0.194393    
391  7.376      1  0 -0.115925     -0.194396    
392  7.377      1  0 -0.115925     -0.194398    
393  7.378      1  0 -0.115925     -0.194400    
394  7.379      1  0 -0.115925     -0.194401    
395  7.380      1  0 -0.115926     -0.194402    
396  7.381      1  0 -0.115926     -0.194402    
397  7.382      1  0 -0.115926     -0.194402    
398  7.383      1  0 -0.115926     -0.194402    
399  7.384      1  0 -0.115926     -0.194401    
400  7.385      1  0 -0.115926     -0.194400    
401  7.386      1  0 -0.115926     -0.194399    
402  7.387      1  0 -0.115926     -0.194398    
403  7.388      1  0 -0.115926     -0.194396    
404  7.389      1  0 -0.115926     -0.194394    
405  7.390      1  0 -0.115926     -0.194393    
406  7.391      1  0 -0.115926     -0.194391    
407  7.392      1  0 -0.115926     -0.194389    
408  7.393      1  0 -0.115926     -0.194387    
409  7.394      1  0 -0.115926     -0.194386    
410  7.395      1  0 -0.115926     -0.194384    
411  7.396      1  0 -0.115926     -0.194383    
412  7.397      1  0 -0.115926     -0.194383    
413  7.398      1  0 -0.115927     -0.194383    
414  7.399      1  0 -0.115927     -0.194383    
415  7.400      1  0 -0.115927     -0.194384    
416  7.401      1  0 -0.115927     -0.194385    
417  7.402      1  0 -0.115927     -0.194387    
418  7.403      1  0 -0.115927     -0.194389    
419  7.404      1  0 -0.115927     -0.194392    
420  7.405      1  0 -0.115927     -0.194394    
421  7.406      1  0 -0.115927     -0.194397    
422  7.407      1  0 -0.115927     -0.194399    
423  7.408      1  0 -0.115928     -0.194402    
424  7.409      1  0 -0.115928     -0.194404    
425  7.410      1  0 -0.115928     -0.194406    
426  7.411      1  0 -0.115928     -0.194407    
427  7.412      1  0 -0.115928     -0.194408    
428  7.413      1  0 -0.115928     -0.194409    
429  7.414      1  0 -0.115928     -0.194410    
430  7.415      1  0 -0.115928     -0.194410    
431  7.416      1  0 -0.115928     -0.194410    
432  7.417      1  0 -0.115928     -0.194409    
433  7.418      1  0 -0.115928     -0.194408    
434  7.419      1  0 -0.115929     -0.194407    
435  7.420      1  0 -0.115929     -0.194405    
436  7.421      1  0 -0.115929     -0.194404    
437  7.422      1  0 -0.115929     -0.194402    
438  7.423      1  0 -0.115929     -0.194400    
439  7.424      1  0 -0.115929     -0.194398    
440  7.425      1  0 -0.115929     -0.194396    
441  7.426      1  0 -0.115929     -0.194394    
442  7.427      1  0 -0.115929     -0.194393    
443  7.428      1  0 -0.115929     -0.194392    
444  7.429      1  0 -0.115929     -0.194391    
445  7.430      1  0 -0.115930     -0.194391    
446  7.431      1  0 -0.115930     -0.194391    
447  7.432      1  0 -0.115930     -0.194392    
448  7.433      1  0 -0.115930     -0.194393    
449  7.434      1  0 -0.115930     -0.194395    
450  7.435      1  0 -0.115930     -0.194397    
451  7.436      1  0 -0.115930     -0.194399    
452  7.437      1  0 -0.115930     -0.194401    
453  7.438      1  0 -0.115931     -0.194404    
454  7.439      1  0 -0.115931     -0.194407    
455  7.440      1  0 -0.115931     -0.194409    
456  7.441      1  0 -0.115931     -0.194411    
457  7.442      1  0 -0.115931     -0.194414    
458  7.443      1  0 -0.115931     -0.194416    
459  7.444      1  0 -0.115931     -0.194417    
460  7.445      1  0 -0.115931     -0.194418    
461  7.446      1  0 -0.115932     -0.194419    
462  7.447      1  0 -0.115932     -0.194420    
463  7.448      1  0 -0.115932     -0.194420    
464  7.449      1  0 -0.115932     -0.194419    
465  7.450      1  0 -0.115932     -0.194418    
466  7.451      1  0 -0.115932     -0.194417    
467  7.452      1  0 -0.115932     -0.194416    
468  7.453      1  0 -0.115932     -0.194414    
469  7.454      1  0 -0.115932     -0.194412    
470  7.455      1  0 -0.115932     -0.194410    
471  7.456      1  0 -0.115932     -0.194408    
472  7.457      1  0 -0.115933     -0.194407    
473  7.458      1  0 -0.115933     -0.194405    
474  7.459      1  0 -0.115933     -0.194403    
475  7.460      1  0 -0.115933     -0.194402    
476  7.461      1  0 -0.115933     -0.194401    
477  7.462      1  0 -0.115933     -0.194401    
478  7.463      1  0 -0.115933     -0.194401    
479  7.464      1  0 -0.115933     -0.194401    
480  7.465      1  0 -0.115933     -0.194402    
481  7.466      1  0 -0.115934     -0.194404    
482  7.467      1  0 -0.115934     -0.194406    
483  7.468      1  0 -0.115934     -0.194408    
484  7.469      1  0 -0.115934     -0.194410    
485  7.470      1  0 -0.115934     -0.194413    
486  7.471      1  0 -0.115934     -0.194415    
487  7.472      1  0 -0.115934     -0.194418    
488  7.473      1  0 -0.115934     -0.194420    
489  7.474      1  0 -0.115935     -0.194422    
490  7.475      1  0 -0.115935     -0.194424    
491  7.476      1  0 -0.115935     -0.194426    
492  7.477      1  0 -0.115935     -0.194427    
493  7.478      1  0 -0.115935     -0.194428    
494  7.479      1  0 -0.115935     -0.194429    
495  7.480      1  0 -0.115935     -0.194430    
496  7.481      1  0 -0.115935     -0.194430    
497  7.482      1  0 -0.115935     -0.194429    
498  7.483      1  0 -0.115935     -0.194428    
499  7.484      1  0 -0.115935     -0.194427    
500  7.485      1  0 -0.115936     -0.194425    
501  7.486      1  0 -0.115936     -0.194423    
502  7.487      1  0 -0.115936     -0.194421    
503  7.488      1  0 -0.115936     -0.194419    
504  7.489      1  0 -0.115936     -0.194417    
505  7.490      1  0 -0.115936     -0.194415    
506  7.491      1  0 -0.115936     -0.194413    
507  7.492      1  0 -0.115936     -0.194412    
508  7.493      1  0 -0.115936     -0.194411    
509  7.494      1  0 -0.115936     -0.194411    
510  7.495      1  0 -0.115936     -0.194411    
511  7.496      1  0 -0.115936     -0.194411    
512  7.497      1  0 -0.115937     -0.194412    
513  7.498      1  0 -0.115937     -0.194413    
514  7.499      1  0 -0.115937     -0.194415    
515  7.500      1  0 -0.115937     -0.194416    
516  7.501      1  0 -0.115937     -0.194418    
517  7.502      1  0 -0.115937     -0.194421    
518  7.503      1  0 -0.115937     -0.194423    
519  7.504      1  0 -0.115937     -0.194425    
520  7.505      1  0 -0.115937     -0.194428    
521  7.506      1  0 -0.115938     -0.194430    
522  7.507      1  0 -0.115938     -0.194433    
523  7.508      1  0 -0.115938     -0.194435    
524  7.509      1  0 -0.115938     -0.194437    
525  7.510      1  0 -0.115938     -0.194438    
526  7.511      1  0 -0.115938     -0.194439    
527  7.512      1  0 -0.115938     -0.194439    
528  7.513      1  0 -0.115938     -0.194439    
529  7.514      1  0 -0.115938     -0.194439    
530  7.515      1  0 -0.115938     -0.194438    
531  7.516      1  0 -0.115938     -0.194437    
532  7.517      1  0 -0.115938     -0.194435    
533  7.518      1  0 -0.115938     -0.194433    
534  7.519      1  0 -0.115938     -0.194431    
535  7.520      1  0 -0.115938     -0.194429    
536  7.521      1  0 -0.115938     -0.194427    
537  7.522      1  0 -0.115938     -0.194425    
538  7.523      1  0 -0.115939     -0.194424    
539  7.524      1  0 -0.115939     -0.194422    
540  7.525      1  0 -0.115939     -0.194421    
541  7.526      1  0 -0.115939     -0.194420    
542  7.527      1  0 -0.115939     -0.194420    
543  7.528      1  0 -0.115939     -0.194419    
544  7.529      1  0 -0.115939     -0.194420    
545  7.530      1  0 -0.115939     -0.194421    
546  7.531      1  0 -0.115939     -0.194422    
547  7.532      1  0 -0.115939     -0.194424    
548  7.533      1  0 -0.115939     -0.194425    
549  7.534      1  0 -0.115939     -0.194428    
550  7.535      1  0 -0.115939     -0.194430    
551  7.536      1  0 -0.115940     -0.194432    
552  7.537      1  0 -0.115940     -0.194435    
553  7.538      1  0 -0.115940     -0.194437    
554  7.539      1  0 -0.115940     -0.194440    
555  7.540      1  0 -0.115940     -0.194442    
556  7.541      1  0 -0.115940     -0.194444    
557  7.542      1  0 -0.115940     -0.194445    
558  7.543      1  0 -0.115940     -0.194447    
559  7.544      1  0 -0.115940     -0.194447    
560  7.545      1  0 -0.115940     -0.194448    
561  7.546      1  0 -0.115940     -0.194448    
562  7.547      1  0 -0.115940     -0.194447    
563  7.548      1  0 -0.115940     -0.194446    
564  7.549      1  0 -0.115940     -0.194445    
565  7.550      1  0 -0.115940     -0.194443    
566  7.551      1  0 -0.115940     -0.194441    
567  7.552      1  0 -0.115941     -0.194439    
568  7.553      1  0 -0.115941     -0.194437    
569  7.554      1  0 -0.115941     -0.194435    
570  7.555      1  0 -0.115941     -0.194433    
571  7.556      1  0 -0.115941     -0.194431    
572  7.557      1  0 -0.115941     -0.194430    
573  7.558      1  0 -0.115941     -0.194429    
574  7.559      1  0 -0.115941     -0.194428    
575  7.560      1  0 -0.115941     -0.194428    
576  7.561      1  0 -0.115941     -0.194428    
577  7.562      1  0 -0.115941     -0.194428    
578  7.563      1  0 -0.115941     -0.194429    
579  7.564      1  0 -0.115941     -0.194431    
580  7.565      1  0 -0.115941     -0.194432    
581  7.566      1  0 -0.115942     -0.194434    
582  7.567      1  0 -0.115942     -0.194436    
583  7.568      1  0 -0.115942     -0.194439    
584  7.569      1  0 -0.115942     -0.194441    
585  7.570      1  0 -0.115942     -0.194444    
586  7.571      1  0 -0.115942     -0.194447    
587  7.572      1  0 -0.115942     -0.194449    
588  7.573      1  0 -0.115942     -0.194451    
589  7.574      1  0 -0.115942     -0.194453    
590  7.575      1  0 -0.115942     -0.194454    
591  7.576      1  0 -0.115942     -0.194455    
592  7.577      1  0 -0.115942     -0.194456    
593  7.578      1  0 -0.115943     -0.194456    
594  7.579      1  0 -0.115943     -0.194456    
595  7.580      1  0 -0.115943     -0.194455    
596  7.581      1  0 -0.115943     -0.194453    
597  7.582      1  0 -0.115943     -0.194452    
598  7.583      1  0 -0.115943     -0.194450    
599  7.584      1  0 -0.115943     -0.194448    
600  7.585      1  0 -0.115943     -0.194446    
601  7.586      1  0 -0.115943     -0.194444    
602  7.587      1  0 -0.115943     -0.194443    
603  7.588      1  0 -0.115943     -0.194441    
604  7.589      1  0 -0.115943     -0.194439    
605  7.590      1  0 -0.115943     -0.194438    
606  7.591      1  0 -0.115943     -0.194437    
607  7.592      1  0 -0.115943     -0.194436    
608  7.593      1  0 -0.115943     -0.194436    
609  7.594      1  0 -0.115944     -0.194436    
610  7.595      1  0 -0.115944     -0.194436    
611  7.596      1  0 -0.115944     -0.194437    
612  7.597      1  0 -0.115944     -0.194439    
613  7.598      1  0 -0.115944     -0.194441    
614  7.599      1  0 -0.115944     -0.194443    
615  7.600      1  0 -0.115944     -0.194445    
616  7.601      1  0 -0.115944     -0.194448    
617  7.602      1  0 -0.115944     -0.194451    
618  7.603      1  0 -0.115945     -0.194454    
619  7.604      1  0 -0.115945     -0.194456    
620  7.605      1  0 -0.115945     -0.194458    
621  7.606      1  0 -0.115945     -0.194460    
622  7.607      1  0 -0.115945     -0.194462    
623  7.608      1  0 -0.115945     -0.194463    
624  7.609      1  0 -0.115945     -0.194463    
625  7.610      1  0 -0.115945     -0.194464    
626  7.611      1  0 -0.115945     -0.194464    
627  7.612      1  0 -0.115945     -0.194463    
628  7.613      1  0 -0.115945     -0.194462    
629  7.614      1  0 -0.115945     -0.194461    
630  7.615      1  0 -0.115946     -0.194460    
631  7.616      1  0 -0.115946     -0.194458    
632  7.617      1  0 -0.115946     -0.194456    
633  7.618      1  0 -0.115946     -0.194454    
634  7.619      1  0 -0.115946     -0.194452    
635  7.620      1  0 -0.115946     -0.194450    
636  7.621      1  0 -0.115946     -0.194448    
637  7.622      1  0 -0.115946     -0.194447    
638  7.623      1  0 -0.115946     -0.194445    
639  7.624      1  0 -0.115946     -0.194444    
640  7.625      1  0 -0.115946     -0.194444    
641  7.626      1  0 -0.115946     -0.194444    
642  7.627      1  0 -0.115946     -0.194444    
643  7.628      1  0 -0.115947     -0.194445    
644  7.629      1  0 -0.115947     -0.194447    
645  7.630      1  0 -0.115947     -0.194449    
646  7.631      1  0 -0.115947     -0.194451    
647  7.632      1  0 -0.115947     -0.194453    
648  7.633      1  0 -0.115947     -0.194455    
649  7.634      1  0 -0.115947     -0.194458    
650  7.635      1  0 -0.115947     -0.194460    
651  7.636      1  0 -0.115947     -0.194463    
652  7.637      1  0 -0.115948     -0.194465    
653  7.638      1  0 -0.115948     -0.194467    
654  7.639      1  0 -0.115948     -0.194469    
655  7.640      1  0 -0.115948     -0.194470    
656  7.641      1  0 -0.115948     -0.194471    
657  7.642      1  0 -0.115948     -0.194472    
658  7.643      1  0 -0.115948     -0.194472    
659  7.644      1  0 -0.115948     -0.194472    
660  7.645      1  0 -0.115948     -0.194472    
661  7.646      1  0 -0.115948     -0.194471    
662  7.647      1  0 -0.115948     -0.194469    
663  7.648      1  0 -0.115948     -0.194467    
664  7.649      1  0 -0.115949     -0.194466    
665  7.650      1  0 -0.115949     -0.194464    
666  7.651      1  0 -0.115949     -0.194461    
667  7.652      1  0 -0.115949     -0.194459    
668  7.653      1  0 -0.115949     -0.194457    
669  7.654      1  0 -0.115949     -0.194456    
670  7.655      1  0 -0.115949     -0.194454    
671  7.656      1  0 -0.115949     -0.194454    
672  7.657      1  0 -0.115949     -0.194453    
673  7.658      1  0 -0.115949     -0.194453    
674  7.659      1  0 -0.115949     -0.194453    
675  7.660      1  0 -0.115949     -0.194454    
676  7.661      1  0 -0.115949     -0.194455    
677  7.662      1  0 -0.115950     -0.194456    
678  7.663      1  0 -0.115950     -0.194458    
679  7.664      1  0 -0.115950     -0.194460    
680  7.665      1  0 -0.115950     -0.194462    
681  7.666      1  0 -0.115950     -0.194465    
682  7.667      1  0 -0.115950     -0.194467    
683  7.668      1  0 -0.115950     -0.194470    
684  7.669      1  0 -0.115950     -0.194473    
685  7.670      1  0 -0.115950     -0.194475    
686  7.671      1  0 -0.115951     -0.194477    
687  7.672      1  0 -0.115951     -0.194479    
688  7.673      1  0 -0.115951     -0.194480    
689  7.674      1  0 -0.115951     -0.194481    
690  7.675      1  0 -0.115951     -0.194481    
691  7.676      1  0 -0.115951     -0.194481    
692  7.677      1  0 -0.115951     -0.194481    
693  7.678      1  0 -0.115951     -0.194480    
694  7.679      1  0 -0.115951     -0.194479    
695  7.680      1  0 -0.115951     -0.194477    
696  7.681      1  0 -0.115951     -0.194476    
697  7.682      1  0 -0.115951     -0.194474    
698  7.683      1  0 -0.115951     -0.194472    
699  7.684      1  0 -0.115951     -0.194470    
700  7.685      1  0 -0.115951     -0.194468    
701  7.686      1  0 -0.115952     -0.194466    
702  7.687      1  0 -0.115952     -0.194465    
703  7.688      1  0 -0.115952     -0.194463    
704  7.689      1  0 -0.115952     -0.194462    
705  7.690      1  0 -0.115952     -0.194461    
706  7.691      1  0 -0.115952     -0.194461    
707  7.692      1  0 -0.115952     -0.194461    
708  7.693      1  0 -0.115952     -0.194462    
709  7.694      1  0 -0.115952     -0.194464    
710  7.695      1  0 -0.115952     -0.194465    
711  7.696      1  0 -0.115952     -0.194467    
712  7.697      1  0 -0.115952     -0.194470    
713  7.698      1  0 -0.115953     -0.194472    
714  7.699      1  0 -0.115953     -0.194475    
715  7.700      1  0 -0.115953     -0.194477    
716  7.701      1  0 -0.115953     -0.194479    
717  7.702      1  0 -0.115953     -0.194482    
718  7.703      1  0 -0.115953     -0.194483    
719  7.704      1  0 -0.115953     -0.194485    
720  7.705      1  0 -0.115953     -0.194486    
721  7.706      1  0 -0.115953     -0.194487    
722  7.707      1  0 -0.115953     -0.194488    
723  7.708      1  0 -0.115953     -0.194489    
724  7.709      1  0 -0.115953     -0.194489    
725  7.710      1  0 -0.115954     -0.194488    
726  7.711      1  0 -0.115954     -0.194488    
727  7.712      1  0 -0.115954     -0.194487    
728  7.713      1  0 -0.115954     -0.194485    
729  7.714      1  0 -0.115954     -0.194483    
730  7.715      1  0 -0.115954     -0.194481    
731  7.716      1  0 -0.115954     -0.194479    
732  7.717      1  0 -0.115954     -0.194477    
733  7.718      1  0 -0.115954     -0.194474    
734  7.719      1  0 -0.115954     -0.194473    
735  7.720      1  0 -0.115954     -0.194471    
736  7.721      1  0 -0.115954     -0.194470    
737  7.722      1  0 -0.115954     -0.194470    
738  7.723      1  0 -0.115954     -0.194470    
739  7.724      1  0 -0.115954     -0.194470    
740  7.725      1  0 -0.115954     -0.194471    
741  7.726      1  0 -0.115954     -0.194472    
742  7.727      1  0 -0.115955     -0.194474    
743  7.728      1  0 -0.115955     -0.194475    
744  7.729      1  0 -0.115955     -0.194477    
745  7.730      1  0 -0.115955     -0.194479    
746  7.731      1  0 -0.115955     -0.194481    
747  7.732      1  0 -0.115955     -0.194483    
748  7.733      1  0 -0.115955     -0.194485    
749  7.734      1  0 -0.115955     -0.194487    
750  7.735      1  0 -0.115955     -0.194490    
751  7.736      1  0 -0.115955     -0.194492    
752  7.737      1  0 -0.115955     -0.194494    
753  7.738      1  0 -0.115956     -0.194495    
754  7.739      1  0 -0.115956     -0.194496    
755  7.740      1  0 -0.115956     -0.194497    
756  7.741      1  0 -0.115956     -0.194497    
757  7.742      1  0 -0.115956     -0.194497    
758  7.743      1  0 -0.115956     -0.194496    
759  7.744      1  0 -0.115956     -0.194495    
760  7.745      1  0 -0.115956     -0.194493    
761  7.746      1  0 -0.115956     -0.194491    
762  7.747      1  0 -0.115956     -0.194489    
763  7.748      1  0 -0.115956     -0.194487    
764  7.749      1  0 -0.115956     -0.194485    
765  7.750      1  0 -0.115956     -0.194484    
766  7.751      1  0 -0.115956     -0.194482    
767  7.752      1  0 -0.115956     -0.194481    
768  7.753      1  0 -0.115956     -0.194480    
769  7.754      1  0 -0.115956     -0.194479    
770  7.755      1  0 -0.115956     -0.194478    
771  7.756      1  0 -0.115957     -0.194478    
772  7.757      1  0 -0.115957     -0.194478    
773  7.758      1  0 -0.115957     -0.194479    
774  7.759      1  0 -0.115957     -0.194480    
775  7.760      1  0 -0.115957     -0.194481    
776  7.761      1  0 -0.115957     -0.194483    
777  7.762      1  0 -0.115957     -0.194485    
778  7.763      1  0 -0.115957     -0.194487    
779  7.764      1  0 -0.115957     -0.194489    
780  7.765      1  0 -0.115957     -0.194492    
781  7.766      1  0 -0.115957     -0.194494    
782  7.767      1  0 -0.115958     -0.194496    
783  7.768      1  0 -0.115958     -0.194499    
784  7.769      1  0 -0.115958     -0.194500    
785  7.770      1  0 -0.115958     -0.194502    
786  7.771      1  0 -0.115958     -0.194503    
787  7.772      1  0 -0.115958     -0.194504    
788  7.773      1  0 -0.115958     -0.194504    
789  7.774      1  0 -0.115958     -0.194504    
790  7.775      1  0 -0.115958     -0.194504    
791  7.776      1  0 -0.115958     -0.194503    
792  7.777      1  0 -0.115958     -0.194502    
793  7.778      1  0 -0.115958     -0.194501    
794  7.779      1  0 -0.115958     -0.194499    
795  7.780      1  0 -0.115958     -0.194497    
796  7.781      1  0 -0.115958     -0.194495    
797  7.782      1  0 -0.115959     -0.194493    
798  7.783      1  0 -0.115959     -0.194492    
799  7.784      1  0 -0.115959     -0.194490    
800  7.785      1  0 -0.115959     -0.194489    
801  7.786      1  0 -0.115959     -0.194488    
802  7.787      1  0 -0.115959     -0.194487    
803  7.788      1  0 -0.115959     -0.194487    
804  7.789      1  0 -0.115959     -0.194487    
805  7.790      1  0 -0.115959     -0.194487    
806  7.791      1  0 -0.115959     -0.194488    
807  7.792      1  0 -0.115959     -0.194489    
808  7.793      1  0 -0.115959     -0.194490    
809  7.794      1  0 -0.115960     -0.194492    
810  7.795      1  0 -0.115960     -0.194494    
811  7.796      1  0 -0.115960     -0.194496    
812  7.797      1  0 -0.115960     -0.194498    
813  7.798      1  0 -0.115960     -0.194501    
814  7.799      1  0 -0.115960     -0.194503    
815  7.800      1  0 -0.115960     -0.194506    
816  7.801      1  0 -0.115960     -0.194508    
817  7.802      1  0 -0.115960     -0.194510    
818  7.803      1  0 -0.115961     -0.194511    
819  7.804      1  0 -0.115961     -0.194512    
820  7.805      1  0 -0.115961     -0.194513    
821  7.806      1  0 -0.115961     -0.194513    
822  7.807      1  0 -0.115961     -0.194513    
823  7.808      1  0 -0.115961     -0.194512    
824  7.809      1  0 -0.115961     -0.194512    
825  7.810      1  0 -0.115961     -0.194510    
826  7.811      1  0 -0.115961     -0.194509    
827  7.812      1  0 -0.115961     -0.194507    
828  7.813      1  0 -0.115961     -0.194505    
829  7.814      1  0 -0.115961     -0.194504    
830  7.815      1  0 -0.115961     -0.194502    
831  7.816      1  0 -0.115961     -0.194500    
832  7.817      1  0 -0.115962     -0.194499    
833  7.818      1  0 -0.115962     -0.194498    
834  7.819      1  0 -0.115962     -0.194497    
835  7.820      1  0 -0.115962     -0.194496    
836  7.821      1  0 -0.115962     -0.194496    
837  7.822      1  0 -0.115962     -0.194496    
838  7.823      1  0 -0.115962     -0.194496    
839  7.824      1  0 -0.115962     -0.194496    
840  7.825      1  0 -0.115962     -0.194497    
841  7.826      1  0 -0.115962     -0.194499    
842  7.827      1  0 -0.115963     -0.194501    
843  7.828      1  0 -0.115963     -0.194503    
844  7.829      1  0 -0.115963     -0.194506    
845  7.830      1  0 -0.115963     -0.194508    
846  7.831      1  0 -0.115963     -0.194511    
847  7.832      1  0 -0.115963     -0.194513    
848  7.833      1  0 -0.115963     -0.194516    
849  7.834      1  0 -0.115963     -0.194518    
850  7.835      1  0 -0.115963     -0.194519    
851  7.836      1  0 -0.115963     -0.194520    
852  7.837      1  0 -0.115964     -0.194521    
853  7.838      1  0 -0.115964     -0.194521    
854  7.839      1  0 -0.115964     -0.194522    
855  7.840      1  0 -0.115964     -0.194521    
856  7.841      1  0 -0.115964     -0.194521    
857  7.842      1  0 -0.115964     -0.194520    
858  7.843      1  0 -0.115964     -0.194519    
859  7.844      1  0 -0.115964     -0.194517    
860  7.845      1  0 -0.115964     -0.194516    
861  7.846      1  0 -0.115964     -0.194514    
862  7.847      1  0 -0.115964     -0.194512    
863  7.848      1  0 -0.115964     -0.194511    
864  7.849      1  0 -0.115964     -0.194509    
865  7.850      1  0 -0.115965     -0.194507    
866  7.851      1  0 -0.115965     -0.194506    
867  7.852      1  0 -0.115965     -0.194505    
868  7.853      1  0 -0.115965     -0.194504    
869  7.854      1  0 -0.115965     -0.194504    
870  7.855      1  0 -0.115965     -0.194504    
871  7.856      1  0 -0.115965     -0.194505    
872  7.857      1  0 -0.115965     -0.194506    
873  7.858      1  0 -0.115965     -0.194507    
874  7.859      1  0 -0.115965     -0.194509    
875  7.860      1  0 -0.115966     -0.194511    
876  7.861      1  0 -0.115966     -0.194513    
877  7.862      1  0 -0.115966     -0.194516    
878  7.863      1  0 -0.115966     -0.194518    
879  7.864      1  0 -0.115966     -0.194520    
880  7.865      1  0 -0.115966     -0.194522    
881  7.866      1  0 -0.115966     -0.194524    
882  7.867      1  0 -0.115966     -0.194526    
883  7.868      1  0 -0.115966     -0.194528    
884  7.869      1  0 -0.115966     -0.194529    
885  7.870      1  0 -0.115967     -0.194530    
886  7.871      1  0 -0.115967     -0.194530    
887  7.872      1  0 -0.115967     -0.194530    
888  7.873      1  0 -0.115967     -0.194530    
889  7.874      1  0 -0.115967     -0.194529    
890  7.875      1  0 -0.115967     -0.194529    
891  7.876      1  0 -0.115967     -0.194527    
892  7.877      1  0 -0.115967     -0.194526    
893  7.878      1  0 -0.115967     -0.194524    
894  7.879      1  0 -0.115967     -0.194522    
895  7.880      1  0 -0.115967     -0.194520    
896  7.881      1  0 -0.115967     -0.194518    
897  7.882      1  0 -0.115967     -0.194517    
898  7.883      1  0 -0.115967     -0.194515    
899  7.884      1  0 -0.115967     -0.194514    
900  7.885      1  0 -0.115968     -0.194513    
901  7.886      1  0 -0.115968     -0.194513    
902  7.887      1  0 -0.115968     -0.194513    
903  7.888      1  0 -0.115968     -0.194513    
904  7.889      1  0 -0.115968     -0.194514    
905  7.890      1  0 -0.115968     -0.194515    
906  7.891      1  0 -0.115968     -0.194517    
907  7.892      1  0 -0.115968     -0.194519    
908  7.893      1  0 -0.115968     -0.194521    
909  7.894      1  0 -0.115968     -0.194523    
910  7.895      1  0 -0.115969     -0.194525    
911  7.896      1  0 -0.115969     -0.194527    
912  7.897      1  0 -0.115969     -0.194530    
913  7.898      1  0 -0.115969     -0.194532    
914  7.899      1  0 -0.115969     -0.194534    
915  7.900      1  0 -0.115969     -0.194536    
916  7.901      1  0 -0.115969     -0.194537    
917  7.902      1  0 -0.115969     -0.194538    
918  7.903      1  0 -0.115969     -0.194539    
919  7.904      1  0 -0.115969     -0.194539    
920  7.905      1  0 -0.115969     -0.194539    
921  7.906      1  0 -0.115969     -0.194539    
922  7.907      1  0 -0.115970     -0.194538    
923  7.908      1  0 -0.115970     -0.194537    
924  7.909      1  0 -0.115970     -0.194535    
925  7.910      1  0 -0.115970     -0.194534    
926  7.911      1  0 -0.115970     -0.194532    
927  7.912      1  0 -0.115970     -0.194530    
928  7.913      1  0 -0.115970     -0.194528    
929  7.914      1  0 -0.115970     -0.194526    
930  7.915      1  0 -0.115970     -0.194525    
931  7.916      1  0 -0.115970     -0.194523    
932  7.917      1  0 -0.115970     -0.194522    
933  7.918      1  0 -0.115970     -0.194522    
934  7.919      1  0 -0.115970     -0.194521    
935  7.920      1  0 -0.115970     -0.194522    
936  7.921      1  0 -0.115970     -0.194522    
937  7.922      1  0 -0.115970     -0.194523    
938  7.923      1  0 -0.115971     -0.194524    
939  7.924      1  0 -0.115971     -0.194526    
940  7.925      1  0 -0.115971     -0.194527    
941  7.926      1  0 -0.115971     -0.194530    
942  7.927      1  0 -0.115971     -0.194532    
943  7.928      1  0 -0.115971     -0.194534    
944  7.929      1  0 -0.115971     -0.194536    
945  7.930      1  0 -0.115971     -0.194539    
946  7.931      1  0 -0.115971     -0.194541    
947  7.932      1  0 -0.115971     -0.194543    
948  7.933      1  0 -0.115972     -0.194545    
949  7.934      1  0 -0.115972     -0.194546    
950  7.935      1  0 -0.115972     -0.194547    
951  7.936      1  0 -0.115972     -0.194548    
952  7.937      1  0 -0.115972     -0.194548    
953  7.938      1  0 -0.115972     -0.194547    
954  7.939      1  0 -0.115972     -0.194547    
955  7.940      1  0 -0.115972     -0.194546    
956  7.941      1  0 -0.115972     -0.194544    
957  7.942      1  0 -0.115972     -0.194543    
958  7.943      1  0 -0.115972     -0.194542    
959  7.944      1  0 -0.115972     -0.194540    
960  7.945      1  0 -0.115972     -0.194538    
961  7.946      1  0 -0.115972     -0.194536    
962  7.947      1  0 -0.115972     -0.194535    
963  7.948      1  0 -0.115972     -0.194533    
964  7.949      1  0 -0.115972     -0.194532    
965  7.950      1  0 -0.115972     -0.194531    
966  7.951      1  0 -0.115973     -0.194530    
967  7.952      1  0 -0.115973     -0.194530    
968  7.953      1  0 -0.115973     -0.194530    
969  7.954      1  0 -0.115973     -0.194531    
970  7.955      1  0 -0.115973     -0.194532    
971  7.956      1  0 -0.115973     -0.194533    
972  7.957      1  0 -0.115973     -0.194535    
973  7.958      1  0 -0.115973     -0.194537    
974  7.959      1  0 -0.115973     -0.194539    
975  7.960      1  0 -0.115973     -0.194542    
976  7.961      1  0 -0.115973     -0.194544    
977  7.962      1  0 -0.115974     -0.194546    
978  7.963      1  0 -0.115974     -0.194548    
979  7.964      1  0 -0.115974     -0.194550    
980  7.965      1  0 -0.115974     -0.194552    
981  7.966      1  0 -0.115974     -0.194553    
982  7.967      1  0 -0.115974     -0.194555    
983  7.968      1  0 -0.115974     -0.194555    
984  7.969      1  0 -0.115974     -0.194556    
985  7.970      1  0 -0.115974     -0.194556    
986  7.971      1  0 -0.115974     -0.194556    
987  7.972      1  0 -0.115974     -0.194555    
988  7.973      1  0 -0.115974     -0.194554    
989  7.974      1  0 -0.115975     -0.194553    
990  7.975      1  0 -0.115975     -0.194551    
991  7.976      1  0 -0.115975     -0.194549    
992  7.977      1  0 -0.115975     -0.194547    
993  7.978      1  0 -0.115975     -0.194546    
994  7.979      1  0 -0.115975     -0.194544    
995  7.980      1  0 -0.115975     -0.194542    
996  7.981      1  0 -0.115975     -0.194541    
997  7.982      1  0 -0.115975     -0.194540    
998  7.983      1  0 -0.115975     -0.194539    
999  7.984      1  0 -0.115975     -0.194539    
