# Pazy Wing (simplified : constant stiffness properties)                          
# Operating point sequence...
# i     t     conv	stall	 RY pos[ 1]    Theta[ 1]    
  1  7.984      1  0 -0.115975     -0.194539    
  2  7.985      1  0 -0.115975     -0.194539    
  3  7.986      1  0 -0.115975     -0.194539    
  4  7.987      1  0 -0.115975     -0.194540    
  5  7.988      1  0 -0.115976     -0.194541    
  6  7.989      1  0 -0.115976     -0.194542    
  7  7.990      1  0 -0.115976     -0.194544    
  8  7.991      1  0 -0.115976     -0.194546    
  9  7.992      1  0 -0.115976     -0.194548    
 10  7.993      1  0 -0.115976     -0.194550    
 11  7.994      1  0 -0.115976     -0.194552    
 12  7.995      1  0 -0.115976     -0.194554    
 13  7.996      1  0 -0.115976     -0.194556    
 14  7.997      1  0 -0.115977     -0.194558    
 15  7.998      1  0 -0.115977     -0.194560    
 16  7.999      1  0 -0.115977     -0.194561    
 17  8.000      1  0 -0.115977     -0.194562    
 18  8.001      1  0 -0.115977     -0.194562    
 19  8.002      1  0 -0.115977     -0.194563    
 20  8.003      1  0 -0.115977     -0.194563    
 21  8.004      1  0 -0.115977     -0.194562    
 22  8.005      1  0 -0.115977     -0.194561    
 23  8.006      1  0 -0.115977     -0.194560    
 24  8.007      1  0 -0.115977     -0.194559    
 25  8.008      1  0 -0.115977     -0.194557    
 26  8.009      1  0 -0.115977     -0.194555    
 27  8.010      1  0 -0.115977     -0.194554    
 28  8.011      1  0 -0.115978     -0.194552    
 29  8.012      1  0 -0.115978     -0.194551    
 30  8.013      1  0 -0.115978     -0.194549    
 31  8.014      1  0 -0.115978     -0.194548    
 32  8.015      1  0 -0.115978     -0.194548    
 33  8.016      1  0 -0.115978     -0.194547    
 34  8.017      1  0 -0.115978     -0.194547    
 35  8.018      1  0 -0.115978     -0.194547    
 36  8.019      1  0 -0.115978     -0.194548    
 37  8.020      1  0 -0.115978     -0.194549    
 38  8.021      1  0 -0.115978     -0.194550    
 39  8.022      1  0 -0.115978     -0.194552    
 40  8.023      1  0 -0.115978     -0.194554    
 41  8.024      1  0 -0.115979     -0.194556    
 42  8.025      1  0 -0.115979     -0.194559    
 43  8.026      1  0 -0.115979     -0.194561    
 44  8.027      1  0 -0.115979     -0.194564    
 45  8.028      1  0 -0.115979     -0.194566    
 46  8.029      1  0 -0.115979     -0.194569    
 47  8.030      1  0 -0.115979     -0.194571    
 48  8.031      1  0 -0.115979     -0.194573    
 49  8.032      1  0 -0.115979     -0.194574    
 50  8.033      1  0 -0.115979     -0.194575    
 51  8.034      1  0 -0.115980     -0.194576    
 52  8.035      1  0 -0.115980     -0.194576    
 53  8.036      1  0 -0.115980     -0.194576    
 54  8.037      1  0 -0.115980     -0.194576    
 55  8.038      1  0 -0.115980     -0.194575    
 56  8.039      1  0 -0.115980     -0.194575    
 57  8.040      1  0 -0.115980     -0.194574    
 58  8.041      1  0 -0.115980     -0.194573    
 59  8.042      1  0 -0.115980     -0.194572    
 60  8.043      1  0 -0.115980     -0.194570    
 61  8.044      1  0 -0.115980     -0.194569    
 62  8.045      1  0 -0.115981     -0.194568    
 63  8.046      1  0 -0.115981     -0.194567    
 64  8.047      1  0 -0.115981     -0.194567    
 65  8.048      1  0 -0.115981     -0.194566    
 66  8.049      1  0 -0.115981     -0.194566    
 67  8.050      1  0 -0.115981     -0.194567    
 68  8.051      1  0 -0.115981     -0.194567    
 69  8.052      1  0 -0.115981     -0.194568    
 70  8.053      1  0 -0.115982     -0.194570    
 71  8.054      1  0 -0.115982     -0.194572    
 72  8.055      1  0 -0.115982     -0.194574    
 73  8.056      1  0 -0.115982     -0.194577    
 74  8.057      1  0 -0.115982     -0.194579    
 75  8.058      1  0 -0.115983     -0.194582    
 76  8.059      1  0 -0.115983     -0.194585    
 77  8.060      1  0 -0.115983     -0.194588    
 78  8.061      1  0 -0.115983     -0.194590    
 79  8.062      1  0 -0.115983     -0.194593    
 80  8.063      1  0 -0.115984     -0.194595    
 81  8.064      1  0 -0.115984     -0.194597    
 82  8.065      1  0 -0.115984     -0.194599    
 83  8.066      1  0 -0.115984     -0.194601    
 84  8.067      1  0 -0.115985     -0.194602    
 85  8.068      1  0 -0.115985     -0.194603    
 86  8.069      1  0 -0.115985     -0.194604    
 87  8.070      1  0 -0.115985     -0.194604    
 88  8.071      1  0 -0.115986     -0.194605    
 89  8.072      1  0 -0.115986     -0.194604    
 90  8.073      1  0 -0.115986     -0.194604    
 91  8.074      1  0 -0.115986     -0.194603    
 92  8.075      1  0 -0.115987     -0.194603    
 93  8.076      1  0 -0.115987     -0.194602    
 94  8.077      1  0 -0.115987     -0.194601    
 95  8.078      1  0 -0.115988     -0.194601    
 96  8.079      1  0 -0.115988     -0.194600    
 97  8.080      1  0 -0.115988     -0.194601    
 98  8.081      1  0 -0.115989     -0.194601    
 99  8.082      1  0 -0.115989     -0.194602    
100  8.083      1  0 -0.115989     -0.194603    
101  8.084      1  0 -0.115990     -0.194604    
102  8.085      1  0 -0.115990     -0.194606    
103  8.086      1  0 -0.115991     -0.194608    
104  8.087      1  0 -0.115991     -0.194611    
105  8.088      1  0 -0.115991     -0.194613    
106  8.089      1  0 -0.115992     -0.194616    
107  8.090      1  0 -0.115992     -0.194620    
108  8.091      1  0 -0.115993     -0.194623    
109  8.092      1  0 -0.115993     -0.194627    
110  8.093      1  0 -0.115994     -0.194630    
111  8.094      1  0 -0.115994     -0.194634    
112  8.095      1  0 -0.115995     -0.194637    
113  8.096      1  0 -0.115995     -0.194640    
114  8.097      1  0 -0.115996     -0.194643    
115  8.098      1  0 -0.115996     -0.194646    
116  8.099      1  0 -0.115997     -0.194648    
117  8.100      1  0 -0.115997     -0.194650    
118  8.101      1  0 -0.115998     -0.194652    
119  8.102      1  0 -0.115999     -0.194653    
120  8.103      1  0 -0.115999     -0.194654    
121  8.104      1  0 -0.116000     -0.194655    
122  8.105      1  0 -0.116000     -0.194656    
123  8.106      1  0 -0.116001     -0.194656    
124  8.107      1  0 -0.116002     -0.194656    
125  8.108      1  0 -0.116002     -0.194657    
126  8.109      1  0 -0.116003     -0.194657    
127  8.110      1  0 -0.116003     -0.194657    
128  8.111      1  0 -0.116004     -0.194658    
129  8.112      1  0 -0.116005     -0.194658    
130  8.113      1  0 -0.116005     -0.194659    
131  8.114      1  0 -0.116006     -0.194661    
132  8.115      1  0 -0.116007     -0.194662    
133  8.116      1  0 -0.116008     -0.194664    
134  8.117      1  0 -0.116008     -0.194667    
135  8.118      1  0 -0.116009     -0.194670    
136  8.119      1  0 -0.116010     -0.194673    
137  8.120      1  0 -0.116011     -0.194677    
138  8.121      1  0 -0.116012     -0.194682    
139  8.122      1  0 -0.116012     -0.194686    
140  8.123      1  0 -0.116013     -0.194691    
141  8.124      1  0 -0.116014     -0.194695    
142  8.125      1  0 -0.116015     -0.194700    
143  8.126      1  0 -0.116016     -0.194704    
144  8.127      1  0 -0.116017     -0.194708    
145  8.128      1  0 -0.116017     -0.194712    
146  8.129      1  0 -0.116018     -0.194716    
147  8.130      1  0 -0.116019     -0.194720    
148  8.131      1  0 -0.116020     -0.194723    
149  8.132      1  0 -0.116021     -0.194726    
150  8.133      1  0 -0.116022     -0.194730    
151  8.134      1  0 -0.116023     -0.194732    
152  8.135      1  0 -0.116024     -0.194735    
153  8.136      1  0 -0.116025     -0.194737    
154  8.137      1  0 -0.116026     -0.194739    
155  8.138      1  0 -0.116027     -0.194740    
156  8.139      1  0 -0.116028     -0.194742    
157  8.140      1  0 -0.116029     -0.194743    
158  8.141      1  0 -0.116030     -0.194744    
159  8.142      1  0 -0.116031     -0.194745    
160  8.143      1  0 -0.116032     -0.194746    
161  8.144      1  0 -0.116033     -0.194748    
162  8.145      1  0 -0.116034     -0.194749    
163  8.146      1  0 -0.116035     -0.194751    
164  8.147      1  0 -0.116036     -0.194754    
165  8.148      1  0 -0.116037     -0.194757    
166  8.149      1  0 -0.116038     -0.194761    
167  8.150      1  0 -0.116039     -0.194765    
168  8.151      1  0 -0.116040     -0.194769    
169  8.152      1  0 -0.116042     -0.194774    
170  8.153      1  0 -0.116043     -0.194779    
171  8.154      1  0 -0.116044     -0.194784    
172  8.155      1  0 -0.116045     -0.194789    
173  8.156      1  0 -0.116046     -0.194794    
174  8.157      1  0 -0.116048     -0.194800    
175  8.158      1  0 -0.116049     -0.194805    
176  8.159      1  0 -0.116050     -0.194810    
177  8.160      1  0 -0.116051     -0.194815    
178  8.161      1  0 -0.116052     -0.194821    
179  8.162      1  0 -0.116054     -0.194826    
180  8.163      1  0 -0.116055     -0.194830    
181  8.164      1  0 -0.116056     -0.194835    
182  8.165      1  0 -0.116057     -0.194839    
183  8.166      1  0 -0.116059     -0.194843    
184  8.167      1  0 -0.116060     -0.194847    
185  8.168      1  0 -0.116061     -0.194850    
186  8.169      1  0 -0.116062     -0.194853    
187  8.170      1  0 -0.116064     -0.194855    
188  8.171      1  0 -0.116065     -0.194857    
189  8.172      1  0 -0.116066     -0.194859    
190  8.173      1  0 -0.116068     -0.194862    
191  8.174      1  0 -0.116069     -0.194864    
192  8.175      1  0 -0.116070     -0.194866    
193  8.176      1  0 -0.116072     -0.194869    
194  8.177      1  0 -0.116073     -0.194872    
195  8.178      1  0 -0.116074     -0.194876    
196  8.179      1  0 -0.116076     -0.194879    
197  8.180      1  0 -0.116077     -0.194883    
198  8.181      1  0 -0.116079     -0.194888    
199  8.182      1  0 -0.116080     -0.194892    
200  8.183      1  0 -0.116081     -0.194897    
201  8.184      1  0 -0.116083     -0.194902    
202  8.185      1  0 -0.116084     -0.194908    
203  8.186      1  0 -0.116086     -0.194914    
204  8.187      1  0 -0.116087     -0.194920    
205  8.188      1  0 -0.116089     -0.194926    
206  8.189      1  0 -0.116090     -0.194933    
207  8.190      1  0 -0.116092     -0.194939    
208  8.191      1  0 -0.116093     -0.194946    
209  8.192      1  0 -0.116095     -0.194952    
210  8.193      1  0 -0.116096     -0.194959    
211  8.194      1  0 -0.116098     -0.194965    
212  8.195      1  0 -0.116099     -0.194971    
213  8.196      1  0 -0.116101     -0.194976    
214  8.197      1  0 -0.116103     -0.194981    
215  8.198      1  0 -0.116104     -0.194986    
216  8.199      1  0 -0.116106     -0.194990    
217  8.200      1  0 -0.116107     -0.194994    
218  8.201      1  0 -0.116109     -0.194998    
219  8.202      1  0 -0.116110     -0.195001    
220  8.203      1  0 -0.116112     -0.195005    
221  8.204      1  0 -0.116113     -0.195008    
222  8.205      1  0 -0.116115     -0.195011    
223  8.206      1  0 -0.116117     -0.195015    
224  8.207      1  0 -0.116118     -0.195018    
225  8.208      1  0 -0.116120     -0.195021    
226  8.209      1  0 -0.116121     -0.195025    
227  8.210      1  0 -0.116123     -0.195029    
228  8.211      1  0 -0.116125     -0.195033    
229  8.212      1  0 -0.116126     -0.195037    
230  8.213      1  0 -0.116128     -0.195042    
231  8.214      1  0 -0.116130     -0.195047    
232  8.215      1  0 -0.116131     -0.195053    
233  8.216      1  0 -0.116133     -0.195059    
234  8.217      1  0 -0.116135     -0.195065    
235  8.218      1  0 -0.116136     -0.195072    
236  8.219      1  0 -0.116138     -0.195079    
237  8.220      1  0 -0.116140     -0.195087    
238  8.221      1  0 -0.116142     -0.195094    
239  8.222      1  0 -0.116143     -0.195101    
240  8.223      1  0 -0.116145     -0.195109    
241  8.224      1  0 -0.116147     -0.195116    
242  8.225      1  0 -0.116149     -0.195123    
243  8.226      1  0 -0.116150     -0.195130    
244  8.227      1  0 -0.116152     -0.195137    
245  8.228      1  0 -0.116154     -0.195143    
246  8.229      1  0 -0.116156     -0.195150    
247  8.230      1  0 -0.116157     -0.195155    
248  8.231      1  0 -0.116159     -0.195161    
249  8.232      1  0 -0.116161     -0.195166    
250  8.233      1  0 -0.116163     -0.195171    
251  8.234      1  0 -0.116164     -0.195175    
252  8.235      1  0 -0.116166     -0.195180    
253  8.236      1  0 -0.116168     -0.195184    
254  8.237      1  0 -0.116170     -0.195188    
255  8.238      1  0 -0.116172     -0.195192    
256  8.239      1  0 -0.116173     -0.195195    
257  8.240      1  0 -0.116175     -0.195200    
258  8.241      1  0 -0.116177     -0.195204    
259  8.242      1  0 -0.116179     -0.195208    
260  8.243      1  0 -0.116181     -0.195213    
261  8.244      1  0 -0.116183     -0.195218    
262  8.245      1  0 -0.116184     -0.195224    
263  8.246      1  0 -0.116186     -0.195230    
264  8.247      1  0 -0.116188     -0.195236    
265  8.248      1  0 -0.116190     -0.195243    
266  8.249      1  0 -0.116192     -0.195250    
267  8.250      1  0 -0.116194     -0.195257    
268  8.251      1  0 -0.116196     -0.195265    
269  8.252      1  0 -0.116198     -0.195272    
270  8.253      1  0 -0.116200     -0.195280    
271  8.254      1  0 -0.116202     -0.195288    
272  8.255      1  0 -0.116204     -0.195297    
273  8.256      1  0 -0.116206     -0.195305    
274  8.257      1  0 -0.116208     -0.195313    
275  8.258      1  0 -0.116210     -0.195321    
276  8.259      1  0 -0.116212     -0.195329    
277  8.260      1  0 -0.116214     -0.195337    
278  8.261      1  0 -0.116216     -0.195344    
279  8.262      1  0 -0.116218     -0.195351    
280  8.263      1  0 -0.116220     -0.195357    
281  8.264      1  0 -0.116222     -0.195363    
282  8.265      1  0 -0.116224     -0.195369    
283  8.266      1  0 -0.116226     -0.195374    
284  8.267      1  0 -0.116228     -0.195379    
285  8.268      1  0 -0.116230     -0.195384    
286  8.269      1  0 -0.116232     -0.195389    
287  8.270      1  0 -0.116234     -0.195394    
288  8.271      1  0 -0.116236     -0.195399    
289  8.272      1  0 -0.116238     -0.195404    
290  8.273      1  0 -0.116240     -0.195408    
291  8.274      1  0 -0.116242     -0.195414    
292  8.275      1  0 -0.116244     -0.195419    
293  8.276      1  0 -0.116246     -0.195425    
294  8.277      1  0 -0.116248     -0.195430    
295  8.278      1  0 -0.116250     -0.195437    
296  8.279      1  0 -0.116252     -0.195443    
297  8.280      1  0 -0.116255     -0.195450    
298  8.281      1  0 -0.116257     -0.195457    
299  8.282      1  0 -0.116259     -0.195465    
300  8.283      1  0 -0.116261     -0.195474    
301  8.284      1  0 -0.116263     -0.195482    
302  8.285      1  0 -0.116265     -0.195491    
303  8.286      1  0 -0.116268     -0.195500    
304  8.287      1  0 -0.116270     -0.195509    
305  8.288      1  0 -0.116272     -0.195518    
306  8.289      1  0 -0.116274     -0.195527    
307  8.290      1  0 -0.116277     -0.195536    
308  8.291      1  0 -0.116279     -0.195544    
309  8.292      1  0 -0.116281     -0.195552    
310  8.293      1  0 -0.116283     -0.195561    
311  8.294      1  0 -0.116285     -0.195568    
312  8.295      1  0 -0.116288     -0.195576    
313  8.296      1  0 -0.116290     -0.195583    
314  8.297      1  0 -0.116292     -0.195590    
315  8.298      1  0 -0.116294     -0.195596    
316  8.299      1  0 -0.116297     -0.195603    
317  8.300      1  0 -0.116299     -0.195609    
318  8.301      1  0 -0.116301     -0.195614    
319  8.302      1  0 -0.116304     -0.195620    
320  8.303      1  0 -0.116306     -0.195626    
321  8.304      1  0 -0.116308     -0.195631    
322  8.305      1  0 -0.116310     -0.195637    
323  8.306      1  0 -0.116313     -0.195643    
324  8.307      1  0 -0.116315     -0.195649    
325  8.308      1  0 -0.116317     -0.195655    
326  8.309      1  0 -0.116320     -0.195661    
327  8.310      1  0 -0.116322     -0.195668    
328  8.311      1  0 -0.116324     -0.195676    
329  8.312      1  0 -0.116327     -0.195684    
330  8.313      1  0 -0.116329     -0.195692    
331  8.314      1  0 -0.116332     -0.195700    
332  8.315      1  0 -0.116334     -0.195709    
333  8.316      1  0 -0.116336     -0.195718    
334  8.317      1  0 -0.116339     -0.195727    
335  8.318      1  0 -0.116341     -0.195737    
336  8.319      1  0 -0.116344     -0.195746    
337  8.320      1  0 -0.116346     -0.195756    
338  8.321      1  0 -0.116349     -0.195766    
339  8.322      1  0 -0.116351     -0.195775    
340  8.323      1  0 -0.116354     -0.195785    
341  8.324      1  0 -0.116356     -0.195794    
342  8.325      1  0 -0.116359     -0.195803    
343  8.326      1  0 -0.116361     -0.195812    
344  8.327      1  0 -0.116364     -0.195820    
345  8.328      1  0 -0.116366     -0.195828    
346  8.329      1  0 -0.116369     -0.195836    
347  8.330      1  0 -0.116371     -0.195844    
348  8.331      1  0 -0.116374     -0.195851    
349  8.332      1  0 -0.116376     -0.195857    
350  8.333      1  0 -0.116379     -0.195864    
351  8.334      1  0 -0.116381     -0.195870    
352  8.335      1  0 -0.116384     -0.195877    
353  8.336      1  0 -0.116386     -0.195883    
354  8.337      1  0 -0.116389     -0.195890    
355  8.338      1  0 -0.116392     -0.195896    
356  8.339      1  0 -0.116394     -0.195903    
357  8.340      1  0 -0.116397     -0.195910    
358  8.341      1  0 -0.116399     -0.195917    
359  8.342      1  0 -0.116402     -0.195924    
360  8.343      1  0 -0.116405     -0.195932    
361  8.344      1  0 -0.116407     -0.195940    
362  8.345      1  0 -0.116410     -0.195948    
363  8.346      1  0 -0.116412     -0.195957    
364  8.347      1  0 -0.116415     -0.195966    
365  8.348      1  0 -0.116418     -0.195975    
366  8.349      1  0 -0.116420     -0.195985    
367  8.350      1  0 -0.116423     -0.195995    
368  8.351      1  0 -0.116426     -0.196005    
369  8.352      1  0 -0.116429     -0.196015    
370  8.353      1  0 -0.116431     -0.196026    
371  8.354      1  0 -0.116434     -0.196036    
372  8.355      1  0 -0.116437     -0.196046    
373  8.356      1  0 -0.116439     -0.196056    
374  8.357      1  0 -0.116442     -0.196065    
375  8.358      1  0 -0.116445     -0.196075    
376  8.359      1  0 -0.116448     -0.196084    
377  8.360      1  0 -0.116450     -0.196093    
378  8.361      1  0 -0.116453     -0.196101    
379  8.362      1  0 -0.116456     -0.196109    
380  8.363      1  0 -0.116459     -0.196117    
381  8.364      1  0 -0.116461     -0.196125    
382  8.365      1  0 -0.116464     -0.196133    
383  8.366      1  0 -0.116467     -0.196140    
384  8.367      1  0 -0.116469     -0.196148    
385  8.368      1  0 -0.116472     -0.196155    
386  8.369      1  0 -0.116475     -0.196162    
387  8.370      1  0 -0.116478     -0.196169    
388  8.371      1  0 -0.116480     -0.196176    
389  8.372      1  0 -0.116483     -0.196183    
390  8.373      1  0 -0.116486     -0.196191    
391  8.374      1  0 -0.116489     -0.196198    
392  8.375      1  0 -0.116492     -0.196207    
393  8.376      1  0 -0.116494     -0.196215    
394  8.377      1  0 -0.116497     -0.196224    
395  8.378      1  0 -0.116500     -0.196234    
396  8.379      1  0 -0.116503     -0.196243    
397  8.380      1  0 -0.116506     -0.196253    
398  8.381      1  0 -0.116509     -0.196264    
399  8.382      1  0 -0.116511     -0.196274    
400  8.383      1  0 -0.116514     -0.196285    
401  8.384      1  0 -0.116517     -0.196295    
402  8.385      1  0 -0.116520     -0.196306    
403  8.386      1  0 -0.116523     -0.196317    
404  8.387      1  0 -0.116526     -0.196328    
405  8.388      1  0 -0.116529     -0.196338    
406  8.389      1  0 -0.116531     -0.196349    
407  8.390      1  0 -0.116534     -0.196360    
408  8.391      1  0 -0.116537     -0.196370    
409  8.392      1  0 -0.116540     -0.196380    
410  8.393      1  0 -0.116543     -0.196390    
411  8.394      1  0 -0.116546     -0.196400    
412  8.395      1  0 -0.116549     -0.196409    
413  8.396      1  0 -0.116552     -0.196418    
414  8.397      1  0 -0.116554     -0.196426    
415  8.398      1  0 -0.116557     -0.196434    
416  8.399      1  0 -0.116560     -0.196442    
417  8.400      1  0 -0.116563     -0.196450    
418  8.401      1  0 -0.116566     -0.196458    
419  8.402      1  0 -0.116569     -0.196465    
420  8.403      1  0 -0.116572     -0.196473    
421  8.404      1  0 -0.116575     -0.196482    
422  8.405      1  0 -0.116578     -0.196490    
423  8.406      1  0 -0.116581     -0.196498    
424  8.407      1  0 -0.116584     -0.196507    
425  8.408      1  0 -0.116587     -0.196516    
426  8.409      1  0 -0.116590     -0.196525    
427  8.410      1  0 -0.116593     -0.196535    
428  8.411      1  0 -0.116596     -0.196545    
429  8.412      1  0 -0.116599     -0.196555    
430  8.413      1  0 -0.116602     -0.196566    
431  8.414      1  0 -0.116605     -0.196577    
432  8.415      1  0 -0.116608     -0.196587    
433  8.416      1  0 -0.116611     -0.196599    
434  8.417      1  0 -0.116614     -0.196610    
435  8.418      1  0 -0.116617     -0.196622    
436  8.419      1  0 -0.116620     -0.196633    
437  8.420      1  0 -0.116623     -0.196645    
438  8.421      1  0 -0.116626     -0.196656    
439  8.422      1  0 -0.116629     -0.196667    
440  8.423      1  0 -0.116632     -0.196678    
441  8.424      1  0 -0.116635     -0.196689    
442  8.425      1  0 -0.116638     -0.196700    
443  8.426      1  0 -0.116641     -0.196710    
444  8.427      1  0 -0.116644     -0.196720    
445  8.428      1  0 -0.116648     -0.196730    
446  8.429      1  0 -0.116651     -0.196739    
447  8.430      1  0 -0.116654     -0.196748    
448  8.431      1  0 -0.116657     -0.196757    
449  8.432      1  0 -0.116660     -0.196765    
450  8.433      1  0 -0.116663     -0.196774    
451  8.434      1  0 -0.116666     -0.196782    
452  8.435      1  0 -0.116669     -0.196791    
453  8.436      1  0 -0.116672     -0.196799    
454  8.437      1  0 -0.116676     -0.196808    
455  8.438      1  0 -0.116679     -0.196817    
456  8.439      1  0 -0.116682     -0.196826    
457  8.440      1  0 -0.116685     -0.196836    
458  8.441      1  0 -0.116688     -0.196845    
459  8.442      1  0 -0.116691     -0.196855    
460  8.443      1  0 -0.116695     -0.196866    
461  8.444      1  0 -0.116698     -0.196876    
462  8.445      1  0 -0.116701     -0.196887    
463  8.446      1  0 -0.116704     -0.196898    
464  8.447      1  0 -0.116708     -0.196910    
465  8.448      1  0 -0.116711     -0.196921    
466  8.449      1  0 -0.116714     -0.196933    
467  8.450      1  0 -0.116717     -0.196945    
468  8.451      1  0 -0.116721     -0.196957    
469  8.452      1  0 -0.116724     -0.196969    
470  8.453      1  0 -0.116727     -0.196981    
471  8.454      1  0 -0.116731     -0.196993    
472  8.455      1  0 -0.116734     -0.197005    
473  8.456      1  0 -0.116737     -0.197017    
474  8.457      1  0 -0.116741     -0.197028    
475  8.458      1  0 -0.116744     -0.197039    
476  8.459      1  0 -0.116747     -0.197050    
477  8.460      1  0 -0.116750     -0.197061    
478  8.461      1  0 -0.116754     -0.197071    
479  8.462      1  0 -0.116757     -0.197081    
480  8.463      1  0 -0.116760     -0.197090    
481  8.464      1  0 -0.116764     -0.197100    
482  8.465      1  0 -0.116767     -0.197109    
483  8.466      1  0 -0.116770     -0.197118    
484  8.467      1  0 -0.116774     -0.197127    
485  8.468      1  0 -0.116777     -0.197137    
486  8.469      1  0 -0.116781     -0.197146    
487  8.470      1  0 -0.116784     -0.197156    
488  8.471      1  0 -0.116787     -0.197166    
489  8.472      1  0 -0.116791     -0.197176    
490  8.473      1  0 -0.116794     -0.197187    
491  8.474      1  0 -0.116798     -0.197197    
492  8.475      1  0 -0.116801     -0.197208    
493  8.476      1  0 -0.116804     -0.197219    
494  8.477      1  0 -0.116808     -0.197230    
495  8.478      1  0 -0.116811     -0.197242    
496  8.479      1  0 -0.116815     -0.197254    
497  8.480      1  0 -0.116818     -0.197267    
498  8.481      1  0 -0.116822     -0.197279    
499  8.482      1  0 -0.116825     -0.197292    
500  8.483      1  0 -0.116829     -0.197305    
501  8.484      1  0 -0.116832     -0.197318    
502  8.485      1  0 -0.116836     -0.197332    
503  8.486      1  0 -0.116839     -0.197345    
504  8.487      1  0 -0.116843     -0.197357    
505  8.488      1  0 -0.116846     -0.197370    
506  8.489      1  0 -0.116850     -0.197383    
507  8.490      1  0 -0.116854     -0.197394    
508  8.491      1  0 -0.116857     -0.197406    
509  8.492      1  0 -0.116861     -0.197418    
510  8.493      1  0 -0.116864     -0.197429    
511  8.494      1  0 -0.116868     -0.197440    
512  8.495      1  0 -0.116871     -0.197450    
513  8.496      1  0 -0.116875     -0.197461    
514  8.497      1  0 -0.116878     -0.197471    
515  8.498      1  0 -0.116882     -0.197482    
516  8.499      1  0 -0.116886     -0.197492    
517  8.500      1  0 -0.116889     -0.197502    
518  8.501      1  0 -0.116893     -0.197513    
519  8.502      1  0 -0.116896     -0.197523    
520  8.503      1  0 -0.116900     -0.197534    
521  8.504      1  0 -0.116904     -0.197544    
522  8.505      1  0 -0.116907     -0.197555    
523  8.506      1  0 -0.116911     -0.197566    
524  8.507      1  0 -0.116915     -0.197577    
525  8.508      1  0 -0.116919     -0.197589    
526  8.509      1  0 -0.116922     -0.197601    
527  8.510      1  0 -0.116926     -0.197613    
528  8.511      1  0 -0.116930     -0.197626    
529  8.512      1  0 -0.116933     -0.197640    
530  8.513      1  0 -0.116937     -0.197653    
531  8.514      1  0 -0.116941     -0.197667    
532  8.515      1  0 -0.116945     -0.197681    
533  8.516      1  0 -0.116949     -0.197695    
534  8.517      1  0 -0.116952     -0.197709    
535  8.518      1  0 -0.116956     -0.197722    
536  8.519      1  0 -0.116960     -0.197736    
537  8.520      1  0 -0.116964     -0.197749    
538  8.521      1  0 -0.116968     -0.197763    
539  8.522      1  0 -0.116971     -0.197775    
540  8.523      1  0 -0.116975     -0.197788    
541  8.524      1  0 -0.116979     -0.197801    
542  8.525      1  0 -0.116983     -0.197813    
543  8.526      1  0 -0.116987     -0.197825    
544  8.527      1  0 -0.116991     -0.197837    
545  8.528      1  0 -0.116994     -0.197848    
546  8.529      1  0 -0.116998     -0.197860    
547  8.530      1  0 -0.117002     -0.197871    
548  8.531      1  0 -0.117006     -0.197882    
549  8.532      1  0 -0.117010     -0.197893    
550  8.533      1  0 -0.117014     -0.197904    
551  8.534      1  0 -0.117018     -0.197915    
552  8.535      1  0 -0.117022     -0.197926    
553  8.536      1  0 -0.117026     -0.197937    
554  8.537      1  0 -0.117029     -0.197948    
555  8.538      1  0 -0.117033     -0.197960    
556  8.539      1  0 -0.117037     -0.197972    
557  8.540      1  0 -0.117041     -0.197984    
558  8.541      1  0 -0.117045     -0.197997    
559  8.542      1  0 -0.117049     -0.198010    
560  8.543      1  0 -0.117053     -0.198023    
561  8.544      1  0 -0.117057     -0.198037    
562  8.545      1  0 -0.117061     -0.198051    
563  8.546      1  0 -0.117065     -0.198065    
564  8.547      1  0 -0.117070     -0.198080    
565  8.548      1  0 -0.117074     -0.198094    
566  8.549      1  0 -0.117078     -0.198109    
567  8.550      1  0 -0.117082     -0.198124    
568  8.551      1  0 -0.117086     -0.198138    
569  8.552      1  0 -0.117090     -0.198153    
570  8.553      1  0 -0.117094     -0.198167    
571  8.554      1  0 -0.117098     -0.198182    
572  8.555      1  0 -0.117102     -0.198195    
573  8.556      1  0 -0.117106     -0.198209    
574  8.557      1  0 -0.117110     -0.198222    
575  8.558      1  0 -0.117114     -0.198235    
576  8.559      1  0 -0.117119     -0.198248    
577  8.560      1  0 -0.117123     -0.198261    
578  8.561      1  0 -0.117127     -0.198273    
579  8.562      1  0 -0.117131     -0.198285    
580  8.563      1  0 -0.117135     -0.198297    
581  8.564      1  0 -0.117139     -0.198309    
582  8.565      1  0 -0.117143     -0.198321    
583  8.566      1  0 -0.117148     -0.198333    
584  8.567      1  0 -0.117152     -0.198344    
585  8.568      1  0 -0.117156     -0.198356    
586  8.569      1  0 -0.117160     -0.198368    
587  8.570      1  0 -0.117164     -0.198380    
588  8.571      1  0 -0.117168     -0.198393    
589  8.572      1  0 -0.117173     -0.198405    
590  8.573      1  0 -0.117177     -0.198418    
591  8.574      1  0 -0.117181     -0.198432    
592  8.575      1  0 -0.117185     -0.198446    
593  8.576      1  0 -0.117190     -0.198460    
594  8.577      1  0 -0.117194     -0.198475    
595  8.578      1  0 -0.117198     -0.198490    
596  8.579      1  0 -0.117202     -0.198505    
597  8.580      1  0 -0.117207     -0.198521    
598  8.581      1  0 -0.117211     -0.198536    
599  8.582      1  0 -0.117215     -0.198552    
600  8.583      1  0 -0.117220     -0.198567    
601  8.584      1  0 -0.117224     -0.198582    
602  8.585      1  0 -0.117228     -0.198597    
603  8.586      1  0 -0.117233     -0.198612    
604  8.587      1  0 -0.117237     -0.198627    
605  8.588      1  0 -0.117241     -0.198642    
606  8.589      1  0 -0.117246     -0.198656    
607  8.590      1  0 -0.117250     -0.198670    
608  8.591      1  0 -0.117254     -0.198684    
609  8.592      1  0 -0.117259     -0.198698    
610  8.593      1  0 -0.117263     -0.198711    
611  8.594      1  0 -0.117267     -0.198725    
612  8.595      1  0 -0.117272     -0.198738    
613  8.596      1  0 -0.117276     -0.198751    
614  8.597      1  0 -0.117280     -0.198763    
615  8.598      1  0 -0.117285     -0.198775    
616  8.599      1  0 -0.117289     -0.198787    
617  8.600      1  0 -0.117294     -0.198800    
618  8.601      1  0 -0.117298     -0.198812    
619  8.602      1  0 -0.117302     -0.198825    
620  8.603      1  0 -0.117307     -0.198838    
621  8.604      1  0 -0.117311     -0.198851    
622  8.605      1  0 -0.117316     -0.198865    
623  8.606      1  0 -0.117320     -0.198880    
624  8.607      1  0 -0.117325     -0.198894    
625  8.608      1  0 -0.117329     -0.198909    
626  8.609      1  0 -0.117333     -0.198925    
627  8.610      1  0 -0.117338     -0.198940    
628  8.611      1  0 -0.117342     -0.198956    
629  8.612      1  0 -0.117347     -0.198972    
630  8.613      1  0 -0.117351     -0.198987    
631  8.614      1  0 -0.117356     -0.199003    
632  8.615      1  0 -0.117360     -0.199019    
633  8.616      1  0 -0.117365     -0.199035    
634  8.617      1  0 -0.117369     -0.199051    
635  8.618      1  0 -0.117374     -0.199068    
636  8.619      1  0 -0.117379     -0.199084    
637  8.620      1  0 -0.117383     -0.199099    
638  8.621      1  0 -0.117388     -0.199115    
639  8.622      1  0 -0.117392     -0.199130    
640  8.623      1  0 -0.117397     -0.199145    
641  8.624      1  0 -0.117401     -0.199160    
642  8.625      1  0 -0.117406     -0.199174    
643  8.626      1  0 -0.117410     -0.199188    
644  8.627      1  0 -0.117415     -0.199201    
645  8.628      1  0 -0.117419     -0.199215    
646  8.629      1  0 -0.117424     -0.199228    
647  8.630      1  0 -0.117429     -0.199241    
648  8.631      1  0 -0.117433     -0.199254    
649  8.632      1  0 -0.117438     -0.199268    
650  8.633      1  0 -0.117442     -0.199281    
651  8.634      1  0 -0.117447     -0.199295    
652  8.635      1  0 -0.117452     -0.199308    
653  8.636      1  0 -0.117456     -0.199322    
654  8.637      1  0 -0.117461     -0.199336    
655  8.638      1  0 -0.117465     -0.199351    
656  8.639      1  0 -0.117470     -0.199366    
657  8.640      1  0 -0.117475     -0.199381    
658  8.641      1  0 -0.117479     -0.199396    
659  8.642      1  0 -0.117484     -0.199412    
660  8.643      1  0 -0.117489     -0.199428    
661  8.644      1  0 -0.117493     -0.199444    
662  8.645      1  0 -0.117498     -0.199461    
663  8.646      1  0 -0.117503     -0.199477    
664  8.647      1  0 -0.117508     -0.199494    
665  8.648      1  0 -0.117512     -0.199511    
666  8.649      1  0 -0.117517     -0.199528    
667  8.650      1  0 -0.117522     -0.199545    
668  8.651      1  0 -0.117527     -0.199562    
669  8.652      1  0 -0.117531     -0.199579    
670  8.653      1  0 -0.117536     -0.199595    
671  8.654      1  0 -0.117541     -0.199611    
672  8.655      1  0 -0.117546     -0.199626    
673  8.656      1  0 -0.117550     -0.199642    
674  8.657      1  0 -0.117555     -0.199657    
675  8.658      1  0 -0.117560     -0.199672    
676  8.659      1  0 -0.117565     -0.199686    
677  8.660      1  0 -0.117569     -0.199701    
678  8.661      1  0 -0.117574     -0.199715    
679  8.662      1  0 -0.117579     -0.199729    
680  8.663      1  0 -0.117584     -0.199743    
681  8.664      1  0 -0.117588     -0.199756    
682  8.665      1  0 -0.117593     -0.199770    
683  8.666      1  0 -0.117598     -0.199784    
684  8.667      1  0 -0.117603     -0.199798    
685  8.668      1  0 -0.117608     -0.199813    
686  8.669      1  0 -0.117612     -0.199827    
687  8.670      1  0 -0.117617     -0.199842    
688  8.671      1  0 -0.117622     -0.199857    
689  8.672      1  0 -0.117627     -0.199872    
690  8.673      1  0 -0.117632     -0.199888    
691  8.674      1  0 -0.117637     -0.199904    
692  8.675      1  0 -0.117642     -0.199921    
693  8.676      1  0 -0.117647     -0.199938    
694  8.677      1  0 -0.117651     -0.199955    
695  8.678      1  0 -0.117656     -0.199972    
696  8.679      1  0 -0.117661     -0.199990    
697  8.680      1  0 -0.117666     -0.200007    
698  8.681      1  0 -0.117671     -0.200025    
699  8.682      1  0 -0.117676     -0.200042    
700  8.683      1  0 -0.117681     -0.200060    
701  8.684      1  0 -0.117686     -0.200077    
702  8.685      1  0 -0.117691     -0.200094    
703  8.686      1  0 -0.117696     -0.200111    
704  8.687      1  0 -0.117701     -0.200128    
705  8.688      1  0 -0.117706     -0.200145    
706  8.689      1  0 -0.117711     -0.200161    
707  8.690      1  0 -0.117716     -0.200177    
708  8.691      1  0 -0.117720     -0.200192    
709  8.692      1  0 -0.117725     -0.200208    
710  8.693      1  0 -0.117730     -0.200222    
711  8.694      1  0 -0.117735     -0.200237    
712  8.695      1  0 -0.117740     -0.200252    
713  8.696      1  0 -0.117745     -0.200266    
714  8.697      1  0 -0.117750     -0.200280    
715  8.698      1  0 -0.117755     -0.200295    
716  8.699      1  0 -0.117760     -0.200309    
717  8.700      1  0 -0.117765     -0.200324    
718  8.701      1  0 -0.117770     -0.200339    
719  8.702      1  0 -0.117775     -0.200355    
720  8.703      1  0 -0.117780     -0.200370    
721  8.704      1  0 -0.117785     -0.200387    
722  8.705      1  0 -0.117790     -0.200403    
723  8.706      1  0 -0.117796     -0.200419    
724  8.707      1  0 -0.117801     -0.200436    
725  8.708      1  0 -0.117806     -0.200453    
726  8.709      1  0 -0.117811     -0.200471    
727  8.710      1  0 -0.117816     -0.200488    
728  8.711      1  0 -0.117821     -0.200506    
729  8.712      1  0 -0.117826     -0.200524    
730  8.713      1  0 -0.117831     -0.200543    
731  8.714      1  0 -0.117836     -0.200561    
732  8.715      1  0 -0.117842     -0.200580    
733  8.716      1  0 -0.117847     -0.200598    
734  8.717      1  0 -0.117852     -0.200616    
735  8.718      1  0 -0.117857     -0.200634    
736  8.719      1  0 -0.117862     -0.200652    
737  8.720      1  0 -0.117867     -0.200669    
738  8.721      1  0 -0.117872     -0.200686    
739  8.722      1  0 -0.117878     -0.200703    
740  8.723      1  0 -0.117883     -0.200719    
741  8.724      1  0 -0.117888     -0.200735    
742  8.725      1  0 -0.117893     -0.200750    
743  8.726      1  0 -0.117898     -0.200766    
744  8.727      1  0 -0.117903     -0.200781    
745  8.728      1  0 -0.117909     -0.200796    
746  8.729      1  0 -0.117914     -0.200812    
747  8.730      1  0 -0.117919     -0.200827    
748  8.731      1  0 -0.117924     -0.200843    
749  8.732      1  0 -0.117929     -0.200858    
750  8.733      1  0 -0.117935     -0.200874    
751  8.734      1  0 -0.117940     -0.200890    
752  8.735      1  0 -0.117945     -0.200905    
753  8.736      1  0 -0.117950     -0.200922    
754  8.737      1  0 -0.117955     -0.200938    
755  8.738      1  0 -0.117961     -0.200955    
756  8.739      1  0 -0.117966     -0.200972    
757  8.740      1  0 -0.117971     -0.200990    
758  8.741      1  0 -0.117977     -0.201008    
759  8.742      1  0 -0.117982     -0.201027    
760  8.743      1  0 -0.117987     -0.201046    
761  8.744      1  0 -0.117993     -0.201065    
762  8.745      1  0 -0.117998     -0.201084    
763  8.746      1  0 -0.118003     -0.201103    
764  8.747      1  0 -0.118009     -0.201122    
765  8.748      1  0 -0.118014     -0.201141    
766  8.749      1  0 -0.118019     -0.201160    
767  8.750      1  0 -0.118025     -0.201179    
768  8.751      1  0 -0.118030     -0.201197    
769  8.752      1  0 -0.118035     -0.201215    
770  8.753      1  0 -0.118041     -0.201233    
771  8.754      1  0 -0.118046     -0.201250    
772  8.755      1  0 -0.118051     -0.201268    
773  8.756      1  0 -0.118057     -0.201285    
774  8.757      1  0 -0.118062     -0.201302    
775  8.758      1  0 -0.118068     -0.201319    
776  8.759      1  0 -0.118073     -0.201336    
777  8.760      1  0 -0.118078     -0.201352    
778  8.761      1  0 -0.118084     -0.201368    
779  8.762      1  0 -0.118089     -0.201384    
780  8.763      1  0 -0.118095     -0.201400    
781  8.764      1  0 -0.118100     -0.201416    
782  8.765      1  0 -0.118105     -0.201432    
783  8.766      1  0 -0.118111     -0.201448    
784  8.767      1  0 -0.118116     -0.201465    
785  8.768      1  0 -0.118122     -0.201481    
786  8.769      1  0 -0.118127     -0.201499    
787  8.770      1  0 -0.118133     -0.201516    
788  8.771      1  0 -0.118138     -0.201535    
789  8.772      1  0 -0.118144     -0.201553    
790  8.773      1  0 -0.118149     -0.201572    
791  8.774      1  0 -0.118155     -0.201591    
792  8.775      1  0 -0.118160     -0.201611    
793  8.776      1  0 -0.118166     -0.201630    
794  8.777      1  0 -0.118172     -0.201649    
795  8.778      1  0 -0.118177     -0.201669    
796  8.779      1  0 -0.118183     -0.201688    
797  8.780      1  0 -0.118188     -0.201708    
798  8.781      1  0 -0.118194     -0.201728    
799  8.782      1  0 -0.118200     -0.201747    
800  8.783      1  0 -0.118205     -0.201767    
801  8.784      1  0 -0.118211     -0.201787    
802  8.785      1  0 -0.118216     -0.201806    
803  8.786      1  0 -0.118222     -0.201825    
804  8.787      1  0 -0.118228     -0.201844    
805  8.788      1  0 -0.118233     -0.201862    
806  8.789      1  0 -0.118239     -0.201880    
807  8.790      1  0 -0.118244     -0.201897    
808  8.791      1  0 -0.118250     -0.201915    
809  8.792      1  0 -0.118256     -0.201931    
810  8.793      1  0 -0.118261     -0.201948    
811  8.794      1  0 -0.118267     -0.201965    
812  8.795      1  0 -0.118273     -0.201981    
813  8.796      1  0 -0.118278     -0.201998    
814  8.797      1  0 -0.118284     -0.202015    
815  8.798      1  0 -0.118290     -0.202032    
816  8.799      1  0 -0.118296     -0.202049    
817  8.800      1  0 -0.118301     -0.202067    
818  8.801      1  0 -0.118307     -0.202085    
819  8.802      1  0 -0.118313     -0.202103    
820  8.803      1  0 -0.118319     -0.202122    
821  8.804      1  0 -0.118324     -0.202140    
822  8.805      1  0 -0.118330     -0.202159    
823  8.806      1  0 -0.118336     -0.202178    
824  8.807      1  0 -0.118342     -0.202198    
825  8.808      1  0 -0.118348     -0.202218    
826  8.809      1  0 -0.118353     -0.202238    
827  8.810      1  0 -0.118359     -0.202258    
828  8.811      1  0 -0.118365     -0.202279    
829  8.812      1  0 -0.118371     -0.202299    
830  8.813      1  0 -0.118377     -0.202320    
831  8.814      1  0 -0.118383     -0.202341    
832  8.815      1  0 -0.118388     -0.202361    
833  8.816      1  0 -0.118394     -0.202382    
834  8.817      1  0 -0.118400     -0.202402    
835  8.818      1  0 -0.118406     -0.202422    
836  8.819      1  0 -0.118412     -0.202442    
837  8.820      1  0 -0.118418     -0.202461    
838  8.821      1  0 -0.118424     -0.202480    
839  8.822      1  0 -0.118430     -0.202499    
840  8.823      1  0 -0.118436     -0.202517    
841  8.824      1  0 -0.118441     -0.202535    
842  8.825      1  0 -0.118447     -0.202553    
843  8.826      1  0 -0.118453     -0.202571    
844  8.827      1  0 -0.118459     -0.202589    
845  8.828      1  0 -0.118465     -0.202607    
846  8.829      1  0 -0.118471     -0.202625    
847  8.830      1  0 -0.118477     -0.202643    
848  8.831      1  0 -0.118483     -0.202661    
849  8.832      1  0 -0.118489     -0.202679    
850  8.833      1  0 -0.118495     -0.202698    
851  8.834      1  0 -0.118501     -0.202716    
852  8.835      1  0 -0.118507     -0.202735    
853  8.836      1  0 -0.118513     -0.202755    
854  8.837      1  0 -0.118519     -0.202774    
855  8.838      1  0 -0.118525     -0.202794    
856  8.839      1  0 -0.118531     -0.202815    
857  8.840      1  0 -0.118537     -0.202835    
858  8.841      1  0 -0.118543     -0.202856    
859  8.842      1  0 -0.118549     -0.202877    
860  8.843      1  0 -0.118555     -0.202898    
861  8.844      1  0 -0.118561     -0.202920    
862  8.845      1  0 -0.118568     -0.202942    
863  8.846      1  0 -0.118574     -0.202963    
864  8.847      1  0 -0.118580     -0.202985    
865  8.848      1  0 -0.118586     -0.203006    
866  8.849      1  0 -0.118592     -0.203027    
867  8.850      1  0 -0.118598     -0.203049    
868  8.851      1  0 -0.118604     -0.203069    
869  8.852      1  0 -0.118610     -0.203090    
870  8.853      1  0 -0.118616     -0.203110    
871  8.854      1  0 -0.118623     -0.203129    
872  8.855      1  0 -0.118629     -0.203149    
873  8.856      1  0 -0.118635     -0.203168    
874  8.857      1  0 -0.118641     -0.203186    
875  8.858      1  0 -0.118647     -0.203205    
876  8.859      1  0 -0.118653     -0.203224    
877  8.860      1  0 -0.118660     -0.203242    
878  8.861      1  0 -0.118666     -0.203261    
879  8.862      1  0 -0.118672     -0.203279    
880  8.863      1  0 -0.118678     -0.203298    
881  8.864      1  0 -0.118684     -0.203317    
882  8.865      1  0 -0.118691     -0.203336    
883  8.866      1  0 -0.118697     -0.203355    
884  8.867      1  0 -0.118703     -0.203375    
885  8.868      1  0 -0.118709     -0.203395    
886  8.869      1  0 -0.118716     -0.203415    
887  8.870      1  0 -0.118722     -0.203435    
888  8.871      1  0 -0.118728     -0.203456    
889  8.872      1  0 -0.118734     -0.203477    
890  8.873      1  0 -0.118741     -0.203498    
891  8.874      1  0 -0.118747     -0.203520    
892  8.875      1  0 -0.118753     -0.203542    
893  8.876      1  0 -0.118760     -0.203564    
894  8.877      1  0 -0.118766     -0.203587    
895  8.878      1  0 -0.118772     -0.203609    
896  8.879      1  0 -0.118779     -0.203632    
897  8.880      1  0 -0.118785     -0.203654    
898  8.881      1  0 -0.118791     -0.203676    
899  8.882      1  0 -0.118798     -0.203698    
900  8.883      1  0 -0.118804     -0.203720    
901  8.884      1  0 -0.118810     -0.203741    
902  8.885      1  0 -0.118817     -0.203762    
903  8.886      1  0 -0.118823     -0.203783    
904  8.887      1  0 -0.118830     -0.203803    
905  8.888      1  0 -0.118836     -0.203823    
906  8.889      1  0 -0.118842     -0.203843    
907  8.890      1  0 -0.118849     -0.203863    
908  8.891      1  0 -0.118855     -0.203883    
909  8.892      1  0 -0.118861     -0.203902    
910  8.893      1  0 -0.118868     -0.203922    
911  8.894      1  0 -0.118874     -0.203941    
912  8.895      1  0 -0.118881     -0.203961    
913  8.896      1  0 -0.118887     -0.203980    
914  8.897      1  0 -0.118893     -0.203999    
915  8.898      1  0 -0.118900     -0.204019    
916  8.899      1  0 -0.118906     -0.204039    
917  8.900      1  0 -0.118913     -0.204059    
918  8.901      1  0 -0.118919     -0.204080    
919  8.902      1  0 -0.118926     -0.204101    
920  8.903      1  0 -0.118932     -0.204122    
921  8.904      1  0 -0.118939     -0.204143    
922  8.905      1  0 -0.118945     -0.204165    
923  8.906      1  0 -0.118952     -0.204188    
924  8.907      1  0 -0.118958     -0.204211    
925  8.908      1  0 -0.118965     -0.204234    
926  8.909      1  0 -0.118972     -0.204257    
927  8.910      1  0 -0.118978     -0.204280    
928  8.911      1  0 -0.118985     -0.204303    
929  8.912      1  0 -0.118991     -0.204327    
930  8.913      1  0 -0.118998     -0.204350    
931  8.914      1  0 -0.119004     -0.204372    
932  8.915      1  0 -0.119011     -0.204395    
933  8.916      1  0 -0.119017     -0.204417    
934  8.917      1  0 -0.119024     -0.204439    
935  8.918      1  0 -0.119031     -0.204461    
936  8.919      1  0 -0.119037     -0.204482    
937  8.920      1  0 -0.119044     -0.204503    
938  8.921      1  0 -0.119050     -0.204524    
939  8.922      1  0 -0.119057     -0.204545    
940  8.923      1  0 -0.119063     -0.204566    
941  8.924      1  0 -0.119070     -0.204586    
942  8.925      1  0 -0.119077     -0.204607    
943  8.926      1  0 -0.119083     -0.204627    
944  8.927      1  0 -0.119090     -0.204647    
945  8.928      1  0 -0.119097     -0.204666    
946  8.929      1  0 -0.119103     -0.204687    
947  8.930      1  0 -0.119110     -0.204706    
948  8.931      1  0 -0.119117     -0.204727    
949  8.932      1  0 -0.119123     -0.204747    
950  8.933      1  0 -0.119130     -0.204768    
951  8.934      1  0 -0.119137     -0.204789    
952  8.935      1  0 -0.119143     -0.204811    
953  8.936      1  0 -0.119150     -0.204833    
954  8.937      1  0 -0.119157     -0.204856    
955  8.938      1  0 -0.119163     -0.204879    
956  8.939      1  0 -0.119170     -0.204902    
957  8.940      1  0 -0.119177     -0.204925    
958  8.941      1  0 -0.119184     -0.204949    
959  8.942      1  0 -0.119190     -0.204972    
960  8.943      1  0 -0.119197     -0.204996    
961  8.944      1  0 -0.119204     -0.205020    
962  8.945      1  0 -0.119211     -0.205044    
963  8.946      1  0 -0.119217     -0.205067    
964  8.947      1  0 -0.119224     -0.205091    
965  8.948      1  0 -0.119231     -0.205114    
966  8.949      1  0 -0.119238     -0.205137    
967  8.950      1  0 -0.119245     -0.205160    
968  8.951      1  0 -0.119251     -0.205183    
969  8.952      1  0 -0.119258     -0.205205    
970  8.953      1  0 -0.119265     -0.205227    
971  8.954      1  0 -0.119272     -0.205248    
972  8.955      1  0 -0.119278     -0.205270    
973  8.956      1  0 -0.119285     -0.205291    
974  8.957      1  0 -0.119292     -0.205312    
975  8.958      1  0 -0.119299     -0.205332    
976  8.959      1  0 -0.119306     -0.205353    
977  8.960      1  0 -0.119312     -0.205373    
978  8.961      1  0 -0.119319     -0.205394    
979  8.962      1  0 -0.119326     -0.205414    
980  8.963      1  0 -0.119333     -0.205435    
981  8.964      1  0 -0.119340     -0.205456    
982  8.965      1  0 -0.119347     -0.205477    
983  8.966      1  0 -0.119353     -0.205499    
984  8.967      1  0 -0.119360     -0.205521    
985  8.968      1  0 -0.119367     -0.205544    
986  8.969      1  0 -0.119374     -0.205566    
987  8.970      1  0 -0.119381     -0.205590    
988  8.971      1  0 -0.119388     -0.205613    
989  8.972      1  0 -0.119395     -0.205637    
990  8.973      1  0 -0.119402     -0.205660    
991  8.974      1  0 -0.119409     -0.205685    
992  8.975      1  0 -0.119416     -0.205709    
993  8.976      1  0 -0.119423     -0.205733    
994  8.977      1  0 -0.119430     -0.205757    
995  8.978      1  0 -0.119437     -0.205782    
996  8.979      1  0 -0.119443     -0.205806    
997  8.980      1  0 -0.119450     -0.205830    
998  8.981      1  0 -0.119457     -0.205854    
999  8.982      1  0 -0.119464     -0.205878    
