# Pazy Wing (simplified : constant stiffness properties)                          
# Operating point sequence...
# i     t     conv	stall	 RY pos[ 1]    Theta[ 1]    
  1  0.000      1  0 -0.126926     -0.233547    
  2 0.1000E-02  1  0 -0.126956     -0.236918    
  3 0.2000E-02  1  0 -0.127011     -0.243365    
  4 0.3000E-02  1  0 -0.127099     -0.254702    
  5 0.4000E-02  1  0 -0.127225     -0.271305    
  6 0.5000E-02  1  0 -0.127385     -0.291875    
  7 0.6000E-02  1  0 -0.127575     -0.314088    
  8 0.7000E-02  1  0 -0.127788     -0.335666    
  9 0.8000E-02  1  0 -0.128024     -0.355195    
 10 0.9000E-02  1  0 -0.128284     -0.372353    
 11 0.1000E-01  1  0 -0.128578     -0.387510    
 12 0.1100E-01  1  0 -0.128915     -0.401118    
 13 0.1200E-01  1  0 -0.129304     -0.413299    
 14 0.1300E-01  1  0 -0.129752     -0.423868    
 15 0.1400E-01  1  0 -0.130261     -0.432621    
 16 0.1500E-01  1  0 -0.130835     -0.439579    
 17 0.1600E-01  1  0 -0.131475     -0.444997    
 18 0.1700E-01  1  0 -0.132182     -0.449126    
 19 0.1800E-01  1  0 -0.132957     -0.451931    
 20 0.1900E-01  1  0 -0.133797     -0.452943    
 21 0.2000E-01  1  0 -0.134700     -0.451351    
 22 0.2100E-01  1  0 -0.135661     -0.446285    
 23 0.2200E-01  1  0 -0.136677     -0.437134    
 24 0.2300E-01  1  0 -0.137743     -0.423758    
 25 0.2400E-01  1  0 -0.138859     -0.406515    
 26 0.2500E-01  1  0 -0.140023     -0.386170    
 27 0.2600E-01  1  0 -0.141235     -0.363768    
 28 0.2700E-01  1  0 -0.142491     -0.340550    
 29 0.2800E-01  1  0 -0.143788     -0.317924    
 30 0.2900E-01  1  0 -0.145121     -0.297418    
 31 0.3000E-01  1  0 -0.146484     -0.280567    
 32 0.3100E-01  1  0 -0.147868     -0.268703    
 33 0.3200E-01  1  0 -0.149267     -0.262723    
 34 0.3300E-01  1  0 -0.150672     -0.262904    
 35 0.3400E-01  1  0 -0.152075     -0.268860    
 36 0.3500E-01  1  0 -0.153470     -0.279653    
 37 0.3600E-01  1  0 -0.154850     -0.293985    
 38 0.3700E-01  1  0 -0.156209     -0.310431    
 39 0.3800E-01  1  0 -0.157546     -0.327617    
 40 0.3900E-01  1  0 -0.158856     -0.344374    
 41 0.4000E-01  1  0 -0.160139     -0.359841    
 42 0.4100E-01  1  0 -0.161396     -0.373554    
 43 0.4200E-01  1  0 -0.162627     -0.385495    
 44 0.4300E-01  1  0 -0.163835     -0.396076    
 45 0.4400E-01  1  0 -0.165021     -0.406041    
 46 0.4500E-01  1  0 -0.166188     -0.416288    
 47 0.4600E-01  1  0 -0.167341     -0.427664    
 48 0.4700E-01  1  0 -0.168482     -0.440767    
 49 0.4800E-01  1  0 -0.169617     -0.455817    
 50 0.4900E-01  1  0 -0.170751     -0.472603    
 51 0.5000E-01  1  0 -0.171887     -0.490505    
 52 0.5100E-01  1  0 -0.173032     -0.508564    
 53 0.5200E-01  1  0 -0.174189     -0.525597    
 54 0.5300E-01  1  0 -0.175362     -0.540331    
 55 0.5400E-01  1  0 -0.176552     -0.551551    
 56 0.5500E-01  1  0 -0.177760     -0.558249    
 57 0.5600E-01  1  0 -0.178987     -0.559757    
 58 0.5700E-01  1  0 -0.180231     -0.555845    
 59 0.5800E-01  1  0 -0.181491     -0.546761    
 60 0.5900E-01  1  0 -0.182764     -0.533212    
 61 0.6000E-01  1  0 -0.184048     -0.516286    
 62 0.6100E-01  1  0 -0.185341     -0.497347    
 63 0.6200E-01  1  0 -0.186640     -0.477882    
 64 0.6300E-01  1  0 -0.187942     -0.459359    
 65 0.6400E-01  1  0 -0.189246     -0.443085    
 66 0.6500E-01  1  0 -0.190547     -0.430075    
 67 0.6600E-01  1  0 -0.191842     -0.420958    
 68 0.6700E-01  1  0 -0.193127     -0.415929    
 69 0.6800E-01  1  0 -0.194395     -0.414741    
 70 0.6900E-01  1  0 -0.195639     -0.416770    
 71 0.7000E-01  1  0 -0.196854     -0.421121    
 72 0.7100E-01  1  0 -0.198031     -0.426769    
 73 0.7200E-01  1  0 -0.199166     -0.432726    
 74 0.7300E-01  1  0 -0.200251     -0.438185    
 75 0.7400E-01  1  0 -0.201283     -0.442639    
 76 0.7500E-01  1  0 -0.202260     -0.445951    
 77 0.7600E-01  1  0 -0.203180     -0.448369    
 78 0.7700E-01  1  0 -0.204046     -0.450485    
 79 0.7800E-01  1  0 -0.204859     -0.453138    
 80 0.7900E-01  1  0 -0.205625     -0.457284    
 81 0.8000E-01  1  0 -0.206346     -0.463846    
 82 0.8100E-01  1  0 -0.207028     -0.473566    
 83 0.8200E-01  1  0 -0.207675     -0.486885    
 84 0.8300E-01  1  0 -0.208292     -0.503869    
 85 0.8400E-01  1  0 -0.208881     -0.524174    
 86 0.8500E-01  1  0 -0.209447     -0.547082    
 87 0.8600E-01  1  0 -0.209992     -0.571576    
 88 0.8700E-01  1  0 -0.210519     -0.596442    
 89 0.8800E-01  1  0 -0.211029     -0.620409    
 90 0.8900E-01  1  0 -0.211528     -0.642273    
 91 0.9000E-01  1  0 -0.212016     -0.661027    
 92 0.9100E-01  1  0 -0.212498     -0.675952    
 93 0.9200E-01  1  0 -0.212977     -0.686675    
 94 0.9300E-01  1  0 -0.213456     -0.693196    
 95 0.9400E-01  1  0 -0.213938     -0.695858    
 96 0.9500E-01  1  0 -0.214423     -0.695289    
 97 0.9600E-01  1  0 -0.214915     -0.692313    
 98 0.9700E-01  1  0 -0.215412     -0.687839    
 99 0.9800E-01  1  0 -0.215913     -0.682743    
100 0.9900E-01  1  0 -0.216417     -0.677772    
101 0.1000      1  0 -0.216908     -0.670941    
102 0.1010      1  0 -0.217371     -0.658935    
103 0.1020      1  0 -0.217792     -0.638404    
104 0.1030      1  0 -0.218166     -0.607907    
105 0.1040      1  0 -0.218488     -0.568999    
106 0.1050      1  0 -0.218759     -0.525709    
107 0.1060      1  0 -0.218982     -0.483020    
108 0.1070      1  0 -0.219158     -0.445120    
109 0.1080      1  0 -0.219284     -0.414260    
110 0.1090      1  0 -0.219353     -0.390735    
111 0.1100      1  0 -0.219354     -0.373749    
112 0.1110      1  0 -0.219277     -0.362352    
113 0.1120      1  0 -0.219113     -0.355790    
114 0.1130      1  0 -0.218856     -0.353170    
115 0.1140      1  0 -0.218498     -0.352914    
116 0.1150      1  0 -0.218035     -0.352618    
117 0.1160      1  0 -0.217465     -0.349553    
118 0.1170      1  0 -0.216786     -0.341582    
119 0.1180      1  0 -0.216000     -0.327948    
120 0.1190      1  0 -0.215110     -0.309506    
121 0.1200      1  0 -0.214124     -0.288342    
122 0.1210      1  0 -0.213049     -0.267088    
123 0.1220      1  0 -0.211893     -0.248326    
124 0.1230      1  0 -0.210665     -0.234276    
125 0.1240      1  0 -0.209371     -0.226751    
126 0.1250      1  0 -0.208018     -0.227159    
127 0.1260      1  0 -0.206610     -0.236397    
128 0.1270      1  0 -0.205155     -0.254631    
129 0.1280      1  0 -0.203660     -0.281104    
130 0.1290      1  0 -0.202130     -0.314129    
131 0.1300      1  0 -0.200573     -0.351334    
132 0.1310      1  0 -0.198996     -0.390074    
133 0.1320      1  0 -0.197406     -0.427857    
134 0.1330      1  0 -0.195808     -0.462654    
135 0.1340      1  0 -0.194208     -0.493033    
136 0.1350      1  0 -0.192609     -0.518175    
137 0.1360      1  0 -0.191015     -0.537838    
138 0.1370      1  0 -0.189427     -0.552300    
139 0.1380      1  0 -0.187846     -0.562304    
140 0.1390      1  0 -0.186273     -0.568940    
141 0.1400      1  0 -0.184707     -0.573458    
142 0.1410      1  0 -0.183148     -0.577025    
143 0.1420      1  0 -0.181594     -0.580486    
144 0.1430      1  0 -0.180045     -0.584186    
145 0.1440      1  0 -0.178500     -0.587913    
146 0.1450      1  0 -0.176957     -0.590944    
147 0.1460      1  0 -0.175415     -0.592193    
148 0.1470      1  0 -0.173871     -0.590385    
149 0.1480      1  0 -0.172322     -0.584257    
150 0.1490      1  0 -0.170763     -0.572736    
151 0.1500      1  0 -0.169190     -0.555115    
152 0.1510      1  0 -0.167599     -0.531187    
153 0.1520      1  0 -0.165987     -0.501326    
154 0.1530      1  0 -0.164351     -0.466501    
155 0.1540      1  0 -0.162693     -0.428197    
156 0.1550      1  0 -0.161013     -0.388256    
157 0.1560      1  0 -0.159316     -0.348676    
158 0.1570      1  0 -0.157607     -0.311386    
159 0.1580      1  0 -0.155892     -0.278059    
160 0.1590      1  0 -0.154177     -0.249955    
161 0.1600      1  0 -0.152470     -0.227833    
162 0.1610      1  0 -0.150776     -0.211928    
163 0.1620      1  0 -0.149098     -0.201982    
164 0.1630      1  0 -0.147439     -0.197343    
165 0.1640      1  0 -0.145801     -0.197106    
166 0.1650      1  0 -0.144183     -0.200273    
167 0.1660      1  0 -0.142586     -0.205921    
168 0.1670      1  0 -0.141008     -0.213333    
169 0.1680      1  0 -0.139450     -0.222078    
170 0.1690      1  0 -0.137914     -0.232033    
171 0.1700      1  0 -0.136401     -0.243328    
172 0.1710      1  0 -0.134914     -0.256257    
173 0.1720      1  0 -0.133455     -0.271138    
174 0.1730      1  0 -0.132028     -0.288174    
175 0.1740      1  0 -0.130634     -0.307328    
176 0.1750      1  0 -0.129273     -0.328228    
177 0.1760      1  0 -0.127944     -0.350127    
178 0.1770      1  0 -0.126645     -0.371925    
179 0.1780      1  0 -0.125373     -0.392245    
180 0.1790      1  0 -0.124124     -0.409570    
181 0.1800      1  0 -0.122893     -0.422399    
182 0.1810      1  0 -0.121678     -0.429425    
183 0.1820      1  0 -0.120476     -0.429693    
184 0.1830      1  0 -0.119286     -0.422718    
185 0.1840      1  0 -0.118111     -0.408558    
186 0.1850      1  0 -0.116952     -0.387811    
187 0.1860      1  0 -0.115815     -0.361558    
188 0.1870      1  0 -0.114705     -0.331249    
189 0.1880      1  0 -0.113627     -0.298551    
190 0.1890      1  0 -0.112587     -0.265178    
191 0.1900      1  0 -0.111590     -0.232740    
192 0.1910      1  0 -0.110640     -0.202604    
193 0.1920      1  0 -0.109739     -0.175816    
194 0.1930      1  0 -0.108890     -0.153065    
195 0.1940      1  0 -0.108094     -0.134700    
196 0.1950      1  0 -0.107349     -0.120793    
197 0.1960      1  0 -0.106654     -0.111220    
198 0.1970      1  0 -0.106009     -0.105758    
199 0.1980      1  0 -0.105412     -0.104162    
200 0.1990      1  0 -0.104859     -0.106228    
201 0.2000      1  0 -0.104349     -0.111807    
202 0.2010      1  0 -0.103878     -0.120796    
203 0.2020      1  0 -0.103441     -0.133086    
204 0.2030      1  0 -0.103035     -0.148496    
205 0.2040      1  0 -0.102654     -0.166701    
206 0.2050      1  0 -0.102292     -0.187175    
207 0.2060      1  0 -0.101944     -0.209156    
208 0.2070      1  0 -0.101605     -0.231661    
209 0.2080      1  0 -0.101269     -0.253537    
210 0.2090      1  0 -0.100933     -0.273547    
211 0.2100      1  0 -0.100594     -0.290487    
212 0.2110      1  0 -0.100252     -0.303303    
213 0.2120      1  0 -0.999077E-01 -0.311198    
214 0.2130      1  0 -0.995625E-01 -0.313699    
215 0.2140      1  0 -0.992205E-01 -0.310693    
216 0.2150      1  0 -0.988864E-01 -0.302408    
217 0.2160      1  0 -0.985658E-01 -0.289365    
218 0.2170      1  0 -0.982650E-01 -0.272297    
219 0.2180      1  0 -0.979904E-01 -0.252072    
220 0.2190      1  0 -0.977486E-01 -0.229614    
221 0.2200      1  0 -0.975463E-01 -0.205848    
222 0.2210      1  0 -0.973897E-01 -0.181663    
223 0.2220      1  0 -0.972847E-01 -0.157905    
224 0.2230      1  0 -0.972365E-01 -0.135376    
225 0.2240      1  0 -0.972494E-01 -0.114846    
226 0.2250      1  0 -0.973267E-01 -0.970546E-01
227 0.2260      1  0 -0.974700E-01 -0.827028E-01
228 0.2270      1  0 -0.976792E-01 -0.724281E-01
229 0.2280      1  0 -0.979522E-01 -0.667619E-01
230 0.2290      1  0 -0.982850E-01 -0.660762E-01
231 0.2300      1  0 -0.986713E-01 -0.705252E-01
232 0.2310      1  0 -0.991033E-01 -0.799964E-01
233 0.2320      1  0 -0.995713E-01 -0.940795E-01
234 0.2330      1  0 -0.100065     -0.112065    
235 0.2340      1  0 -0.100573     -0.132980    
236 0.2350      1  0 -0.101085     -0.155660    
237 0.2360      1  0 -0.101591     -0.178845    
238 0.2370      1  0 -0.102081     -0.201308    
239 0.2380      1  0 -0.102549     -0.221958    
240 0.2390      1  0 -0.102989     -0.239943    
241 0.2400      1  0 -0.103398     -0.254700    
242 0.2410      1  0 -0.103774     -0.265960    
243 0.2420      1  0 -0.104117     -0.273708    
244 0.2430      1  0 -0.104429     -0.278105    
245 0.2440      1  0 -0.104713     -0.279392    
246 0.2450      1  0 -0.104973     -0.277800    
247 0.2460      1  0 -0.105215     -0.273483    
248 0.2470      1  0 -0.105443     -0.266490    
249 0.2480      1  0 -0.105664     -0.256786    
250 0.2490      1  0 -0.105887     -0.244304    
251 0.2500      1  0 -0.106117     -0.229030    
252 0.2510      1  0 -0.106365     -0.211090    
253 0.2520      1  0 -0.106637     -0.190829    
254 0.2530      1  0 -0.106941     -0.168855    
255 0.2540      1  0 -0.107287     -0.146056    
256 0.2550      1  0 -0.107679     -0.123564    
257 0.2560      1  0 -0.108123     -0.102680    
258 0.2570      1  0 -0.108624     -0.847695E-01
259 0.2580      1  0 -0.109181     -0.711314E-01
260 0.2590      1  0 -0.109795     -0.628615E-01
261 0.2600      1  0 -0.110462     -0.607232E-01
262 0.2610      1  0 -0.111178     -0.650436E-01
263 0.2620      1  0 -0.111933     -0.756514E-01
264 0.2630      1  0 -0.112719     -0.918686E-01
265 0.2640      1  0 -0.113525     -0.112565    
266 0.2650      1  0 -0.114339     -0.136271    
267 0.2660      1  0 -0.115149     -0.161346    
268 0.2670      1  0 -0.115943     -0.186164    
269 0.2680      1  0 -0.116710     -0.209312    
270 0.2690      1  0 -0.117442     -0.229745    
271 0.2700      1  0 -0.118129     -0.246878    
272 0.2710      1  0 -0.118769     -0.260609    
273 0.2720      1  0 -0.119356     -0.271243    
274 0.2730      1  0 -0.119891     -0.279358    
275 0.2740      1  0 -0.120373     -0.285625    
276 0.2750      1  0 -0.120807     -0.290621    
277 0.2760      1  0 -0.121194     -0.294677    
278 0.2770      1  0 -0.121539     -0.297789    
279 0.2780      1  0 -0.121849     -0.299607    
280 0.2790      1  0 -0.122128     -0.299500    
281 0.2800      1  0 -0.122383     -0.296684    
282 0.2810      1  0 -0.122621     -0.290383    
283 0.2820      1  0 -0.122848     -0.279998    
284 0.2830      1  0 -0.123072     -0.265252    
285 0.2840      1  0 -0.123301     -0.246284    
286 0.2850      1  0 -0.123543     -0.223695    
287 0.2860      1  0 -0.123806     -0.198527    
288 0.2870      1  0 -0.124097     -0.172187    
289 0.2880      1  0 -0.124424     -0.146325    
290 0.2890      1  0 -0.124791     -0.122685    
291 0.2900      1  0 -0.125203     -0.102935    
292 0.2910      1  0 -0.125663     -0.885020E-01
293 0.2920      1  0 -0.126169     -0.804263E-01
294 0.2930      1  0 -0.126719     -0.792521E-01
295 0.2940      1  0 -0.127307     -0.849665E-01
296 0.2950      1  0 -0.127925     -0.969977E-01
297 0.2960      1  0 -0.128563     -0.114278    
298 0.2970      1  0 -0.129209     -0.135366    
299 0.2980      1  0 -0.129851     -0.158622    
300 0.2990      1  0 -0.130476     -0.182403    
301 0.3000      1  0 -0.131072     -0.205263    
302 0.3010      1  0 -0.131629     -0.226123    
303 0.3020      1  0 -0.132140     -0.244375    
304 0.3030      1  0 -0.132597     -0.259908    
305 0.3040      1  0 -0.132997     -0.273053    
306 0.3050      1  0 -0.133338     -0.284444    
307 0.3060      1  0 -0.133621     -0.294832    
308 0.3070      1  0 -0.133848     -0.304888    
309 0.3080      1  0 -0.134020     -0.315023    
310 0.3090      1  0 -0.134141     -0.325265    
311 0.3100      1  0 -0.134216     -0.335220    
312 0.3110      1  0 -0.134248     -0.344103    
313 0.3120      1  0 -0.134244     -0.350860    
314 0.3130      1  0 -0.134208     -0.354329    
315 0.3140      1  0 -0.134147     -0.353426    
316 0.3150      1  0 -0.134068     -0.347320    
317 0.3160      1  0 -0.133979     -0.335579    
318 0.3170      1  0 -0.133888     -0.318253    
319 0.3180      1  0 -0.133805     -0.295905    
320 0.3190      1  0 -0.133739     -0.269569    
321 0.3200      1  0 -0.133698     -0.240672    
322 0.3210      1  0 -0.133692     -0.210900    
323 0.3220      1  0 -0.133727     -0.182054    
324 0.3230      1  0 -0.133809     -0.155887    
325 0.3240      1  0 -0.133939     -0.133956    
326 0.3250      1  0 -0.134119     -0.117487    
327 0.3260      1  0 -0.134347     -0.107279    
328 0.3270      1  0 -0.134617     -0.103643    
329 0.3280      1  0 -0.134923     -0.106389    
330 0.3290      1  0 -0.135256     -0.114868    
331 0.3300      1  0 -0.135603     -0.128059    
332 0.3310      1  0 -0.135955     -0.144701    
333 0.3320      1  0 -0.136299     -0.163447    
334 0.3330      1  0 -0.136622     -0.183030    
335 0.3340      1  0 -0.136915     -0.202409    
336 0.3350      1  0 -0.137167     -0.220878    
337 0.3360      1  0 -0.137372     -0.238110    
338 0.3370      1  0 -0.137523     -0.254144    
339 0.3380      1  0 -0.137616     -0.269297    
340 0.3390      1  0 -0.137649     -0.284033    
341 0.3400      1  0 -0.137623     -0.298798    
342 0.3410      1  0 -0.137537     -0.313874    
343 0.3420      1  0 -0.137396     -0.329252    
344 0.3430      1  0 -0.137202     -0.344574    
345 0.3440      1  0 -0.136959     -0.359137    
346 0.3450      1  0 -0.136675     -0.371964    
347 0.3460      1  0 -0.136353     -0.381927    
348 0.3470      1  0 -0.136003     -0.387896    
349 0.3480      1  0 -0.135632     -0.388896    
350 0.3490      1  0 -0.135247     -0.384233    
351 0.3500      1  0 -0.134860     -0.373599    
352 0.3510      1  0 -0.134480     -0.357113    
353 0.3520      1  0 -0.134116     -0.335323    
354 0.3530      1  0 -0.133778     -0.309169    
355 0.3540      1  0 -0.133477     -0.279908    
356 0.3550      1  0 -0.133219     -0.249013    
357 0.3560      1  0 -0.133013     -0.218067    
358 0.3570      1  0 -0.132864     -0.188652    
359 0.3580      1  0 -0.132774     -0.162238    
360 0.3590      1  0 -0.132745     -0.140088    
361 0.3600      1  0 -0.132775     -0.123176    
362 0.3610      1  0 -0.132859     -0.112129    
363 0.3620      1  0 -0.132990     -0.107193    
364 0.3630      1  0 -0.133160     -0.108231    
365 0.3640      1  0 -0.133357     -0.114754    
366 0.3650      1  0 -0.133569     -0.125983    
367 0.3660      1  0 -0.133783     -0.140941    
368 0.3670      1  0 -0.133985     -0.158561    
369 0.3680      1  0 -0.134163     -0.177804    
370 0.3690      1  0 -0.134306     -0.197759    
371 0.3700      1  0 -0.134404     -0.217727    
372 0.3710      1  0 -0.134448     -0.237258    
373 0.3720      1  0 -0.134435     -0.256145    
374 0.3730      1  0 -0.134359     -0.274372    
375 0.3740      1  0 -0.134220     -0.292027    
376 0.3750      1  0 -0.134019     -0.309196    
377 0.3760      1  0 -0.133757     -0.325865    
378 0.3770      1  0 -0.133439     -0.341840    
379 0.3780      1  0 -0.133070     -0.356701    
380 0.3790      1  0 -0.132655     -0.369813    
381 0.3800      1  0 -0.132203     -0.380370    
382 0.3810      1  0 -0.131722     -0.387481    
383 0.3820      1  0 -0.131221     -0.390274    
384 0.3830      1  0 -0.130710     -0.388007    
385 0.3840      1  0 -0.130200     -0.380170    
386 0.3850      1  0 -0.129702     -0.366558    
387 0.3860      1  0 -0.129227     -0.347324    
388 0.3870      1  0 -0.128785     -0.322989    
389 0.3880      1  0 -0.128388     -0.294434    
390 0.3890      1  0 -0.128045     -0.262853    
391 0.3900      1  0 -0.127764     -0.229688    
392 0.3910      1  0 -0.127551     -0.196549    
393 0.3920      1  0 -0.127411     -0.165111    
394 0.3930      1  0 -0.127345     -0.137011    
395 0.3940      1  0 -0.127352     -0.113733    
396 0.3950      1  0 -0.127429     -0.965017E-01
397 0.3960      1  0 -0.127569     -0.861775E-01
398 0.3970      1  0 -0.127763     -0.831802E-01
399 0.3980      1  0 -0.127999     -0.874401E-01
400 0.3990      1  0 -0.128264     -0.983935E-01
401 0.4000      1  0 -0.128543     -0.115029    
402 0.4010      1  0 -0.128821     -0.135989    
403 0.4020      1  0 -0.129081     -0.159715    
404 0.4030      1  0 -0.129310     -0.184629    
405 0.4040      1  0 -0.129494     -0.209312    
406 0.4050      1  0 -0.129623     -0.232667    
407 0.4060      1  0 -0.129688     -0.254017    
408 0.4070      1  0 -0.129685     -0.273131    
409 0.4080      1  0 -0.129610     -0.290167    
410 0.4090      1  0 -0.129463     -0.305545    
411 0.4100      1  0 -0.129249     -0.319766    
412 0.4110      1  0 -0.128971     -0.333232    
413 0.4120      1  0 -0.128635     -0.346082    
414 0.4130      1  0 -0.128250     -0.358095    
415 0.4140      1  0 -0.127824     -0.368672    
416 0.4150      1  0 -0.127366     -0.376887    
417 0.4160      1  0 -0.126887     -0.381617    
418 0.4170      1  0 -0.126397     -0.381704    
419 0.4180      1  0 -0.125908     -0.376136    
420 0.4190      1  0 -0.125431     -0.364211    
421 0.4200      1  0 -0.124978     -0.345658    
422 0.4210      1  0 -0.124562     -0.320722    
423 0.4220      1  0 -0.124193     -0.290182    
424 0.4230      1  0 -0.123883     -0.255324    
425 0.4240      1  0 -0.123642     -0.217865    
426 0.4250      1  0 -0.123478     -0.179844    
427 0.4260      1  0 -0.123397     -0.143473    
428 0.4270      1  0 -0.123403     -0.110973    
429 0.4280      1  0 -0.123496     -0.843977E-01
430 0.4290      1  0 -0.123674     -0.654513E-01
431 0.4300      1  0 -0.123928     -0.553240E-01
432 0.4310      1  0 -0.124251     -0.545567E-01
433 0.4320      1  0 -0.124627     -0.629585E-01
434 0.4330      1  0 -0.125042     -0.795961E-01
435 0.4340      1  0 -0.125476     -0.102871    
436 0.4350      1  0 -0.125912     -0.130686    
437 0.4360      1  0 -0.126329     -0.160698    
438 0.4370      1  0 -0.126711     -0.190613    
439 0.4380      1  0 -0.127041     -0.218491    
440 0.4390      1  0 -0.127307     -0.242996    
441 0.4400      1  0 -0.127500     -0.263539    
442 0.4410      1  0 -0.127614     -0.280293    
443 0.4420      1  0 -0.127647     -0.294056    
444 0.4430      1  0 -0.127601     -0.305993    
445 0.4440      1  0 -0.127479     -0.317322    
446 0.4450      1  0 -0.127286     -0.328990    
447 0.4460      1  0 -0.127031     -0.341413    
448 0.4470      1  0 -0.126722     -0.354341    
449 0.4480      1  0 -0.126366     -0.366851    
450 0.4490      1  0 -0.125975     -0.377487    
451 0.4500      1  0 -0.125557     -0.384489    
452 0.4510      1  0 -0.125124     -0.386080    
453 0.4520      1  0 -0.124688     -0.380754    
454 0.4530      1  0 -0.124261     -0.367513    
455 0.4540      1  0 -0.123856     -0.346030    
456 0.4550      1  0 -0.123486     -0.316733    
457 0.4560      1  0 -0.123166     -0.280787    
458 0.4570      1  0 -0.122909     -0.240018    
459 0.4580      1  0 -0.122727     -0.196764    
460 0.4590      1  0 -0.122629     -0.153695    
461 0.4600      1  0 -0.122624     -0.113596    
462 0.4610      1  0 -0.122716     -0.791419E-01
463 0.4620      1  0 -0.122906     -0.526681E-01
464 0.4630      1  0 -0.123190     -0.359537E-01
465 0.4640      1  0 -0.123561     -0.300393E-01
466 0.4650      1  0 -0.124006     -0.350953E-01
467 0.4660      1  0 -0.124510     -0.503697E-01
468 0.4670      1  0 -0.125053     -0.742342E-01
469 0.4680      1  0 -0.125615     -0.104343    
470 0.4690      1  0 -0.126174     -0.137904    
471 0.4700      1  0 -0.126708     -0.172029    
472 0.4710      1  0 -0.127198     -0.204126    
473 0.4720      1  0 -0.127626     -0.232255    
474 0.4730      1  0 -0.127980     -0.255385    
475 0.4740      1  0 -0.128251     -0.273490    
476 0.4750      1  0 -0.128434     -0.287454    
477 0.4760      1  0 -0.128528     -0.298802    
478 0.4770      1  0 -0.128536     -0.309309    
479 0.4780      1  0 -0.128463     -0.320563    
480 0.4790      1  0 -0.128314     -0.333577    
481 0.4800      1  0 -0.128097     -0.348528    
482 0.4810      1  0 -0.127821     -0.364676    
483 0.4820      1  0 -0.127494     -0.380461    
484 0.4830      1  0 -0.127126     -0.393762    
485 0.4840      1  0 -0.126727     -0.402246    
486 0.4850      1  0 -0.126308     -0.403748    
487 0.4860      1  0 -0.125881     -0.396602    
488 0.4870      1  0 -0.125460     -0.379892    
489 0.4880      1  0 -0.125059     -0.353586    
490 0.4890      1  0 -0.124695     -0.318560    
491 0.4900      1  0 -0.124382     -0.276520    
492 0.4910      1  0 -0.124136     -0.229852    
493 0.4920      1  0 -0.123971     -0.181415    
494 0.4930      1  0 -0.123898     -0.134314    
495 0.4940      1  0 -0.123926     -0.916441E-01
496 0.4950      1  0 -0.124058     -0.562445E-01
497 0.4960      1  0 -0.124297     -0.304607E-01
498 0.4970      1  0 -0.124637     -0.159311E-01
499 0.4980      1  0 -0.125068     -0.134187E-01
500 0.4990      1  0 -0.125577     -0.227077E-01
501 0.5000      1  0 -0.126146     -0.425905E-01
502 0.5010      1  0 -0.126753     -0.709647E-01
503 0.5020      1  0 -0.127375     -0.105048    
504 0.5030      1  0 -0.127988     -0.141708    
505 0.5040      1  0 -0.128570     -0.177870    
506 0.5050      1  0 -0.129098     -0.210929    
507 0.5060      1  0 -0.129557     -0.239118    
508 0.5070      1  0 -0.129933     -0.261734    
509 0.5080      1  0 -0.130218     -0.279169    
510 0.5090      1  0 -0.130409     -0.292746    
511 0.5100      1  0 -0.130504     -0.304355    
512 0.5110      1  0 -0.130507     -0.315994    
513 0.5120      1  0 -0.130422     -0.329292    
514 0.5130      1  0 -0.130258     -0.345105    
515 0.5140      1  0 -0.130020     -0.363299    
516 0.5150      1  0 -0.129718     -0.382715    
517 0.5160      1  0 -0.129360     -0.401355    
518 0.5170      1  0 -0.128956     -0.416704    
519 0.5180      1  0 -0.128517     -0.426145    
520 0.5190      1  0 -0.128055     -0.427363    
521 0.5200      1  0 -0.127584     -0.418691    
522 0.5210      1  0 -0.127117     -0.399335    
523 0.5220      1  0 -0.126672     -0.369479    
524 0.5230      1  0 -0.126265     -0.330270    
525 0.5240      1  0 -0.125914     -0.283702    
526 0.5250      1  0 -0.125634     -0.232437    
527 0.5260      1  0 -0.125441     -0.179583    
528 0.5270      1  0 -0.125347     -0.128451    
529 0.5280      1  0 -0.125361     -0.823030E-01
530 0.5290      1  0 -0.125488     -0.441044E-01
531 0.5300      1  0 -0.125728     -0.162894E-01
532 0.5310      1  0 -0.126075     -0.550538E-03
533 0.5320      1  0 -0.126520      0.233211E-02
534 0.5330      1  0 -0.127046     -0.740300E-02
535 0.5340      1  0 -0.127635     -0.284808E-01
536 0.5350      1  0 -0.128264     -0.586840E-01
537 0.5360      1  0 -0.128907     -0.950732E-01
538 0.5370      1  0 -0.129538     -0.134325    
539 0.5380      1  0 -0.130134     -0.173157    
540 0.5390      1  0 -0.130672     -0.208775    
541 0.5400      1  0 -0.131134     -0.239264    
542 0.5410      1  0 -0.131506     -0.263839    
543 0.5420      1  0 -0.131780     -0.282893    
544 0.5430      1  0 -0.131951     -0.297825    
545 0.5440      1  0 -0.132019     -0.310662    
546 0.5450      1  0 -0.131988     -0.323565    
547 0.5460      1  0 -0.131863     -0.338307    
548 0.5470      1  0 -0.131651     -0.355849    
549 0.5480      1  0 -0.131361     -0.376080    
550 0.5490      1  0 -0.131002     -0.397789    
551 0.5500      1  0 -0.130583     -0.418842    
552 0.5510      1  0 -0.130115     -0.436537    
553 0.5520      1  0 -0.129609     -0.448037    
554 0.5530      1  0 -0.129079     -0.450804    
555 0.5540      1  0 -0.128539     -0.442969    
556 0.5550      1  0 -0.128004     -0.423575    
557 0.5560      1  0 -0.127492     -0.392696    
558 0.5570      1  0 -0.127021     -0.351422    
559 0.5580      1  0 -0.126609     -0.301756    
560 0.5590      1  0 -0.126274     -0.246432    
561 0.5600      1  0 -0.126032     -0.188698    
562 0.5610      1  0 -0.125895     -0.132075    
563 0.5620      1  0 -0.125875     -0.801031E-01
564 0.5630      1  0 -0.125975     -0.360885E-01
565 0.5640      1  0 -0.126198     -0.284940E-02
566 0.5650      1  0 -0.126538      0.175200E-01
567 0.5660      1  0 -0.126984      0.238581E-01
568 0.5670      1  0 -0.127520      0.160897E-01
569 0.5680      1  0 -0.128126     -0.470499E-02
570 0.5690      1  0 -0.128777     -0.363387E-01
571 0.5700      1  0 -0.129447     -0.757081E-01
572 0.5710      1  0 -0.130106     -0.119133    
573 0.5720      1  0 -0.130729     -0.162814    
574 0.5730      1  0 -0.131290     -0.203359    
575 0.5740      1  0 -0.131769     -0.238264    
576 0.5750      1  0 -0.132150     -0.266277    
577 0.5760      1  0 -0.132424     -0.287533    
578 0.5770      1  0 -0.132586     -0.303427    
579 0.5780      1  0 -0.132635     -0.316233    
580 0.5790      1  0 -0.132576     -0.328555    
581 0.5800      1  0 -0.132415     -0.342707    
582 0.5810      1  0 -0.132160     -0.360171    
583 0.5820      1  0 -0.131822     -0.381231    
584 0.5830      1  0 -0.131409     -0.404868    
585 0.5840      1  0 -0.130934     -0.428905    
586 0.5850      1  0 -0.130406     -0.450376    
587 0.5860      1  0 -0.129839     -0.466012    
588 0.5870      1  0 -0.129245     -0.472751    
589 0.5880      1  0 -0.128641     -0.468191    
590 0.5890      1  0 -0.128041     -0.450902    
591 0.5900      1  0 -0.127465     -0.420591    
592 0.5910      1  0 -0.126932     -0.378130    
593 0.5920      1  0 -0.126460     -0.325457    
594 0.5930      1  0 -0.126070     -0.265402    
595 0.5940      1  0 -0.125778     -0.201458    
596 0.5950      1  0 -0.125599     -0.137524    
597 0.5960      1  0 -0.125545     -0.776342E-01
598 0.5970      1  0 -0.125623     -0.256715E-01
599 0.5980      1  0 -0.125835      0.149190E-01
600 0.5990      1  0 -0.126176      0.414195E-01
601 0.6000      1  0 -0.126637      0.521080E-01
602 0.6010      1  0 -0.127200      0.464830E-01
603 0.6020      1  0 -0.127844      0.254037E-01
604 0.6030      1  0 -0.128543     -0.889833E-02
605 0.6040      1  0 -0.129267     -0.529796E-01
606 0.6050      1  0 -0.129984     -0.102537    
607 0.6060      1  0 -0.130663     -0.152938    
608 0.6070      1  0 -0.131278     -0.199865    
609 0.6080      1  0 -0.131803     -0.239965    
610 0.6090      1  0 -0.132222     -0.271367    
611 0.6100      1  0 -0.132522     -0.293943    
612 0.6110      1  0 -0.132698     -0.309238    
613 0.6120      1  0 -0.132751     -0.320064    
614 0.6130      1  0 -0.132685     -0.329828    
615 0.6140      1  0 -0.132508     -0.341747    
616 0.6150      1  0 -0.132231     -0.358117    
617 0.6160      1  0 -0.131864     -0.379786    
618 0.6170      1  0 -0.131418     -0.405939    
619 0.6180      1  0 -0.130905     -0.434227    
620 0.6190      1  0 -0.130337     -0.461177    
621 0.6200      1  0 -0.129725     -0.482796    
622 0.6210      1  0 -0.129085     -0.495209    
623 0.6220      1  0 -0.128430     -0.495242    
624 0.6230      1  0 -0.127778     -0.480840    
625 0.6240      1  0 -0.127148     -0.451291    
626 0.6250      1  0 -0.126561     -0.407280    
627 0.6260      1  0 -0.126036     -0.350782    
628 0.6270      1  0 -0.125596     -0.284868    
629 0.6280      1  0 -0.125260     -0.213440    
630 0.6290      1  0 -0.125045     -0.140941    
631 0.6300      1  0 -0.124966     -0.720410E-01
632 0.6310      1  0 -0.125030     -0.113190E-01
633 0.6320      1  0 -0.125242      0.370747E-01
634 0.6330      1  0 -0.125599      0.697567E-01
635 0.6340      1  0 -0.126090      0.844431E-01
636 0.6350      1  0 -0.126699      0.802432E-01
637 0.6360      1  0 -0.127402      0.578708E-01
638 0.6370      1  0 -0.128171      0.197124E-01
639 0.6380      1  0 -0.128971     -0.303073E-01
640 0.6390      1  0 -0.129770     -0.871036E-01
641 0.6400      1  0 -0.130530     -0.145051    
642 0.6410      1  0 -0.131221     -0.198779    
643 0.6420      1  0 -0.131816     -0.244004    
644 0.6430      1  0 -0.132292     -0.278235    
645 0.6440      1  0 -0.132638     -0.301169    
646 0.6450      1  0 -0.132848     -0.314673    
647 0.6460      1  0 -0.132923     -0.322307    
648 0.6470      1  0 -0.132868     -0.328510    
649 0.6480      1  0 -0.132693     -0.337594    
650 0.6490      1  0 -0.132410     -0.352781    
651 0.6500      1  0 -0.132030     -0.375496    
652 0.6510      1  0 -0.131567     -0.405046    
653 0.6520      1  0 -0.131031     -0.438744    
654 0.6530      1  0 -0.130435     -0.472415    
655 0.6540      1  0 -0.129792     -0.501142    
656 0.6550      1  0 -0.129114     -0.520086    
657 0.6560      1  0 -0.128417     -0.525216    
658 0.6570      1  0 -0.127718     -0.513831    
659 0.6580      1  0 -0.127039     -0.484849    
660 0.6590      1  0 -0.126399     -0.438849    
661 0.6600      1  0 -0.125823     -0.377951    
662 0.6610      1  0 -0.125334     -0.305561    
663 0.6620      1  0 -0.124954     -0.226070    
664 0.6630      1  0 -0.124704     -0.144507    
665 0.6640      1  0 -0.124599     -0.661989E-01
666 0.6650      1  0 -0.124651      0.359041E-02
667 0.6660      1  0 -0.124866      0.600283E-01
668 0.6670      1  0 -0.125241      0.990942E-01
669 0.6680      1  0 -0.125767      0.117962    
670 0.6690      1  0 -0.126426      0.115358    
671 0.6700      1  0 -0.127195      0.918355E-01
672 0.6710      1  0 -0.128041      0.499082E-01
673 0.6720      1  0 -0.128928     -0.604994E-02
674 0.6730      1  0 -0.129817     -0.701941E-01
675 0.6740      1  0 -0.130669     -0.135904    
676 0.6750      1  0 -0.131447     -0.196723    
677 0.6760      1  0 -0.132120     -0.247382    
678 0.6770      1  0 -0.132665     -0.284705    
679 0.6780      1  0 -0.133067     -0.308159    
680 0.6790      1  0 -0.133320     -0.319896    
681 0.6800      1  0 -0.133424     -0.324241    
682 0.6810      1  0 -0.133388     -0.326708    
683 0.6820      1  0 -0.133222     -0.332775    
684 0.6830      1  0 -0.132938     -0.346670    
685 0.6840      1  0 -0.132552     -0.370464    
686 0.6850      1  0 -0.132075     -0.403627    
687 0.6860      1  0 -0.131520     -0.443143    
688 0.6870      1  0 -0.130899     -0.484111    
689 0.6880      1  0 -0.130223     -0.520649    
690 0.6890      1  0 -0.129507     -0.546901    
691 0.6900      1  0 -0.128766     -0.557931    
692 0.6910      1  0 -0.128019     -0.550355    
693 0.6920      1  0 -0.127285     -0.522684    
694 0.6930      1  0 -0.126588     -0.475366    
695 0.6940      1  0 -0.125954     -0.410622    
696 0.6950      1  0 -0.125409     -0.332151    
697 0.6960      1  0 -0.124977     -0.244770    
698 0.6970      1  0 -0.124681     -0.154037    
699 0.6980      1  0 -0.124542     -0.658734E-01
700 0.6990      1  0 -0.124572      0.138108E-01
701 0.7000      1  0 -0.124779      0.795095E-01
702 0.7010      1  0 -0.125162      0.126527    
703 0.7020      1  0 -0.125714      0.151404    
704 0.7030      1  0 -0.126416      0.152328    
705 0.7040      1  0 -0.127243      0.129494    
706 0.7050      1  0 -0.128163      0.853167E-01
707 0.7060      1  0 -0.129134      0.244047E-01
708 0.7070      1  0 -0.130114     -0.467923E-01
709 0.7080      1  0 -0.131060     -0.120713    
710 0.7090      1  0 -0.131929     -0.189737    
711 0.7100      1  0 -0.132687     -0.247407    
712 0.7110      1  0 -0.133307     -0.289562    
713 0.7120      1  0 -0.133771     -0.315107    
714 0.7130      1  0 -0.134072     -0.326193    
715 0.7140      1  0 -0.134210     -0.327718    
716 0.7150      1  0 -0.134195     -0.326230    
717 0.7160      1  0 -0.134038     -0.328480    
718 0.7170      1  0 -0.133754     -0.339938    
719 0.7180      1  0 -0.133358     -0.363616    
720 0.7190      1  0 -0.132865     -0.399451    
721 0.7200      1  0 -0.132286     -0.444346    
722 0.7210      1  0 -0.131635     -0.492816    
723 0.7220      1  0 -0.130923     -0.538047    
724 0.7230      1  0 -0.130164     -0.573096    
725 0.7240      1  0 -0.129373     -0.591971    
726 0.7250      1  0 -0.128569     -0.590415    
727 0.7260      1  0 -0.127773     -0.566319    
728 0.7270      1  0 -0.127011     -0.519796    
729 0.7280      1  0 -0.126308     -0.452983    
730 0.7290      1  0 -0.125693     -0.369708    
731 0.7300      1  0 -0.125195     -0.275083    
732 0.7310      1  0 -0.124840     -0.175095    
733 0.7320      1  0 -0.124648     -0.762077E-01
734 0.7330      1  0 -0.124638      0.150241E-01
735 0.7340      1  0 -0.124819      0.923577E-01
736 0.7350      1  0 -0.125193      0.150286    
737 0.7360      1  0 -0.125753      0.184499    
738 0.7370      1  0 -0.126483      0.192359    
739 0.7380      1  0 -0.127357      0.173352    
740 0.7390      1  0 -0.128340      0.129422    
741 0.7400      1  0 -0.129391      0.650798E-01
742 0.7410      1  0 -0.130462     -0.128507E-01
743 0.7420      1  0 -0.131505     -0.959233E-01
744 0.7430      1  0 -0.132474     -0.175197    
745 0.7440      1  0 -0.133326     -0.242654    
746 0.7450      1  0 -0.134031     -0.292621    
747 0.7460      1  0 -0.134568     -0.322862    
748 0.7470      1  0 -0.134926     -0.335020    
749 0.7480      1  0 -0.135105     -0.334244    
750 0.7490      1  0 -0.135115     -0.328056    
751 0.7500      1  0 -0.134970     -0.324689    
752 0.7510      1  0 -0.134685     -0.331280    
753 0.7520      1  0 -0.134279     -0.352338    
754 0.7530      1  0 -0.133766     -0.388818    
755 0.7540      1  0 -0.133162     -0.437981    
756 0.7550      1  0 -0.132477     -0.494010    
757 0.7560      1  0 -0.131726     -0.549198    
758 0.7570      1  0 -0.130920     -0.595354    
759 0.7580      1  0 -0.130075     -0.625140    
760 0.7590      1  0 -0.129210     -0.633065    
761 0.7600      1  0 -0.128346     -0.616044    
762 0.7610      1  0 -0.127508     -0.573524    
763 0.7620      1  0 -0.126726     -0.507297    
764 0.7630      1  0 -0.126030     -0.421117    
765 0.7640      1  0 -0.125450     -0.320252    
766 0.7650      1  0 -0.125016     -0.211037    
767 0.7660      1  0 -0.124753     -0.100451    
768 0.7670      1  0 -0.124681      0.427771E-02
769 0.7680      1  0 -0.124814      0.960774E-01
770 0.7690      1  0 -0.125157      0.168466    
771 0.7700      1  0 -0.125706      0.216039    
772 0.7710      1  0 -0.126446      0.235007    
773 0.7720      1  0 -0.127353      0.223750    
774 0.7730      1  0 -0.128392      0.183307    
775 0.7740      1  0 -0.129519      0.117668    
776 0.7750      1  0 -0.130683      0.337124E-01
777 0.7760      1  0 -0.131832     -0.593612E-01
778 0.7770      1  0 -0.132912     -0.151165    
779 0.7780      1  0 -0.133876     -0.231714    
780 0.7790      1  0 -0.134684     -0.293193    
781 0.7800      1  0 -0.135311     -0.331483    
782 0.7810      1  0 -0.135743     -0.347031    
783 0.7820      1  0 -0.135978     -0.344763    
784 0.7830      1  0 -0.136025     -0.333022    
785 0.7840      1  0 -0.135900     -0.321729    
786 0.7850      1  0 -0.135620     -0.320204    
787 0.7860      1  0 -0.135207     -0.335158    
788 0.7870      1  0 -0.134679     -0.369299    
789 0.7880      1  0 -0.134050     -0.420853    
790 0.7890      1  0 -0.133335     -0.484045    
791 0.7900      1  0 -0.132545     -0.550349    
792 0.7910      1  0 -0.131695     -0.610148    
793 0.7920      1  0 -0.130797     -0.654392    
794 0.7930      1  0 -0.129870     -0.675904    
795 0.7940      1  0 -0.128935     -0.670170    
796 0.7950      1  0 -0.128018     -0.635590    
797 0.7960      1  0 -0.127148     -0.573308    
798 0.7970      1  0 -0.126359     -0.486795    
799 0.7980      1  0 -0.125684     -0.381341    
800 0.7990      1  0 -0.125154     -0.263545    
801 0.8000      1  0 -0.124799     -0.140866    
802 0.8010      1  0 -0.124644     -0.212050E-01
803 0.8020      1  0 -0.124706      0.874915E-01
804 0.8030      1  0 -0.124995      0.177666    
805 0.8040      1  0 -0.125511      0.242647    
806 0.8050      1  0 -0.126241      0.277227    
807 0.8060      1  0 -0.127165      0.278315    
808 0.8070      1  0 -0.128248      0.245583    
809 0.8080      1  0 -0.129446      0.181987    
810 0.8090      1  0 -0.130707      0.939717E-01
811 0.8100      1  0 -0.131970     -0.885986E-02
812 0.8110      1  0 -0.133177     -0.114765    
813 0.8120      1  0 -0.134272     -0.211545    
814 0.8130      1  0 -0.135208     -0.288654    
815 0.8140      1  0 -0.135952     -0.339262    
816 0.8150      1  0 -0.136483     -0.361721    
817 0.8160      1  0 -0.136796     -0.359980    
818 0.8170      1  0 -0.136900     -0.342766    
819 0.8180      1  0 -0.136811     -0.321680    
820 0.8190      1  0 -0.136550     -0.308641    
821 0.8200      1  0 -0.136141     -0.313298    
822 0.8210      1  0 -0.135605     -0.341001    
823 0.8220      1  0 -0.134959     -0.391774    
824 0.8230      1  0 -0.134220     -0.460487    
825 0.8240      1  0 -0.133400     -0.538073    
826 0.8250      1  0 -0.132510     -0.613429    
827 0.8260      1  0 -0.131564     -0.675458    
828 0.8270      1  0 -0.130579     -0.714819    
829 0.8280      1  0 -0.129575     -0.725059    
830 0.8290      1  0 -0.128577     -0.703072    
831 0.8300      1  0 -0.127616     -0.648999    
832 0.8310      1  0 -0.126726     -0.565772    
833 0.8320      1  0 -0.125942     -0.458525    
834 0.8330      1  0 -0.125300     -0.334000    
835 0.8340      1  0 -0.124834     -0.200038    
836 0.8350      1  0 -0.124574     -0.651430E-01
837 0.8360      1  0 -0.124541      0.619174E-01
838 0.8370      1  0 -0.124750      0.172522    
839 0.8380      1  0 -0.125206      0.258677    
840 0.8390      1  0 -0.125903      0.313606    
841 0.8400      1  0 -0.126822      0.332450    
842 0.8410      1  0 -0.127932      0.313059    
843 0.8420      1  0 -0.129190      0.256739    
844 0.8430      1  0 -0.130541      0.168792    
845 0.8440      1  0 -0.131924      0.585388E-01
846 0.8450      1  0 -0.133271     -0.614045E-01
847 0.8460      1  0 -0.134519     -0.176731    
848 0.8470      1  0 -0.135609     -0.273788    
849 0.8480      1  0 -0.136499     -0.342194    
850 0.8490      1  0 -0.137161     -0.377068    
851 0.8500      1  0 -0.137583     -0.380197    
852 0.8510      1  0 -0.137772     -0.359755    
853 0.8520      1  0 -0.137742     -0.328541    
854 0.8530      1  0 -0.137520     -0.301169    
855 0.8540      1  0 -0.137130     -0.290862    
856 0.8550      1  0 -0.136599     -0.306620    
857 0.8560      1  0 -0.135947     -0.351418    
858 0.8570      1  0 -0.135194     -0.421787    
859 0.8580      1  0 -0.134351     -0.508805    
860 0.8590      1  0 -0.133431     -0.600122    
861 0.8600      1  0 -0.132445     -0.682436    
862 0.8610      1  0 -0.131408     -0.743782    
863 0.8620      1  0 -0.130339     -0.775172    
864 0.8630      1  0 -0.129263     -0.771408    
865 0.8640      1  0 -0.128209     -0.731128    
866 0.8650      1  0 -0.127211     -0.656347    
867 0.8660      1  0 -0.126309     -0.551762    
868 0.8670      1  0 -0.125541     -0.424051    
869 0.8680      1  0 -0.124945     -0.281266    
870 0.8690      1  0 -0.124556     -0.132354    
871 0.8700      1  0 -0.124401      0.132414E-01
872 0.8710      1  0 -0.124501      0.145960    
873 0.8720      1  0 -0.124866      0.256561    
874 0.8730      1  0 -0.125497      0.336670    
875 0.8740      1  0 -0.126379      0.379482    
876 0.8750      1  0 -0.127488      0.380623    
877 0.8760      1  0 -0.128783      0.339097    
878 0.8770      1  0 -0.130211      0.258156    
879 0.8780      1  0 -0.131707      0.145793    
880 0.8790      1  0 -0.133199      0.145162E-01
881 0.8800      1  0 -0.134614     -0.119906    
882 0.8810      1  0 -0.135885     -0.240768    
883 0.8820      1  0 -0.136954     -0.333478    
884 0.8830      1  0 -0.137784     -0.388623    
885 0.8840      1  0 -0.138353     -0.404173    
886 0.8850      1  0 -0.138661     -0.386112    
887 0.8860      1  0 -0.138723     -0.347236    
888 0.8870      1  0 -0.138564     -0.304347    
889 0.8880      1  0 -0.138214     -0.274542    
890 0.8890      1  0 -0.137703     -0.271497    
891 0.8900      1  0 -0.137058     -0.302609    
892 0.8910      1  0 -0.136300     -0.367645    
893 0.8920      1  0 -0.135444     -0.459139    
894 0.8930      1  0 -0.134502     -0.564286    
895 0.8940      1  0 -0.133485     -0.667757    
896 0.8950      1  0 -0.132406     -0.754619    
897 0.8960      1  0 -0.131280     -0.812679    
898 0.8970      1  0 -0.130131     -0.833858    
899 0.8980      1  0 -0.128986     -0.814560    
900 0.8990      1  0 -0.127880     -0.755289    
901 0.9000      1  0 -0.126853     -0.659870    
902 0.9010      1  0 -0.125946     -0.534595    
903 0.9020      1  0 -0.125202     -0.387474    
904 0.9030      1  0 -0.124659     -0.227671    
905 0.9040      1  0 -0.124353     -0.650853E-01
906 0.9050      1  0 -0.124310      0.900007E-01
907 0.9060      1  0 -0.124547      0.227286    
908 0.9070      1  0 -0.125071      0.336920    
909 0.9080      1  0 -0.125877      0.410138    
910 0.9090      1  0 -0.126944      0.440105    
911 0.9100      1  0 -0.128239      0.422961    
912 0.9110      1  0 -0.129712      0.358968    
913 0.9120      1  0 -0.131301      0.253494    
914 0.9130      1  0 -0.132931      0.117453    
915 0.9140      1  0 -0.134520     -0.332711E-01
916 0.9150      1  0 -0.135990     -0.179713    
917 0.9160      1  0 -0.137271     -0.302969    
918 0.9170      1  0 -0.138308     -0.387971    
919 0.9180      1  0 -0.139069     -0.426910    
920 0.9190      1  0 -0.139541     -0.421235    
921 0.9200      1  0 -0.139735     -0.381562    
922 0.9210      1  0 -0.139674     -0.325411    
923 0.9220      1  0 -0.139390     -0.273320    
924 0.9230      1  0 -0.138920     -0.244310    
925 0.9240      1  0 -0.138297     -0.251801    
926 0.9250      1  0 -0.137545     -0.300910    
927 0.9260      1  0 -0.136686     -0.387727    
928 0.9270      1  0 -0.135733     -0.500620    
929 0.9280      1  0 -0.134695     -0.623075    
930 0.9290      1  0 -0.133584     -0.737207    
931 0.9300      1  0 -0.132412     -0.826985    
932 0.9310      1  0 -0.131199     -0.880468    
933 0.9320      1  0 -0.129971     -0.890794    
934 0.9330      1  0 -0.128760     -0.856067    
935 0.9340      1  0 -0.127606     -0.778568    
936 0.9350      1  0 -0.126552     -0.663728    
937 0.9360      1  0 -0.125645     -0.519175    
938 0.9370      1  0 -0.124928     -0.354012    
939 0.9380      1  0 -0.124442     -0.178330    
940 0.9390      1  0 -0.124220     -0.285558E-02
941 0.9400      1  0 -0.124287      0.161346    
942 0.9410      1  0 -0.124658      0.303228    
943 0.9420      1  0 -0.125336      0.412271    
944 0.9430      1  0 -0.126309      0.479216    
945 0.9440      1  0 -0.127553      0.497079    
946 0.9450      1  0 -0.129026      0.462416    
947 0.9460      1  0 -0.130670      0.376696    
948 0.9470      1  0 -0.132410      0.247442    
949 0.9480      1  0 -0.134164      0.885990E-01
950 0.9490      1  0 -0.135842     -0.804404E-01
951 0.9500      1  0 -0.137359     -0.237454    
952 0.9510      1  0 -0.138644     -0.361420    
953 0.9520      1  0 -0.139646     -0.437040    
954 0.9530      1  0 -0.140337     -0.458441    
955 0.9540      1  0 -0.140715     -0.430868    
956 0.9550      1  0 -0.140798     -0.369740    
957 0.9560      1  0 -0.140621     -0.297263    
958 0.9570      1  0 -0.140221     -0.237481    
959 0.9580      1  0 -0.139640     -0.210980    
960 0.9590      1  0 -0.138911     -0.230532    
961 0.9600      1  0 -0.138060     -0.298663    
962 0.9610      1  0 -0.137105     -0.407634    
963 0.9620      1  0 -0.136059     -0.541704    
964 0.9630      1  0 -0.134928     -0.680887    
965 0.9640      1  0 -0.133725     -0.805089    
966 0.9650      1  0 -0.132463     -0.897526    
967 0.9660      1  0 -0.131165     -0.946746    
968 0.9670      1  0 -0.129859     -0.947174    
969 0.9680      1  0 -0.128583     -0.898522    
970 0.9690      1  0 -0.127382     -0.804639    
971 0.9700      1  0 -0.126303     -0.672298    
972 0.9710      1  0 -0.125394     -0.510209    
973 0.9720      1  0 -0.124702     -0.328358    
974 0.9730      1  0 -0.124267     -0.137604    
975 0.9740      1  0 -0.124123      0.505846E-01
976 0.9750      1  0 -0.124292      0.224383    
977 0.9760      1  0 -0.124787      0.371955    
978 0.9770      1  0 -0.125606      0.482002    
979 0.9780      1  0 -0.126736      0.544602    
980 0.9790      1  0 -0.128145      0.552403    
981 0.9800      1  0 -0.129785      0.502145    
982 0.9810      1  0 -0.131588      0.396309    
983 0.9820      1  0 -0.133472      0.244457    
984 0.9830      1  0 -0.135344      0.635562E-01
985 0.9840      1  0 -0.137107     -0.123403    
986 0.9850      1  0 -0.138671     -0.290809    
987 0.9860      1  0 -0.139962     -0.415418    
988 0.9870      1  0 -0.140932     -0.481651    
989 0.9880      1  0 -0.141561     -0.485579    
990 0.9890      1  0 -0.141853     -0.436254    
991 0.9900      1  0 -0.141837     -0.353875    
992 0.9910      1  0 -0.141553     -0.265286    
993 0.9920      1  0 -0.141048     -0.197953    
994 0.9930      1  0 -0.140365     -0.173959    
995 0.9940      1  0 -0.139539     -0.205397    
996 0.9950      1  0 -0.138596     -0.292225    
997 0.9960      1  0 -0.137552     -0.422968    
998 0.9970      1  0 -0.136417     -0.577929    
999 0.9980      1  0 -0.135199     -0.733847    
