# Pazy Wing (simplified : constant stiffness properties)                          
# Operating point sequence...
# i     t     conv	stall	 RY pos[ 1]    Theta[ 1]    
  1  1.996      1  0 -0.118341     -0.188280    
  2  1.997      1  0 -0.118738      0.863048E-01
  3  1.998      1  0 -0.119466      0.349498    
  4  1.999      1  0 -0.120628      0.582821    
  5  2.000      1  0 -0.122242      0.769946    
  6  2.001      1  0 -0.124288      0.892587    
  7  2.002      1  0 -0.126719      0.932465    
  8  2.003      1  0 -0.129465      0.874706    
  9  2.004      1  0 -0.132422      0.712406    
 10  2.005      1  0 -0.135460      0.452821    
 11  2.006      1  0 -0.138421      0.123075    
 12  2.007      1  0 -0.141138     -0.229040    
 13  2.008      1  0 -0.143456     -0.542595    
 14  2.009      1  0 -0.145256     -0.758546    
 15  2.010      1  0 -0.146469     -0.836796    
 16  2.011      1  0 -0.147086     -0.768280    
 17  2.012      1  0 -0.147147     -0.577619    
 18  2.013      1  0 -0.146730     -0.316318    
 19  2.014      1  0 -0.145932     -0.497788E-01
 20  2.015      1  0 -0.144849      0.157765    
 21  2.016      1  0 -0.143562      0.257027    
 22  2.017      1  0 -0.142127      0.223678    
 23  2.018      1  0 -0.140575      0.625677E-01
 24  2.019      1  0 -0.138916     -0.195196    
 25  2.020      1  0 -0.137144     -0.501778    
 26  2.021      1  0 -0.135254     -0.805744    
 27  2.022      1  0 -0.133249      -1.06407    
 28  2.023      1  0 -0.131152      -1.24913    
 29  2.024      1  0 -0.129007      -1.34945    
 30  2.025      1  0 -0.126876      -1.36599    
 31  2.026      1  0 -0.124835      -1.30687    
 32  2.027      1  0 -0.122967      -1.18311    
 33  2.028      1  0 -0.121353      -1.00616    
 34  2.029      1  0 -0.120066     -0.787250    
 35  2.030      1  0 -0.119168     -0.537533    
 36  2.031      1  0 -0.118703     -0.268600    
 37  2.032      1  0 -0.118703      0.707645E-02
 38  2.033      1  0 -0.119184      0.275706    
 39  2.034      1  0 -0.120148      0.521776    
 40  2.035      1  0 -0.121587      0.727853    
 41  2.036      1  0 -0.123479      0.874936    
 42  2.037      1  0 -0.125780      0.943763    
 43  2.038      1  0 -0.128429      0.917468    
 44  2.039      1  0 -0.131332      0.785899    
 45  2.040      1  0 -0.134365      0.551497    
 46  2.041      1  0 -0.137376      0.235194    
 47  2.042      1  0 -0.140198     -0.121039    
 48  2.043      1  0 -0.142668     -0.458773    
 49  2.044      1  0 -0.144651     -0.715822    
 50  2.045      1  0 -0.146059     -0.843376    
 51  2.046      1  0 -0.146863     -0.820752    
 52  2.047      1  0 -0.147088     -0.661859    
 53  2.048      1  0 -0.146804     -0.411467    
 54  2.049      1  0 -0.146107     -0.133514    
 55  2.050      1  0 -0.145097      0.104278    
 56  2.051      1  0 -0.143862      0.245439    
 57  2.052      1  0 -0.142469      0.256438    
 58  2.053      1  0 -0.140955      0.132866    
 59  2.054      1  0 -0.139336     -0.101344    
 60  2.055      1  0 -0.137610     -0.401719    
 61  2.056      1  0 -0.135768     -0.715784    
 62  2.057      1  0 -0.133809     -0.996047    
 63  2.058      1  0 -0.131746      -1.20901    
 64  2.059      1  0 -0.129616      -1.33795    
 65  2.060      1  0 -0.127474      -1.38038    
 66  2.061      1  0 -0.125394      -1.34288    
 67  2.062      1  0 -0.123457      -1.23616    
 68  2.063      1  0 -0.121746      -1.07198    
 69  2.064      1  0 -0.120339     -0.861890    
 70  2.065      1  0 -0.119303     -0.617264    
 71  2.066      1  0 -0.118688     -0.349725    
 72  2.067      1  0 -0.118531     -0.716415E-01
 73  2.068      1  0 -0.118854      0.203437    
 74  2.069      1  0 -0.119663      0.460364    
 75  2.070      1  0 -0.120953      0.682105    
 76  2.071      1  0 -0.122708      0.849867    
 77  2.072      1  0 -0.124892      0.944088    
 78  2.073      1  0 -0.127449      0.946673    
 79  2.074      1  0 -0.130295      0.844854    
 80  2.075      1  0 -0.133316      0.636743    
 81  2.076      1  0 -0.136366      0.337547    
 82  2.077      1  0 -0.139278     -0.164425E-01
 83  2.078      1  0 -0.141886     -0.370058    
 84  2.079      1  0 -0.144041     -0.659807    
 85  2.080      1  0 -0.145638     -0.830492    
 86  2.081      1  0 -0.146631     -0.851618    
 87  2.082      1  0 -0.147030     -0.726867    
 88  2.083      1  0 -0.146895     -0.493353    
 89  2.084      1  0 -0.146315     -0.211753    
 90  2.085      1  0 -0.145393      0.486601E-01
 91  2.086      1  0 -0.144224      0.225783    
 92  2.087      1  0 -0.142880      0.277823    
 93  2.088      1  0 -0.141409      0.191423    
 94  2.089      1  0 -0.139832     -0.169768E-01
 95  2.090      1  0 -0.138149     -0.307110    
 96  2.091      1  0 -0.136352     -0.626613    
 97  2.092      1  0 -0.134434     -0.924606    
 98  2.093      1  0 -0.132405      -1.16240    
 99  2.094      1  0 -0.130292      -1.31822    
100  2.095      1  0 -0.128145      -1.38596    
101  2.096      1  0 -0.126034      -1.37032    
102  2.097      1  0 -0.124037      -1.28151    
103  2.098      1  0 -0.122240      -1.13145    
104  2.099      1  0 -0.120723     -0.931994    
105  2.100      1  0 -0.119558     -0.694685    
106  2.101      1  0 -0.118800     -0.431108    
107  2.102      1  0 -0.118492     -0.153421    
108  2.103      1  0 -0.118660      0.125195    
109  2.104      1  0 -0.119316      0.390113    
110  2.105      1  0 -0.120458      0.624894    
111  2.106      1  0 -0.122075      0.811250    
112  2.107      1  0 -0.124137      0.929726    
113  2.108      1  0 -0.126594      0.961511    
114  2.109      1  0 -0.129372      0.891772    
115  2.110      1  0 -0.132364      0.714710    
116  2.111      1  0 -0.135434      0.439766    
117  2.112      1  0 -0.138419      0.966921E-01
118  2.113      1  0 -0.141148     -0.264346    
119  2.114      1  0 -0.143464     -0.580755    
120  2.115      1  0 -0.145249     -0.792812    
121  2.116      1  0 -0.146435     -0.860960    
122  2.117      1  0 -0.147017     -0.778018    
123  2.118      1  0 -0.147042     -0.571658    
124  2.119      1  0 -0.146593     -0.296960    
125  2.120      1  0 -0.145770     -0.224643E-01
126  2.121      1  0 -0.144673      0.185818    
127  2.122      1  0 -0.143381      0.278667    
128  2.123      1  0 -0.141950      0.233532    
129  2.124      1  0 -0.140407      0.580931E-01
130  2.125      1  0 -0.138759     -0.213525    
131  2.126      1  0 -0.136998     -0.531052    
132  2.127      1  0 -0.135116     -0.841634    
133  2.128      1  0 -0.133115      -1.10191    
134  2.129      1  0 -0.131018      -1.28477    
135  2.130      1  0 -0.128868      -1.37974    
136  2.131      1  0 -0.126729      -1.38887    
137  2.132      1  0 -0.124680      -1.32128    
138  2.133      1  0 -0.122804      -1.18868    
139  2.134      1  0 -0.121185      -1.00305    
140  2.135      1  0 -0.119897     -0.775957    
141  2.136      1  0 -0.119002     -0.518878    
142  2.137      1  0 -0.118547     -0.243680    
143  2.138      1  0 -0.118561      0.368899E-01
144  2.139      1  0 -0.119062      0.308762    
145  2.140      1  0 -0.120053      0.556136    
146  2.141      1  0 -0.121524      0.761289    
147  2.142      1  0 -0.123453      0.904964    
148  2.143      1  0 -0.125796      0.967769    
149  2.144      1  0 -0.128488      0.932966    
150  2.145      1  0 -0.131434      0.790971    
151  2.146      1  0 -0.134505      0.545367    
152  2.147      1  0 -0.137546      0.218803    
153  2.148      1  0 -0.140386     -0.144743    
154  2.149      1  0 -0.142861     -0.485085    
155  2.150      1  0 -0.144835     -0.739190    
156  2.151      1  0 -0.146225     -0.858726    
157  2.152      1  0 -0.147003     -0.824796    
158  2.153      1  0 -0.147201     -0.653926    
159  2.154      1  0 -0.146893     -0.393633    
160  2.155      1  0 -0.146176     -0.110055    
161  2.156      1  0 -0.145153      0.127912    
162  2.157      1  0 -0.143910      0.263844    
163  2.158      1  0 -0.142513      0.265417    
164  2.159      1  0 -0.140998      0.130267    
165  2.160      1  0 -0.139378     -0.115327    
166  2.161      1  0 -0.137648     -0.424843    
167  2.162      1  0 -0.135799     -0.744547    
168  2.163      1  0 -0.133830      -1.02667    
169  2.164      1  0 -0.131754      -1.23823    
170  2.165      1  0 -0.129609      -1.36349    
171  2.166      1  0 -0.127454      -1.40093    
172  2.167      1  0 -0.125361      -1.35790    
173  2.168      1  0 -0.123415      -1.24560    
174  2.169      1  0 -0.121699      -1.07603    
175  2.170      1  0 -0.120293     -0.860857    
176  2.171      1  0 -0.119262     -0.611512    
177  2.172      1  0 -0.118658     -0.339657    
178  2.173      1  0 -0.118516     -0.577106E-01
179  2.174      1  0 -0.118858      0.220704    
180  2.175      1  0 -0.119692      0.480320    
181  2.176      1  0 -0.121011      0.703916    
182  2.177      1  0 -0.122799      0.872452    
183  2.178      1  0 -0.125018      0.966084    
184  2.179      1  0 -0.127613      0.966446    
185  2.180      1  0 -0.130498      0.860604    
186  2.181      1  0 -0.133556      0.646733    
187  2.182      1  0 -0.136639      0.340512    
188  2.183      1  0 -0.139577     -0.207819E-01
189  2.184      1  0 -0.142202     -0.380597    
190  2.185      1  0 -0.144364     -0.674050    
191  2.186      1  0 -0.145959     -0.845060    
192  2.187      1  0 -0.146941     -0.863109    
193  2.188      1  0 -0.147323     -0.732740    
194  2.189      1  0 -0.147167     -0.492519    
195  2.190      1  0 -0.146566     -0.204748    
196  2.191      1  0 -0.145623      0.599174E-01
197  2.192      1  0 -0.144435      0.238487    
198  2.193      1  0 -0.143073      0.288916    
199  2.194      1  0 -0.141587      0.198246    
200  2.195      1  0 -0.139994     -0.161547E-01
201  2.196      1  0 -0.138296     -0.312808    
202  2.197      1  0 -0.136483     -0.638192    
203  2.198      1  0 -0.134548     -0.940628    
204  2.199      1  0 -0.132499      -1.18113    
205  2.200      1  0 -0.130367      -1.33805    
206  2.201      1  0 -0.128202      -1.40564    
207  2.202      1  0 -0.126074      -1.38896    
208  2.203      1  0 -0.124064      -1.29849    
209  2.204      1  0 -0.122257      -1.14625    
210  2.205      1  0 -0.120735     -0.944137    
211  2.206      1  0 -0.119569     -0.703665    
212  2.207      1  0 -0.118815     -0.436417    
213  2.208      1  0 -0.118515     -0.154573    
214  2.209      1  0 -0.118694      0.128626    
215  2.210      1  0 -0.119365      0.398417    
216  2.211      1  0 -0.120526      0.638132    
217  2.212      1  0 -0.122164      0.829124    
218  2.213      1  0 -0.124250      0.951435    
219  2.214      1  0 -0.126736      0.985618    
220  2.215      1  0 -0.129545      0.916125    
221  2.216      1  0 -0.132572      0.736510    
222  2.217      1  0 -0.135677      0.455912    
223  2.218      1  0 -0.138696      0.104467    
224  2.219      1  0 -0.141455     -0.266411    
225  2.220      1  0 -0.143794     -0.592183    
226  2.221      1  0 -0.145593     -0.811039    
227  2.222      1  0 -0.146783     -0.881866    
228  2.223      1  0 -0.147359     -0.796943    
229  2.224      1  0 -0.147369     -0.584526    
230  2.225      1  0 -0.146899     -0.301167    
231  2.226      1  0 -0.146052     -0.173487E-01
232  2.227      1  0 -0.144928      0.198947    
233  2.228      1  0 -0.143611      0.296903    
234  2.229      1  0 -0.142157      0.253060    
235  2.230      1  0 -0.140594      0.750535E-01
236  2.231      1  0 -0.138927     -0.202194    
237  2.232      1  0 -0.137149     -0.527060    
238  2.233      1  0 -0.135249     -0.845227    
239  2.234      1  0 -0.133230      -1.11218    
240  2.235      1  0 -0.131114      -1.30016    
241  2.236      1  0 -0.128944      -1.39857    
242  2.237      1  0 -0.126786      -1.40962    
243  2.238      1  0 -0.124718      -1.34264    
244  2.239      1  0 -0.122825      -1.20957    
245  2.240      1  0 -0.121192      -1.02251    
246  2.241      1  0 -0.119892     -0.793102    
247  2.242      1  0 -0.118989     -0.532877    
248  2.243      1  0 -0.118530     -0.253758    
249  2.244      1  0 -0.118543      0.314251E-01
250  2.245      1  0 -0.119047      0.308481    
251  2.246      1  0 -0.120044      0.561420    
252  2.247      1  0 -0.121526      0.772214    
253  2.248      1  0 -0.123469      0.921158    
254  2.249      1  0 -0.125831      0.988251    
255  2.250      1  0 -0.128547      0.956007    
256  2.251      1  0 -0.131522      0.814051    
257  2.252      1  0 -0.134626      0.565354    
258  2.253      1  0 -0.137703      0.232460    
259  2.254      1  0 -0.140578     -0.139925    
260  2.255      1  0 -0.143084     -0.490015    
261  2.256      1  0 -0.145083     -0.752629    
262  2.257      1  0 -0.146488     -0.877405    
263  2.258      1  0 -0.147273     -0.844166    
264  2.259      1  0 -0.147467     -0.669290    
265  2.260      1  0 -0.147147     -0.401247    
266  2.261      1  0 -0.146412     -0.107924    
267  2.262      1  0 -0.145368      0.139692    
268  2.263      1  0 -0.144104      0.283212    
269  2.264      1  0 -0.142686      0.288866    
270  2.265      1  0 -0.141153      0.153668    
271  2.266      1  0 -0.139516     -0.957884E-01
272  2.267      1  0 -0.137770     -0.411877    
273  2.268      1  0 -0.135905     -0.739365    
274  2.269      1  0 -0.133918      -1.02906    
275  2.270      1  0 -0.131823      -1.24703    
276  2.271      1  0 -0.129657      -1.37711    
277  2.272      1  0 -0.127477      -1.41781    
278  2.273      1  0 -0.125360      -1.37674    
279  2.274      1  0 -0.123390      -1.26536    
280  2.275      1  0 -0.121652      -1.09585    
281  2.276      1  0 -0.120224     -0.879994    
282  2.277      1  0 -0.119175     -0.629242    
283  2.278      1  0 -0.118557     -0.355268    
284  2.279      1  0 -0.118404     -0.704796E-01
285  2.280      1  0 -0.118739      0.211511    
286  2.281      1  0 -0.119568      0.475422    
287  2.282      1  0 -0.120887      0.703950    
288  2.283      1  0 -0.122677      0.877856    
289  2.284      1  0 -0.124905      0.976928    
290  2.285      1  0 -0.127513      0.982242    
291  2.286      1  0 -0.130418      0.880102    
292  2.287      1  0 -0.133501      0.667807    
293  2.288      1  0 -0.136615      0.360264    
294  2.289      1  0 -0.139588     -0.554590E-02
295  2.290      1  0 -0.142249     -0.372543    
296  2.291      1  0 -0.144445     -0.674424    
297  2.292      1  0 -0.146070     -0.853146    
298  2.293      1  0 -0.147074     -0.876298    
299  2.294      1  0 -0.147469     -0.747204    
300  2.295      1  0 -0.147317     -0.504195    
301  2.296      1  0 -0.146713     -0.210294    
302  2.297      1  0 -0.145762      0.624235E-01
303  2.298      1  0 -0.144561      0.249221    
304  2.299      1  0 -0.143185      0.306354    
305  2.300      1  0 -0.141684      0.219565    
306  2.301      1  0 -0.140077      0.561212E-02
307  2.302      1  0 -0.138365     -0.293829    
308  2.303      1  0 -0.136537     -0.624364    
309  2.304      1  0 -0.134586     -0.933112    
310  2.305      1  0 -0.132520      -1.17997    
311  2.306      1  0 -0.130366      -1.34258    
312  2.307      1  0 -0.128178      -1.41486    
313  2.308      1  0 -0.126025      -1.40190    
314  2.309      1  0 -0.123988      -1.31430    
315  2.310      1  0 -0.122155      -1.16422    
316  2.311      1  0 -0.120608     -0.963579    
317  2.312      1  0 -0.119418     -0.723863    
318  2.313      1  0 -0.118643     -0.456574    
319  2.314      1  0 -0.118325     -0.173782    
320  2.315      1  0 -0.118488      0.111394    
321  2.316      1  0 -0.119146      0.384317    
322  2.317      1  0 -0.120297      0.628395    
323  2.318      1  0 -0.121930      0.824960    
324  2.319      1  0 -0.124014      0.953861    
325  2.320      1  0 -0.126503      0.995211    
326  2.321      1  0 -0.129322      0.932698    
327  2.322      1  0 -0.132366      0.758765    
328  2.323      1  0 -0.135497      0.481214    
329  2.324      1  0 -0.138549      0.129004    
330  2.325      1  0 -0.141349     -0.246920    
331  2.326      1  0 -0.143732     -0.581341    
332  2.327      1  0 -0.145574     -0.810629    
333  2.328      1  0 -0.146803     -0.891217    
334  2.329      1  0 -0.147410     -0.813076    
335  2.330      1  0 -0.147442     -0.602954    
336  2.331      1  0 -0.146983     -0.317032    
337  2.332      1  0 -0.146139     -0.265168E-01
338  2.333      1  0 -0.145012      0.199045    
339  2.334      1  0 -0.143688      0.306810    
340  2.335      1  0 -0.142223      0.271270    
341  2.336      1  0 -0.140650      0.984534E-01
342  2.337      1  0 -0.138973     -0.177501    
343  2.338      1  0 -0.137184     -0.504788    
344  2.339      1  0 -0.135274     -0.828127    
345  2.340      1  0 -0.133243      -1.10170    
346  2.341      1  0 -0.131113      -1.29658    
347  2.342      1  0 -0.128926      -1.40138    
348  2.343      1  0 -0.126747      -1.41795    
349  2.344      1  0 -0.124656      -1.35558    
350  2.345      1  0 -0.122738      -1.22623    
351  2.346      1  0 -0.121078      -1.04204    
352  2.347      1  0 -0.119753     -0.814618    
353  2.348      1  0 -0.118825     -0.555422    
354  2.349      1  0 -0.118341     -0.276270    
355  2.350      1  0 -0.118333      0.101341E-01
356  2.351      1  0 -0.118817      0.289730    
357  2.352      1  0 -0.119798      0.546639    
358  2.353      1  0 -0.121266      0.762873    
359  2.354      1  0 -0.123199      0.918622    
360  2.355      1  0 -0.125557      0.993536    
361  2.356      1  0 -0.128276      0.969451    
362  2.357      1  0 -0.131261      0.834904    
363  2.358      1  0 -0.134386      0.591415    
364  2.359      1  0 -0.137494      0.260011    
365  2.360      1  0 -0.140410     -0.115625    
366  2.361      1  0 -0.142963     -0.473626    
367  2.362      1  0 -0.145013     -0.747360    
368  2.363      1  0 -0.146467     -0.883946    
369  2.364      1  0 -0.147293     -0.860398    
370  2.365      1  0 -0.147521     -0.690837    
371  2.366      1  0 -0.147224     -0.422615    
372  2.367      1  0 -0.146503     -0.123806    
373  2.368      1  0 -0.145464      0.133273    
374  2.369      1  0 -0.144199      0.288123    
375  2.370      1  0 -0.142778      0.304563    
376  2.371      1  0 -0.141239      0.177438    
377  2.372      1  0 -0.139598     -0.680714E-01
378  2.373      1  0 -0.137848     -0.384678    
379  2.374      1  0 -0.135980     -0.716444    
380  2.375      1  0 -0.133988      -1.01282    
381  2.376      1  0 -0.131885      -1.23838    
382  2.377      1  0 -0.129708      -1.37584    
383  2.378      1  0 -0.127514      -1.42307    
384  2.379      1  0 -0.125378      -1.38744    
385  2.380      1  0 -0.123385      -1.28043    
386  2.381      1  0 -0.121620      -1.11432    
387  2.382      1  0 -0.120165     -0.900921    
388  2.383      1  0 -0.119088     -0.651677    
389  2.384      1  0 -0.118441     -0.378208    
390  2.385      1  0 -0.118261     -0.928338E-01
391  2.386      1  0 -0.118570      0.190944    
392  2.387      1  0 -0.119376      0.457965    
393  2.388      1  0 -0.120675      0.691023    
394  2.389      1  0 -0.122449      0.870880    
395  2.390      1  0 -0.124664      0.977148    
396  2.391      1  0 -0.127267      0.990447    
397  2.392      1  0 -0.130174      0.896251    
398  2.393      1  0 -0.133269      0.690602    
399  2.394      1  0 -0.136407      0.386874    
400  2.395      1  0 -0.139415      0.206613E-01
401  2.396      1  0 -0.142120     -0.351553    
402  2.397      1  0 -0.144365     -0.662784    
403  2.398      1  0 -0.146041     -0.853005    
404  2.399      1  0 -0.147093     -0.887083    
405  2.400      1  0 -0.147529     -0.765723    
406  2.401      1  0 -0.147409     -0.525497    
407  2.402      1  0 -0.146827     -0.228913    
408  2.403      1  0 -0.145889      0.512249E-01
409  2.404      1  0 -0.144695      0.248463    
410  2.405      1  0 -0.143322      0.316781    
411  2.406      1  0 -0.141820      0.239586    
412  2.407      1  0 -0.140213      0.317910E-01
413  2.408      1  0 -0.138500     -0.265841    
414  2.409      1  0 -0.136672     -0.598732    
415  2.410      1  0 -0.134720     -0.912940    
416  2.411      1  0 -0.132651      -1.16692    
417  2.412      1  0 -0.130491      -1.33697    
418  2.413      1  0 -0.128291      -1.41616    
419  2.414      1  0 -0.126120      -1.40918    
420  2.415      1  0 -0.124063      -1.32656    
421  2.416      1  0 -0.122204      -1.18051    
422  2.417      1  0 -0.120627     -0.983046    
423  2.418      1  0 -0.119406     -0.745650    
424  2.419      1  0 -0.118599     -0.479784    
425  2.420      1  0 -0.118249     -0.197421    
426  2.421      1  0 -0.118382      0.884499E-01
427  2.422      1  0 -0.119010      0.363356    
428  2.423      1  0 -0.120134      0.610882    
429  2.424      1  0 -0.121742      0.812491    
430  2.425      1  0 -0.123806      0.948033    
431  2.426      1  0 -0.126279      0.997393    
432  2.427      1  0 -0.129090      0.943671    
433  2.428      1  0 -0.132136      0.778244    
434  2.429      1  0 -0.135279      0.507370    
435  2.430      1  0 -0.138357      0.158258    
436  2.431      1  0 -0.141193     -0.219489    
437  2.432      1  0 -0.143622     -0.560889    
438  2.433      1  0 -0.145515     -0.801074    
439  2.434      1  0 -0.146796     -0.894014    
440  2.435      1  0 -0.147451     -0.826741    
441  2.436      1  0 -0.147522     -0.623485    
442  2.437      1  0 -0.147095     -0.338974    
443  2.438      1  0 -0.146272     -0.442784E-01
444  2.439      1  0 -0.145158      0.189970    
445  2.440      1  0 -0.143840      0.308932    
446  2.441      1  0 -0.142378      0.284651    
447  2.442      1  0 -0.140805      0.120826    
448  2.443      1  0 -0.139128     -0.150052    
449  2.444      1  0 -0.137340     -0.476752    
450  2.445      1  0 -0.135430     -0.803469    
451  2.446      1  0 -0.133399      -1.08313    
452  2.447      1  0 -0.131264      -1.28537    
453  2.448      1  0 -0.129069      -1.39762    
454  2.449      1  0 -0.126877      -1.42106    
455  2.450      1  0 -0.124766      -1.36469    
456  2.451      1  0 -0.122824      -1.24044    
457  2.452      1  0 -0.121136      -1.06047    
458  2.453      1  0 -0.119778     -0.836397    
459  2.454      1  0 -0.118816     -0.579613    
460  2.455      1  0 -0.118297     -0.301826    
461  2.456      1  0 -0.118254     -0.155924E-01
462  2.457      1  0 -0.118704      0.265217    
463  2.458      1  0 -0.119651      0.524932    
464  2.459      1  0 -0.121087      0.745761    
465  2.460      1  0 -0.122992      0.907989    
466  2.461      1  0 -0.125326      0.991163    
467  2.462      1  0 -0.128028      0.976671    
468  2.463      1  0 -0.131004      0.852104    
469  2.464      1  0 -0.134133      0.617449    
470  2.465      1  0 -0.137257      0.291768    
471  2.466      1  0 -0.140204     -0.831100E-01
472  2.467      1  0 -0.142800     -0.446262    
473  2.468      1  0 -0.144901     -0.730459    
474  2.469      1  0 -0.146410     -0.880634    
475  2.470      1  0 -0.147290     -0.870645    
476  2.471      1  0 -0.147565     -0.711458    
477  2.472      1  0 -0.147306     -0.448146    
478  2.473      1  0 -0.146612     -0.147875    
479  2.474      1  0 -0.145591      0.116495    
480  2.475      1  0 -0.144336      0.282703    
481  2.476      1  0 -0.142920      0.312014    
482  2.477      1  0 -0.141384      0.196514    
483  2.478      1  0 -0.139743     -0.409101E-01
484  2.479      1  0 -0.137996     -0.354231    
485  2.480      1  0 -0.136130     -0.687503    
486  2.481      1  0 -0.134140     -0.989116    
487  2.482      1  0 -0.132038      -1.22210    
488  2.483      1  0 -0.129857      -1.36769    
489  2.484      1  0 -0.127654      -1.42273    
490  2.485      1  0 -0.125503      -1.39406    
491  2.486      1  0 -0.123489      -1.29303    
492  2.487      1  0 -0.121698      -1.13187    
493  2.488      1  0 -0.120212     -0.922424    
494  2.489      1  0 -0.119100     -0.676107    
495  2.490      1  0 -0.118416     -0.404450    
496  2.491      1  0 -0.118198     -0.119656    
497  2.492      1  0 -0.118469      0.164931    
498  2.493      1  0 -0.119237      0.434338    
499  2.494      1  0 -0.120500      0.671546    
500  2.495      1  0 -0.122240      0.857448    
501  2.496      1  0 -0.124426      0.971624    
502  2.497      1  0 -0.127005      0.994369    
503  2.498      1  0 -0.129896      0.910380    
504  2.499      1  0 -0.132988      0.714345    
505  2.500      1  0 -0.136136      0.417752    
506  2.501      1  0 -0.139169      0.541808E-01
507  2.502      1  0 -0.141913     -0.321272    
508  2.503      1  0 -0.144208     -0.641610    
509  2.504      1  0 -0.145940     -0.845099    
510  2.505      1  0 -0.147048     -0.893599    
511  2.506      1  0 -0.147536     -0.784431    
512  2.507      1  0 -0.147459     -0.551401    
513  2.508      1  0 -0.146910     -0.255541    
514  2.509      1  0 -0.145995      0.302849E-01
515  2.510      1  0 -0.144815      0.238187    
516  2.511      1  0 -0.143450      0.319702    
517  2.512      1  0 -0.141954      0.255366    
518  2.513      1  0 -0.140350      0.574652E-01
519  2.514      1  0 -0.138642     -0.234961    
520  2.515      1  0 -0.136820     -0.567777    
521  2.516      1  0 -0.134874     -0.886259    
522  2.517      1  0 -0.132809      -1.14733    
523  2.518      1  0 -0.130650      -1.32566    
524  2.519      1  0 -0.128446      -1.41305    
525  2.520      1  0 -0.126265      -1.41346    
526  2.521      1  0 -0.124190      -1.33715    
527  2.522      1  0 -0.122308      -1.19632    
528  2.523      1  0 -0.120702      -1.00302    
529  2.524      1  0 -0.119446     -0.768767    
530  2.525      1  0 -0.118602     -0.504984    
531  2.526      1  0 -0.118212     -0.223569    
532  2.527      1  0 -0.118304      0.626111E-01
533  2.528      1  0 -0.118892      0.339241    
534  2.529      1  0 -0.119978      0.590089    
535  2.530      1  0 -0.121548      0.796785    
536  2.531      1  0 -0.123579      0.939238    
537  2.532      1  0 -0.126024      0.997169    
538  2.533      1  0 -0.128814      0.953148    
539  2.534      1  0 -0.131849      0.797496    
540  2.535      1  0 -0.134996      0.534836    
541  2.536      1  0 -0.138091      0.190391    
542  2.537      1  0 -0.140960     -0.187954    
543  2.538      1  0 -0.143435     -0.535865    
544  2.539      1  0 -0.145381     -0.787502    
545  2.540      1  0 -0.146719     -0.894347    
546  2.541      1  0 -0.147427     -0.840167    
547  2.542      1  0 -0.147546     -0.646143    
548  2.543      1  0 -0.147157     -0.364998    
549  2.544      1  0 -0.146362     -0.672453E-01
550  2.545      1  0 -0.145268      0.175599    
551  2.546      1  0 -0.143962      0.306663    
552  2.547      1  0 -0.142509      0.295297    
553  2.548      1  0 -0.140943      0.142470    
554  2.549      1  0 -0.139273     -0.121421    
555  2.550      1  0 -0.137492     -0.446092    
556  2.551      1  0 -0.135590     -0.775418    
557  2.552      1  0 -0.133565      -1.06105    
558  2.553      1  0 -0.131435      -1.27101    
559  2.554      1  0 -0.129239      -1.39133    
560  2.555      1  0 -0.127040      -1.42226    
561  2.556      1  0 -0.124916      -1.37241    
562  2.557      1  0 -0.122952      -1.25364    
563  2.558      1  0 -0.121236      -1.07814    
564  2.559      1  0 -0.119846     -0.857593    
565  2.560      1  0 -0.118846     -0.603369    
566  2.561      1  0 -0.118288     -0.327116    
567  2.562      1  0 -0.118203     -0.412791E-01
568  2.563      1  0 -0.118611      0.240424    
569  2.564      1  0 -0.119517      0.502523    
570  2.565      1  0 -0.120914      0.727432    
571  2.566      1  0 -0.122782      0.895590    
572  2.567      1  0 -0.125084      0.986531    
573  2.568      1  0 -0.127759      0.981326    
574  2.569      1  0 -0.130720      0.866781    
575  2.570      1  0 -0.133843      0.641490    
576  2.571      1  0 -0.136978      0.322591    
577  2.572      1  0 -0.139949     -0.500865E-01
578  2.573      1  0 -0.142585     -0.416896    
579  2.574      1  0 -0.144736     -0.710433    
580  2.575      1  0 -0.146301     -0.873781    
581  2.576      1  0 -0.147236     -0.877763    
582  2.577      1  0 -0.147563     -0.730068    
583  2.578      1  0 -0.147347     -0.473197    
584  2.579      1  0 -0.146687     -0.173049    
585  2.580      1  0 -0.145690      0.973109E-01
586  2.581      1  0 -0.144452      0.274100    
587  2.582      1  0 -0.143046      0.316152    
588  2.583      1  0 -0.141518      0.212763    
589  2.584      1  0 -0.139885     -0.156393E-01
590  2.585      1  0 -0.138145     -0.324551    
591  2.586      1  0 -0.136288     -0.658283    
592  2.587      1  0 -0.134306     -0.964347    
593  2.588      1  0 -0.132210      -1.20427    
594  2.589      1  0 -0.130031      -1.35774    
595  2.590      1  0 -0.127824      -1.42049    
596  2.591      1  0 -0.125663      -1.39877    
597  2.592      1  0 -0.123631      -1.30369    
598  2.593      1  0 -0.121816      -1.14752    
599  2.594      1  0 -0.120299     -0.942112    
600  2.595      1  0 -0.119151     -0.698891    
601  2.596      1  0 -0.118428     -0.429327    
602  2.597      1  0 -0.118169     -0.145516    
603  2.598      1  0 -0.118397      0.139345    
604  2.599      1  0 -0.119123      0.410477    
605  2.600      1  0 -0.120343      0.651083    
606  2.601      1  0 -0.122044      0.842250    
607  2.602      1  0 -0.124195      0.963629    
608  2.603      1  0 -0.126744      0.995338    
609  2.604      1  0 -0.129613      0.921471    
610  2.605      1  0 -0.132694      0.735533    
611  2.606      1  0 -0.135845      0.447200    
612  2.607      1  0 -0.138896      0.879370E-01
613  2.608      1  0 -0.141674     -0.288872    
614  2.609      1  0 -0.144016     -0.616699    
615  2.610      1  0 -0.145802     -0.832557    
616  2.611      1  0 -0.146967     -0.895570    
617  2.612      1  0 -0.147509     -0.799670    
618  2.613      1  0 -0.147479     -0.575633    
619  2.614      1  0 -0.146968     -0.282614    
620  2.615      1  0 -0.146081      0.692154E-02
621  2.616      1  0 -0.144921      0.224026    
622  2.617      1  0 -0.143569      0.318055    
623  2.618      1  0 -0.142082      0.266744    
624  2.619      1  0 -0.140486      0.796347E-01
625  2.620      1  0 -0.138786     -0.206247    
626  2.621      1  0 -0.136973     -0.537552    
627  2.622      1  0 -0.135036     -0.859074    
628  2.623      1  0 -0.132979      -1.12637    
629  2.624      1  0 -0.130825      -1.31250    
630  2.625      1  0 -0.128621      -1.40790    
631  2.626      1  0 -0.126434      -1.41570    
632  2.627      1  0 -0.124345      -1.34582    
633  2.628      1  0 -0.122441      -1.21039    
634  2.629      1  0 -0.120807      -1.02149    
635  2.630      1  0 -0.119518     -0.790645    
636  2.631      1  0 -0.118636     -0.529255    
637  2.632      1  0 -0.118205     -0.249135    
638  2.633      1  0 -0.118254      0.369679E-01
639  2.634      1  0 -0.118799      0.314900    
640  2.635      1  0 -0.119842      0.568630    
641  2.636      1  0 -0.121372      0.779982    
642  2.637      1  0 -0.123364      0.928978    
643  2.638      1  0 -0.125776      0.995254    
644  2.639      1  0 -0.128541      0.960943    
645  2.640      1  0 -0.131560      0.815405    
646  2.641      1  0 -0.134704      0.561679    
647  2.642      1  0 -0.137812      0.222952    
648  2.643      1  0 -0.140709     -0.154805    
649  2.644      1  0 -0.143226     -0.508217    
650  2.645      1  0 -0.145224     -0.770796    
651  2.646      1  0 -0.146617     -0.891741    
652  2.647      1  0 -0.147382     -0.851551    
653  2.648      1  0 -0.147550     -0.668168    
654  2.649      1  0 -0.147202     -0.391988    
655  2.650      1  0 -0.146439     -0.926240E-01
656  2.651      1  0 -0.145367      0.157812    
657  2.652      1  0 -0.144076      0.300591    
658  2.653      1  0 -0.142634      0.302402    
659  2.654      1  0 -0.141077      0.161372    
660  2.655      1  0 -0.139415     -0.944229E-01
661  2.656      1  0 -0.137644     -0.415927    
662  2.657      1  0 -0.135753     -0.746931    
663  2.658      1  0 -0.133738      -1.03795    
664  2.659      1  0 -0.131615      -1.25539    
665  2.660      1  0 -0.129422      -1.38376    
666  2.661      1  0 -0.127220      -1.42233    
667  2.662      1  0 -0.125085      -1.37917    
668  2.663      1  0 -0.123104      -1.26602    
669  2.664      1  0 -0.121363      -1.09510    
670  2.665      1  0 -0.119941     -0.878133    
671  2.666      1  0 -0.118905     -0.626499    
672  2.667      1  0 -0.118306     -0.351797    
673  2.668      1  0 -0.118179     -0.663803E-01
674  2.669      1  0 -0.118544      0.216166    
675  2.670      1  0 -0.119407      0.480546    
676  2.671      1  0 -0.120762      0.709368    
677  2.672      1  0 -0.122591      0.883222    
678  2.673      1  0 -0.124857      0.981648    
679  2.674      1  0 -0.127503      0.985448    
680  2.675      1  0 -0.130444      0.880709    
681  2.676      1  0 -0.133560      0.664721    
682  2.677      1  0 -0.136700      0.352770    
683  2.678      1  0 -0.139694     -0.173071E-01
684  2.679      1  0 -0.142366     -0.387242    
685  2.680      1  0 -0.144564     -0.689629    
686  2.681      1  0 -0.146183     -0.865883    
687  2.682      1  0 -0.147174     -0.883897    
688  2.683      1  0 -0.147551     -0.748079    
689  2.684      1  0 -0.147380     -0.498251    
690  2.685      1  0 -0.146755     -0.198894    
691  2.686      1  0 -0.145783      0.768688E-01
692  2.687      1  0 -0.144563      0.263853    
693  2.688      1  0 -0.143170      0.318523    
694  2.689      1  0 -0.141652      0.227397    
695  2.690      1  0 -0.140028      0.837531E-02
696  2.691      1  0 -0.138298     -0.295671    
697  2.692      1  0 -0.136451     -0.629432    
698  2.693      1  0 -0.134480     -0.939629    
699  2.694      1  0 -0.132393      -1.18630    
700  2.695      1  0 -0.130219      -1.34759    
701  2.696      1  0 -0.128012      -1.41802    
702  2.697      1  0 -0.125843      -1.40319    
703  2.698      1  0 -0.123796      -1.31398    
704  2.699      1  0 -0.121958      -1.16264    
705  2.700      1  0 -0.120412     -0.961092    
706  2.701      1  0 -0.119229     -0.720778    
707  2.702      1  0 -0.118467     -0.453142    
708  2.703      1  0 -0.118166     -0.170204    
709  2.704      1  0 -0.118351      0.114958    
710  2.705      1  0 -0.119034      0.387732    
711  2.706      1  0 -0.120212      0.631517    
712  2.707      1  0 -0.121873      0.827584    
713  2.708      1  0 -0.123986      0.955676    
714  2.709      1  0 -0.126502      0.995775    
715  2.710      1  0 -0.129348      0.931468    
716  2.711      1  0 -0.132416      0.755201    
717  2.712      1  0 -0.135566      0.474992    
718  2.713      1  0 -0.138633      0.120292    
719  2.714      1  0 -0.141441     -0.257242    
720  2.715      1  0 -0.143826     -0.591696    
721  2.716      1  0 -0.145663     -0.819071    
722  2.717      1  0 -0.146883     -0.895984    
723  2.718      1  0 -0.147478     -0.813127    
724  2.719      1  0 -0.147495     -0.598283    
725  2.720      1  0 -0.147023     -0.308649    
726  2.721      1  0 -0.146165     -0.161669E-01
727  2.722      1  0 -0.145025      0.209331    
728  2.723      1  0 -0.143687      0.315183    
729  2.724      1  0 -0.142211      0.276457    
730  2.725      1  0 -0.140625      0.100011    
731  2.726      1  0 -0.138934     -0.179161    
732  2.727      1  0 -0.137131     -0.508597    
733  2.728      1  0 -0.135204     -0.832727    
734  2.729      1  0 -0.133157      -1.10585    
735  2.730      1  0 -0.131010      -1.29943    
736  2.731      1  0 -0.128807      -1.40258    
737  2.732      1  0 -0.126615      -1.41757    
738  2.733      1  0 -0.124514      -1.35393    
739  2.734      1  0 -0.122591      -1.22371    
740  2.735      1  0 -0.120930      -1.03905    
741  2.736      1  0 -0.119608     -0.811504    
742  2.737      1  0 -0.118688     -0.552445    
743  2.738      1  0 -0.118217     -0.273626    
744  2.739      1  0 -0.118224      0.123132E-01
745  2.740      1  0 -0.118726      0.291371    
746  2.741      1  0 -0.119726      0.547707    
747  2.742      1  0 -0.121214      0.763341    
748  2.743      1  0 -0.123168      0.918434    
749  2.744      1  0 -0.125545      0.992580    
750  2.745      1  0 -0.128282      0.967553    
751  2.746      1  0 -0.131284      0.831863    
752  2.747      1  0 -0.134422      0.587086    
753  2.748      1  0 -0.137540      0.254454    
754  2.749      1  0 -0.140461     -0.121997    
755  2.750      1  0 -0.143016     -0.479994    
756  2.751      1  0 -0.145063     -0.752643    
757  2.752      1  0 -0.146511     -0.887101    
758  2.753      1  0 -0.147330     -0.860763    
759  2.754      1  0 -0.147548     -0.688358    
760  2.755      1  0 -0.147241     -0.417870    
761  2.756      1  0 -0.146510     -0.117839    
762  2.757      1  0 -0.145461      0.139227    
763  2.758      1  0 -0.144187      0.292937    
764  2.759      1  0 -0.142756      0.307464    
765  2.760      1  0 -0.141207      0.178161    
766  2.761      1  0 -0.139555     -0.692556E-01
767  2.762      1  0 -0.137794     -0.387077    
768  2.763      1  0 -0.135913     -0.719168    
769  2.764      1  0 -0.133909      -1.01504    
770  2.765      1  0 -0.131794      -1.23955    
771  2.766      1  0 -0.129605      -1.37574    
772  2.767      1  0 -0.127401      -1.42179    
773  2.768      1  0 -0.125257      -1.38525    
774  2.769      1  0 -0.123259      -1.27769    
775  2.770      1  0 -0.121494      -1.11134    
776  2.771      1  0 -0.120042     -0.897974    
777  2.772      1  0 -0.118970     -0.648966    
778  2.773      1  0 -0.118332     -0.375872    
779  2.774      1  0 -0.118163     -0.909614E-01
780  2.775      1  0 -0.118485      0.192311    
781  2.776      1  0 -0.119305      0.458818    
782  2.777      1  0 -0.120618      0.691360    
783  2.778      1  0 -0.122407      0.870680    
784  2.779      1  0 -0.124638      0.976349    
785  2.780      1  0 -0.127254      0.988931    
786  2.781      1  0 -0.130173      0.893853    
787  2.782      1  0 -0.133279      0.687172    
788  2.783      1  0 -0.136424      0.382380    
789  2.784      1  0 -0.139436      0.153239E-01
790  2.785      1  0 -0.142142     -0.357185    
791  2.786      1  0 -0.144386     -0.667889    
792  2.787      1  0 -0.146058     -0.856703    
793  2.788      1  0 -0.147103     -0.888707    
794  2.789      1  0 -0.147532     -0.765045    
795  2.790      1  0 -0.147404     -0.522796    
796  2.791      1  0 -0.146814     -0.224894    
797  2.792      1  0 -0.145868      0.556236E-01
798  2.793      1  0 -0.144666      0.252304    
799  2.794      1  0 -0.143286      0.319336    
800  2.795      1  0 -0.141778      0.240494    
801  2.796      1  0 -0.140163      0.311209E-01
802  2.797      1  0 -0.138443     -0.267639    
803  2.798      1  0 -0.136607     -0.600978    
804  2.799      1  0 -0.134647     -0.914931    
805  2.800      1  0 -0.132569      -1.16811    
806  2.801      1  0 -0.130401      -1.33708    
807  2.802      1  0 -0.128194      -1.41517    
808  2.803      1  0 -0.126019      -1.40722    
809  2.804      1  0 -0.123958      -1.32388    
810  2.805      1  0 -0.122099      -1.17737    
811  2.806      1  0 -0.120525     -0.979657    
812  2.807      1  0 -0.119309     -0.742215    
813  2.808      1  0 -0.118509     -0.476469    
814  2.809      1  0 -0.118167     -0.194371    
815  2.810      1  0 -0.118310      0.911064E-01
816  2.811      1  0 -0.118950      0.365498    
817  2.812      1  0 -0.120086      0.612386    
818  2.813      1  0 -0.121706      0.813214    
819  2.814      1  0 -0.123782      0.947810    
820  2.815      1  0 -0.126266      0.996035    
821  2.816      1  0 -0.129087      0.941002    
822  2.817      1  0 -0.132141      0.774164    
823  2.818      1  0 -0.135290      0.501961    
824  2.819      1  0 -0.138371      0.151894    
825  2.820      1  0 -0.141207     -0.226093    
826  2.821      1  0 -0.143634     -0.566768    
827  2.822      1  0 -0.145521     -0.805242    
828  2.823      1  0 -0.146795     -0.895751    
829  2.824      1  0 -0.147442     -0.825827    
830  2.825      1  0 -0.147506     -0.620272    
831  2.826      1  0 -0.147071     -0.334297    
832  2.827      1  0 -0.146242     -0.392372E-01
833  2.828      1  0 -0.145122      0.194271    
834  2.829      1  0 -0.143800      0.311630    
835  2.830      1  0 -0.142334      0.285309    
836  2.831      1  0 -0.140757      0.119505    
837  2.832      1  0 -0.139076     -0.152835    
838  2.833      1  0 -0.137283     -0.480193    
839  2.834      1  0 -0.135368     -0.806710    
840  2.835      1  0 -0.133330      -1.08547    
841  2.836      1  0 -0.131190      -1.28638    
842  2.837      1  0 -0.128990      -1.39718    
843  2.838      1  0 -0.126795      -1.41927    
844  2.839      1  0 -0.124682      -1.36178    
845  2.840      1  0 -0.122740      -1.23669    
846  2.841      1  0 -0.121054      -1.05616    
847  2.842      1  0 -0.119701     -0.831792    
848  2.843      1  0 -0.118745     -0.574966    
849  2.844      1  0 -0.118233     -0.297380    
850  2.845      1  0 -0.118199     -0.115800E-01
851  2.846      1  0 -0.118658      0.268567    
852  2.847      1  0 -0.119616      0.527394    
853  2.848      1  0 -0.121063      0.747111    
854  2.849      1  0 -0.122979      0.908008    
855  2.850      1  0 -0.125322      0.989659    
856  2.851      1  0 -0.128032      0.973518    
857  2.852      1  0 -0.131015      0.847315    
858  2.853      1  0 -0.134148      0.611268    
859  2.854      1  0 -0.137273      0.284751    
860  2.855      1  0 -0.140218     -0.900904E-01
861  2.856      1  0 -0.142810     -0.452135    
862  2.857      1  0 -0.144904     -0.734212    
863  2.858      1  0 -0.146404     -0.881610    
864  2.859      1  0 -0.147275     -0.868763    
865  2.860      1  0 -0.147542     -0.707261    
866  2.861      1  0 -0.147276     -0.442674    
867  2.862      1  0 -0.146577     -0.142405    
868  2.863      1  0 -0.145552      0.120747    
869  2.864      1  0 -0.144294      0.284845    
870  2.865      1  0 -0.142875      0.311665    
871  2.866      1  0 -0.141336      0.193862    
872  2.867      1  0 -0.139693     -0.451814E-01
873  2.868      1  0 -0.137942     -0.359143    
874  2.869      1  0 -0.136072     -0.692043    
875  2.870      1  0 -0.134077     -0.992474    
876  2.871      1  0 -0.131971      -1.22380    
877  2.872      1  0 -0.129786      -1.36760    
878  2.873      1  0 -0.127580      -1.42098    
879  2.874      1  0 -0.125428      -1.39094    
880  2.875      1  0 -0.123415      -1.28886    
881  2.876      1  0 -0.121626      -1.12700    
882  2.877      1  0 -0.120145     -0.917169    
883  2.878      1  0 -0.119038     -0.670757    
884  2.879      1  0 -0.118362     -0.399281    
885  2.880      1  0 -0.118153     -0.114928    
886  2.881      1  0 -0.118432      0.168968    
887  2.882      1  0 -0.119210      0.437443    
888  2.883      1  0 -0.120482      0.673484    
889  2.884      1  0 -0.122232      0.857999    
890  2.885      1  0 -0.124427      0.970600    
891  2.886      1  0 -0.127013      0.991653    
892  2.887      1  0 -0.129910      0.905989    
893  2.888      1  0 -0.133005      0.708511    
894  2.889      1  0 -0.136153      0.410997    
895  2.890      1  0 -0.139184      0.473355E-01
896  2.891      1  0 -0.141922     -0.327170    
897  2.892      1  0 -0.144210     -0.645550    
898  2.893      1  0 -0.145932     -0.846388    
899  2.894      1  0 -0.147031     -0.892096    
900  2.895      1  0 -0.147510     -0.780624    
901  2.896      1  0 -0.147426     -0.546289    
902  2.897      1  0 -0.146871     -0.250390    
903  2.898      1  0 -0.145951      0.342472E-01
904  2.899      1  0 -0.144768      0.240038    
905  2.900      1  0 -0.143401      0.319016    
906  2.901      1  0 -0.141902      0.252288    
907  2.902      1  0 -0.140297      0.526512E-01
908  2.903      1  0 -0.138586     -0.240534    
909  2.904      1  0 -0.136760     -0.573063    
910  2.905      1  0 -0.134810     -0.890391    
911  2.906      1  0 -0.132741      -1.14977    
912  2.907      1  0 -0.130580      -1.32624    
913  2.908      1  0 -0.128374      -1.41185    
914  2.909      1  0 -0.126193      -1.41076    
915  2.910      1  0 -0.124119      -1.33327    
916  2.911      1  0 -0.122240      -1.19159    
917  2.912      1  0 -0.120639     -0.997741    
918  2.913      1  0 -0.119390     -0.763210    
919  2.914      1  0 -0.118553     -0.499405    
920  2.915      1  0 -0.118171     -0.218218    
921  2.916      1  0 -0.118273      0.674862E-01
922  2.917      1  0 -0.118870      0.343385    
923  2.918      1  0 -0.119965      0.593238    
924  2.919      1  0 -0.121545      0.798664    
925  2.920      1  0 -0.123584      0.939581    
926  2.921      1  0 -0.126037      0.995751    
927  2.922      1  0 -0.128833      0.949846    
928  2.923      1  0 -0.131872      0.792380    
929  2.924      1  0 -0.135019      0.528268    
930  2.925      1  0 -0.138113      0.183095    
931  2.926      1  0 -0.140976     -0.194936    
932  2.927      1  0 -0.143442     -0.541370    
933  2.928      1  0 -0.145379     -0.790559    
934  2.929      1  0 -0.146706     -0.894478    
935  2.930      1  0 -0.147404     -0.837552    
936  2.931      1  0 -0.147514     -0.641587    
937  2.932      1  0 -0.147117     -0.359721    
938  2.933      1  0 -0.146317     -0.625825E-01
939  2.934      1  0 -0.145219      0.178500    
940  2.935      1  0 -0.143910      0.307084    
941  2.936      1  0 -0.142455      0.293089    
942  2.937      1  0 -0.140887      0.138059    
943  2.938      1  0 -0.139215     -0.127164    
944  2.939      1  0 -0.137432     -0.452094    
945  2.940      1  0 -0.135528     -0.780673    
946  2.941      1  0 -0.133500      -1.06484    
947  2.942      1  0 -0.131368      -1.27295    
948  2.943      1  0 -0.129171      -1.39138    
949  2.944      1  0 -0.126972      -1.42059    
950  2.945      1  0 -0.124849      -1.36928    
951  2.946      1  0 -0.122890      -1.24934    
952  2.947      1  0 -0.121179      -1.07296    
953  2.948      1  0 -0.119795     -0.851798    
954  2.949      1  0 -0.118803     -0.597224    
955  2.950      1  0 -0.118253     -0.320890    
956  2.951      1  0 -0.118178     -0.352599E-01
957  2.952      1  0 -0.118595      0.245929    
958  2.953      1  0 -0.119511      0.507176    
959  2.954      1  0 -0.120918      0.730869    
960  2.955      1  0 -0.122796      0.897429    
961  2.956      1  0 -0.125106      0.986413    
962  2.957      1  0 -0.127788      0.978980    
963  2.958      1  0 -0.130753      0.862124    
964  2.959      1  0 -0.133878      0.634759    
965  2.960      1  0 -0.137011      0.314454    
966  2.961      1  0 -0.139978     -0.585167E-01
967  2.962      1  0 -0.142605     -0.424235    
968  2.963      1  0 -0.144745     -0.715359    
969  2.964      1  0 -0.146297     -0.875421    
970  2.965      1  0 -0.147221     -0.875972    
971  2.966      1  0 -0.147536     -0.725482    
972  2.967      1  0 -0.147311     -0.467065    
973  2.968      1  0 -0.146644     -0.166917    
974  2.969      1  0 -0.145642      0.101958    
975  2.970      1  0 -0.144401      0.276159    
976  2.971      1  0 -0.142993      0.315123    
977  2.972      1  0 -0.141464      0.208835    
978  2.973      1  0 -0.139829     -0.216762E-01
979  2.974      1  0 -0.138088     -0.331534    
980  2.975      1  0 -0.136228     -0.664988    
981  2.976      1  0 -0.134244     -0.969774    
982  2.977      1  0 -0.132146      -1.20780    
983  2.978      1  0 -0.129966      -1.35915    
984  2.979      1  0 -0.127759      -1.41985    
985  2.980      1  0 -0.125599      -1.39632    
986  2.981      1  0 -0.123570      -1.29973    
987  2.982      1  0 -0.121760      -1.14235    
988  2.983      1  0 -0.120250     -0.936050    
989  2.984      1  0 -0.119110     -0.692231    
990  2.985      1  0 -0.118395     -0.422381    
991  2.986      1  0 -0.118146     -0.138612    
992  2.987      1  0 -0.118384      0.145854    
993  2.988      1  0 -0.119120      0.416209    
994  2.989      1  0 -0.120352      0.655621    
995  2.990      1  0 -0.122062      0.845157    
996  2.991      1  0 -0.124222      0.964482    
997  2.992      1  0 -0.126778      0.993789    
998  2.993      1  0 -0.129654      0.917351    
999  2.994      1  0 -0.132737      0.728985    
