# Pazy Wing (simplified : constant stiffness properties)                          
# Operating point sequence...
# i     t     conv	stall	 RY pos[ 1]    Theta[ 1]    
  1  2.994      1  0 -0.132737      0.728985    
  2  2.995      1  0 -0.135859      0.418341    
  3  2.996      1  0 -0.138823      0.717596E-01
  4  2.997      1  0 -0.141496     -0.275141    
  5  2.998      1  0 -0.143743     -0.571546    
  6  2.999      1  0 -0.145459     -0.764960    
  7  3.000      1  0 -0.146587     -0.820272    
  8  3.001      1  0 -0.147122     -0.732568    
  9  3.002      1  0 -0.147109     -0.529922    
 10  3.003      1  0 -0.146629     -0.266663    
 11  3.004      1  0 -0.145780     -0.959743E-02
 12  3.005      1  0 -0.144659      0.178353    
 13  3.006      1  0 -0.143341      0.252299    
 14  3.007      1  0 -0.141881      0.194143    
 15  3.008      1  0 -0.140301      0.145209E-01
 16  3.009      1  0 -0.138610     -0.252051    
 17  3.010      1  0 -0.136802     -0.557397    
 18  3.011      1  0 -0.134875     -0.852160    
 19  3.012      1  0 -0.132836      -1.09651    
 20  3.013      1  0 -0.130713      -1.26593    
 21  3.014      1  0 -0.128552      -1.35130    
 22  3.015      1  0 -0.126418      -1.35493    
 23  3.016      1  0 -0.124390      -1.28554    
 24  3.017      1  0 -0.122549      -1.15414    
 25  3.018      1  0 -0.120976     -0.971951    
 26  3.019      1  0 -0.119743     -0.749871    
 27  3.020      1  0 -0.118910     -0.498783    
 28  3.021      1  0 -0.118519     -0.230073    
 29  3.022      1  0 -0.118600      0.438966E-01
 30  3.023      1  0 -0.119166      0.309346    
 31  3.024      1  0 -0.120217      0.550668    
 32  3.025      1  0 -0.121742      0.750252    
 33  3.026      1  0 -0.123712      0.888908    
 34  3.027      1  0 -0.126085      0.947306    
 35  3.028      1  0 -0.128790      0.908847    
 36  3.029      1  0 -0.131732      0.764266    
 37  3.030      1  0 -0.134781      0.517744    
 38  3.031      1  0 -0.137783      0.192714    
 39  3.032      1  0 -0.140570     -0.166249    
 40  3.033      1  0 -0.142983     -0.499096    
 41  3.034      1  0 -0.144891     -0.743975    
 42  3.035      1  0 -0.146216     -0.854584    
 43  3.036      1  0 -0.146935     -0.814224    
 44  3.037      1  0 -0.147082     -0.641018    
 45  3.038      1  0 -0.146730     -0.382969    
 46  3.039      1  0 -0.145976     -0.105531    
 47  3.040      1  0 -0.144920      0.123969    
 48  3.041      1  0 -0.143647      0.251142    
 49  3.042      1  0 -0.142221      0.245697    
 50  3.043      1  0 -0.140678      0.106876    
 51  3.044      1  0 -0.139029     -0.138217    
 52  3.045      1  0 -0.137273     -0.443220    
 53  3.046      1  0 -0.135401     -0.755455    
 54  3.047      1  0 -0.133414      -1.02871    
 55  3.048      1  0 -0.131331      -1.23156    
 56  3.049      1  0 -0.129189      -1.34932    
 57  3.050      1  0 -0.127049      -1.38096    
 58  3.051      1  0 -0.124985      -1.33376    
 59  3.052      1  0 -0.123079      -1.21864    
 60  3.053      1  0 -0.121414      -1.04727    
 61  3.054      1  0 -0.120064     -0.831111    
 62  3.055      1  0 -0.119094     -0.581536    
 63  3.056      1  0 -0.118553     -0.310280    
 64  3.057      1  0 -0.118474     -0.299377E-01
 65  3.058      1  0 -0.118876      0.245602    
 66  3.059      1  0 -0.119765      0.500738    
 67  3.060      1  0 -0.121135      0.717894    
 68  3.061      1  0 -0.122967      0.877744    
 69  3.062      1  0 -0.125222      0.960359    
 70  3.063      1  0 -0.127843      0.947702    
 71  3.064      1  0 -0.130741      0.827847    
 72  3.065      1  0 -0.133795      0.600912    
 73  3.066      1  0 -0.136854      0.285381    
 74  3.067      1  0 -0.139750     -0.784813E-01
 75  3.068      1  0 -0.142312     -0.432140    
 76  3.069      1  0 -0.144397     -0.710866    
 77  3.070      1  0 -0.145907     -0.861228    
 78  3.071      1  0 -0.146804     -0.857156    
 79  3.072      1  0 -0.147108     -0.708085    
 80  3.073      1  0 -0.146886     -0.456504    
 81  3.074      1  0 -0.146233     -0.166758    
 82  3.075      1  0 -0.145255      0.906361E-01
 83  3.076      1  0 -0.144044      0.254820    
 84  3.077      1  0 -0.142671      0.287334    
 85  3.078      1  0 -0.141180      0.179427    
 86  3.079      1  0 -0.139586     -0.477341E-01
 87  3.080      1  0 -0.137887     -0.350252    
 88  3.081      1  0 -0.136073     -0.674097    
 89  3.082      1  0 -0.134139     -0.968831    
 90  3.083      1  0 -0.132094      -1.19770    
 91  3.084      1  0 -0.129970      -1.34139    
 92  3.085      1  0 -0.127820      -1.39593    
 93  3.086      1  0 -0.125716      -1.36746    
 94  3.087      1  0 -0.123738      -1.26693    
 95  3.088      1  0 -0.121974      -1.10657    
 96  3.089      1  0 -0.120502     -0.898409    
 97  3.090      1  0 -0.119394     -0.654138    
 98  3.091      1  0 -0.118703     -0.385579    
 99  3.092      1  0 -0.118469     -0.105182    
100  3.093      1  0 -0.118716      0.173532    
101  3.094      1  0 -0.119453      0.435544    
102  3.095      1  0 -0.120678      0.664010    
103  3.096      1  0 -0.122374      0.840304    
104  3.097      1  0 -0.124511      0.944859    
105  3.098      1  0 -0.127034      0.959243    
106  3.099      1  0 -0.129864      0.869816    
107  3.100      1  0 -0.132889      0.673094    
108  3.101      1  0 -0.135965      0.381989    
109  3.102      1  0 -0.138927      0.302936E-01
110  3.103      1  0 -0.141603     -0.328524    
111  3.104      1  0 -0.143842     -0.630834    
112  3.105      1  0 -0.145532     -0.819053    
113  3.106      1  0 -0.146617     -0.858622    
114  3.107      1  0 -0.147100     -0.748781    
115  3.108      1  0 -0.147037     -0.523172    
116  3.109      1  0 -0.146517     -0.240874    
117  3.110      1  0 -0.145641      0.283629E-01
118  3.111      1  0 -0.144506      0.220172    
119  3.112      1  0 -0.143188      0.289330    
120  3.113      1  0 -0.141738      0.218665    
121  3.114      1  0 -0.140178      0.213215E-01
122  3.115      1  0 -0.138511     -0.264406    
123  3.116      1  0 -0.136727     -0.586371    
124  3.117      1  0 -0.134820     -0.892327    
125  3.118      1  0 -0.132794      -1.14134    
126  3.119      1  0 -0.130676      -1.30942    
127  3.120      1  0 -0.128513      -1.38883    
128  3.121      1  0 -0.126372      -1.38349    
129  3.122      1  0 -0.124334      -1.30343    
130  3.123      1  0 -0.122484      -1.16068    
131  3.124      1  0 -0.120904     -0.967231    
132  3.125      1  0 -0.119668     -0.734625    
133  3.126      1  0 -0.118835     -0.474321    
134  3.127      1  0 -0.118449     -0.198224    
135  3.128      1  0 -0.118539      0.808398E-01
136  3.129      1  0 -0.119117      0.348682    
137  3.130      1  0 -0.120187      0.589356    
138  3.131      1  0 -0.121735      0.785014    
139  3.132      1  0 -0.123736      0.916434    
140  3.133      1  0 -0.126143      0.964597    
141  3.134      1  0 -0.128886      0.913712    
142  3.135      1  0 -0.131862      0.755932    
143  3.136      1  0 -0.134941      0.497438    
144  3.137      1  0 -0.137961      0.163997    
145  3.138      1  0 -0.140753     -0.197698    
146  3.139      1  0 -0.143155     -0.526418    
147  3.140      1  0 -0.145041     -0.760671    
148  3.141      1  0 -0.146335     -0.856207    
149  3.142      1  0 -0.147020     -0.799622    
150  3.143      1  0 -0.147135     -0.612698    
151  3.144      1  0 -0.146758     -0.346505    
152  3.145      1  0 -0.145988     -0.682386E-01
153  3.146      1  0 -0.144926      0.154702    
154  3.147      1  0 -0.143654      0.269441    
155  3.148      1  0 -0.142234      0.248376    
156  3.149      1  0 -0.140697      0.939254E-01
157  3.150      1  0 -0.139054     -0.163934    
158  3.151      1  0 -0.137297     -0.476954    
159  3.152      1  0 -0.135419     -0.791889    
160  3.153      1  0 -0.133421      -1.06317    
161  3.154      1  0 -0.131320      -1.26073    
162  3.155      1  0 -0.129159      -1.37148    
163  3.156      1  0 -0.126999      -1.39570    
164  3.157      1  0 -0.124916      -1.34156    
165  3.158      1  0 -0.122995      -1.22044    
166  3.159      1  0 -0.121319      -1.04419    
167  3.160      1  0 -0.119965     -0.824270    
168  3.161      1  0 -0.118997     -0.571966    
169  3.162      1  0 -0.118463     -0.298885    
170  3.163      1  0 -0.118397     -0.174683E-01
171  3.164      1  0 -0.118816      0.258557    
172  3.165      1  0 -0.119727      0.513737    
173  3.166      1  0 -0.121123      0.730611    
174  3.167      1  0 -0.122982      0.889941    
175  3.168      1  0 -0.125266      0.971872    
176  3.169      1  0 -0.127914      0.958418    
177  3.170      1  0 -0.130837      0.837658    
178  3.171      1  0 -0.133913      0.609649    
179  3.172      1  0 -0.136990      0.292796    
180  3.173      1  0 -0.139897     -0.726265E-01
181  3.174      1  0 -0.142467     -0.427920    
182  3.175      1  0 -0.144555     -0.708094    
183  3.176      1  0 -0.146064     -0.859505    
184  3.177      1  0 -0.146958     -0.856059    
185  3.178      1  0 -0.147256     -0.707353    
186  3.179      1  0 -0.147026     -0.456135    
187  3.180      1  0 -0.146365     -0.166964    
188  3.181      1  0 -0.145375      0.895383E-01
189  3.182      1  0 -0.144151      0.252522    
190  3.183      1  0 -0.142763      0.283600    
191  3.184      1  0 -0.141254      0.174126    
192  3.185      1  0 -0.139641     -0.546010E-01
193  3.186      1  0 -0.137921     -0.358537    
194  3.187      1  0 -0.136086     -0.683535    
195  3.188      1  0 -0.134130     -0.979118    
196  3.189      1  0 -0.132065      -1.20860    
197  3.190      1  0 -0.129922      -1.35280    
198  3.191      1  0 -0.127757      -1.40785    
199  3.192      1  0 -0.125640      -1.37987    
200  3.193      1  0 -0.123656      -1.27971    
201  3.194      1  0 -0.121888      -1.11940    
202  3.195      1  0 -0.120416     -0.910746    
203  3.196      1  0 -0.119311     -0.665228    
204  3.197      1  0 -0.118626     -0.394500    
205  3.198      1  0 -0.118400     -0.110905    
206  3.199      1  0 -0.118657      0.172059    
207  3.200      1  0 -0.119407      0.439287    
208  3.201      1  0 -0.120647      0.673700    
209  3.202      1  0 -0.122362      0.856253    
210  3.203      1  0 -0.124519      0.966750    
211  3.204      1  0 -0.127067      0.985887    
212  3.205      1  0 -0.129926      0.898940    
213  3.206      1  0 -0.132983      0.701301    
214  3.207      1  0 -0.136096      0.405101    
215  3.208      1  0 -0.139095      0.441939E-01
216  3.209      1  0 -0.141808     -0.326720    
217  3.210      1  0 -0.144078     -0.641736    
218  3.211      1  0 -0.145789     -0.840573    
219  3.212      1  0 -0.146886     -0.886381    
220  3.213      1  0 -0.147369     -0.777168    
221  3.214      1  0 -0.147296     -0.546666    
222  3.215      1  0 -0.146758     -0.255216    
223  3.216      1  0 -0.145858      0.253587E-01
224  3.217      1  0 -0.144697      0.228281    
225  3.218      1  0 -0.143355      0.306063    
226  3.219      1  0 -0.141882      0.239903    
227  3.220      1  0 -0.140305      0.423073E-01
228  3.221      1  0 -0.138623     -0.247949    
229  3.222      1  0 -0.136829     -0.577363    
230  3.223      1  0 -0.134912     -0.891960    
231  3.224      1  0 -0.132878      -1.14926    
232  3.225      1  0 -0.130750      -1.32420    
233  3.226      1  0 -0.128578      -1.40860    
234  3.227      1  0 -0.126427      -1.40626    
235  3.228      1  0 -0.124379      -1.32736    
236  3.229      1  0 -0.122520      -1.18410    
237  3.230      1  0 -0.120932     -0.988618    
238  3.231      1  0 -0.119689     -0.752629    
239  3.232      1  0 -0.118852     -0.487763    
240  3.233      1  0 -0.118465     -0.206131    
241  3.234      1  0 -0.118555      0.791859E-01
242  3.235      1  0 -0.119138      0.353691    
243  3.236      1  0 -0.120215      0.601038    
244  3.237      1  0 -0.121775      0.802866    
245  3.238      1  0 -0.123792      0.939296    
246  3.239      1  0 -0.126221      0.990520    
247  3.240      1  0 -0.128992      0.939908    
248  3.241      1  0 -0.132002      0.778916    
249  3.242      1  0 -0.135119      0.513483    
250  3.243      1  0 -0.138180      0.169939    
251  3.244      1  0 -0.141010     -0.203470    
252  3.245      1  0 -0.143445     -0.543171    
253  3.246      1  0 -0.145355     -0.785140    
254  3.247      1  0 -0.146660     -0.883185    
255  3.248      1  0 -0.147345     -0.823174    
256  3.249      1  0 -0.147451     -0.627575    
257  3.250      1  0 -0.147057     -0.349332    
258  3.251      1  0 -0.146267     -0.581962E-01
259  3.252      1  0 -0.145184      0.175804    
260  3.253      1  0 -0.143894      0.297657    
261  3.254      1  0 -0.142459      0.278559    
262  3.255      1  0 -0.140911      0.120899    
263  3.256      1  0 -0.139259     -0.144268    
264  3.257      1  0 -0.137495     -0.466875    
265  3.258      1  0 -0.135610     -0.791698    
266  3.259      1  0 -0.133602      -1.07157    
267  3.260      1  0 -0.131489      -1.27554    
268  3.261      1  0 -0.129312      -1.39030    
269  3.262      1  0 -0.127132      -1.41641    
270  3.263      1  0 -0.125027      -1.36252    
271  3.264      1  0 -0.123084      -1.24048    
272  3.265      1  0 -0.121385      -1.06249    
273  3.266      1  0 -0.120011     -0.840244    
274  3.267      1  0 -0.119025     -0.585203    
275  3.268      1  0 -0.118477     -0.309089    
276  3.269      1  0 -0.118400     -0.244224E-01
277  3.270      1  0 -0.118813      0.255014    
278  3.271      1  0 -0.119721      0.513715    
279  3.272      1  0 -0.121118      0.734139    
280  3.273      1  0 -0.122982      0.896902    
281  3.274      1  0 -0.125276      0.981919    
282  3.275      1  0 -0.127939      0.970895    
283  3.276      1  0 -0.130881      0.851534    
284  3.277      1  0 -0.133980      0.623509    
285  3.278      1  0 -0.137083      0.304950    
286  3.279      1  0 -0.140018     -0.638326E-01
287  3.280      1  0 -0.142613     -0.423626    
288  3.281      1  0 -0.144725     -0.708457    
289  3.282      1  0 -0.146253     -0.863497    
290  3.283      1  0 -0.147160     -0.861657    
291  3.284      1  0 -0.147465     -0.712079    
292  3.285      1  0 -0.147237     -0.457711    
293  3.286      1  0 -0.146573     -0.163868    
294  3.287      1  0 -0.145578      0.977687E-01
295  3.288      1  0 -0.144345      0.265240    
296  3.289      1  0 -0.142947      0.299239    
297  3.290      1  0 -0.141427      0.190562    
298  3.291      1  0 -0.139801     -0.395807E-01
299  3.292      1  0 -0.138068     -0.346758    
300  3.293      1  0 -0.136216     -0.676108    
301  3.294      1  0 -0.134242     -0.976359    
302  3.295      1  0 -0.132154      -1.21020    
303  3.296      1  0 -0.129987      -1.35815    
304  3.297      1  0 -0.127795      -1.41631    
305  3.298      1  0 -0.125651      -1.39096    
306  3.299      1  0 -0.123638      -1.29308    
307  3.300      1  0 -0.121843      -1.13481    
308  3.301      1  0 -0.120346     -0.927902    
309  3.302      1  0 -0.119217     -0.683743    
310  3.303      1  0 -0.118511     -0.413815    
311  3.304      1  0 -0.118267     -0.130256    
312  3.305      1  0 -0.118509      0.153671    
313  3.306      1  0 -0.119245      0.423098    
314  3.307      1  0 -0.120474      0.661145    
315  3.308      1  0 -0.122181      0.848868    
316  3.309      1  0 -0.124333      0.966000    
317  3.310      1  0 -0.126880      0.992899    
318  3.311      1  0 -0.129743      0.914120    
319  3.312      1  0 -0.132811      0.723875    
320  3.313      1  0 -0.135943      0.432742    
321  3.314      1  0 -0.138969      0.730491E-01
322  3.315      1  0 -0.141716     -0.301376    
323  3.316      1  0 -0.144025     -0.624308    
324  3.317      1  0 -0.145777     -0.833867    
325  3.318      1  0 -0.146911     -0.890769    
326  3.319      1  0 -0.147426     -0.790520    
327  3.320      1  0 -0.147376     -0.564964    
328  3.321      1  0 -0.146850     -0.273579    
329  3.322      1  0 -0.145955      0.115783E-01
330  3.323      1  0 -0.144790      0.222544    
331  3.324      1  0 -0.143438      0.309976    
332  3.325      1  0 -0.141952      0.252955    
333  3.326      1  0 -0.140360      0.621045E-01
334  3.327      1  0 -0.138663     -0.224983    
335  3.328      1  0 -0.136854     -0.555026    
336  3.329      1  0 -0.134923     -0.873408    
337  3.330      1  0 -0.132874      -1.13652    
338  3.331      1  0 -0.130730      -1.31818    
339  3.332      1  0 -0.128540      -1.40932    
340  3.333      1  0 -0.126369      -1.41328    
341  3.334      1  0 -0.124299      -1.33998    
342  3.335      1  0 -0.122416      -1.20150    
343  3.336      1  0 -0.120804      -1.00988    
344  3.337      1  0 -0.119537     -0.776684    
345  3.338      1  0 -0.118676     -0.513375    
346  3.339      1  0 -0.118266     -0.231897    
347  3.340      1  0 -0.118335      0.548395E-01
348  3.341      1  0 -0.118898      0.332484    
349  3.342      1  0 -0.119957      0.584792    
350  3.343      1  0 -0.121501      0.793391    
351  3.344      1  0 -0.123506      0.938191    
352  3.345      1  0 -0.125928      0.998868    
353  3.346      1  0 -0.128699      0.957856    
354  3.347      1  0 -0.131719      0.805191    
355  3.348      1  0 -0.134856      0.545025    
356  3.349      1  0 -0.137950      0.201959    
357  3.350      1  0 -0.140824     -0.176732    
358  3.351      1  0 -0.143311     -0.527041    
359  3.352      1  0 -0.145274     -0.782929    
360  3.353      1  0 -0.146631     -0.895088    
361  3.354      1  0 -0.147360     -0.846111    
362  3.355      1  0 -0.147498     -0.655978    
363  3.356      1  0 -0.147126     -0.376539    
364  3.357      1  0 -0.146346     -0.779837E-01
365  3.358      1  0 -0.145264      0.167903    
366  3.359      1  0 -0.143970      0.303491    
367  3.360      1  0 -0.142528      0.297081    
368  3.361      1  0 -0.140973      0.148558    
369  3.362      1  0 -0.139316     -0.112536    
370  3.363      1  0 -0.137549     -0.436337    
371  3.364      1  0 -0.135662     -0.766627    
372  3.365      1  0 -0.133653      -1.05456    
373  3.366      1  0 -0.131536      -1.26745    
374  3.367      1  0 -0.129352      -1.39069    
375  3.368      1  0 -0.127161      -1.42410    
376  3.369      1  0 -0.125041      -1.37609    
377  3.370      1  0 -0.123077      -1.25851    
378  3.371      1  0 -0.121355      -1.08366    
379  3.372      1  0 -0.119955     -0.863318    
380  3.373      1  0 -0.118941     -0.608976    
381  3.374      1  0 -0.118365     -0.332365    
382  3.375      1  0 -0.118262     -0.460013E-01
383  3.376      1  0 -0.118649      0.236354    
384  3.377      1  0 -0.119534      0.499214    
385  3.378      1  0 -0.120911      0.725014    
386  3.379      1  0 -0.122759      0.894239    
387  3.380      1  0 -0.125043      0.986481    
388  3.381      1  0 -0.127702      0.982852    
389  3.382      1  0 -0.130650      0.870136    
390  3.383      1  0 -0.133766      0.646780    
391  3.384      1  0 -0.136896      0.329603    
392  3.385      1  0 -0.139870     -0.420360E-01
393  3.386      1  0 -0.142512     -0.408955    
394  3.387      1  0 -0.144673     -0.703973    
395  3.388      1  0 -0.146252     -0.869993    
396  3.389      1  0 -0.147203     -0.877258    
397  3.390      1  0 -0.147545     -0.732672    
398  3.391      1  0 -0.147344     -0.478004    
399  3.392      1  0 -0.146698     -0.178685    
400  3.393      1  0 -0.145713      0.923279E-01
401  3.394      1  0 -0.144487      0.271018    
402  3.395      1  0 -0.143092      0.315714    
403  3.396      1  0 -0.141574      0.215073    
404  3.397      1  0 -0.139951     -0.111144E-01
405  3.398      1  0 -0.138221     -0.318800    
406  3.399      1  0 -0.136374     -0.652462    
407  3.400      1  0 -0.134401     -0.959465    
408  3.401      1  0 -0.132314      -1.20098    
409  3.402      1  0 -0.130141      -1.35629    
410  3.403      1  0 -0.127939      -1.42080    
411  3.404      1  0 -0.125778      -1.40058    
412  3.405      1  0 -0.123744      -1.30671    
413  3.406      1  0 -0.121922      -1.15148    
414  3.407      1  0 -0.120396     -0.946810    
415  3.408      1  0 -0.119235     -0.704157    
416  3.409      1  0 -0.118498     -0.435010    
417  3.410      1  0 -0.118222     -0.151454    
418  3.411      1  0 -0.118433      0.133349    
419  3.412      1  0 -0.119140      0.404680    
420  3.413      1  0 -0.120343      0.645829    
421  3.414      1  0 -0.122026      0.837995    
422  3.415      1  0 -0.124159      0.960942    
423  3.416      1  0 -0.126692      0.994861    
424  3.417      1  0 -0.129548      0.923827    
425  3.418      1  0 -0.132619      0.741138    
426  3.419      1  0 -0.135764      0.456010    
427  3.420      1  0 -0.138815      0.992071E-01
428  3.421      1  0 -0.141597     -0.276641    
429  3.422      1  0 -0.143948     -0.605513    
430  3.423      1  0 -0.145748     -0.824418    
431  3.424      1  0 -0.146930     -0.891892    
432  3.425      1  0 -0.147489     -0.800882    
433  3.426      1  0 -0.147476     -0.581079    
434  3.427      1  0 -0.146980     -0.290754    
435  3.428      1  0 -0.146105     -0.189591E-02
436  3.429      1  0 -0.144954      0.216561    
437  3.430      1  0 -0.143610      0.313543    
438  3.431      1  0 -0.142129      0.266026    
439  3.432      1  0 -0.140539      0.826467E-01
440  3.433      1  0 -0.138844     -0.200382    
441  3.434      1  0 -0.137035     -0.530225    
442  3.435      1  0 -0.135104     -0.851769    
443  3.436      1  0 -0.133052      -1.12031    
444  3.437      1  0 -0.130902      -1.30845    
445  3.438      1  0 -0.128701      -1.40618    
446  3.439      1  0 -0.126514      -1.41629    
447  3.440      1  0 -0.124424      -1.34851    
448  3.441      1  0 -0.122515      -1.21489    
449  3.442      1  0 -0.120873      -1.02748    
450  3.443      1  0 -0.119574     -0.797793    
451  3.444      1  0 -0.118679     -0.537202    
452  3.445      1  0 -0.118234     -0.257482    
453  3.446      1  0 -0.118268      0.286672E-01
454  3.447      1  0 -0.118796      0.307148    
455  3.448      1  0 -0.119822      0.561991    
456  3.449      1  0 -0.121335      0.775082    
457  3.450      1  0 -0.123311      0.926481    
458  3.451      1  0 -0.125708      0.995799    
459  3.452      1  0 -0.128460      0.965017    
460  3.453      1  0 -0.131471      0.823155    
461  3.454      1  0 -0.134610      0.572681    
462  3.455      1  0 -0.137720      0.236033    
463  3.456      1  0 -0.140624     -0.141548    
464  3.457      1  0 -0.143153     -0.497084    
465  3.458      1  0 -0.145167     -0.763906    
466  3.459      1  0 -0.146580     -0.890408    
467  3.460      1  0 -0.147363     -0.855880    
468  3.461      1  0 -0.147549     -0.677006    
469  3.462      1  0 -0.147215     -0.403230    
470  3.463      1  0 -0.146463     -0.103728    
471  3.464      1  0 -0.145398      0.149239    
472  3.465      1  0 -0.144113      0.296285    
473  3.466      1  0 -0.142674      0.303094    
474  3.467      1  0 -0.141120      0.166681    
475  3.468      1  0 -0.139463     -0.858230E-01
476  3.469      1  0 -0.137696     -0.405903    
477  3.470      1  0 -0.135810     -0.737380    
478  3.471      1  0 -0.133801      -1.03037    
479  3.472      1  0 -0.131684      -1.25065    
480  3.473      1  0 -0.129495      -1.38214    
481  3.474      1  0 -0.127295      -1.42363    
482  3.475      1  0 -0.125161      -1.38297    
483  3.476      1  0 -0.123176      -1.27179    
484  3.477      1  0 -0.121429      -1.10232    
485  3.478      1  0 -0.119997     -0.886305    
486  3.479      1  0 -0.118950     -0.635129    
487  3.480      1  0 -0.118338     -0.360409    
488  3.481      1  0 -0.118196     -0.745066E-01
489  3.482      1  0 -0.118546      0.208993    
490  3.483      1  0 -0.119393      0.474794    
491  3.484      1  0 -0.120733      0.705510    
492  3.485      1  0 -0.122547      0.881711    
493  3.486      1  0 -0.124800      0.982874    
494  3.487      1  0 -0.127436      0.989644    
495  3.488      1  0 -0.130369      0.887827    
496  3.489      1  0 -0.133483      0.674273    
497  3.490      1  0 -0.136626      0.363712    
498  3.491      1  0 -0.139627     -0.655386E-02
499  3.492      1  0 -0.142312     -0.378542    
500  3.493      1  0 -0.144527     -0.684668    
501  3.494      1  0 -0.146164     -0.865651    
502  3.495      1  0 -0.147173     -0.888340    
503  3.496      1  0 -0.147566     -0.756060    
504  3.497      1  0 -0.147408     -0.507835    
505  3.498      1  0 -0.146793     -0.207826    
506  3.499      1  0 -0.145829      0.706331E-01
507  3.500      1  0 -0.144614      0.261711    
508  3.501      1  0 -0.143226      0.320943    
509  3.502      1  0 -0.141712      0.233862    
510  3.503      1  0 -0.140093      0.175571E-01
511  3.504      1  0 -0.138368     -0.285543    
512  3.505      1  0 -0.136527     -0.620115    
513  3.506      1  0 -0.134562     -0.932471    
514  3.507      1  0 -0.132481      -1.18204    
515  3.508      1  0 -0.130311      -1.34637    
516  3.509      1  0 -0.128106      -1.41957    
517  3.510      1  0 -0.125937      -1.40701    
518  3.511      1  0 -0.123886      -1.31951    
519  3.512      1  0 -0.122041      -1.16938    
520  3.513      1  0 -0.120486     -0.968597    
521  3.514      1  0 -0.119291     -0.728658    
522  3.515      1  0 -0.118516     -0.461042    
523  3.516      1  0 -0.118201     -0.177789    
524  3.517      1  0 -0.118371      0.108019    
525  3.518      1  0 -0.119038      0.381780    
526  3.519      1  0 -0.120202      0.626916    
527  3.520      1  0 -0.121848      0.824727    
528  3.521      1  0 -0.123948      0.954954    
529  3.522      1  0 -0.126455      0.997529    
530  3.523      1  0 -0.129293      0.935892    
531  3.524      1  0 -0.132356      0.762205    
532  3.525      1  0 -0.135507      0.484045    
533  3.526      1  0 -0.138580      0.130324    
534  3.527      1  0 -0.141397     -0.247755    
535  3.528      1  0 -0.143796     -0.584419    
536  3.529      1  0 -0.145650     -0.815339    
537  3.530      1  0 -0.146887     -0.896370    
538  3.531      1  0 -0.147498     -0.817240    
539  3.532      1  0 -0.147530     -0.604861    
540  3.533      1  0 -0.147069     -0.315899    
541  3.534      1  0 -0.146221     -0.222073E-01
542  3.535      1  0 -0.145088      0.206046    
543  3.536      1  0 -0.143756      0.315539    
544  3.537      1  0 -0.142284      0.280518    
545  3.538      1  0 -0.140701      0.107042    
546  3.539      1  0 -0.139015     -0.170472    
547  3.540      1  0 -0.137216     -0.499779    
548  3.541      1  0 -0.135294     -0.825146    
549  3.542      1  0 -0.133250      -1.10043    
550  3.543      1  0 -0.131105      -1.29661    
551  3.544      1  0 -0.128904      -1.40233    
552  3.545      1  0 -0.126710      -1.41963    
553  3.546      1  0 -0.124604      -1.35793    
554  3.547      1  0 -0.122674      -1.22930    
555  3.548      1  0 -0.121004      -1.04588    
556  3.549      1  0 -0.119670     -0.819262    
557  3.550      1  0 -0.118737     -0.560824    
558  3.551      1  0 -0.118251     -0.282299    
559  3.552      1  0 -0.118243      0.371237E-02
560  3.553      1  0 -0.118730      0.283263    
561  3.554      1  0 -0.119714      0.540582    
562  3.555      1  0 -0.121188      0.757767    
563  3.556      1  0 -0.123128      0.915035    
564  3.557      1  0 -0.125493      0.991982    
565  3.558      1  0 -0.128220      0.970280    
566  3.559      1  0 -0.131215      0.838161    
567  3.560      1  0 -0.134351      0.596704    
568  3.561      1  0 -0.137471      0.266445    
569  3.562      1  0 -0.140401     -0.109305    
570  3.563      1  0 -0.142969     -0.468730    
571  3.564      1  0 -0.145033     -0.744862    
572  3.565      1  0 -0.146499     -0.884185    
573  3.566      1  0 -0.147337     -0.862998    
574  3.567      1  0 -0.147573     -0.694854    
575  3.568      1  0 -0.147281     -0.426813    
576  3.569      1  0 -0.146561     -0.126952    
577  3.570      1  0 -0.145521      0.132153    
578  3.571      1  0 -0.144252      0.289569    
579  3.572      1  0 -0.142825      0.308594    
580  3.573      1  0 -0.141279      0.183569    
581  3.574      1  0 -0.139629     -0.606835E-01
582  3.575      1  0 -0.137871     -0.377007    
583  3.576      1  0 -0.135993     -0.709361    
584  3.577      1  0 -0.133991      -1.00694    
585  3.578      1  0 -0.131878      -1.23406    
586  3.579      1  0 -0.129690      -1.37320    
587  3.580      1  0 -0.127485      -1.42215    
588  3.581      1  0 -0.125338      -1.38823    
589  3.582      1  0 -0.123334      -1.28291    
590  3.583      1  0 -0.121561      -1.11842    
591  3.584      1  0 -0.120097     -0.906506    
592  3.585      1  0 -0.119013     -0.658540    
593  3.586      1  0 -0.118361     -0.386043    
594  3.587      1  0 -0.118177     -0.101237    
595  3.588      1  0 -0.118483      0.182479    
596  3.589      1  0 -0.119287      0.450044    
597  3.590      1  0 -0.120585      0.684325    
598  3.591      1  0 -0.122359      0.866112    
599  3.592      1  0 -0.124576      0.974962    
600  3.593      1  0 -0.127181      0.991313    
601  3.594      1  0 -0.130092      0.900294    
602  3.595      1  0 -0.133194      0.697428    
603  3.596      1  0 -0.136340      0.395458    
604  3.597      1  0 -0.139361      0.294218E-01
605  3.598      1  0 -0.142081     -0.344439    
606  3.599      1  0 -0.144343     -0.658888    
607  3.600      1  0 -0.146036     -0.853175    
608  3.601      1  0 -0.147103     -0.891185    
609  3.602      1  0 -0.147551     -0.772690    
610  3.603      1  0 -0.147440     -0.533621    
611  3.604      1  0 -0.146863     -0.236271    
612  3.605      1  0 -0.145927      0.463434E-01
613  3.606      1  0 -0.144731      0.247216    
614  3.607      1  0 -0.143355      0.319556    
615  3.608      1  0 -0.141849      0.245957    
616  3.609      1  0 -0.140237      0.406693E-01
617  3.610      1  0 -0.138519     -0.255901    
618  3.611      1  0 -0.136687     -0.589159    
619  3.612      1  0 -0.134731     -0.904844    
620  3.613      1  0 -0.132657      -1.16095    
621  3.614      1  0 -0.130491      -1.33336    
622  3.615      1  0 -0.128286      -1.41486    
623  3.616      1  0 -0.126109      -1.40997    
624  3.617      1  0 -0.124044      -1.32919    
625  3.618      1  0 -0.122177      -1.18472    
626  3.619      1  0 -0.120593     -0.988558    
627  3.620      1  0 -0.119365     -0.752169    
628  3.621      1  0 -0.118551     -0.486980    
629  3.622      1  0 -0.118194     -0.204929    
630  3.623      1  0 -0.118321      0.810390E-01
631  3.624      1  0 -0.118944      0.356496    
632  3.625      1  0 -0.120064      0.605066    
633  3.626      1  0 -0.121668      0.808227    
634  3.627      1  0 -0.123730      0.945794    
635  3.628      1  0 -0.126203      0.997530    
636  3.629      1  0 -0.129015      0.946306    
637  3.630      1  0 -0.132064      0.783141    
638  3.631      1  0 -0.135214      0.513830    
639  3.632      1  0 -0.138301      0.165127    
640  3.633      1  0 -0.141150     -0.213635    
641  3.634      1  0 -0.143594     -0.557393    
642  3.635      1  0 -0.145503     -0.800787    
643  3.636      1  0 -0.146799     -0.897009    
644  3.637      1  0 -0.147466     -0.832267    
645  3.638      1  0 -0.147548     -0.630172    
646  3.639      1  0 -0.147128     -0.345184    
647  3.640      1  0 -0.146310     -0.484925E-01
648  3.641      1  0 -0.145198      0.188828    
649  3.642      1  0 -0.143880      0.311289    
650  3.643      1  0 -0.142418      0.290225    
651  3.644      1  0 -0.140844      0.128730    
652  3.645      1  0 -0.139167     -0.141071    
653  3.646      1  0 -0.137379     -0.467984    
654  3.647      1  0 -0.135468     -0.795956    
655  3.648      1  0 -0.133436      -1.07750    
656  3.649      1  0 -0.131299      -1.28184    
657  3.650      1  0 -0.129101      -1.39610    
658  3.651      1  0 -0.126905      -1.42132    
659  3.652      1  0 -0.124789      -1.36645    
660  3.653      1  0 -0.122840      -1.24345    
661  3.654      1  0 -0.121144      -1.06452    
662  3.655      1  0 -0.119778     -0.841303    
663  3.656      1  0 -0.118808     -0.585179    
664  3.657      1  0 -0.118281     -0.307849    
665  3.658      1  0 -0.118230     -0.218371E-01
666  3.659      1  0 -0.118672      0.259027    
667  3.660      1  0 -0.119613      0.519131    
668  3.661      1  0 -0.121044      0.740742    
669  3.662      1  0 -0.122944      0.904185    
670  3.663      1  0 -0.125274      0.989008    
671  3.664      1  0 -0.127973      0.976527    
672  3.665      1  0 -0.130949      0.854160    
673  3.666      1  0 -0.134079      0.621586    
674  3.667      1  0 -0.137208      0.297452    
675  3.668      1  0 -0.140163     -0.768369E-01
676  3.669      1  0 -0.142770     -0.440616    
677  3.670      1  0 -0.144883     -0.726597    
678  3.671      1  0 -0.146406     -0.879309    
679  3.672      1  0 -0.147299     -0.871970    
680  3.673      1  0 -0.147585     -0.714886    
681  3.674      1  0 -0.147336     -0.452633    
682  3.675      1  0 -0.146650     -0.152160    
683  3.676      1  0 -0.145634      0.113602    
684  3.677      1  0 -0.144383      0.282065    
685  3.678      1  0 -0.142969      0.314001    
686  3.679      1  0 -0.141434      0.200945    
687  3.680      1  0 -0.139795     -0.346921E-01
688  3.681      1  0 -0.138048     -0.347168    
689  3.682      1  0 -0.136182     -0.680568    
690  3.683      1  0 -0.134192     -0.983096    
691  3.684      1  0 -0.132088      -1.21749    
692  3.685      1  0 -0.129906      -1.36467    
693  3.686      1  0 -0.127699      -1.42132    
694  3.687      1  0 -0.125544      -1.39418    
695  3.688      1  0 -0.123524      -1.29454    
696  3.689      1  0 -0.121727      -1.13467    
697  3.690      1  0 -0.120233     -0.926405    
698  3.691      1  0 -0.119112     -0.681135    
699  3.692      1  0 -0.118420     -0.410359    
700  3.693      1  0 -0.118193     -0.126226    
701  3.694      1  0 -0.118455      0.157986    
702  3.695      1  0 -0.119215      0.427388    
703  3.696      1  0 -0.120470      0.665054    
704  3.697      1  0 -0.122202      0.851963    
705  3.698      1  0 -0.124381      0.967753    
706  3.699      1  0 -0.126954      0.992709    
707  3.700      1  0 -0.129841      0.911406    
708  3.701      1  0 -0.132931      0.718245    
709  3.702      1  0 -0.136079      0.424238    
710  3.703      1  0 -0.139116      0.623748E-01
711  3.704      1  0 -0.141868     -0.312771    
712  3.705      1  0 -0.144175     -0.634428    
713  3.706      1  0 -0.145919     -0.840650    
714  3.707      1  0 -0.147042     -0.892676    
715  3.708      1  0 -0.147543     -0.787000    
716  3.709      1  0 -0.147479     -0.556627    
717  3.710      1  0 -0.146940     -0.262032    
718  3.711      1  0 -0.146032      0.241439E-01
719  3.712      1  0 -0.144857      0.233870    
720  3.713      1  0 -0.143495      0.318240    
721  3.714      1  0 -0.142000      0.257143    
722  3.715      1  0 -0.140398      0.621711E-01
723  3.716      1  0 -0.138690     -0.228201    
724  3.717      1  0 -0.136868     -0.560130    
725  3.718      1  0 -0.134923     -0.878870    
726  3.719      1  0 -0.132858      -1.14109    
727  3.720      1  0 -0.130699      -1.32110    
728  3.721      1  0 -0.128494      -1.41039    
729  3.722      1  0 -0.126311      -1.41269    
730  3.723      1  0 -0.124232      -1.33817    
731  3.724      1  0 -0.122345      -1.19896    
732  3.725      1  0 -0.120732      -1.00711    
733  3.726      1  0 -0.119469     -0.774086    
734  3.727      1  0 -0.118617     -0.511286    
735  3.728      1  0 -0.118218     -0.230557    
736  3.729      1  0 -0.118301      0.552875E-01
737  3.730      1  0 -0.118880      0.331996    
738  3.731      1  0 -0.119955      0.583410    
739  3.732      1  0 -0.121517      0.791222    
740  3.733      1  0 -0.123539      0.935385    
741  3.734      1  0 -0.125976      0.995600    
742  3.735      1  0 -0.128760      0.954314    
743  3.736      1  0 -0.131791      0.801572    
744  3.737      1  0 -0.134936      0.541546    
745  3.738      1  0 -0.138034      0.198876    
746  3.739      1  0 -0.140910     -0.179100    
747  3.740      1  0 -0.143395     -0.528338    
748  3.741      1  0 -0.145355     -0.782847    
749  3.742      1  0 -0.146706     -0.893510    
750  3.743      1  0 -0.147430     -0.843215    
751  3.744      1  0 -0.147562     -0.652250    
752  3.745      1  0 -0.147183     -0.372671    
753  3.746      1  0 -0.146397     -0.746936E-01
754  3.747      1  0 -0.145308      0.170058    
755  3.748      1  0 -0.144006      0.304246    
756  3.749      1  0 -0.142554      0.296517    
757  3.750      1  0 -0.140990      0.147060    
758  3.751      1  0 -0.139321     -0.114388    
759  3.752      1  0 -0.137543     -0.437920    
760  3.753      1  0 -0.135643     -0.767434    
761  3.754      1  0 -0.133621      -1.05431    
762  3.755      1  0 -0.131492      -1.26616    
763  3.756      1  0 -0.129298      -1.38860    
764  3.757      1  0 -0.127099      -1.42160    
765  3.758      1  0 -0.124973      -1.37362    
766  3.759      1  0 -0.123007      -1.25644    
767  3.760      1  0 -0.121286      -1.08226    
768  3.761      1  0 -0.119889     -0.862762    
769  3.762      1  0 -0.118881     -0.609305    
770  3.763      1  0 -0.118314     -0.333529    
771  3.764      1  0 -0.118220     -0.478570E-01
772  3.765      1  0 -0.118618      0.234022    
773  3.766      1  0 -0.119514      0.496674    
774  3.767      1  0 -0.120901      0.722555    
775  3.768      1  0 -0.122760      0.892131    
776  3.769      1  0 -0.125053      0.984931    
777  3.770      1  0 -0.127721      0.981948    
778  3.771      1  0 -0.130676      0.869804    
779  3.772      1  0 -0.133798      0.646771    
780  3.773      1  0 -0.136933      0.329541    
781  3.774      1  0 -0.139910     -0.425311E-01
782  3.775      1  0 -0.142554     -0.410121    
783  3.776      1  0 -0.144717     -0.705816    
784  3.777      1  0 -0.146294     -0.872288    
785  3.778      1  0 -0.147244     -0.879648    
786  3.779      1  0 -0.147582     -0.734788    
787  3.780      1  0 -0.147377     -0.479557    
788  3.781      1  0 -0.146726     -0.179507    
789  3.782      1  0 -0.145735      0.922726E-01
790  3.783      1  0 -0.144502      0.271652    
791  3.784      1  0 -0.143100      0.316875    
792  3.785      1  0 -0.141575      0.216553    
793  3.786      1  0 -0.139945     -0.950864E-02
794  3.787      1  0 -0.138208     -0.317207    
795  3.788      1  0 -0.136354     -0.650942    
796  3.789      1  0 -0.134376     -0.958032    
797  3.790      1  0 -0.132283      -1.19963    
798  3.791      1  0 -0.130107      -1.35504    
799  3.792      1  0 -0.127901      -1.41971    
800  3.793      1  0 -0.125739      -1.39969    
801  3.794      1  0 -0.123705      -1.30605    
802  3.795      1  0 -0.121885      -1.15106    
803  3.796      1  0 -0.120362     -0.946599    
804  3.797      1  0 -0.119207     -0.704092    
805  3.798      1  0 -0.118475     -0.435019    
806  3.799      1  0 -0.118206     -0.151466    
807  3.800      1  0 -0.118424      0.133393    
808  3.801      1  0 -0.119140      0.404815    
809  3.802      1  0 -0.120350      0.646050    
810  3.803      1  0 -0.122041      0.838235    
811  3.804      1  0 -0.124182      0.961056    
812  3.805      1  0 -0.126723      0.994622    
813  3.806      1  0 -0.129586      0.922942    
814  3.807      1  0 -0.132662      0.739304    
815  3.808      1  0 -0.135811      0.453028    
816  3.809      1  0 -0.138865      0.951100E-01
817  3.810      1  0 -0.141648     -0.281505    
818  3.811      1  0 -0.143999     -0.610506    
819  3.812      1  0 -0.145796     -0.828757    
820  3.813      1  0 -0.146974     -0.894865    
821  3.814      1  0 -0.147529     -0.802036    
822  3.815      1  0 -0.147511     -0.580331    
823  3.816      1  0 -0.147010     -0.288390    
824  3.817      1  0 -0.146130      0.151321E-02
825  3.818      1  0 -0.144976      0.220300    
826  3.819      1  0 -0.143628      0.316914    
827  3.820      1  0 -0.142145      0.268501    
828  3.821      1  0 -0.140552      0.839720E-01
829  3.822      1  0 -0.138855     -0.200154    
830  3.823      1  0 -0.137045     -0.530795    
831  3.824      1  0 -0.135111     -0.852716    
832  3.825      1  0 -0.133057      -1.12122    
833  3.826      1  0 -0.130906      -1.30901    
834  3.827      1  0 -0.128703      -1.40622    
835  3.828      1  0 -0.126516      -1.41575    
836  3.829      1  0 -0.124425      -1.34742    
837  3.830      1  0 -0.122518      -1.21333    
838  3.831      1  0 -0.120878      -1.02555    
839  3.832      1  0 -0.119582     -0.795640    
840  3.833      1  0 -0.118692     -0.534966    
841  3.834      1  0 -0.118251     -0.255329    
842  3.835      1  0 -0.118291      0.305570E-01
843  3.836      1  0 -0.118826      0.308584    
844  3.837      1  0 -0.119857      0.562779    
845  3.838      1  0 -0.121376      0.775030    
846  3.839      1  0 -0.123358      0.925415    
847  3.840      1  0 -0.125761      0.993589    
848  3.841      1  0 -0.128517      0.961627    
849  3.842      1  0 -0.131530      0.818710    
850  3.843      1  0 -0.134670      0.567528    
851  3.844      1  0 -0.137778      0.230763    
852  3.845      1  0 -0.140679     -0.146161    
853  3.846      1  0 -0.143203     -0.500248    
854  3.847      1  0 -0.145212     -0.765026    
855  3.848      1  0 -0.146618     -0.889277    
856  3.849      1  0 -0.147396     -0.852757    
857  3.850      1  0 -0.147577     -0.672561    
858  3.851      1  0 -0.147240     -0.398385    
859  3.852      1  0 -0.146486     -0.994441E-01
860  3.853      1  0 -0.145420      0.152176    
861  3.854      1  0 -0.144135      0.297423    
862  3.855      1  0 -0.142696      0.302400    
863  3.856      1  0 -0.141141      0.164523    
864  3.857      1  0 -0.139482     -0.887938E-01
865  3.858      1  0 -0.137714     -0.408934    
866  3.859      1  0 -0.135826     -0.739810    
867  3.860      1  0 -0.133814      -1.03176    
868  3.861      1  0 -0.131694      -1.25083    
869  3.862      1  0 -0.129503      -1.38116    
870  3.863      1  0 -0.127302      -1.42170    
871  3.864      1  0 -0.125167      -1.38037    
872  3.865      1  0 -0.123183      -1.26881    
873  3.866      1  0 -0.121437      -1.09924    
874  3.867      1  0 -0.120009     -0.883373    
875  3.868      1  0 -0.118965     -0.632568    
876  3.869      1  0 -0.118358     -0.358410    
877  3.870      1  0 -0.118221     -0.732281E-01
878  3.871      1  0 -0.118575      0.209432    
879  3.872      1  0 -0.119427      0.474318    
880  3.873      1  0 -0.120771      0.704093    
881  3.874      1  0 -0.122589      0.879386    
882  3.875      1  0 -0.124845      0.979753    
883  3.876      1  0 -0.127482      0.985940    
884  3.877      1  0 -0.130415      0.883866    
885  3.878      1  0 -0.133526      0.670500    
886  3.879      1  0 -0.136665      0.360647    
887  3.880      1  0 -0.139662     -0.840599E-02
888  3.881      1  0 -0.142341     -0.378822    
889  3.882      1  0 -0.144550     -0.683292    
890  3.883      1  0 -0.146181     -0.862886    
891  3.884      1  0 -0.147186     -0.884773    
892  3.885      1  0 -0.147577     -0.752471    
893  3.886      1  0 -0.147417     -0.505014    
894  3.887      1  0 -0.146801     -0.206390    
895  3.888      1  0 -0.145837      0.703787E-01
896  3.889      1  0 -0.144622      0.259826    
897  3.890      1  0 -0.143233      0.317831    
898  3.891      1  0 -0.141717      0.230161    
899  3.892      1  0 -0.140096      0.139848E-01
900  3.893      1  0 -0.138369     -0.288355    
901  3.894      1  0 -0.136526     -0.621754    
902  3.895      1  0 -0.134559     -0.932797    
903  3.896      1  0 -0.132475      -1.18116    
904  3.897      1  0 -0.130305      -1.34455    
905  3.898      1  0 -0.128100      -1.41715    
906  3.899      1  0 -0.125932      -1.40430    
907  3.900      1  0 -0.123883      -1.31679    
908  3.901      1  0 -0.122042      -1.16684    
909  3.902      1  0 -0.120490     -0.966392    
910  3.903      1  0 -0.119300     -0.726875    
911  3.904      1  0 -0.118530     -0.459738    
912  3.905      1  0 -0.118219     -0.176990    
913  3.906      1  0 -0.118394      0.108311    
914  3.907      1  0 -0.119065      0.381579    
915  3.908      1  0 -0.120232      0.626250    
916  3.909      1  0 -0.121881      0.823631    
917  3.910      1  0 -0.123983      0.953478    
918  3.911      1  0 -0.126490      0.995741    
919  3.912      1  0 -0.129328      0.933887    
920  3.913      1  0 -0.132390      0.760112    
921  3.914      1  0 -0.135538      0.482035    
922  3.915      1  0 -0.138607      0.128606    
923  3.916      1  0 -0.141421     -0.248971    
924  3.917      1  0 -0.143815     -0.584986    
925  3.918      1  0 -0.145665     -0.815244    
926  3.919      1  0 -0.146898     -0.895765    
927  3.920      1  0 -0.147506     -0.816414    
928  3.921      1  0 -0.147536     -0.604166    
929  3.922      1  0 -0.147073     -0.315652    
930  3.923      1  0 -0.146223     -0.226103E-01
931  3.924      1  0 -0.145089      0.204947    
932  3.925      1  0 -0.143756      0.313860    
933  3.926      1  0 -0.142283      0.278503    
934  3.927      1  0 -0.140700      0.105006    
935  3.928      1  0 -0.139013     -0.172217    
936  3.929      1  0 -0.137213     -0.500994    
937  3.930      1  0 -0.135291     -0.825711    
938  3.931      1  0 -0.133248      -1.10035    
939  3.932      1  0 -0.131105      -1.29597    
940  3.933      1  0 -0.128905      -1.40128    
941  3.934      1  0 -0.126714      -1.41828    
942  3.935      1  0 -0.124612      -1.35638    
943  3.936      1  0 -0.122686      -1.22761    
944  3.937      1  0 -0.121020      -1.04409    
945  3.938      1  0 -0.119692     -0.817393    
946  3.939      1  0 -0.118763     -0.558910    
947  3.940      1  0 -0.118282     -0.280383    
948  3.941      1  0 -0.118279      0.556321E-02
949  3.942      1  0 -0.118769      0.284953    
950  3.943      1  0 -0.119757      0.541984    
951  3.944      1  0 -0.121234      0.758722    
952  3.945      1  0 -0.123176      0.915361    
953  3.946      1  0 -0.125543      0.991498    
954  3.947      1  0 -0.128271      0.968841    
955  3.948      1  0 -0.131266      0.835714    
956  3.949      1  0 -0.134401      0.593361    
957  3.950      1  0 -0.137518      0.262533    
958  3.951      1  0 -0.140444     -0.113251    
959  3.952      1  0 -0.143007     -0.472077    
960  3.953      1  0 -0.145065     -0.747051    
961  3.954      1  0 -0.146526     -0.884899    
962  3.955      1  0 -0.147358     -0.862257    
963  3.956      1  0 -0.147589     -0.692999    
964  3.957      1  0 -0.147293     -0.424404    
965  3.958      1  0 -0.146572     -0.124631    
966  3.959      1  0 -0.145530      0.133811    
967  3.960      1  0 -0.144261      0.290166    
968  3.961      1  0 -0.142834      0.307990    
969  3.962      1  0 -0.141289      0.181897    
970  3.963      1  0 -0.139640     -0.630680E-01
971  3.964      1  0 -0.137882     -0.379634    
972  3.965      1  0 -0.136005     -0.711772    
973  3.966      1  0 -0.134005      -1.00879    
974  3.967      1  0 -0.131894      -1.23516    
975  3.968      1  0 -0.129708      -1.37350    
976  3.969      1  0 -0.127505      -1.42168    
977  3.970      1  0 -0.125361      -1.38707    
978  3.971      1  0 -0.123361      -1.28114    
979  3.972      1  0 -0.121592      -1.11615    
980  3.973      1  0 -0.120133     -0.903844    
981  3.974      1  0 -0.119053     -0.655618    
982  3.975      1  0 -0.118405     -0.383014    
983  3.976      1  0 -0.118226     -0.982776E-01
984  3.977      1  0 -0.118536      0.185166    
985  3.978      1  0 -0.119344      0.452233    
986  3.979      1  0 -0.120646      0.685777    
987  3.980      1  0 -0.122422      0.866590    
988  3.981      1  0 -0.124641      0.974262    
989  3.982      1  0 -0.127247      0.989316    
990  3.983      1  0 -0.130158      0.897031    
991  3.984      1  0 -0.133258      0.693154    
992  3.985      1  0 -0.136401      0.390694    
993  3.986      1  0 -0.139417      0.249179E-01
994  3.987      1  0 -0.142129     -0.347854    
995  3.988      1  0 -0.144384     -0.660532    
996  3.989      1  0 -0.146069     -0.852730    
997  3.990      1  0 -0.147129     -0.888807    
998  3.991      1  0 -0.147571     -0.768974    
999  3.992      1  0 -0.147456     -0.529447    
