# Pazy Wing (simplified : constant stiffness properties)                          
# Operating point sequence...
# i     t     conv	stall	 RY pos[ 1]    Theta[ 1]    
  1  2.994      1  0 -0.147039     -0.680808    
  2  2.995      1  0 -0.145956     -0.752612    
  3  2.996      1  0 -0.144928     -0.805909    
  4  2.997      1  0 -0.143994     -0.834176    
  5  2.998      1  0 -0.143183     -0.834165    
  6  2.999      1  0 -0.142521     -0.805486    
  7  3.000      1  0 -0.142032     -0.749825    
  8  3.001      1  0 -0.141733     -0.670274    
  9  3.002      1  0 -0.141636     -0.571056    
 10  3.003      1  0 -0.141749     -0.457393    
 11  3.004      1  0 -0.142074     -0.335388    
 12  3.005      1  0 -0.142605     -0.211921    
 13  3.006      1  0 -0.143333     -0.944717E-01
 14  3.007      1  0 -0.144241      0.921674E-02
 15  3.008      1  0 -0.145308      0.917200E-01
 16  3.009      1  0 -0.146503      0.146736    
 17  3.010      1  0 -0.147790      0.170027    
 18  3.011      1  0 -0.149128      0.160339    
 19  3.012      1  0 -0.150469      0.120061    
 20  3.013      1  0 -0.151762      0.553952E-01
 21  3.014      1  0 -0.152956     -0.241681E-01
 22  3.015      1  0 -0.154003     -0.107121    
 23  3.016      1  0 -0.154861     -0.181822    
 24  3.017      1  0 -0.155498     -0.238640    
 25  3.018      1  0 -0.155894     -0.271869    
 26  3.019      1  0 -0.156042     -0.280902    
 27  3.020      1  0 -0.155947     -0.270325    
 28  3.021      1  0 -0.155625     -0.248889    
 29  3.022      1  0 -0.155099     -0.227592    
 30  3.023      1  0 -0.154398     -0.217362    
 31  3.024      1  0 -0.153550     -0.226861    
 32  3.025      1  0 -0.152585     -0.260888    
 33  3.026      1  0 -0.151533     -0.319663    
 34  3.027      1  0 -0.150418     -0.399050    
 35  3.028      1  0 -0.149269     -0.491576    
 36  3.029      1  0 -0.148110     -0.587897    
 37  3.030      1  0 -0.146967     -0.678350    
 38  3.031      1  0 -0.145869     -0.754248    
 39  3.032      1  0 -0.144842     -0.808734    
 40  3.033      1  0 -0.143915     -0.837171    
 41  3.034      1  0 -0.143116     -0.837159    
 42  3.035      1  0 -0.142468     -0.808336    
 43  3.036      1  0 -0.141995     -0.752107    
 44  3.037      1  0 -0.141712     -0.671380    
 45  3.038      1  0 -0.141633     -0.570359    
 46  3.039      1  0 -0.141763     -0.454394    
 47  3.040      1  0 -0.142104     -0.329844    
 48  3.041      1  0 -0.142650     -0.203915    
 49  3.042      1  0 -0.143392     -0.844090E-01
 50  3.043      1  0 -0.144312      0.206689E-01
 51  3.044      1  0 -0.145387      0.103700    
 52  3.045      1  0 -0.146590      0.158241    
 53  3.046      1  0 -0.147884      0.179968    
 54  3.047      1  0 -0.149228      0.167632    
 55  3.048      1  0 -0.150574      0.123791    
 56  3.049      1  0 -0.151871      0.550327E-01
 57  3.050      1  0 -0.153066     -0.285688E-01
 58  3.051      1  0 -0.154111     -0.114843    
 59  3.052      1  0 -0.154964     -0.191584    
 60  3.053      1  0 -0.155591     -0.248860    
 61  3.054      1  0 -0.155974     -0.280994    
 62  3.055      1  0 -0.156106     -0.287704    
 63  3.056      1  0 -0.155992     -0.274100    
 64  3.057      1  0 -0.155650     -0.249533    
 65  3.058      1  0 -0.155105     -0.225580    
 66  3.059      1  0 -0.154385     -0.213630    
 67  3.060      1  0 -0.153521     -0.222623    
 68  3.061      1  0 -0.152544     -0.257397    
 69  3.062      1  0 -0.151482     -0.317976    
 70  3.063      1  0 -0.150363     -0.399845    
 71  3.064      1  0 -0.149212     -0.495063    
 72  3.065      1  0 -0.148054     -0.593836    
 73  3.066      1  0 -0.146915     -0.686141    
 74  3.067      1  0 -0.145822     -0.763065    
 75  3.068      1  0 -0.144802     -0.817650    
 76  3.069      1  0 -0.143883     -0.845265    
 77  3.070      1  0 -0.143091     -0.843592    
 78  3.071      1  0 -0.142452     -0.812411    
 79  3.072      1  0 -0.141988     -0.753311    
 80  3.073      1  0 -0.141715     -0.669423    
 81  3.074      1  0 -0.141646     -0.565203    
 82  3.075      1  0 -0.141788     -0.446272    
 83  3.076      1  0 -0.142141     -0.319268    
 84  3.077      1  0 -0.142701     -0.191659    
 85  3.078      1  0 -0.143456     -0.714758E-01
 86  3.079      1  0 -0.144391      0.331205E-01
 87  3.080      1  0 -0.145481      0.114457    
 88  3.081      1  0 -0.146697      0.166174    
 89  3.082      1  0 -0.148004      0.184196    
 90  3.083      1  0 -0.149357      0.167686    
 91  3.084      1  0 -0.150708      0.119750    
 92  3.085      1  0 -0.152006      0.475804E-01
 93  3.086      1  0 -0.153198     -0.381977E-01
 94  3.087      1  0 -0.154235     -0.125042    
 95  3.088      1  0 -0.155074     -0.200656    
 96  3.089      1  0 -0.155686     -0.255334    
 97  3.090      1  0 -0.156050     -0.283911    
 98  3.091      1  0 -0.156163     -0.286803    
 99  3.092      1  0 -0.156030     -0.269856    
100  3.093      1  0 -0.155671     -0.243051    
101  3.094      1  0 -0.155110     -0.218362    
102  3.095      1  0 -0.154376     -0.207280    
103  3.096      1  0 -0.153502     -0.218539    
104  3.097      1  0 -0.152516     -0.256530    
105  3.098      1  0 -0.151448     -0.320688    
106  3.099      1  0 -0.150323     -0.405896    
107  3.100      1  0 -0.149168     -0.503712    
108  3.101      1  0 -0.148008     -0.604014    
109  3.102      1  0 -0.146867     -0.696653    
110  3.103      1  0 -0.145774     -0.772767    
111  3.104      1  0 -0.144755     -0.825579    
112  3.105      1  0 -0.143839     -0.850715    
113  3.106      1  0 -0.143052     -0.846142    
114  3.107      1  0 -0.142420     -0.811921    
115  3.108      1  0 -0.141963     -0.749897    
116  3.109      1  0 -0.141700     -0.663422    
117  3.110      1  0 -0.141642     -0.557137    
118  3.111      1  0 -0.141796     -0.436810    
119  3.112      1  0 -0.142162     -0.309179    
120  3.113      1  0 -0.142735     -0.181768    
121  3.114      1  0 -0.143505     -0.626049E-01
122  3.115      1  0 -0.144454      0.402195E-01
123  3.116      1  0 -0.145558      0.119180    
124  3.117      1  0 -0.146786      0.168150    
125  3.118      1  0 -0.148102      0.183357    
126  3.119      1  0 -0.149462      0.164324    
127  3.120      1  0 -0.150816      0.114516    
128  3.121      1  0 -0.152113      0.414219E-01
129  3.122      1  0 -0.153299     -0.441683E-01
130  3.123      1  0 -0.154325     -0.129737    
131  3.124      1  0 -0.155152     -0.203219    
132  3.125      1  0 -0.155747     -0.255321    
133  3.126      1  0 -0.156095     -0.281392    
134  3.127      1  0 -0.156190     -0.282356    
135  3.128      1  0 -0.156041     -0.264456    
136  3.129      1  0 -0.155667     -0.237874    
137  3.130      1  0 -0.155093     -0.214556    
138  3.131      1  0 -0.154349     -0.205743    
139  3.132      1  0 -0.153465     -0.219764    
140  3.133      1  0 -0.152472     -0.260538    
141  3.134      1  0 -0.151396     -0.327056    
142  3.135      1  0 -0.150266     -0.413870    
143  3.136      1  0 -0.149105     -0.512361    
144  3.137      1  0 -0.147939     -0.612395    
145  3.138      1  0 -0.146795     -0.703946    
146  3.139      1  0 -0.145699     -0.778359    
147  3.140      1  0 -0.144679     -0.829104    
148  3.141      1  0 -0.143764     -0.852042    
149  3.142      1  0 -0.142981     -0.845340    
150  3.143      1  0 -0.142355     -0.809217    
151  3.144      1  0 -0.141907     -0.745621    
152  3.145      1  0 -0.141655     -0.657972    
153  3.146      1  0 -0.141610     -0.550940    
154  3.147      1  0 -0.141777     -0.430296    
155  3.148      1  0 -0.142158     -0.302761    
156  3.149      1  0 -0.142746     -0.175822    
157  3.150      1  0 -0.143530     -0.574552E-01
158  3.151      1  0 -0.144492      0.443169E-01
159  3.152      1  0 -0.145607      0.122055    
160  3.153      1  0 -0.146845      0.169735    
161  3.154      1  0 -0.148167      0.183705    
162  3.155      1  0 -0.149531      0.163611    
163  3.156      1  0 -0.150885      0.113038    
164  3.157      1  0 -0.152179      0.395638E-01
165  3.158      1  0 -0.153360     -0.459855E-01
166  3.159      1  0 -0.154379     -0.131128    
167  3.160      1  0 -0.155195     -0.203914    
168  3.161      1  0 -0.155779     -0.255224    
169  3.162      1  0 -0.156114     -0.280612    
170  3.163      1  0 -0.156196     -0.281192    
171  3.164      1  0 -0.156035     -0.263337    
172  3.165      1  0 -0.155648     -0.237271    
173  3.166      1  0 -0.155062     -0.214883    
174  3.167      1  0 -0.154306     -0.207273    
175  3.168      1  0 -0.153411     -0.222577    
176  3.169      1  0 -0.152408     -0.264507    
177  3.170      1  0 -0.151324     -0.331882    
178  3.171      1  0 -0.150186     -0.419140    
179  3.172      1  0 -0.149019     -0.517627    
180  3.173      1  0 -0.147849     -0.617241    
181  3.174      1  0 -0.146702     -0.708040    
182  3.175      1  0 -0.145606     -0.781475    
183  3.176      1  0 -0.144588     -0.831120    
184  3.177      1  0 -0.143677     -0.852921    
185  3.178      1  0 -0.142900     -0.845109    
186  3.179      1  0 -0.142282     -0.807932    
187  3.180      1  0 -0.141844     -0.743361    
188  3.181      1  0 -0.141603     -0.654821    
189  3.182      1  0 -0.141570     -0.546992    
190  3.183      1  0 -0.141751     -0.425659    
191  3.184      1  0 -0.142145     -0.297571    
192  3.185      1  0 -0.142747     -0.170257    
193  3.186      1  0 -0.143543     -0.517431E-01
194  3.187      1  0 -0.144517      0.498908E-01
195  3.188      1  0 -0.145642      0.127158    
196  3.189      1  0 -0.146889      0.174011    
197  3.190      1  0 -0.148218      0.186819    
198  3.191      1  0 -0.149586      0.165303    
199  3.192      1  0 -0.150943      0.113186    
200  3.193      1  0 -0.152237      0.382300E-01
201  3.194      1  0 -0.153414     -0.485437E-01
202  3.195      1  0 -0.154427     -0.134486    
203  3.196      1  0 -0.155236     -0.207552    
204  3.197      1  0 -0.155810     -0.258626    
205  3.198      1  0 -0.156133     -0.283366    
206  3.199      1  0 -0.156202     -0.283067    
207  3.200      1  0 -0.156027     -0.264322    
208  3.201      1  0 -0.155627     -0.237562    
209  3.202      1  0 -0.155028     -0.214832    
210  3.203      1  0 -0.154261     -0.207306    
211  3.204      1  0 -0.153356     -0.223098    
212  3.205      1  0 -0.152343     -0.265822    
213  3.206      1  0 -0.151251     -0.334138    
214  3.207      1  0 -0.150107     -0.422313    
215  3.208      1  0 -0.148936     -0.521535    
216  3.209      1  0 -0.147763     -0.621590    
217  3.210      1  0 -0.146616     -0.712473    
218  3.211      1  0 -0.145521     -0.785622    
219  3.212      1  0 -0.144506     -0.834632    
220  3.213      1  0 -0.143601     -0.855494    
221  3.214      1  0 -0.142831     -0.846494    
222  3.215      1  0 -0.142221     -0.807947    
223  3.216      1  0 -0.141794     -0.741890    
224  3.217      1  0 -0.141564     -0.651826    
225  3.218      1  0 -0.141543     -0.542524    
226  3.219      1  0 -0.141736     -0.419866    
227  3.220      1  0 -0.142142     -0.290709    
228  3.221      1  0 -0.142756     -0.162696    
229  3.222      1  0 -0.143565     -0.439618E-01
230  3.223      1  0 -0.144550      0.573265E-01
231  3.224      1  0 -0.145686      0.133635    
232  3.225      1  0 -0.146942      0.178933    
233  3.226      1  0 -0.148280      0.189692    
234  3.227      1  0 -0.149654      0.165832    
235  3.228      1  0 -0.151015      0.111352    
236  3.229      1  0 -0.152309      0.343395E-01
237  3.230      1  0 -0.153483     -0.538761E-01
238  3.231      1  0 -0.154491     -0.140425    
239  3.232      1  0 -0.155290     -0.213183    
240  3.233      1  0 -0.155853     -0.263132    
241  3.234      1  0 -0.156163     -0.286183    
242  3.235      1  0 -0.156218     -0.283992    
243  3.236      1  0 -0.156028     -0.263543    
244  3.237      1  0 -0.155614     -0.235606    
245  3.238      1  0 -0.155003     -0.212446    
246  3.239      1  0 -0.154224     -0.205300    
247  3.240      1  0 -0.153310     -0.222184    
248  3.241      1  0 -0.152289     -0.266483    
249  3.242      1  0 -0.151192     -0.336558    
250  3.243      1  0 -0.150043     -0.426367    
251  3.244      1  0 -0.148869     -0.526841    
252  3.245      1  0 -0.147696     -0.627595    
253  3.246      1  0 -0.146548     -0.718551    
254  3.247      1  0 -0.145455     -0.791162    
255  3.248      1  0 -0.144444     -0.839100    
256  3.249      1  0 -0.143543     -0.858473    
257  3.250      1  0 -0.142779     -0.847698    
258  3.251      1  0 -0.142177     -0.807226    
259  3.252      1  0 -0.141759     -0.739228    
260  3.253      1  0 -0.141539     -0.647336    
261  3.254      1  0 -0.141529     -0.536440    
262  3.255      1  0 -0.141734     -0.412540    
263  3.256      1  0 -0.142154     -0.282600    
264  3.257      1  0 -0.142780     -0.154352    
265  3.258      1  0 -0.143601     -0.359976E-01
266  3.259      1  0 -0.144598      0.642753E-01
267  3.260      1  0 -0.145746      0.138969    
268  3.261      1  0 -0.147012      0.182164    
269  3.262      1  0 -0.148357      0.190526    
270  3.263      1  0 -0.149737      0.164242    
271  3.264      1  0 -0.151100      0.107631    
272  3.265      1  0 -0.152393      0.290878E-01
273  3.266      1  0 -0.153564     -0.598169E-01
274  3.267      1  0 -0.154563     -0.146108    
275  3.268      1  0 -0.155352     -0.217728    
276  3.269      1  0 -0.155902     -0.265898    
277  3.270      1  0 -0.156198     -0.286897    
278  3.271      1  0 -0.156239     -0.282801    
279  3.272      1  0 -0.156035     -0.260980    
280  3.273      1  0 -0.155608     -0.232475    
281  3.274      1  0 -0.154985     -0.209652    
282  3.275      1  0 -0.154196     -0.203670    
283  3.276      1  0 -0.153273     -0.222313    
284  3.277      1  0 -0.152246     -0.268635    
285  3.278      1  0 -0.151143     -0.340638    
286  3.279      1  0 -0.149990     -0.431972    
287  3.280      1  0 -0.148813     -0.533355    
288  3.281      1  0 -0.147638     -0.634309    
289  3.282      1  0 -0.146490     -0.724773    
290  3.283      1  0 -0.145398     -0.796301    
291  3.284      1  0 -0.144389     -0.842713    
292  3.285      1  0 -0.143492     -0.860281    
293  3.286      1  0 -0.142734     -0.847582    
294  3.287      1  0 -0.142140     -0.805209    
295  3.288      1  0 -0.141730     -0.735457    
296  3.289      1  0 -0.141520     -0.642059    
297  3.290      1  0 -0.141522     -0.529993    
298  3.291      1  0 -0.141739     -0.405329    
299  3.292      1  0 -0.142171     -0.275086    
300  3.293      1  0 -0.142811     -0.147036    
301  3.294      1  0 -0.143644     -0.293877E-01
302  3.295      1  0 -0.144653      0.696947E-01
303  3.296      1  0 -0.145812      0.142785    
304  3.297      1  0 -0.147086      0.184089    
305  3.298      1  0 -0.148439      0.190454    
306  3.299      1  0 -0.149822      0.162296    
307  3.300      1  0 -0.151186      0.104175    
308  3.301      1  0 -0.152476      0.247044E-01
309  3.302      1  0 -0.153641     -0.644064E-01
310  3.303      1  0 -0.154632     -0.150163    
311  3.304      1  0 -0.155410     -0.220632    
312  3.305      1  0 -0.155947     -0.267281    
313  3.306      1  0 -0.156230     -0.286713    
314  3.307      1  0 -0.156257     -0.281341    
315  3.308      1  0 -0.156040     -0.258805    
316  3.309      1  0 -0.155601     -0.230302    
317  3.310      1  0 -0.154966     -0.208204    
318  3.311      1  0 -0.154168     -0.203534    
319  3.312      1  0 -0.153237     -0.223832    
320  3.313      1  0 -0.152203     -0.271852    
321  3.314      1  0 -0.151094     -0.345314    
322  3.315      1  0 -0.149936     -0.437645    
323  3.316      1  0 -0.148756     -0.539438    
324  3.317      1  0 -0.147578     -0.640191    
325  3.318      1  0 -0.146429     -0.729908    
326  3.319      1  0 -0.145337     -0.800261    
327  3.320      1  0 -0.144331     -0.845211    
328  3.321      1  0 -0.143438     -0.861173    
329  3.322      1  0 -0.142686     -0.846846    
330  3.323      1  0 -0.142100     -0.802925    
331  3.324      1  0 -0.141700     -0.731784    
332  3.325      1  0 -0.141501     -0.637220    
333  3.326      1  0 -0.141514     -0.524261    
334  3.327      1  0 -0.141744     -0.399021    
335  3.328      1  0 -0.142188     -0.268555    
336  3.329      1  0 -0.142840     -0.140659    
337  3.330      1  0 -0.143686     -0.235558E-01
338  3.331      1  0 -0.144705      0.745992E-01
339  3.332      1  0 -0.145873      0.146422    
340  3.333      1  0 -0.147156      0.186202    
341  3.334      1  0 -0.148513      0.190917    
342  3.335      1  0 -0.149900      0.161156    
343  3.336      1  0 -0.151264      0.101674    
344  3.337      1  0 -0.152552      0.212707E-01
345  3.338      1  0 -0.153711     -0.682145E-01
346  3.339      1  0 -0.154693     -0.153748    
347  3.340      1  0 -0.155461     -0.223469    
348  3.341      1  0 -0.155986     -0.269025    
349  3.342      1  0 -0.156255     -0.287271    
350  3.343      1  0 -0.156269     -0.280887    
351  3.344      1  0 -0.156039     -0.257741    
352  3.345      1  0 -0.155588     -0.229167    
353  3.346      1  0 -0.154943     -0.207563    
354  3.347      1  0 -0.154134     -0.203858    
355  3.348      1  0 -0.153195     -0.225412    
356  3.349      1  0 -0.152153     -0.274751    
357  3.350      1  0 -0.151038     -0.349366    
358  3.351      1  0 -0.149876     -0.442503    
359  3.352      1  0 -0.148692     -0.544645    
360  3.353      1  0 -0.147512     -0.645263    
361  3.354      1  0 -0.146363     -0.734398    
362  3.355      1  0 -0.145273     -0.803804    
363  3.356      1  0 -0.144270     -0.847548    
364  3.357      1  0 -0.143382     -0.862146    
365  3.358      1  0 -0.142637     -0.846392    
366  3.359      1  0 -0.142059     -0.801060    
367  3.360      1  0 -0.141668     -0.728594    
368  3.361      1  0 -0.141480     -0.632849    
369  3.362      1  0 -0.141505     -0.518913    
370  3.363      1  0 -0.141747     -0.392953    
371  3.364      1  0 -0.142203     -0.262081    
372  3.365      1  0 -0.142867     -0.134144    
373  3.366      1  0 -0.143724     -0.174055E-01
374  3.367      1  0 -0.144754      0.799616E-01
375  3.368      1  0 -0.145930      0.150589    
376  3.369      1  0 -0.147220      0.188834    
377  3.370      1  0 -0.148583      0.191797    
378  3.371      1  0 -0.149973      0.160248    
379  3.372      1  0 -0.151337      0.991626E-01
380  3.373      1  0 -0.152622      0.175603E-01
381  3.374      1  0 -0.153776     -0.725443E-01
382  3.375      1  0 -0.154750     -0.158036    
383  3.376      1  0 -0.155508     -0.227095    
384  3.377      1  0 -0.156021     -0.271531    
385  3.378      1  0 -0.156277     -0.288454    
386  3.379      1  0 -0.156277     -0.280833    
387  3.380      1  0 -0.156035     -0.256805    
388  3.381      1  0 -0.155571     -0.227886    
389  3.382      1  0 -0.154915     -0.206542    
390  3.383      1  0 -0.154097     -0.203647    
391  3.384      1  0 -0.153149     -0.226396    
392  3.385      1  0 -0.152100     -0.277088    
393  3.386      1  0 -0.150980     -0.352970    
394  3.387      1  0 -0.149814     -0.447080    
395  3.388      1  0 -0.148628     -0.549759    
396  3.389      1  0 -0.147447     -0.650417    
397  3.390      1  0 -0.146298     -0.739107    
398  3.391      1  0 -0.145210     -0.807650    
399  3.392      1  0 -0.144210     -0.850209    
400  3.393      1  0 -0.143328     -0.863403    
401  3.394      1  0 -0.142590     -0.846131    
402  3.395      1  0 -0.142020     -0.799259    
403  3.396      1  0 -0.141639     -0.725318    
404  3.397      1  0 -0.141462     -0.628243    
405  3.398      1  0 -0.141498     -0.513197    
406  3.399      1  0 -0.141751     -0.386425    
407  3.400      1  0 -0.142219     -0.255106    
408  3.401      1  0 -0.142895     -0.127151    
409  3.402      1  0 -0.143763     -0.108684E-01
410  3.403      1  0 -0.144803      0.855548E-01
411  3.404      1  0 -0.145989      0.154781    
412  3.405      1  0 -0.147286      0.191257    
413  3.406      1  0 -0.148655      0.192240    
414  3.407      1  0 -0.150047      0.158719    
415  3.408      1  0 -0.151411      0.959214E-01
416  3.409      1  0 -0.152694      0.131120E-01
417  3.410      1  0 -0.153842     -0.775118E-01
418  3.411      1  0 -0.154808     -0.162766    
419  3.412      1  0 -0.155554     -0.230902    
420  3.413      1  0 -0.156055     -0.273936    
421  3.414      1  0 -0.156298     -0.289282    
422  3.415      1  0 -0.156285     -0.280242    
423  3.416      1  0 -0.156029     -0.255246    
424  3.417      1  0 -0.155553     -0.226006    
425  3.418      1  0 -0.154886     -0.205044    
426  3.419      1  0 -0.154059     -0.203149    
427  3.420      1  0 -0.153103     -0.227315    
428  3.421      1  0 -0.152049     -0.279572    
429  3.422      1  0 -0.150924     -0.356890    
430  3.423      1  0 -0.149754     -0.452072    
431  3.424      1  0 -0.148566     -0.555312    
432  3.425      1  0 -0.147384     -0.655961    
433  3.426      1  0 -0.146236     -0.744099    
434  3.427      1  0 -0.145150     -0.811632    
435  3.428      1  0 -0.144155     -0.852841    
436  3.429      1  0 -0.143278     -0.864471    
437  3.430      1  0 -0.142547     -0.845541    
438  3.431      1  0 -0.141985     -0.797026    
439  3.432      1  0 -0.141614     -0.721553    
440  3.433      1  0 -0.141447     -0.623145    
441  3.434      1  0 -0.141494     -0.507042    
442  3.435      1  0 -0.141759     -0.379562    
443  3.436      1  0 -0.142239     -0.247946    
444  3.437      1  0 -0.142926     -0.120156    
445  3.438      1  0 -0.143805     -0.452400E-02
446  3.439      1  0 -0.144856      0.907683E-01
447  3.440      1  0 -0.146051      0.158440    
448  3.441      1  0 -0.147355      0.193052    
449  3.442      1  0 -0.148729      0.192039    
450  3.443      1  0 -0.150123      0.156617    
451  3.444      1  0 -0.151487      0.922644E-01
452  3.445      1  0 -0.152766      0.847272E-02
453  3.446      1  0 -0.153908     -0.824122E-01
454  3.447      1  0 -0.154865     -0.167180    
455  3.448      1  0 -0.155600     -0.234196    
456  3.449      1  0 -0.156088     -0.275722    
457  3.450      1  0 -0.156318     -0.289490    
458  3.451      1  0 -0.156291     -0.279137    
459  3.452      1  0 -0.156022     -0.253364    
460  3.453      1  0 -0.155535     -0.224040    
461  3.454      1  0 -0.154858     -0.203700    
462  3.455      1  0 -0.154022     -0.203006    
463  3.456      1  0 -0.153059     -0.228717    
464  3.457      1  0 -0.151999     -0.282578    
465  3.458      1  0 -0.150869     -0.361282    
466  3.459      1  0 -0.149697     -0.457417    
467  3.460      1  0 -0.148506     -0.561049    
468  3.461      1  0 -0.147324     -0.661505    
469  3.462      1  0 -0.146177     -0.748918    
470  3.463      1  0 -0.145093     -0.815299    
471  3.464      1  0 -0.144101     -0.855062    
472  3.465      1  0 -0.143230     -0.865084    
473  3.466      1  0 -0.142506     -0.844503    
474  3.467      1  0 -0.141953     -0.794402    
475  3.468      1  0 -0.141591     -0.717493    
476  3.469      1  0 -0.141435     -0.617877    
477  3.470      1  0 -0.141494     -0.500860    
478  3.471      1  0 -0.141770     -0.372817    
479  3.472      1  0 -0.142262     -0.241039    
480  3.473      1  0 -0.142961     -0.113523    
481  3.474      1  0 -0.143851      0.138411E-02
482  3.475      1  0 -0.144911      0.955204E-01
483  3.476      1  0 -0.146115      0.161666    
484  3.477      1  0 -0.147426      0.194498    
485  3.478      1  0 -0.148804      0.191620    
486  3.479      1  0 -0.150200      0.154461    
487  3.480      1  0 -0.151563      0.887282E-01
488  3.481      1  0 -0.152838      0.411249E-02
489  3.482      1  0 -0.153973     -0.869193E-01
490  3.483      1  0 -0.154920     -0.171152    
491  3.484      1  0 -0.155644     -0.237078    
492  3.485      1  0 -0.156119     -0.277197    
493  3.486      1  0 -0.156336     -0.289547    
494  3.487      1  0 -0.156296     -0.278067    
495  3.488      1  0 -0.156015     -0.251696    
496  3.489      1  0 -0.155516     -0.222429    
497  3.490      1  0 -0.154829     -0.202790    
498  3.491      1  0 -0.153985     -0.203299    
499  3.492      1  0 -0.153015     -0.230488    
500  3.493      1  0 -0.151949     -0.285829    
501  3.494      1  0 -0.150815     -0.365763    
502  3.495      1  0 -0.149639     -0.462690    
503  3.496      1  0 -0.148447     -0.566577    
504  3.497      1  0 -0.147264     -0.666738    
505  3.498      1  0 -0.146118     -0.753370    
506  3.499      1  0 -0.145036     -0.818595    
507  3.500      1  0 -0.144049     -0.856949    
508  3.501      1  0 -0.143183     -0.865432    
509  3.502      1  0 -0.142466     -0.843293    
510  3.503      1  0 -0.141922     -0.791705    
511  3.504      1  0 -0.141570     -0.713458    
512  3.505      1  0 -0.141425     -0.612720    
513  3.506      1  0 -0.141495     -0.494856    
514  3.507      1  0 -0.141783     -0.366292    
515  3.508      1  0 -0.142287     -0.234370    
516  3.509      1  0 -0.142996     -0.107117    
517  3.510      1  0 -0.143897      0.710213E-02
518  3.511      1  0 -0.144967      0.100138    
519  3.512      1  0 -0.146178      0.164826    
520  3.513      1  0 -0.147496      0.195948    
521  3.514      1  0 -0.148878      0.191271    
522  3.515      1  0 -0.150276      0.152426    
523  3.516      1  0 -0.151637      0.853405E-01
524  3.517      1  0 -0.152908     -0.101452E-03
525  3.518      1  0 -0.154035     -0.913122E-01
526  3.519      1  0 -0.154974     -0.175068    
527  3.520      1  0 -0.155686     -0.239980    
528  3.521      1  0 -0.156149     -0.278773    
529  3.522      1  0 -0.156352     -0.289776    
530  3.523      1  0 -0.156299     -0.277217    
531  3.524      1  0 -0.156006     -0.250267    
532  3.525      1  0 -0.155496     -0.221039    
533  3.526      1  0 -0.154799     -0.202047    
534  3.527      1  0 -0.153946     -0.203685    
535  3.528      1  0 -0.152969     -0.232264    
536  3.529      1  0 -0.151897     -0.289001    
537  3.530      1  0 -0.150759     -0.370098    
538  3.531      1  0 -0.149580     -0.467772    
539  3.532      1  0 -0.148386     -0.571896    
540  3.533      1  0 -0.147203     -0.671772    
541  3.534      1  0 -0.146058     -0.757656    
542  3.535      1  0 -0.144980     -0.821768    
543  3.536      1  0 -0.143996     -0.858760    
544  3.537      1  0 -0.143137     -0.865750    
545  3.538      1  0 -0.142427     -0.842088    
546  3.539      1  0 -0.141892     -0.789036    
547  3.540      1  0 -0.141550     -0.709460    
548  3.541      1  0 -0.141415     -0.607596    
549  3.542      1  0 -0.141497     -0.488871    
550  3.543      1  0 -0.141797     -0.359769    
551  3.544      1  0 -0.142312     -0.227681    
552  3.545      1  0 -0.143033     -0.100676    
553  3.546      1  0 -0.143943      0.128592E-01
554  3.547      1  0 -0.145023      0.104787    
555  3.548      1  0 -0.146242      0.167995    
556  3.549      1  0 -0.147565      0.197376    
557  3.550      1  0 -0.148951      0.190857    
558  3.551      1  0 -0.150350      0.150284    
559  3.552      1  0 -0.151710      0.818106E-01
560  3.553      1  0 -0.152976     -0.447836E-02
561  3.554      1  0 -0.154097     -0.958701E-01
562  3.555      1  0 -0.155025     -0.179131    
563  3.556      1  0 -0.155726     -0.242995    
564  3.557      1  0 -0.156176     -0.280418    
565  3.558      1  0 -0.156366     -0.290025    
566  3.559      1  0 -0.156301     -0.276343    
567  3.560      1  0 -0.155995     -0.248778    
568  3.561      1  0 -0.155474     -0.219567    
569  3.562      1  0 -0.154767     -0.201218    
570  3.563      1  0 -0.153906     -0.203991    
571  3.564      1  0 -0.152922     -0.233978    
572  3.565      1  0 -0.151845     -0.292133    
573  3.566      1  0 -0.150703     -0.374414    
574  3.567      1  0 -0.149521     -0.472855    
575  3.568      1  0 -0.148326     -0.577227    
576  3.569      1  0 -0.147143     -0.676823    
577  3.570      1  0 -0.146000     -0.761953    
578  3.571      1  0 -0.144924     -0.824937    
579  3.572      1  0 -0.143946     -0.860547    
580  3.573      1  0 -0.143092     -0.866018    
581  3.574      1  0 -0.142390     -0.840804    
582  3.575      1  0 -0.141864     -0.786260    
583  3.576      1  0 -0.141532     -0.705333    
584  3.577      1  0 -0.141408     -0.602330    
585  3.578      1  0 -0.141500     -0.482744    
586  3.579      1  0 -0.141812     -0.353119    
587  3.580      1  0 -0.142338     -0.220899    
588  3.581      1  0 -0.143070     -0.941929E-01
589  3.582      1  0 -0.143991      0.185950E-01
590  3.583      1  0 -0.145079      0.109342    
591  3.584      1  0 -0.146306      0.170999    
592  3.585      1  0 -0.147635      0.198576    
593  3.586      1  0 -0.149024      0.190178    
594  3.587      1  0 -0.150425      0.147868    
595  3.588      1  0 -0.151783      0.780332E-01
596  3.589      1  0 -0.153044     -0.904067E-02
597  3.590      1  0 -0.154157     -0.100525    
598  3.591      1  0 -0.155076     -0.183192    
599  3.592      1  0 -0.155765     -0.245913    
600  3.593      1  0 -0.156203     -0.281893    
601  3.594      1  0 -0.156379     -0.290066    
602  3.595      1  0 -0.156301     -0.275263    
603  3.596      1  0 -0.155983     -0.247121    
604  3.597      1  0 -0.155451     -0.217993    
605  3.598      1  0 -0.154734     -0.200365    
606  3.599      1  0 -0.153865     -0.204352    
607  3.600      1  0 -0.152875     -0.235805    
608  3.601      1  0 -0.151793     -0.295413    
609  3.602      1  0 -0.150647     -0.378883    
610  3.603      1  0 -0.149463     -0.478067    
611  3.604      1  0 -0.148267     -0.582643    
612  3.605      1  0 -0.147085     -0.681898    
613  3.606      1  0 -0.145943     -0.766211    
614  3.607      1  0 -0.144871     -0.828009    
615  3.608      1  0 -0.143897     -0.862188    
616  3.609      1  0 -0.143049     -0.866101    
617  3.610      1  0 -0.142355     -0.839316    
618  3.611      1  0 -0.141838     -0.783279    
619  3.612      1  0 -0.141515     -0.701019    
620  3.613      1  0 -0.141402     -0.596911    
621  3.614      1  0 -0.141506     -0.476514    
622  3.615      1  0 -0.141829     -0.346428    
623  3.616      1  0 -0.142367     -0.214147    
624  3.617      1  0 -0.143109     -0.878123E-01
625  3.618      1  0 -0.144040      0.241601E-01
626  3.619      1  0 -0.145137      0.113671    
627  3.620      1  0 -0.146372      0.173742    
628  3.621      1  0 -0.147706      0.199507    
629  3.622      1  0 -0.149099      0.189253    
630  3.623      1  0 -0.150499      0.145263    
631  3.624      1  0 -0.151855      0.741518E-01
632  3.625      1  0 -0.153112     -0.136073E-01
633  3.626      1  0 -0.154217     -0.105085    
634  3.627      1  0 -0.155126     -0.187076    
635  3.628      1  0 -0.155803     -0.248604    
636  3.629      1  0 -0.156228     -0.283134    
637  3.630      1  0 -0.156391     -0.289909    
638  3.631      1  0 -0.156300     -0.274057    
639  3.632      1  0 -0.155970     -0.245430    
640  3.633      1  0 -0.155427     -0.216481    
641  3.634      1  0 -0.154702     -0.199654    
642  3.635      1  0 -0.153825     -0.204903    
643  3.636      1  0 -0.152828     -0.237838    
644  3.637      1  0 -0.151742     -0.298875    
645  3.638      1  0 -0.150592     -0.383481    
646  3.639      1  0 -0.149406     -0.483335    
647  3.640      1  0 -0.148209     -0.588036    
648  3.641      1  0 -0.147027     -0.686880    
649  3.642      1  0 -0.145887     -0.770317    
650  3.643      1  0 -0.144818     -0.830889    
651  3.644      1  0 -0.143849     -0.863618    
652  3.645      1  0 -0.143008     -0.865979    
653  3.646      1  0 -0.142321     -0.837643    
654  3.647      1  0 -0.141813     -0.780149    
655  3.648      1  0 -0.141501     -0.696601    
656  3.649      1  0 -0.141398     -0.591443    
657  3.650      1  0 -0.141513     -0.470292    
658  3.651      1  0 -0.141848     -0.339802    
659  3.652      1  0 -0.142396     -0.207509    
660  3.653      1  0 -0.143150     -0.815883E-01
661  3.654      1  0 -0.144091      0.295395E-01
662  3.655      1  0 -0.145196      0.117801    
663  3.656      1  0 -0.146438      0.176292    
664  3.657      1  0 -0.147778      0.200273    
665  3.658      1  0 -0.149173      0.188208    
666  3.659      1  0 -0.150574      0.142599    
667  3.660      1  0 -0.151927      0.702778E-01
668  3.661      1  0 -0.153178     -0.181019E-01
669  3.662      1  0 -0.154276     -0.109522    
670  3.663      1  0 -0.155174     -0.190810    
671  3.664      1  0 -0.155840     -0.251148    
672  3.665      1  0 -0.156251     -0.284259    
673  3.666      1  0 -0.156402     -0.289692    
674  3.667      1  0 -0.156298     -0.272858    
675  3.668      1  0 -0.155956     -0.243815    
676  3.669      1  0 -0.155403     -0.215097    
677  3.670      1  0 -0.154668     -0.199102    
678  3.671      1  0 -0.153784     -0.205615    
679  3.672      1  0 -0.152781     -0.240004    
680  3.673      1  0 -0.151690     -0.302421    
681  3.674      1  0 -0.150537     -0.388099    
682  3.675      1  0 -0.149349     -0.488559    
683  3.676      1  0 -0.148151     -0.593330    
684  3.677      1  0 -0.146969     -0.691719    
685  3.678      1  0 -0.145831     -0.774258    
686  3.679      1  0 -0.144765     -0.833599    
687  3.680      1  0 -0.143801     -0.864889    
688  3.681      1  0 -0.142967     -0.865719    
689  3.682      1  0 -0.142289     -0.835864    
690  3.683      1  0 -0.141789     -0.776947    
691  3.684      1  0 -0.141487     -0.692149    
692  3.685      1  0 -0.141395     -0.585975    
693  3.686      1  0 -0.141522     -0.464102    
694  3.687      1  0 -0.141867     -0.333235    
695  3.688      1  0 -0.142427     -0.200954    
696  3.689      1  0 -0.143191     -0.754627E-01
697  3.690      1  0 -0.144141      0.348106E-01
698  3.691      1  0 -0.145255      0.121821    
699  3.692      1  0 -0.146504      0.178736    
700  3.693      1  0 -0.147848      0.200943    
701  3.694      1  0 -0.149246      0.187088    
702  3.695      1  0 -0.150647      0.139885    
703  3.696      1  0 -0.151998      0.663843E-01
704  3.697      1  0 -0.153243     -0.225868E-01
705  3.698      1  0 -0.154332     -0.113926    
706  3.699      1  0 -0.155220     -0.194497    
707  3.700      1  0 -0.155874     -0.253645    
708  3.701      1  0 -0.156273     -0.285351    
709  3.702      1  0 -0.156411     -0.289466    
710  3.703      1  0 -0.156294     -0.271680    
711  3.704      1  0 -0.155941     -0.242249    
712  3.705      1  0 -0.155377     -0.213785    
713  3.706      1  0 -0.154633     -0.198630    
714  3.707      1  0 -0.153742     -0.206400    
715  3.708      1  0 -0.152733     -0.242223    
716  3.709      1  0 -0.151637     -0.305990    
717  3.710      1  0 -0.150481     -0.392708    
718  3.711      1  0 -0.149291     -0.493741    
719  3.712      1  0 -0.148092     -0.598552    
720  3.713      1  0 -0.146911     -0.696468    
721  3.714      1  0 -0.145775     -0.778097    
722  3.715      1  0 -0.144714     -0.836204    
723  3.716      1  0 -0.143755     -0.866058    
724  3.717      1  0 -0.142927     -0.865366    
725  3.718      1  0 -0.142257     -0.834002    
726  3.719      1  0 -0.141766     -0.773675    
727  3.720      1  0 -0.141474     -0.687639    
728  3.721      1  0 -0.141394     -0.580466    
729  3.722      1  0 -0.141531     -0.457887    
730  3.723      1  0 -0.141887     -0.326661    
731  3.724      1  0 -0.142458     -0.194413    
732  3.725      1  0 -0.143232     -0.693749E-01
733  3.726      1  0 -0.144192      0.400189E-01
734  3.727      1  0 -0.145315      0.125753    
735  3.728      1  0 -0.146569      0.181071    
736  3.729      1  0 -0.147919      0.201492    
737  3.730      1  0 -0.149319      0.185843    
738  3.731      1  0 -0.150720      0.137055    
739  3.732      1  0 -0.152067      0.623987E-01
740  3.733      1  0 -0.153307     -0.271295E-01
741  3.734      1  0 -0.154388     -0.118348    
742  3.735      1  0 -0.155266     -0.198163    
743  3.736      1  0 -0.155907     -0.256091    
744  3.737      1  0 -0.156293     -0.286377    
745  3.738      1  0 -0.156418     -0.289174    
746  3.739      1  0 -0.156289     -0.270452    
747  3.740      1  0 -0.155924     -0.240659    
748  3.741      1  0 -0.155350     -0.212479    
749  3.742      1  0 -0.154598     -0.198192    
750  3.743      1  0 -0.153699     -0.207240    
751  3.744      1  0 -0.152684     -0.244505    
752  3.745      1  0 -0.151584     -0.309616    
753  3.746      1  0 -0.150425     -0.397355    
754  3.747      1  0 -0.149233     -0.498936    
755  3.748      1  0 -0.148034     -0.603760    
756  3.749      1  0 -0.146854     -0.701175    
757  3.750      1  0 -0.145721     -0.781869    
758  3.751      1  0 -0.144663     -0.838724    
759  3.752      1  0 -0.143709     -0.867130    
760  3.753      1  0 -0.142888     -0.864908    
761  3.754      1  0 -0.142226     -0.832033    
762  3.755      1  0 -0.141745     -0.770302    
763  3.756      1  0 -0.141463     -0.683040    
764  3.757      1  0 -0.141393     -0.574883    
765  3.758      1  0 -0.141542     -0.451622    
766  3.759      1  0 -0.141909     -0.320068    
767  3.760      1  0 -0.142491     -0.187887    
768  3.761      1  0 -0.143275     -0.633397E-01
769  3.762      1  0 -0.144244      0.451363E-01
770  3.763      1  0 -0.145375      0.129559    
771  3.764      1  0 -0.146636      0.183254    
772  3.765      1  0 -0.147990      0.201876    
773  3.766      1  0 -0.149392      0.184438    
774  3.767      1  0 -0.150793      0.134091    
775  3.768      1  0 -0.152137      0.583206E-01
776  3.769      1  0 -0.153371     -0.317093E-01
777  3.770      1  0 -0.154443     -0.122747    
778  3.771      1  0 -0.155310     -0.201756    
779  3.772      1  0 -0.155940     -0.258428    
780  3.773      1  0 -0.156313     -0.287280    
781  3.774      1  0 -0.156424     -0.288772    
782  3.775      1  0 -0.156283     -0.269147    
783  3.776      1  0 -0.155907     -0.239040    
784  3.777      1  0 -0.155323     -0.211194    
785  3.778      1  0 -0.154562     -0.197819    
786  3.779      1  0 -0.153656     -0.208174    
787  3.780      1  0 -0.152636     -0.246890    
788  3.781      1  0 -0.151532     -0.313335    
789  3.782      1  0 -0.150370     -0.402068    
790  3.783      1  0 -0.149177     -0.504159    
791  3.784      1  0 -0.147977     -0.608953    
792  3.785      1  0 -0.146798     -0.705825    
793  3.786      1  0 -0.145667     -0.785551    
794  3.787      1  0 -0.144613     -0.841129    
795  3.788      1  0 -0.143665     -0.868072    
796  3.789      1  0 -0.142851     -0.864317    
797  3.790      1  0 -0.142197     -0.829938    
798  3.791      1  0 -0.141725     -0.766818    
799  3.792      1  0 -0.141454     -0.678352    
800  3.793      1  0 -0.141394     -0.569242    
801  3.794      1  0 -0.141554     -0.445334    
802  3.795      1  0 -0.141933     -0.313490    
803  3.796      1  0 -0.142525     -0.181417    
804  3.797      1  0 -0.143319     -0.573997E-01
805  3.798      1  0 -0.144298      0.501247E-01
806  3.799      1  0 -0.145436      0.133212    
807  3.800      1  0 -0.146704      0.185272    
808  3.801      1  0 -0.148062      0.202099    
809  3.802      1  0 -0.149466      0.182895    
810  3.803      1  0 -0.150865      0.131029    
811  3.804      1  0 -0.152206      0.541997E-01
812  3.805      1  0 -0.153434     -0.362725E-01
813  3.806      1  0 -0.154497     -0.127075    
814  3.807      1  0 -0.155354     -0.205235    
815  3.808      1  0 -0.155971     -0.260633    
816  3.809      1  0 -0.156331     -0.288060    
817  3.810      1  0 -0.156430     -0.288278    
818  3.811      1  0 -0.156276     -0.267798    
819  3.812      1  0 -0.155889     -0.237432    
820  3.813      1  0 -0.155295     -0.209972    
821  3.814      1  0 -0.154526     -0.197546    
822  3.815      1  0 -0.153613     -0.209224    
823  3.816      1  0 -0.152588     -0.249385    
824  3.817      1  0 -0.151480     -0.317138    
825  3.818      1  0 -0.150315     -0.406824    
826  3.819      1  0 -0.149120     -0.509377    
827  3.820      1  0 -0.147921     -0.614095    
828  3.821      1  0 -0.146743     -0.710386    
829  3.822      1  0 -0.145615     -0.789116    
830  3.823      1  0 -0.144565     -0.843401    
831  3.824      1  0 -0.143622     -0.868877    
832  3.825      1  0 -0.142815     -0.863596    
833  3.826      1  0 -0.142169     -0.827732    
834  3.827      1  0 -0.141707     -0.763246    
835  3.828      1  0 -0.141445     -0.673606    
836  3.829      1  0 -0.141397     -0.563576    
837  3.830      1  0 -0.141567     -0.439056    
838  3.831      1  0 -0.141957     -0.306956    
839  3.832      1  0 -0.142560     -0.175023    
840  3.833      1  0 -0.143364     -0.515638E-01
841  3.834      1  0 -0.144352      0.549874E-01
842  3.835      1  0 -0.145498      0.136726    
843  3.836      1  0 -0.146771      0.187151    
844  3.837      1  0 -0.148133      0.202196    
845  3.838      1  0 -0.149539      0.181253    
846  3.839      1  0 -0.150938      0.127907    
847  3.840      1  0 -0.152275      0.500630E-01
848  3.841      1  0 -0.153496     -0.408045E-01
849  3.842      1  0 -0.154550     -0.131332    
850  3.843      1  0 -0.155396     -0.208619    
851  3.844      1  0 -0.156001     -0.262738    
852  3.845      1  0 -0.156349     -0.288755    
853  3.846      1  0 -0.156435     -0.287732    
854  3.847      1  0 -0.156268     -0.266442    
855  3.848      1  0 -0.155870     -0.235862    
856  3.849      1  0 -0.155266     -0.208825    
857  3.850      1  0 -0.154489     -0.197371    
858  3.851      1  0 -0.153570     -0.210376    
859  3.852      1  0 -0.152539     -0.251966    
860  3.853      1  0 -0.151427     -0.320994    
861  3.854      1  0 -0.150260     -0.411593    
862  3.855      1  0 -0.149064     -0.514566    
863  3.856      1  0 -0.147864     -0.619170    
864  3.857      1  0 -0.146688     -0.714850    
865  3.858      1  0 -0.145562     -0.792566    
866  3.859      1  0 -0.144516     -0.845551    
867  3.860      1  0 -0.143579     -0.869565    
868  3.861      1  0 -0.142779     -0.862770    
869  3.862      1  0 -0.142142     -0.825435    
870  3.863      1  0 -0.141689     -0.759605    
871  3.864      1  0 -0.141438     -0.668816    
872  3.865      1  0 -0.141400     -0.557891    
873  3.866      1  0 -0.141581     -0.432785    
874  3.867      1  0 -0.141982     -0.300456    
875  3.868      1  0 -0.142595     -0.168688    
876  3.869      1  0 -0.143409     -0.458094E-01
877  3.870      1  0 -0.144406      0.597504E-01
878  3.871      1  0 -0.145559      0.140129    
879  3.872      1  0 -0.146839      0.188914    
880  3.873      1  0 -0.148204      0.202183    
881  3.874      1  0 -0.149612      0.179517    
882  3.875      1  0 -0.151009      0.124718    
883  3.876      1  0 -0.152342      0.458962E-01
884  3.877      1  0 -0.153556     -0.453288E-01
885  3.878      1  0 -0.154602     -0.135548    
886  3.879      1  0 -0.155437     -0.211939    
887  3.880      1  0 -0.156030     -0.264770    
888  3.881      1  0 -0.156364     -0.289384    
889  3.882      1  0 -0.156437     -0.287144    
890  3.883      1  0 -0.156259     -0.265075    
891  3.884      1  0 -0.155850     -0.234315    
892  3.885      1  0 -0.155237     -0.207731    
893  3.886      1  0 -0.154451     -0.197267    
894  3.887      1  0 -0.153525     -0.211602    
895  3.888      1  0 -0.152490     -0.254610    
896  3.889      1  0 -0.151374     -0.324891    
897  3.890      1  0 -0.150204     -0.416372    
898  3.891      1  0 -0.149007     -0.519731    
899  3.892      1  0 -0.147807     -0.624189    
900  3.893      1  0 -0.146632     -0.719236    
901  3.894      1  0 -0.145510     -0.795922    
902  3.895      1  0 -0.144468     -0.847600    
903  3.896      1  0 -0.143537     -0.870151    
904  3.897      1  0 -0.142745     -0.861848    
905  3.898      1  0 -0.142115     -0.823054    
906  3.899      1  0 -0.141672     -0.755894    
907  3.900      1  0 -0.141431     -0.663971    
908  3.901      1  0 -0.141404     -0.552170    
909  3.902      1  0 -0.141596     -0.426499    
910  3.903      1  0 -0.142007     -0.293964    
911  3.904      1  0 -0.142631     -0.162385    
912  3.905      1  0 -0.143455     -0.401125E-01
913  3.906      1  0 -0.144460      0.644321E-01
914  3.907      1  0 -0.145621      0.143430    
915  3.908      1  0 -0.146906      0.190562    
916  3.909      1  0 -0.148275      0.202052    
917  3.910      1  0 -0.149684      0.177673    
918  3.911      1  0 -0.151079      0.121443    
919  3.912      1  0 -0.152408      0.416766E-01
920  3.913      1  0 -0.153616     -0.498662E-01
921  3.914      1  0 -0.154652     -0.139737    
922  3.915      1  0 -0.155476     -0.215200    
923  3.916      1  0 -0.156057     -0.266726    
924  3.917      1  0 -0.156379     -0.289938    
925  3.918      1  0 -0.156439     -0.286496    
926  3.919      1  0 -0.156249     -0.263677    
927  3.920      1  0 -0.155829     -0.232773    
928  3.921      1  0 -0.155206     -0.206675    
929  3.922      1  0 -0.154413     -0.197225    
930  3.923      1  0 -0.153480     -0.212902    
931  3.924      1  0 -0.152440     -0.257326    
932  3.925      1  0 -0.151321     -0.328842    
933  3.926      1  0 -0.150149     -0.421180    
934  3.927      1  0 -0.148950     -0.524894    
935  3.928      1  0 -0.147751     -0.629177    
936  3.929      1  0 -0.146578     -0.723561    
937  3.930      1  0 -0.145458     -0.799195    
938  3.931      1  0 -0.144421     -0.849552    
939  3.932      1  0 -0.143496     -0.870633    
940  3.933      1  0 -0.142710     -0.860821    
941  3.934      1  0 -0.142090     -0.820575    
942  3.935      1  0 -0.141656     -0.752096    
943  3.936      1  0 -0.141425     -0.659059    
944  3.937      1  0 -0.141409     -0.546404    
945  3.938      1  0 -0.141612     -0.420196    
946  3.939      1  0 -0.142034     -0.287484    
947  3.940      1  0 -0.142668     -0.156126    
948  3.941      1  0 -0.143501     -0.344888E-01
949  3.942      1  0 -0.144515      0.690133E-01
950  3.943      1  0 -0.145683      0.146610    
951  3.944      1  0 -0.146973      0.192079    
952  3.945      1  0 -0.148346      0.201791    
953  3.946      1  0 -0.149755      0.175716    
954  3.947      1  0 -0.151150      0.118088    
955  3.948      1  0 -0.152474      0.374184E-01
956  3.949      1  0 -0.153675     -0.543952E-01
957  3.950      1  0 -0.154702     -0.143874    
958  3.951      1  0 -0.155515     -0.218376    
959  3.952      1  0 -0.156083     -0.268583    
960  3.953      1  0 -0.156392     -0.290398    
961  3.954      1  0 -0.156440     -0.285779    
962  3.955      1  0 -0.156238     -0.262249    
963  3.956      1  0 -0.155807     -0.231243    
964  3.957      1  0 -0.155175     -0.205671    
965  3.958      1  0 -0.154374     -0.197265    
966  3.959      1  0 -0.153436     -0.214296    
967  3.960      1  0 -0.152390     -0.260128    
968  3.961      1  0 -0.151268     -0.332860    
969  3.962      1  0 -0.150094     -0.426020    
970  3.963      1  0 -0.148894     -0.530053    
971  3.964      1  0 -0.147695     -0.634126    
972  3.965      1  0 -0.146524     -0.727819    
973  3.966      1  0 -0.145407     -0.802380    
974  3.967      1  0 -0.144375     -0.851404    
975  3.968      1  0 -0.143456     -0.871011    
976  3.969      1  0 -0.142678     -0.859694    
977  3.970      1  0 -0.142065     -0.818005    
978  3.971      1  0 -0.141641     -0.748224    
979  3.972      1  0 -0.141420     -0.654091    
980  3.973      1  0 -0.141415     -0.540607    
981  3.974      1  0 -0.141629     -0.413887    
982  3.975      1  0 -0.142061     -0.281027    
983  3.976      1  0 -0.142706     -0.149918    
984  3.977      1  0 -0.143549     -0.289443E-01
985  3.978      1  0 -0.144571      0.734918E-01
986  3.979      1  0 -0.145746      0.149671    
987  3.980      1  0 -0.147041      0.193469    
988  3.981      1  0 -0.148417      0.201410    
989  3.982      1  0 -0.149827      0.173658    
990  3.983      1  0 -0.151220      0.114664    
991  3.984      1  0 -0.152540      0.331332E-01
992  3.985      1  0 -0.153733     -0.589065E-01
993  3.986      1  0 -0.154751     -0.147953    
994  3.987      1  0 -0.155553     -0.221469    
995  3.988      1  0 -0.156109     -0.270346    
996  3.989      1  0 -0.156405     -0.290775    
997  3.990      1  0 -0.156440     -0.285006    
998  3.991      1  0 -0.156227     -0.260802    
999  3.992      1  0 -0.155785     -0.229737    
