# Pazy Wing (simplified : constant stiffness properties)                          
# Operating point sequence...
# i     t     conv	stall	 RY pos[ 1]    Theta[ 1]    
  1  3.992      1  0 -0.155785     -0.229737    
  2  3.995      1  0 -0.153149     -0.287735    
  3  3.998      1  0 -0.150161     -0.422157    
  4  4.001      1  0 -0.147135     -0.584491    
  5  4.004      1  0 -0.144591     -0.685555    
  6  4.007      1  0 -0.143040     -0.665002    
  7  4.010      1  0 -0.142819     -0.515100    
  8  4.013      1  0 -0.143978     -0.282191    
  9  4.016      1  0 -0.146251     -0.566237E-01
 10  4.019      1  0 -0.149107      0.620494E-01
 11  4.022      1  0 -0.151863      0.251316E-01
 12  4.025      1  0 -0.153838     -0.123313    
 13  4.028      1  0 -0.154547     -0.280530    
 14  4.031      1  0 -0.153849     -0.376523    
 15  4.034      1  0 -0.151973     -0.422302    
 16  4.037      1  0 -0.149430     -0.466483    
 17  4.040      1  0 -0.146856     -0.526043    
 18  4.043      1  0 -0.144854     -0.569227    
 19  4.046      1  0 -0.143862     -0.548644    
 20  4.049      1  0 -0.144076     -0.439762    
 21  4.052      1  0 -0.145411     -0.263161    
 22  4.055      1  0 -0.147546     -0.858722E-01
 23  4.058      1  0 -0.149991      0.782837E-02
 24  4.061      1  0 -0.152188     -0.282095E-01
 25  4.064      1  0 -0.153617     -0.162157    
 26  4.067      1  0 -0.153930     -0.309587    
 27  4.070      1  0 -0.153062     -0.407430    
 28  4.073      1  0 -0.151260     -0.455628    
 29  4.076      1  0 -0.149001     -0.487366    
 30  4.079      1  0 -0.146856     -0.516876    
 31  4.082      1  0 -0.145335     -0.524341    
 32  4.085      1  0 -0.144774     -0.478991    
 33  4.088      1  0 -0.145270     -0.369007    
 34  4.091      1  0 -0.146679     -0.219180    
 35  4.094      1  0 -0.148661     -0.879170E-01
 36  4.097      1  0 -0.150759     -0.378376E-01
 37  4.100      1  0 -0.152491     -0.920335E-01
 38  4.103      1  0 -0.153449     -0.213530    
 39  4.106      1  0 -0.153400     -0.336002    
 40  4.109      1  0 -0.152367     -0.418098    
 41  4.112      1  0 -0.150627     -0.463332    
 42  4.115      1  0 -0.148630     -0.492170    
 43  4.118      1  0 -0.146869     -0.508129    
 44  4.121      1  0 -0.145756     -0.493554    
 45  4.124      1  0 -0.145533     -0.429420    
 46  4.127      1  0 -0.146223     -0.317004    
 47  4.130      1  0 -0.147641     -0.187706    
 48  4.133      1  0 -0.149449     -0.936257E-01
 49  4.136      1  0 -0.151228     -0.783954E-01
 50  4.139      1  0 -0.152562     -0.145649    
 51  4.142      1  0 -0.153131     -0.255193    
 52  4.145      1  0 -0.152798     -0.356010    
 53  4.148      1  0 -0.151656     -0.423605    
 54  4.151      1  0 -0.150002     -0.464043    
 55  4.154      1  0 -0.148252     -0.488688    
 56  4.157      1  0 -0.146829     -0.493805    
 57  4.160      1  0 -0.146060     -0.463809    
 58  4.163      1  0 -0.146103     -0.388688    
 59  4.166      1  0 -0.146924     -0.279305    
 60  4.169      1  0 -0.148314     -0.170459    
 61  4.172      1  0 -0.149943     -0.106810    
 62  4.175      1  0 -0.151432     -0.116142    
 63  4.178      1  0 -0.152428     -0.189125    
 64  4.181      1  0 -0.152689     -0.286576    
 65  4.184      1  0 -0.152155     -0.370293    
 66  4.187      1  0 -0.150967     -0.426663    
 67  4.190      1  0 -0.149429     -0.461722    
 68  4.193      1  0 -0.147921     -0.480305    
 69  4.196      1  0 -0.146801     -0.475117    
 70  4.199      1  0 -0.146321     -0.433826    
 71  4.202      1  0 -0.146573     -0.353834    
 72  4.205      1  0 -0.147478     -0.252342    
 73  4.208      1  0 -0.148814     -0.164192    
 74  4.211      1  0 -0.150266     -0.125512    
 75  4.214      1  0 -0.151494     -0.151255    
 76  4.217      1  0 -0.152205     -0.224590    
 77  4.220      1  0 -0.152228     -0.310245    
 78  4.223      1  0 -0.151561     -0.380417    
 79  4.226      1  0 -0.150379     -0.427932    
 80  4.229      1  0 -0.148979     -0.457250    
 81  4.232      1  0 -0.147705     -0.468712    
 82  4.235      1  0 -0.146855     -0.454035    
 83  4.238      1  0 -0.146615     -0.404869    
 84  4.241      1  0 -0.147025     -0.324648    
 85  4.244      1  0 -0.147974     -0.234225    
 86  4.247      1  0 -0.149233     -0.165990    
 87  4.250      1  0 -0.150509     -0.147309    
 88  4.253      1  0 -0.151501     -0.183273    
 89  4.256      1  0 -0.151972     -0.253603    
 90  4.259      1  0 -0.151811     -0.328278    
 91  4.262      1  0 -0.151063     -0.387535    
 92  4.265      1  0 -0.149921     -0.427634    
 93  4.268      1  0 -0.148671     -0.450942    
 94  4.271      1  0 -0.147616     -0.455000    
 95  4.274      1  0 -0.147000     -0.432184    
 96  4.277      1  0 -0.146955     -0.378256    
 97  4.280      1  0 -0.147476     -0.301274    
 98  4.283      1  0 -0.148433     -0.223553    
 99  4.286      1  0 -0.149598     -0.173471    
100  4.289      1  0 -0.150698     -0.170204    
101  4.292      1  0 -0.151475     -0.211780    
102  4.295      1  0 -0.151743     -0.277250    
103  4.298      1  0 -0.151442     -0.342057    
104  4.301      1  0 -0.150652     -0.392319    
105  4.304      1  0 -0.149575     -0.425840    
106  4.307      1  0 -0.148477     -0.443013    
107  4.310      1  0 -0.147622     -0.439966    
108  4.313      1  0 -0.147205     -0.410694    
109  4.316      1  0 -0.147312     -0.354774    
110  4.319      1  0 -0.147905     -0.283489    
111  4.322      1  0 -0.148840     -0.218916    
112  4.325      1  0 -0.149896     -0.184640    
113  4.328      1  0 -0.150825     -0.192747    
114  4.331      1  0 -0.151409     -0.236633    
115  4.334      1  0 -0.151509     -0.296408    
116  4.337      1  0 -0.151106     -0.352516    
117  4.340      1  0 -0.150305     -0.395155    
118  4.343      1  0 -0.149308     -0.422593    
119  4.346      1  0 -0.148360     -0.433695    
120  4.349      1  0 -0.147684     -0.424243    
121  4.352      1  0 -0.147434     -0.390316    
122  4.355      1  0 -0.147656     -0.334744    
123  4.358      1  0 -0.148290     -0.270747    
124  4.361      1  0 -0.149181     -0.218929    
125  4.364      1  0 -0.150120     -0.197910    
126  4.367      1  0 -0.150887     -0.214015    
127  4.370      1  0 -0.151301     -0.257958    
128  4.373      1  0 -0.151265     -0.311832    
129  4.376      1  0 -0.150792     -0.360310    
130  4.379      1  0 -0.150005     -0.396297    
131  4.382      1  0 -0.149099     -0.417993    
132  4.385      1  0 -0.148295     -0.423297    
133  4.388      1  0 -0.147780     -0.408395    
134  4.391      1  0 -0.147668     -0.371572    
135  4.394      1  0 -0.147975     -0.318221    
136  4.397      1  0 -0.148623     -0.262378    
137  4.400      1  0 -0.149455     -0.222376    
138  4.403      1  0 -0.150276     -0.212121    
139  4.406      1  0 -0.150894     -0.233516    
140  4.409      1  0 -0.151161     -0.276051    
141  4.412      1  0 -0.151019     -0.324165    
142  4.415      1  0 -0.150505     -0.365924    
143  4.418      1  0 -0.149750     -0.395954    
144  4.421      1  0 -0.148942     -0.412222    
145  4.424      1  0 -0.148273     -0.412193    
146  4.427      1  0 -0.147900     -0.392938    
147  4.430      1  0 -0.147901     -0.354831    
148  4.433      1  0 -0.148269     -0.305102    
149  4.436      1  0 -0.148911     -0.257702    
150  4.439      1  0 -0.149674     -0.228256    
151  4.442      1  0 -0.150380     -0.226464    
152  4.445      1  0 -0.150861     -0.251039    
153  4.448      1  0 -0.151006     -0.291261    
154  4.451      1  0 -0.150783     -0.333926    
155  4.454      1  0 -0.150251     -0.369713    
156  4.457      1  0 -0.149544     -0.394320    
157  4.460      1  0 -0.148835     -0.405514    
158  4.463      1  0 -0.148292     -0.400775    
159  4.466      1  0 -0.148041     -0.378315    
160  4.469      1  0 -0.148133     -0.340324    
161  4.472      1  0 -0.148539     -0.295180    
162  4.475      1  0 -0.149160     -0.256062    
163  4.478      1  0 -0.149849     -0.235751    
164  4.481      1  0 -0.150443     -0.240390    
165  4.484      1  0 -0.150803     -0.266545    
166  4.487      1  0 -0.150847     -0.303935    
167  4.490      1  0 -0.150566     -0.341524    
168  4.493      1  0 -0.150034     -0.371951    
169  4.496      1  0 -0.149383     -0.391585    
170  4.499      1  0 -0.148772     -0.398128    
171  4.502      1  0 -0.148345     -0.389408    
172  4.505      1  0 -0.148198     -0.364862    
173  4.508      1  0 -0.148360     -0.328139    
174  4.511      1  0 -0.148786     -0.288149    
175  4.514      1  0 -0.149374     -0.256832    
176  4.517      1  0 -0.149985     -0.244203    
177  4.520      1  0 -0.150474     -0.253533    
178  4.523      1  0 -0.150729     -0.280085    
179  4.526      1  0 -0.150690     -0.314386    
180  4.529      1  0 -0.150371     -0.347283    
181  4.532      1  0 -0.149853     -0.372857    
182  4.535      1  0 -0.149265     -0.387936    
183  4.538      1  0 -0.148748     -0.390315    
184  4.541      1  0 -0.148423     -0.378400    
185  4.544      1  0 -0.148363     -0.352801    
186  4.547      1  0 -0.148576     -0.318238    
187  4.550      1  0 -0.149007     -0.283640    
188  4.553      1  0 -0.149554     -0.259430    
189  4.556      1  0 -0.150086     -0.253088    
190  4.559      1  0 -0.150480     -0.265669    
191  4.562      1  0 -0.150643     -0.291771    
192  4.565      1  0 -0.150539     -0.322895    
193  4.568      1  0 -0.150198     -0.351462    
194  4.571      1  0 -0.149705     -0.372621    
195  4.574      1  0 -0.149182     -0.383556    
196  4.577      1  0 -0.148753     -0.382315    
197  4.580      1  0 -0.148518     -0.367997    
198  4.583      1  0 -0.148529     -0.342250    
199  4.586      1  0 -0.148777     -0.310488    
200  4.589      1  0 -0.149202     -0.281256    
201  4.592      1  0 -0.149701     -0.263343    
202  4.595      1  0 -0.150157     -0.262007    
203  4.598      1  0 -0.150463     -0.276679    
204  4.601      1  0 -0.150549     -0.301742    
205  4.604      1  0 -0.150397     -0.329708    
206  4.607      1  0 -0.150047     -0.354286    
207  4.610      1  0 -0.149587     -0.371424    
208  4.613      1  0 -0.149128     -0.378638    
209  4.616      1  0 -0.148781     -0.374348    
210  4.619      1  0 -0.148624     -0.358388    
211  4.622      1  0 -0.148691     -0.333251    
212  4.625      1  0 -0.148962     -0.304700    
213  4.628      1  0 -0.149370     -0.280610    
214  4.631      1  0 -0.149819     -0.268138    
215  4.634      1  0 -0.150202     -0.270676    
216  4.637      1  0 -0.150430     -0.286521    
217  4.640      1  0 -0.150452     -0.310152    
218  4.643      1  0 -0.150265     -0.335046    
219  4.646      1  0 -0.149918     -0.355949    
220  4.649      1  0 -0.149496     -0.369436    
221  4.652      1  0 -0.149101     -0.373365    
222  4.655      1  0 -0.148828     -0.366609    
223  4.658      1  0 -0.148737     -0.349704    
224  4.661      1  0 -0.148848     -0.325780    
225  4.664      1  0 -0.149130     -0.300651    
226  4.667      1  0 -0.149514     -0.281340    
227  4.670      1  0 -0.149911     -0.273462    
228  4.673      1  0 -0.150226     -0.278896    
229  4.676      1  0 -0.150387     -0.295207    
230  4.679      1  0 -0.150358     -0.317158    
231  4.682      1  0 -0.150148     -0.339104    
232  4.685      1  0 -0.149811     -0.356630    
233  4.688      1  0 -0.149430     -0.366826    
234  4.691      1  0 -0.149097     -0.367914    
235  4.694      1  0 -0.148889     -0.359262    
236  4.697      1  0 -0.148854     -0.342027    
237  4.700      1  0 -0.148997     -0.319766    
238  4.703      1  0 -0.149280     -0.298107    
239  4.706      1  0 -0.149637     -0.283121    
240  4.709      1  0 -0.149982     -0.279035    
241  4.712      1  0 -0.150235     -0.286540    
242  4.715      1  0 -0.150338     -0.302781    
243  4.718      1  0 -0.150268     -0.322910    
244  4.721      1  0 -0.150045     -0.342056    
245  4.724      1  0 -0.149726     -0.356490    
246  4.727      1  0 -0.149387     -0.363751    
247  4.730      1  0 -0.149111     -0.362446    
248  4.733      1  0 -0.148962     -0.352435    
249  4.736      1  0 -0.148972     -0.335391    
250  4.739      1  0 -0.149137     -0.315102    
251  4.742      1  0 -0.149415     -0.296828    
252  4.745      1  0 -0.149739     -0.285669    
253  4.748      1  0 -0.150035     -0.284636    
254  4.751      1  0 -0.150232     -0.293533    
255  4.754      1  0 -0.150285     -0.309307    
256  4.757      1  0 -0.150185     -0.327546    
257  4.760      1  0 -0.149958     -0.344056    
258  4.763      1  0 -0.149661     -0.355677    
259  4.766      1  0 -0.149365     -0.360357    
260  4.769      1  0 -0.149142     -0.357097    
261  4.772      1  0 -0.149043     -0.346218    
262  4.775      1  0 -0.149089     -0.329790    
263  4.778      1  0 -0.149267     -0.311654    
264  4.781      1  0 -0.149533     -0.296585    
265  4.784      1  0 -0.149825     -0.288739    
266  4.787      1  0 -0.150073     -0.290104    
267  4.790      1  0 -0.150220     -0.299839    
268  4.793      1  0 -0.150233     -0.314860    
269  4.796      1  0 -0.150112     -0.331200    
270  4.799      1  0 -0.149887     -0.345248    
271  4.802      1  0 -0.149614     -0.354330    
272  4.805      1  0 -0.149360     -0.356779    
273  4.808      1  0 -0.149185     -0.351983    
274  4.811      1  0 -0.149128     -0.340670    
275  4.814      1  0 -0.149202     -0.325184    
276  4.817      1  0 -0.149386     -0.309276    
277  4.820      1  0 -0.149637     -0.297166    
278  4.823      1  0 -0.149895     -0.292130    
279  4.826      1  0 -0.150099     -0.295318    
280  4.829      1  0 -0.150203     -0.305451    
281  4.832      1  0 -0.150183     -0.319522    
282  4.835      1  0 -0.150048     -0.333992    
283  4.838      1  0 -0.149830     -0.345760    
284  4.841      1  0 -0.149585     -0.352576    
285  4.844      1  0 -0.149371     -0.353135    
286  4.847      1  0 -0.149238     -0.347193    
287  4.850      1  0 -0.149217     -0.335817    
288  4.853      1  0 -0.149310     -0.321509    
289  4.856      1  0 -0.149495     -0.307819    
290  4.859      1  0 -0.149728     -0.298378    
291  4.862      1  0 -0.149952     -0.295677    
292  4.865      1  0 -0.150116     -0.300198    
293  4.868      1  0 -0.150182     -0.310382    
294  4.871      1  0 -0.150138     -0.323374    
295  4.874      1  0 -0.149994     -0.336037    
296  4.877      1  0 -0.149789     -0.345711    
297  4.880      1  0 -0.149571     -0.350529    
298  4.883      1  0 -0.149394     -0.349527    
299  4.886      1  0 -0.149298     -0.342793    
300  4.889      1  0 -0.149306     -0.331662    
301  4.892      1  0 -0.149414     -0.318684    
302  4.895      1  0 -0.149595     -0.307133    
303  4.898      1  0 -0.149806     -0.300054    
304  4.901      1  0 -0.149998     -0.299250    
305  4.904      1  0 -0.150126     -0.304691    
306  4.907      1  0 -0.150161     -0.314663    
307  4.910      1  0 -0.150097     -0.326500    
308  4.913      1  0 -0.149952     -0.337440    
309  4.916      1  0 -0.149761     -0.345211    
310  4.919      1  0 -0.149571     -0.348293    
311  4.922      1  0 -0.149427     -0.346040    
312  4.925      1  0 -0.149364     -0.338830    
313  4.928      1  0 -0.149395     -0.328185    
314  4.931      1  0 -0.149511     -0.316621    
315  4.934      1  0 -0.149685     -0.307079    
316  4.937      1  0 -0.149874     -0.302050    
317  4.940      1  0 -0.150036     -0.302751    
318  4.943      1  0 -0.150132     -0.308770    
319  4.946      1  0 -0.150141     -0.318331    
320  4.949      1  0 -0.150064     -0.328981    
321  4.952      1  0 -0.149920     -0.338298    
322  4.955      1  0 -0.149745     -0.344360    
323  4.958      1  0 -0.149582     -0.345960    
324  4.961      1  0 -0.149470     -0.342741    
325  4.964      1  0 -0.149434     -0.335325    
326  4.967      1  0 -0.149482     -0.325350    
327  4.970      1  0 -0.149602     -0.315223    
328  4.973      1  0 -0.149766     -0.307529    
329  4.976      1  0 -0.149933     -0.304245    
330  4.979      1  0 -0.150066     -0.306105    
331  4.982      1  0 -0.150135     -0.312424    
332  4.985      1  0 -0.150123     -0.321431    
333  4.988      1  0 -0.150037     -0.330893    
334  4.991      1  0 -0.149899     -0.338701    
335  4.994      1  0 -0.149741     -0.343245    
336  4.997      1  0 -0.149604     -0.343606    
337  5.000      1  0 -0.149519     -0.339682    
338  5.003      1  0 -0.149506     -0.332287    
339  5.006      1  0 -0.149567     -0.323109    
340  5.009      1  0 -0.149687     -0.314395    
341  5.012      1  0 -0.149838     -0.308366    
342  5.015      1  0 -0.149984     -0.306539    
343  5.018      1  0 -0.150092     -0.309259    
344  5.021      1  0 -0.150136     -0.315656    
345  5.024      1  0 -0.150109     -0.324011    
346  5.027      1  0 -0.150018     -0.332311    
347  5.030      1  0 -0.149887     -0.338732    
348  5.033      1  0 -0.149748     -0.341947    
349  5.036      1  0 -0.149634     -0.341295    
350  5.039      1  0 -0.149573     -0.336897    
351  5.042      1  0 -0.149578     -0.329707    
352  5.045      1  0 -0.149648     -0.321405    
353  5.048      1  0 -0.149766     -0.314043    
354  5.051      1  0 -0.149903     -0.309487    
355  5.054      1  0 -0.150029     -0.308852    
356  5.057      1  0 -0.150113     -0.312177    
357  5.060      1  0 -0.150137     -0.318477    
358  5.063      1  0 -0.150098     -0.326120    
359  5.066      1  0 -0.150005     -0.333304    
360  5.069      1  0 -0.149884     -0.338466    
361  5.072      1  0 -0.149762     -0.340535    
362  5.075      1  0 -0.149670     -0.339081    
363  5.078      1  0 -0.149630     -0.334408    
364  5.081      1  0 -0.149650     -0.327564    
365  5.084      1  0 -0.149726     -0.320177    
366  5.087      1  0 -0.149838     -0.314081    
367  5.090      1  0 -0.149962     -0.310806    
368  5.093      1  0 -0.150067     -0.311124    
369  5.096      1  0 -0.150131     -0.314840    
370  5.099      1  0 -0.150139     -0.320911    
371  5.102      1  0 -0.150091     -0.327809    
372  5.105      1  0 -0.150000     -0.333937    
373  5.108      1  0 -0.149889     -0.337972    
374  5.111      1  0 -0.149784     -0.339070    
375  5.114      1  0 -0.149713     -0.337003    
376  5.117      1  0 -0.149690     -0.332226    
377  5.120      1  0 -0.149721     -0.325834    
378  5.123      1  0 -0.149799     -0.319367    
379  5.126      1  0 -0.149905     -0.314431    
380  5.129      1  0 -0.150014     -0.312250    
381  5.132      1  0 -0.150102     -0.313309    
382  5.135      1  0 -0.150147     -0.317240    
383  5.138      1  0 -0.150142     -0.322984    
384  5.141      1  0 -0.150089     -0.329129    
385  5.144      1  0 -0.150001     -0.334274    
386  5.147      1  0 -0.149901     -0.337309    
387  5.150      1  0 -0.149814     -0.337600    
388  5.153      1  0 -0.149759     -0.335092    
389  5.156      1  0 -0.149751     -0.330350    
390  5.159      1  0 -0.149791     -0.324481    
391  5.162      1  0 -0.149869     -0.318911    
392  5.165      1  0 -0.149967     -0.315020    
393  5.168      1  0 -0.150062     -0.313758    
394  5.171      1  0 -0.150133     -0.315373    
395  5.174      1  0 -0.150164     -0.319376    
396  5.177      1  0 -0.150149     -0.324724    
397  5.180      1  0 -0.150092     -0.330127    
398  5.183      1  0 -0.150010     -0.334368    
399  5.186      1  0 -0.149921     -0.336533    
400  5.189      1  0 -0.149849     -0.336169    
401  5.192      1  0 -0.149810     -0.333368    
402  5.195      1  0 -0.149814     -0.328772    
403  5.198      1  0 -0.149859     -0.323470    
404  5.201      1  0 -0.149935     -0.318754    
405  5.204      1  0 -0.150025     -0.315789    
406  5.207      1  0 -0.150107     -0.315281    
407  5.210      1  0 -0.150163     -0.317294    
408  5.213      1  0 -0.150181     -0.321257    
409  5.216      1  0 -0.150158     -0.326163    
410  5.219      1  0 -0.150100     -0.330851    
411  5.222      1  0 -0.150024     -0.334271    
412  5.225      1  0 -0.149947     -0.335688    
413  5.228      1  0 -0.149889     -0.334808    
414  5.231      1  0 -0.149863     -0.331840    
415  5.234      1  0 -0.149876     -0.327477    
416  5.237      1  0 -0.149925     -0.322760    
417  5.240      1  0 -0.149998     -0.318842    
418  5.243      1  0 -0.150078     -0.316683    
419  5.246      1  0 -0.150148     -0.316782    
420  5.249      1  0 -0.150191     -0.319058    
421  5.252      1  0 -0.150198     -0.322892    
422  5.255      1  0 -0.150170     -0.327333    
423  5.258      1  0 -0.150113     -0.331342    
424  5.261      1  0 -0.150043     -0.334028    
425  5.264      1  0 -0.149978     -0.334814    
426  5.267      1  0 -0.149932     -0.333542    
427  5.270      1  0 -0.149918     -0.330515    
428  5.273      1  0 -0.149938     -0.326445    
429  5.276      1  0 -0.149989     -0.322312    
430  5.279      1  0 -0.150057     -0.319125    
431  5.282      1  0 -0.150129     -0.317656    
432  5.285      1  0 -0.150187     -0.318232    
433  5.288      1  0 -0.150218     -0.320659    
434  5.291      1  0 -0.150217     -0.324300    
435  5.294      1  0 -0.150185     -0.328267    
436  5.297      1  0 -0.150131     -0.331643    
437  5.300      1  0 -0.150068     -0.333680    
438  5.303      1  0 -0.150013     -0.333942    
439  5.306      1  0 -0.149979     -0.332389    
440  5.309      1  0 -0.149974     -0.329389    
441  5.312      1  0 -0.150000     -0.325655    
442  5.315      1  0 -0.150050     -0.322089    
443  5.318      1  0 -0.150114     -0.319560    
444  5.321      1  0 -0.150177     -0.318672    
445  5.324      1  0 -0.150224     -0.319609    
446  5.327      1  0 -0.150246     -0.322096    
447  5.330      1  0 -0.150239     -0.325497    
448  5.333      1  0 -0.150205     -0.328995    
449  5.336      1  0 -0.150154     -0.331788    
450  5.339      1  0 -0.150098     -0.333260    
451  5.342      1  0 -0.150053     -0.333099    
452  5.345      1  0 -0.150028     -0.331359    
453  5.348      1  0 -0.150031     -0.328455    
454  5.351      1  0 -0.150061     -0.325081    
455  5.354      1  0 -0.150110     -0.322054    
456  5.357      1  0 -0.150169     -0.320107    
457  5.360      1  0 -0.150223     -0.319700    
458  5.363      1  0 -0.150261     -0.320898    
459  5.366      1  0 -0.150275     -0.323372    
460  5.369      1  0 -0.150262     -0.326502    
461  5.372      1  0 -0.150228     -0.329545    
462  5.375      1  0 -0.150180     -0.331810    
463  5.378      1  0 -0.150132     -0.332797    
464  5.381      1  0 -0.150096     -0.332304    
465  5.384      1  0 -0.150080     -0.330458    
466  5.387      1  0 -0.150088     -0.327701    
467  5.390      1  0 -0.150120     -0.324696    
468  5.393      1  0 -0.150168     -0.322171    
469  5.396      1  0 -0.150221     -0.320733    
470  5.399      1  0 -0.150267     -0.320714    
471  5.402      1  0 -0.150296     -0.322088    
472  5.405      1  0 -0.150303     -0.324492    
473  5.408      1  0 -0.150287     -0.327334    
474  5.411      1  0 -0.150253     -0.329945    
475  5.414      1  0 -0.150210     -0.331736    
476  5.417      1  0 -0.150169     -0.332316    
477  5.420      1  0 -0.150140     -0.331570    
478  5.423      1  0 -0.150132     -0.329684    
479  5.426      1  0 -0.150145     -0.327114    
480  5.429      1  0 -0.150178     -0.324476    
481  5.432      1  0 -0.150223     -0.322410    
482  5.435      1  0 -0.150270     -0.321409    
483  5.438      1  0 -0.150308     -0.321696    
484  5.441      1  0 -0.150331     -0.323176    
485  5.444      1  0 -0.150332     -0.325467    
486  5.447      1  0 -0.150314     -0.328013    
487  5.450      1  0 -0.150281     -0.330221    
488  5.453      1  0 -0.150243     -0.331595    
489  5.456      1  0 -0.150208     -0.331836    
490  5.459      1  0 -0.150187     -0.330907    
491  5.462      1  0 -0.150184     -0.329037    
492  5.465      1  0 -0.150201     -0.326677    
493  5.468      1  0 -0.150234     -0.324396    
494  5.471      1  0 -0.150276     -0.322743    
495  5.474      1  0 -0.150317     -0.322112    
496  5.477      1  0 -0.150349     -0.322634    
497  5.480      1  0 -0.150365     -0.324162    
498  5.483      1  0 -0.150363     -0.326309    
499  5.486      1  0 -0.150343     -0.328562    
500  5.489      1  0 -0.150312     -0.330398    
501  5.492      1  0 -0.150278     -0.331408    
502  5.495      1  0 -0.150250     -0.331376    
503  5.498      1  0 -0.150235     -0.330325    
504  5.501      1  0 -0.150237     -0.328514    
505  5.504      1  0 -0.150256     -0.326379    
506  5.507      1  0 -0.150289     -0.324435    
507  5.510      1  0 -0.150327     -0.323151    
508  5.513      1  0 -0.150364     -0.322825    
509  5.516      1  0 -0.150390     -0.323520    
510  5.519      1  0 -0.150401     -0.325049    
511  5.522      1  0 -0.150395     -0.327032    
512  5.525      1  0 -0.150375     -0.328999    
513  5.528      1  0 -0.150347     -0.330499    
514  5.531      1  0 -0.150318     -0.331198    
515  5.534      1  0 -0.150295     -0.330950    
516  5.537      1  0 -0.150286     -0.329829    
517  5.540      1  0 -0.150292     -0.328107    
518  5.543      1  0 -0.150312     -0.326203    
519  5.546      1  0 -0.150344     -0.324575    
520  5.549      1  0 -0.150379     -0.323612    
521  5.552      1  0 -0.150410     -0.323536    
522  5.555      1  0 -0.150431     -0.324351    
523  5.558      1  0 -0.150438     -0.325843    
524  5.561      1  0 -0.150430     -0.327650    
525  5.564      1  0 -0.150411     -0.329346    
526  5.567      1  0 -0.150385     -0.330544    
527  5.570      1  0 -0.150360     -0.330980    
528  5.573      1  0 -0.150343     -0.330568    
529  5.576      1  0 -0.150338     -0.329418    
530  5.579      1  0 -0.150347     -0.327811    
531  5.582      1  0 -0.150369     -0.326136    
532  5.585      1  0 -0.150398     -0.324796    
533  5.588      1  0 -0.150430     -0.324110    
534  5.591      1  0 -0.150457     -0.324233    
535  5.594      1  0 -0.150473     -0.325122    
536  5.597      1  0 -0.150477     -0.326552    
537  5.600      1  0 -0.150468     -0.328177    
538  5.603      1  0 -0.150449     -0.329619    
539  5.606      1  0 -0.150426     -0.330551    
540  5.609      1  0 -0.150405     -0.330769    
541  5.612      1  0 -0.150393     -0.330237    
542  5.615      1  0 -0.150392     -0.329093    
543  5.618      1  0 -0.150403     -0.327616    
544  5.621      1  0 -0.150425     -0.326163    
545  5.624      1  0 -0.150453     -0.325083    
546  5.627      1  0 -0.150481     -0.324632    
547  5.630      1  0 -0.150504     -0.324908    
548  5.633      1  0 -0.150517     -0.325835    
549  5.636      1  0 -0.150517     -0.327181    
550  5.639      1  0 -0.150507     -0.328625    
551  5.642      1  0 -0.150490     -0.329833    
552  5.645      1  0 -0.150470     -0.330532    
553  5.648      1  0 -0.150453     -0.330574    
554  5.651      1  0 -0.150445     -0.329961    
555  5.654      1  0 -0.150447     -0.328850    
556  5.657      1  0 -0.150460     -0.327511    
557  5.660      1  0 -0.150482     -0.326268    
558  5.663      1  0 -0.150508     -0.325419    
559  5.666      1  0 -0.150533     -0.325165    
560  5.669      1  0 -0.150552     -0.325556    
561  5.672      1  0 -0.150561     -0.326490    
562  5.675      1  0 -0.150560     -0.327738    
563  5.678      1  0 -0.150550     -0.329006    
564  5.681      1  0 -0.150534     -0.330001    
565  5.684      1  0 -0.150517     -0.330501    
566  5.687      1  0 -0.150504     -0.330403    
567  5.690      1  0 -0.150499     -0.329742    
568  5.693      1  0 -0.150504     -0.328684    
569  5.696      1  0 -0.150518     -0.327486    
570  5.699      1  0 -0.150539     -0.326440    
571  5.702      1  0 -0.150563     -0.325794    
572  5.705      1  0 -0.150585     -0.325700    
573  5.708      1  0 -0.150601     -0.326172    
574  5.711      1  0 -0.150607     -0.327090    
575  5.714      1  0 -0.150605     -0.328233    
576  5.717      1  0 -0.150595     -0.329331    
577  5.720      1  0 -0.150580     -0.330135    
578  5.723      1  0 -0.150566     -0.330467    
579  5.726      1  0 -0.150557     -0.330261    
580  5.729      1  0 -0.150555     -0.329578    
581  5.732      1  0 -0.150561     -0.328587    
582  5.735      1  0 -0.150576     -0.327531    
583  5.738      1  0 -0.150597     -0.326664    
584  5.741      1  0 -0.150618     -0.326194    
585  5.744      1  0 -0.150638     -0.326228    
586  5.747      1  0 -0.150650     -0.326753    
587  5.750      1  0 -0.150655     -0.327637    
588  5.753      1  0 -0.150652     -0.328669    
589  5.756      1  0 -0.150642     -0.329609    
590  5.759      1  0 -0.150629     -0.330244    
591  5.762      1  0 -0.150618     -0.330436    
592  5.765      1  0 -0.150611     -0.330151    
593  5.768      1  0 -0.150611     -0.329467    
594  5.771      1  0 -0.150620     -0.328554    
595  5.774      1  0 -0.150635     -0.327635    
596  5.777      1  0 -0.150654     -0.326931    
597  5.780      1  0 -0.150674     -0.326610    
598  5.783      1  0 -0.150690     -0.326745    
599  5.786      1  0 -0.150701     -0.327298    
600  5.789      1  0 -0.150704     -0.328135    
601  5.792      1  0 -0.150700     -0.329056    
602  5.795      1  0 -0.150691     -0.329850    
603  5.798      1  0 -0.150680     -0.330338    
604  5.801      1  0 -0.150671     -0.330416    
605  5.804      1  0 -0.150667     -0.330076    
606  5.807      1  0 -0.150669     -0.329408    
607  5.810      1  0 -0.150679     -0.328579    
608  5.813      1  0 -0.150694     -0.327789    
609  5.816      1  0 -0.150712     -0.327230    
610  5.819      1  0 -0.150729     -0.327034    
611  5.822      1  0 -0.150743     -0.327245    
612  5.825      1  0 -0.150752     -0.327807    
613  5.828      1  0 -0.150753     -0.328587    
614  5.831      1  0 -0.150749     -0.329401    
615  5.834      1  0 -0.150741     -0.330062    
616  5.837      1  0 -0.150732     -0.330422    
617  5.840      1  0 -0.150725     -0.330409    
618  5.843      1  0 -0.150723     -0.330035    
619  5.846      1  0 -0.150727     -0.329397    
620  5.849      1  0 -0.150738     -0.328653    
621  5.852      1  0 -0.150753     -0.327985    
622  5.855      1  0 -0.150769     -0.327553    
623  5.858      1  0 -0.150785     -0.327460    
624  5.861      1  0 -0.150797     -0.327726    
625  5.864      1  0 -0.150804     -0.328283    
626  5.867      1  0 -0.150804     -0.329001    
627  5.870      1  0 -0.150800     -0.329711    
628  5.873      1  0 -0.150793     -0.330252    
629  5.876      1  0 -0.150786     -0.330505    
630  5.879      1  0 -0.150781     -0.330422    
631  5.882      1  0 -0.150781     -0.330030    
632  5.885      1  0 -0.150787     -0.329431    
633  5.888      1  0 -0.150798     -0.328772    
634  5.891      1  0 -0.150812     -0.328216    
635  5.894      1  0 -0.150827     -0.327895    
636  5.897      1  0 -0.150842     -0.327885    
637  5.900      1  0 -0.150852     -0.328187    
638  5.903      1  0 -0.150857     -0.328728    
639  5.906      1  0 -0.150857     -0.329380    
640  5.909      1  0 -0.150853     -0.329993    
641  5.912      1  0 -0.150847     -0.330428    
642  5.915      1  0 -0.150842     -0.330592    
643  5.918      1  0 -0.150839     -0.330456    
644  5.921      1  0 -0.150841     -0.330060    
645  5.924      1  0 -0.150847     -0.329506    
646  5.927      1  0 -0.150858     -0.328931    
647  5.930      1  0 -0.150872     -0.328475    
648  5.933      1  0 -0.150886     -0.328249    
649  5.936      1  0 -0.150899     -0.328305    
650  5.939      1  0 -0.150908     -0.328629    
651  5.942      1  0 -0.150912     -0.329145    
652  5.945      1  0 -0.150912     -0.329731    
653  5.948      1  0 -0.150908     -0.330253    
654  5.951      1  0 -0.150903     -0.330595    
655  5.954      1  0 -0.150899     -0.330686    
656  5.957      1  0 -0.150898     -0.330512    
657  5.960      1  0 -0.150901     -0.330123    
658  5.963      1  0 -0.150908     -0.329618    
659  5.966      1  0 -0.150919     -0.329122    
660  5.969      1  0 -0.150933     -0.328757    
661  5.972      1  0 -0.150946     -0.328610    
662  5.975      1  0 -0.150957     -0.328717    
663  5.978      1  0 -0.150964     -0.329052    
664  5.981      1  0 -0.150968     -0.329535    
665  5.984      1  0 -0.150967     -0.330056    
666  5.987      1  0 -0.150964     -0.330496    
667  5.990      1  0 -0.150961     -0.330758    
668  5.993      1  0 -0.150958     -0.330790    
669  5.996      1  0 -0.150958     -0.330591    
670  5.999      1  0 -0.150962     -0.330217    
671  6.002      1  0 -0.150970     -0.329763    
672  6.005      1  0 -0.150981     -0.329342    
673  6.008      1  0 -0.150993     -0.329056    
674  6.011      1  0 -0.151005     -0.328975    
675  6.014      1  0 -0.151015     -0.329119    
676  6.017      1  0 -0.151022     -0.329454    
677  6.020      1  0 -0.151024     -0.329902    
678  6.023      1  0 -0.151024     -0.330360    
679  6.026      1  0 -0.151022     -0.330726    
680  6.029      1  0 -0.151019     -0.330921    
681  6.032      1  0 -0.151018     -0.330906    
682  6.035      1  0 -0.151019     -0.330693    
683  6.038      1  0 -0.151024     -0.330340    
684  6.041      1  0 -0.151033     -0.329938    
685  6.044      1  0 -0.151043     -0.329584    
686  6.047      1  0 -0.151055     -0.329368    
687  6.050      1  0 -0.151066     -0.329342    
688  6.053      1  0 -0.151074     -0.329512    
689  6.056      1  0 -0.151080     -0.329840    
690  6.059      1  0 -0.151083     -0.330250    
691  6.062      1  0 -0.151082     -0.330649    
692  6.065      1  0 -0.151081     -0.330949    
693  6.068      1  0 -0.151079     -0.331086    
694  6.071      1  0 -0.151079     -0.331036    
695  6.074      1  0 -0.151082     -0.330818    
696  6.077      1  0 -0.151087     -0.330490    
697  6.080      1  0 -0.151096     -0.330138    
698  6.083      1  0 -0.151106     -0.329847    
699  6.086      1  0 -0.151117     -0.329691    
700  6.089      1  0 -0.151127     -0.329708    
701  6.092      1  0 -0.151135     -0.329895    
702  6.095      1  0 -0.151140     -0.330210    
703  6.098      1  0 -0.151142     -0.330582    
704  6.101      1  0 -0.151142     -0.330926    
705  6.104      1  0 -0.151141     -0.331168    
706  6.107      1  0 -0.151141     -0.331258    
707  6.110      1  0 -0.151142     -0.331182    
708  6.113      1  0 -0.151145     -0.330966    
709  6.116      1  0 -0.151151     -0.330667    
710  6.119      1  0 -0.151160     -0.330362    
711  6.122      1  0 -0.151170     -0.330128    
712  6.125      1  0 -0.151180     -0.330023    
713  6.128      1  0 -0.151190     -0.330073    
714  6.131      1  0 -0.151197     -0.330270    
715  6.134      1  0 -0.151201     -0.330569    
716  6.137      1  0 -0.151203     -0.330903    
717  6.140      1  0 -0.151204     -0.331197    
718  6.143      1  0 -0.151204     -0.331388    
719  6.146      1  0 -0.151204     -0.331440    
720  6.149      1  0 -0.151206     -0.331346    
721  6.152      1  0 -0.151210     -0.331137    
722  6.155      1  0 -0.151217     -0.330869    
723  6.158      1  0 -0.151226     -0.330609    
724  6.161      1  0 -0.151235     -0.330424    
725  6.164      1  0 -0.151245     -0.330361    
726  6.167      1  0 -0.151254     -0.330438    
727  6.170      1  0 -0.151260     -0.330638    
728  6.173      1  0 -0.151264     -0.330917    
729  6.176      1  0 -0.151267     -0.331214    
730  6.179      1  0 -0.151267     -0.331462    
731  6.182      1  0 -0.151268     -0.331611    
732  6.185      1  0 -0.151269     -0.331633    
733  6.188      1  0 -0.151272     -0.331528    
734  6.191      1  0 -0.151277     -0.331330    
735  6.194      1  0 -0.151284     -0.331091    
736  6.197      1  0 -0.151293     -0.330873    
737  6.200      1  0 -0.151302     -0.330732    
738  6.203      1  0 -0.151311     -0.330704    
739  6.206      1  0 -0.151319     -0.330799    
740  6.209      1  0 -0.151325     -0.330998    
741  6.212      1  0 -0.151329     -0.331256    
742  6.215      1  0 -0.151331     -0.331517    
743  6.218      1  0 -0.151333     -0.331726    
744  6.221      1  0 -0.151334     -0.331838    
745  6.224      1  0 -0.151336     -0.331836    
746  6.227      1  0 -0.151340     -0.331726    
747  6.230      1  0 -0.151345     -0.331542    
748  6.233      1  0 -0.151352     -0.331332    
749  6.236      1  0 -0.151361     -0.331152    
750  6.239      1  0 -0.151370     -0.331049    
751  6.242      1  0 -0.151378     -0.331050    
752  6.245      1  0 -0.151386     -0.331158    
753  6.248      1  0 -0.151391     -0.331351    
754  6.251      1  0 -0.151395     -0.331587    
755  6.254      1  0 -0.151397     -0.331815    
756  6.257      1  0 -0.151399     -0.331988    
757  6.260      1  0 -0.151401     -0.332070    
758  6.263      1  0 -0.151404     -0.332050    
759  6.266      1  0 -0.151408     -0.331939    
760  6.269      1  0 -0.151414     -0.331770    
761  6.272      1  0 -0.151421     -0.331589    
762  6.275      1  0 -0.151429     -0.331444    
763  6.278      1  0 -0.151438     -0.331372    
764  6.281      1  0 -0.151446     -0.331396    
765  6.284      1  0 -0.151453     -0.331512    
766  6.287      1  0 -0.151458     -0.331697    
767  6.290      1  0 -0.151462     -0.331911    
768  6.293      1  0 -0.151464     -0.332109    
769  6.296      1  0 -0.151467     -0.332250    
770  6.299      1  0 -0.151469     -0.332308    
771  6.302      1  0 -0.151472     -0.332275    
772  6.305      1  0 -0.151477     -0.332167    
773  6.308      1  0 -0.151483     -0.332014    
774  6.311      1  0 -0.151491     -0.331860    
775  6.314      1  0 -0.151499     -0.331745    
776  6.317      1  0 -0.151507     -0.331701    
777  6.320      1  0 -0.151515     -0.331742    
778  6.323      1  0 -0.151521     -0.331862    
779  6.326      1  0 -0.151526     -0.332037    
780  6.329      1  0 -0.151530     -0.332230    
781  6.332      1  0 -0.151533     -0.332400    
782  6.335      1  0 -0.151535     -0.332515    
783  6.338      1  0 -0.151538     -0.332552    
784  6.341      1  0 -0.151542     -0.332512    
785  6.344      1  0 -0.151547     -0.332408    
786  6.347      1  0 -0.151554     -0.332273    
787  6.350      1  0 -0.151561     -0.332144    
788  6.353      1  0 -0.151569     -0.332056    
789  6.356      1  0 -0.151577     -0.332034    
790  6.359      1  0 -0.151584     -0.332089    
791  6.362      1  0 -0.151591     -0.332210    
792  6.365      1  0 -0.151596     -0.332373    
793  6.368      1  0 -0.151600     -0.332545    
794  6.371      1  0 -0.151603     -0.332691    
795  6.374      1  0 -0.151606     -0.332783    
796  6.377      1  0 -0.151609     -0.332805    
797  6.380      1  0 -0.151613     -0.332760    
798  6.383      1  0 -0.151619     -0.332663    
799  6.386      1  0 -0.151626     -0.332546    
800  6.389      1  0 -0.151633     -0.332439    
801  6.392      1  0 -0.151641     -0.332375    
802  6.395      1  0 -0.151649     -0.332372    
803  6.398      1  0 -0.151656     -0.332435    
804  6.401      1  0 -0.151662     -0.332555    
805  6.404      1  0 -0.151666     -0.332706    
806  6.407      1  0 -0.151670     -0.332859    
807  6.410      1  0 -0.151674     -0.332984    
808  6.413      1  0 -0.151677     -0.333056    
809  6.416      1  0 -0.151681     -0.333066    
810  6.419      1  0 -0.151686     -0.333019    
811  6.422      1  0 -0.151692     -0.332931    
812  6.425      1  0 -0.151699     -0.332830    
813  6.428      1  0 -0.151706     -0.332744    
814  6.431      1  0 -0.151714     -0.332700    
815  6.434      1  0 -0.151721     -0.332712    
816  6.437      1  0 -0.151728     -0.332782    
817  6.440      1  0 -0.151734     -0.332898    
818  6.443      1  0 -0.151738     -0.333038    
819  6.446      1  0 -0.151743     -0.333173    
820  6.449      1  0 -0.151746     -0.333278    
821  6.452      1  0 -0.151750     -0.333335    
822  6.455      1  0 -0.151754     -0.333336    
823  6.458      1  0 -0.151759     -0.333289    
824  6.461      1  0 -0.151765     -0.333210    
825  6.464      1  0 -0.151772     -0.333125    
826  6.467      1  0 -0.151780     -0.333058    
827  6.470      1  0 -0.151787     -0.333031    
828  6.473      1  0 -0.151794     -0.333055    
829  6.476      1  0 -0.151801     -0.333129    
830  6.479      1  0 -0.151807     -0.333240    
831  6.482      1  0 -0.151811     -0.333368    
832  6.485      1  0 -0.151816     -0.333486    
833  6.488      1  0 -0.151820     -0.333575    
834  6.491      1  0 -0.151824     -0.333619    
835  6.494      1  0 -0.151829     -0.333614    
836  6.497      1  0 -0.151834     -0.333569    
837  6.500      1  0 -0.151840     -0.333500    
838  6.503      1  0 -0.151847     -0.333429    
839  6.506      1  0 -0.151854     -0.333379    
840  6.509      1  0 -0.151862     -0.333367    
841  6.512      1  0 -0.151869     -0.333400    
842  6.515      1  0 -0.151875     -0.333476    
843  6.518      1  0 -0.151881     -0.333581    
844  6.521      1  0 -0.151886     -0.333697    
845  6.524      1  0 -0.151890     -0.333801    
846  6.527      1  0 -0.151895     -0.333876    
847  6.530      1  0 -0.151899     -0.333910    
848  6.533      1  0 -0.151904     -0.333901    
849  6.536      1  0 -0.151910     -0.333859    
850  6.539      1  0 -0.151916     -0.333800    
851  6.542      1  0 -0.151923     -0.333743    
852  6.545      1  0 -0.151930     -0.333707    
853  6.548      1  0 -0.151938     -0.333708    
854  6.551      1  0 -0.151944     -0.333748    
855  6.554      1  0 -0.151951     -0.333824    
856  6.557      1  0 -0.151956     -0.333923    
857  6.560      1  0 -0.151961     -0.334028    
858  6.563      1  0 -0.151966     -0.334119    
859  6.566      1  0 -0.151971     -0.334182    
860  6.569      1  0 -0.151975     -0.334208    
861  6.572      1  0 -0.151981     -0.334198    
862  6.575      1  0 -0.151987     -0.334160    
863  6.578      1  0 -0.151993     -0.334110    
864  6.581      1  0 -0.152000     -0.334066    
865  6.584      1  0 -0.152007     -0.334043    
866  6.587      1  0 -0.152015     -0.334053    
867  6.590      1  0 -0.152021     -0.334098    
868  6.593      1  0 -0.152028     -0.334173    
869  6.596      1  0 -0.152033     -0.334267    
870  6.599      1  0 -0.152038     -0.334361    
871  6.602      1  0 -0.152043     -0.334441    
872  6.605      1  0 -0.152048     -0.334494    
873  6.608      1  0 -0.152053     -0.334515    
874  6.611      1  0 -0.152059     -0.334503    
875  6.614      1  0 -0.152065     -0.334470    
876  6.617      1  0 -0.152072     -0.334430    
877  6.620      1  0 -0.152079     -0.334397    
878  6.623      1  0 -0.152086     -0.334385    
879  6.626      1  0 -0.152093     -0.334403    
880  6.629      1  0 -0.152100     -0.334451    
881  6.632      1  0 -0.152106     -0.334525    
882  6.635      1  0 -0.152112     -0.334612    
883  6.638      1  0 -0.152117     -0.334697    
884  6.641      1  0 -0.152122     -0.334768    
885  6.644      1  0 -0.152127     -0.334813    
886  6.647      1  0 -0.152133     -0.334828    
887  6.650      1  0 -0.152138     -0.334818    
888  6.653      1  0 -0.152145     -0.334790    
889  6.656      1  0 -0.152152     -0.334758    
890  6.659      1  0 -0.152159     -0.334735    
891  6.662      1  0 -0.152166     -0.334732    
892  6.665      1  0 -0.152173     -0.334756    
893  6.668      1  0 -0.152179     -0.334807    
894  6.671      1  0 -0.152185     -0.334878    
895  6.674      1  0 -0.152191     -0.334959    
896  6.677      1  0 -0.152197     -0.335036    
897  6.680      1  0 -0.152202     -0.335098    
898  6.683      1  0 -0.152207     -0.335136    
899  6.686      1  0 -0.152213     -0.335149    
900  6.689      1  0 -0.152219     -0.335139    
901  6.692      1  0 -0.152225     -0.335117    
902  6.695      1  0 -0.152232     -0.335092    
903  6.698      1  0 -0.152239     -0.335078    
904  6.701      1  0 -0.152246     -0.335083    
905  6.704      1  0 -0.152253     -0.335112    
906  6.707      1  0 -0.152260     -0.335164    
907  6.710      1  0 -0.152266     -0.335232    
908  6.713      1  0 -0.152272     -0.335307    
909  6.716      1  0 -0.152277     -0.335376    
910  6.719      1  0 -0.152283     -0.335430    
911  6.722      1  0 -0.152288     -0.335464    
912  6.725      1  0 -0.152294     -0.335474    
913  6.728      1  0 -0.152300     -0.335467    
914  6.731      1  0 -0.152307     -0.335449    
915  6.734      1  0 -0.152314     -0.335432    
916  6.737      1  0 -0.152321     -0.335425    
917  6.740      1  0 -0.152328     -0.335437    
918  6.743      1  0 -0.152334     -0.335470    
919  6.746      1  0 -0.152341     -0.335522    
920  6.749      1  0 -0.152347     -0.335587    
921  6.752      1  0 -0.152353     -0.335656    
922  6.755      1  0 -0.152358     -0.335718    
923  6.758      1  0 -0.152364     -0.335766    
924  6.761      1  0 -0.152370     -0.335795    
925  6.764      1  0 -0.152376     -0.335805    
926  6.767      1  0 -0.152382     -0.335799    
927  6.770      1  0 -0.152388     -0.335786    
928  6.773      1  0 -0.152395     -0.335776    
929  6.776      1  0 -0.152402     -0.335776    
930  6.779      1  0 -0.152409     -0.335792    
931  6.782      1  0 -0.152416     -0.335828    
932  6.785      1  0 -0.152422     -0.335879    
933  6.788      1  0 -0.152428     -0.335941    
934  6.791      1  0 -0.152434     -0.336005    
935  6.794      1  0 -0.152440     -0.336062    
936  6.797      1  0 -0.152446     -0.336105    
937  6.800      1  0 -0.152452     -0.336130    
938  6.803      1  0 -0.152458     -0.336140    
939  6.806      1  0 -0.152464     -0.336136    
940  6.809      1  0 -0.152471     -0.336128    
941  6.812      1  0 -0.152478     -0.336124    
942  6.815      1  0 -0.152484     -0.336130    
943  6.818      1  0 -0.152491     -0.336151    
944  6.821      1  0 -0.152498     -0.336188    
945  6.824      1  0 -0.152505     -0.336239    
946  6.827      1  0 -0.152511     -0.336298    
947  6.830      1  0 -0.152517     -0.336356    
948  6.833      1  0 -0.152523     -0.336408    
949  6.836      1  0 -0.152528     -0.336446    
950  6.839      1  0 -0.152534     -0.336470    
951  6.842      1  0 -0.152541     -0.336479    
952  6.845      1  0 -0.152547     -0.336479    
953  6.848      1  0 -0.152554     -0.336475    
954  6.851      1  0 -0.152561     -0.336476    
955  6.854      1  0 -0.152568     -0.336487    
956  6.857      1  0 -0.152574     -0.336512    
957  6.860      1  0 -0.152581     -0.336550    
958  6.863      1  0 -0.152588     -0.336600    
959  6.866      1  0 -0.152594     -0.336656    
960  6.869      1  0 -0.152600     -0.336710    
961  6.872      1  0 -0.152606     -0.336758    
962  6.875      1  0 -0.152612     -0.336793    
963  6.878      1  0 -0.152618     -0.336816    
964  6.881      1  0 -0.152624     -0.336826    
965  6.884      1  0 -0.152631     -0.336828    
966  6.887      1  0 -0.152638     -0.336829    
967  6.890      1  0 -0.152645     -0.336835    
968  6.893      1  0 -0.152652     -0.336850    
969  6.896      1  0 -0.152659     -0.336877    
970  6.899      1  0 -0.152665     -0.336917    
971  6.902      1  0 -0.152672     -0.336966    
972  6.905      1  0 -0.152678     -0.337019    
973  6.908      1  0 -0.152685     -0.337070    
974  6.911      1  0 -0.152691     -0.337114    
975  6.914      1  0 -0.152697     -0.337147    
976  6.917      1  0 -0.152703     -0.337168    
977  6.920      1  0 -0.152710     -0.337179    
978  6.923      1  0 -0.152717     -0.337185    
979  6.926      1  0 -0.152723     -0.337190    
980  6.929      1  0 -0.152731     -0.337200    
981  6.932      1  0 -0.152738     -0.337219    
982  6.935      1  0 -0.152745     -0.337249    
983  6.938      1  0 -0.152751     -0.337290    
984  6.941      1  0 -0.152758     -0.337337    
985  6.944      1  0 -0.152764     -0.337388    
986  6.947      1  0 -0.152771     -0.337435    
987  6.950      1  0 -0.152777     -0.337476    
988  6.953      1  0 -0.152784     -0.337508    
989  6.956      1  0 -0.152790     -0.337529    
990  6.959      1  0 -0.152797     -0.337541    
991  6.962      1  0 -0.152804     -0.337550    
992  6.965      1  0 -0.152811     -0.337559    
993  6.968      1  0 -0.152818     -0.337573    
994  6.971      1  0 -0.152825     -0.337595    
995  6.974      1  0 -0.152832     -0.337627    
996  6.977      1  0 -0.152839     -0.337668    
997  6.980      1  0 -0.152846     -0.337714    
998  6.983      1  0 -0.152852     -0.337762    
999  6.986      1  0 -0.152859     -0.337808    
