# Pazy Wing (simplified : constant stiffness properties)                          
# Operating point sequence...
# i     t     conv	stall	 RY pos[ 1]    Theta[ 1]    
  1  2.994      1  0 -0.168833     -0.413220    
  2  2.995      1  0 -0.168833     -0.413219    
  3  2.996      1  0 -0.168832     -0.413219    
  4  2.997      1  0 -0.168832     -0.413218    
  5  2.998      1  0 -0.168832     -0.413217    
  6  2.999      1  0 -0.168832     -0.413217    
  7  3.000      1  0 -0.168832     -0.413216    
  8  3.001      1  0 -0.168832     -0.413216    
  9  3.002      1  0 -0.168832     -0.413216    
 10  3.003      1  0 -0.168832     -0.413216    
 11  3.004      1  0 -0.168832     -0.413216    
 12  3.005      1  0 -0.168832     -0.413216    
 13  3.006      1  0 -0.168831     -0.413216    
 14  3.007      1  0 -0.168831     -0.413216    
 15  3.008      1  0 -0.168831     -0.413215    
 16  3.009      1  0 -0.168831     -0.413215    
 17  3.010      1  0 -0.168831     -0.413215    
 18  3.011      1  0 -0.168831     -0.413214    
 19  3.012      1  0 -0.168831     -0.413214    
 20  3.013      1  0 -0.168831     -0.413214    
 21  3.014      1  0 -0.168831     -0.413214    
 22  3.015      1  0 -0.168830     -0.413214    
 23  3.016      1  0 -0.168830     -0.413215    
 24  3.017      1  0 -0.168830     -0.413215    
 25  3.018      1  0 -0.168830     -0.413216    
 26  3.019      1  0 -0.168830     -0.413216    
 27  3.020      1  0 -0.168830     -0.413216    
 28  3.021      1  0 -0.168830     -0.413217    
 29  3.022      1  0 -0.168830     -0.413217    
 30  3.023      1  0 -0.168830     -0.413216    
 31  3.024      1  0 -0.168830     -0.413216    
 32  3.025      1  0 -0.168829     -0.413215    
 33  3.026      1  0 -0.168829     -0.413215    
 34  3.027      1  0 -0.168829     -0.413214    
 35  3.028      1  0 -0.168829     -0.413213    
 36  3.029      1  0 -0.168829     -0.413213    
 37  3.030      1  0 -0.168829     -0.413212    
 38  3.031      1  0 -0.168829     -0.413212    
 39  3.032      1  0 -0.168829     -0.413211    
 40  3.033      1  0 -0.168829     -0.413211    
 41  3.034      1  0 -0.168829     -0.413211    
 42  3.035      1  0 -0.168829     -0.413211    
 43  3.036      1  0 -0.168829     -0.413211    
 44  3.037      1  0 -0.168829     -0.413211    
 45  3.038      1  0 -0.168829     -0.413210    
 46  3.039      1  0 -0.168829     -0.413210    
 47  3.040      1  0 -0.168829     -0.413209    
 48  3.041      1  0 -0.168829     -0.413209    
 49  3.042      1  0 -0.168829     -0.413208    
 50  3.043      1  0 -0.168829     -0.413208    
 51  3.044      1  0 -0.168829     -0.413208    
 52  3.045      1  0 -0.168829     -0.413208    
 53  3.046      1  0 -0.168829     -0.413208    
 54  3.047      1  0 -0.168829     -0.413208    
 55  3.048      1  0 -0.168829     -0.413209    
 56  3.049      1  0 -0.168829     -0.413210    
 57  3.050      1  0 -0.168829     -0.413210    
 58  3.051      1  0 -0.168829     -0.413210    
 59  3.052      1  0 -0.168829     -0.413211    
 60  3.053      1  0 -0.168829     -0.413211    
 61  3.054      1  0 -0.168829     -0.413211    
 62  3.055      1  0 -0.168829     -0.413212    
 63  3.056      1  0 -0.168829     -0.413212    
 64  3.057      1  0 -0.168829     -0.413212    
 65  3.058      1  0 -0.168829     -0.413212    
 66  3.059      1  0 -0.168829     -0.413212    
 67  3.060      1  0 -0.168829     -0.413212    
 68  3.061      1  0 -0.168829     -0.413212    
 69  3.062      1  0 -0.168829     -0.413213    
 70  3.063      1  0 -0.168829     -0.413213    
 71  3.064      1  0 -0.168829     -0.413213    
 72  3.065      1  0 -0.168829     -0.413213    
 73  3.066      1  0 -0.168829     -0.413213    
 74  3.067      1  0 -0.168829     -0.413213    
 75  3.068      1  0 -0.168829     -0.413213    
 76  3.069      1  0 -0.168829     -0.413213    
 77  3.070      1  0 -0.168829     -0.413213    
 78  3.071      1  0 -0.168829     -0.413212    
 79  3.072      1  0 -0.168829     -0.413213    
 80  3.073      1  0 -0.168829     -0.413212    
 81  3.074      1  0 -0.168829     -0.413212    
 82  3.075      1  0 -0.168830     -0.413212    
 83  3.076      1  0 -0.168830     -0.413212    
 84  3.077      1  0 -0.168830     -0.413212    
 85  3.078      1  0 -0.168830     -0.413212    
 86  3.079      1  0 -0.168830     -0.413213    
 87  3.080      1  0 -0.168830     -0.413213    
 88  3.081      1  0 -0.168830     -0.413213    
 89  3.082      1  0 -0.168830     -0.413214    
 90  3.083      1  0 -0.168830     -0.413214    
 91  3.084      1  0 -0.168830     -0.413215    
 92  3.085      1  0 -0.168830     -0.413216    
 93  3.086      1  0 -0.168831     -0.413216    
 94  3.087      1  0 -0.168831     -0.413217    
 95  3.088      1  0 -0.168831     -0.413218    
 96  3.089      1  0 -0.168831     -0.413218    
 97  3.090      1  0 -0.168831     -0.413218    
 98  3.091      1  0 -0.168831     -0.413219    
 99  3.092      1  0 -0.168831     -0.413219    
100  3.093      1  0 -0.168831     -0.413220    
101  3.094      1  0 -0.168831     -0.413220    
102  3.095      1  0 -0.168832     -0.413221    
103  3.096      1  0 -0.168832     -0.413221    
104  3.097      1  0 -0.168832     -0.413222    
105  3.098      1  0 -0.168832     -0.413223    
106  3.099      1  0 -0.168832     -0.413224    
107  3.100      1  0 -0.168832     -0.413224    
108  3.101      1  0 -0.168832     -0.413225    
109  3.102      1  0 -0.168832     -0.413225    
110  3.103      1  0 -0.168833     -0.413226    
111  3.104      1  0 -0.168833     -0.413226    
112  3.105      1  0 -0.168833     -0.413226    
113  3.106      1  0 -0.168833     -0.413226    
114  3.107      1  0 -0.168833     -0.413226    
115  3.108      1  0 -0.168833     -0.413226    
116  3.109      1  0 -0.168833     -0.413226    
117  3.110      1  0 -0.168834     -0.413226    
118  3.111      1  0 -0.168834     -0.413227    
119  3.112      1  0 -0.168834     -0.413227    
120  3.113      1  0 -0.168834     -0.413227    
121  3.114      1  0 -0.168834     -0.413228    
122  3.115      1  0 -0.168834     -0.413228    
123  3.116      1  0 -0.168834     -0.413229    
124  3.117      1  0 -0.168835     -0.413230    
125  3.118      1  0 -0.168835     -0.413230    
126  3.119      1  0 -0.168835     -0.413231    
127  3.120      1  0 -0.168835     -0.413232    
128  3.121      1  0 -0.168835     -0.413232    
129  3.122      1  0 -0.168835     -0.413233    
130  3.123      1  0 -0.168835     -0.413233    
131  3.124      1  0 -0.168836     -0.413234    
132  3.125      1  0 -0.168836     -0.413234    
133  3.126      1  0 -0.168836     -0.413235    
134  3.127      1  0 -0.168836     -0.413236    
135  3.128      1  0 -0.168836     -0.413237    
136  3.129      1  0 -0.168836     -0.413238    
137  3.130      1  0 -0.168836     -0.413239    
138  3.131      1  0 -0.168837     -0.413240    
139  3.132      1  0 -0.168837     -0.413241    
140  3.133      1  0 -0.168837     -0.413242    
141  3.134      1  0 -0.168837     -0.413243    
142  3.135      1  0 -0.168837     -0.413243    
143  3.136      1  0 -0.168837     -0.413244    
144  3.137      1  0 -0.168837     -0.413245    
145  3.138      1  0 -0.168838     -0.413245    
146  3.139      1  0 -0.168838     -0.413245    
147  3.140      1  0 -0.168838     -0.413246    
148  3.141      1  0 -0.168838     -0.413246    
149  3.142      1  0 -0.168838     -0.413247    
150  3.143      1  0 -0.168838     -0.413247    
151  3.144      1  0 -0.168838     -0.413248    
152  3.145      1  0 -0.168839     -0.413248    
153  3.146      1  0 -0.168839     -0.413249    
154  3.147      1  0 -0.168839     -0.413250    
155  3.148      1  0 -0.168839     -0.413250    
156  3.149      1  0 -0.168839     -0.413251    
157  3.150      1  0 -0.168839     -0.413251    
158  3.151      1  0 -0.168839     -0.413251    
159  3.152      1  0 -0.168840     -0.413252    
160  3.153      1  0 -0.168840     -0.413252    
161  3.154      1  0 -0.168840     -0.413252    
162  3.155      1  0 -0.168840     -0.413253    
163  3.156      1  0 -0.168840     -0.413253    
164  3.157      1  0 -0.168840     -0.413254    
165  3.158      1  0 -0.168840     -0.413255    
166  3.159      1  0 -0.168840     -0.413256    
167  3.160      1  0 -0.168841     -0.413257    
168  3.161      1  0 -0.168841     -0.413257    
169  3.162      1  0 -0.168841     -0.413258    
170  3.163      1  0 -0.168841     -0.413259    
171  3.164      1  0 -0.168841     -0.413260    
172  3.165      1  0 -0.168841     -0.413260    
173  3.166      1  0 -0.168841     -0.413261    
174  3.167      1  0 -0.168841     -0.413262    
175  3.168      1  0 -0.168842     -0.413262    
176  3.169      1  0 -0.168842     -0.413263    
177  3.170      1  0 -0.168842     -0.413264    
178  3.171      1  0 -0.168842     -0.413264    
179  3.172      1  0 -0.168842     -0.413265    
180  3.173      1  0 -0.168842     -0.413266    
181  3.174      1  0 -0.168842     -0.413266    
182  3.175      1  0 -0.168842     -0.413267    
183  3.176      1  0 -0.168843     -0.413267    
184  3.177      1  0 -0.168843     -0.413268    
185  3.178      1  0 -0.168843     -0.413268    
186  3.179      1  0 -0.168843     -0.413269    
187  3.180      1  0 -0.168843     -0.413269    
188  3.181      1  0 -0.168843     -0.413270    
189  3.182      1  0 -0.168843     -0.413270    
190  3.183      1  0 -0.168843     -0.413271    
191  3.184      1  0 -0.168844     -0.413272    
192  3.185      1  0 -0.168844     -0.413272    
193  3.186      1  0 -0.168844     -0.413273    
194  3.187      1  0 -0.168844     -0.413273    
195  3.188      1  0 -0.168844     -0.413274    
196  3.189      1  0 -0.168844     -0.413274    
197  3.190      1  0 -0.168844     -0.413275    
198  3.191      1  0 -0.168844     -0.413275    
199  3.192      1  0 -0.168844     -0.413276    
200  3.193      1  0 -0.168845     -0.413276    
201  3.194      1  0 -0.168845     -0.413277    
202  3.195      1  0 -0.168845     -0.413277    
203  3.196      1  0 -0.168845     -0.413278    
204  3.197      1  0 -0.168845     -0.413278    
205  3.198      1  0 -0.168845     -0.413279    
206  3.199      1  0 -0.168845     -0.413280    
207  3.200      1  0 -0.168845     -0.413280    
208  3.201      1  0 -0.168845     -0.413281    
209  3.202      1  0 -0.168845     -0.413282    
210  3.203      1  0 -0.168846     -0.413282    
211  3.204      1  0 -0.168846     -0.413283    
212  3.205      1  0 -0.168846     -0.413283    
213  3.206      1  0 -0.168846     -0.413284    
214  3.207      1  0 -0.168846     -0.413285    
215  3.208      1  0 -0.168846     -0.413285    
216  3.209      1  0 -0.168846     -0.413286    
217  3.210      1  0 -0.168846     -0.413286    
218  3.211      1  0 -0.168846     -0.413287    
219  3.212      1  0 -0.168846     -0.413287    
220  3.213      1  0 -0.168847     -0.413288    
221  3.214      1  0 -0.168847     -0.413288    
222  3.215      1  0 -0.168847     -0.413289    
223  3.216      1  0 -0.168847     -0.413289    
224  3.217      1  0 -0.168847     -0.413289    
225  3.218      1  0 -0.168847     -0.413290    
226  3.219      1  0 -0.168847     -0.413290    
227  3.220      1  0 -0.168847     -0.413291    
228  3.221      1  0 -0.168847     -0.413291    
229  3.222      1  0 -0.168847     -0.413292    
230  3.223      1  0 -0.168848     -0.413293    
231  3.224      1  0 -0.168848     -0.413294    
232  3.225      1  0 -0.168848     -0.413294    
233  3.226      1  0 -0.168848     -0.413295    
234  3.227      1  0 -0.168848     -0.413295    
235  3.228      1  0 -0.168848     -0.413296    
236  3.229      1  0 -0.168848     -0.413296    
237  3.230      1  0 -0.168848     -0.413296    
238  3.231      1  0 -0.168848     -0.413297    
239  3.232      1  0 -0.168848     -0.413297    
240  3.233      1  0 -0.168848     -0.413297    
241  3.234      1  0 -0.168849     -0.413297    
242  3.235      1  0 -0.168849     -0.413298    
243  3.236      1  0 -0.168849     -0.413299    
244  3.237      1  0 -0.168849     -0.413300    
245  3.238      1  0 -0.168849     -0.413300    
246  3.239      1  0 -0.168849     -0.413301    
247  3.240      1  0 -0.168849     -0.413302    
248  3.241      1  0 -0.168849     -0.413303    
249  3.242      1  0 -0.168849     -0.413304    
250  3.243      1  0 -0.168849     -0.413304    
251  3.244      1  0 -0.168850     -0.413305    
252  3.245      1  0 -0.168850     -0.413305    
253  3.246      1  0 -0.168850     -0.413306    
254  3.247      1  0 -0.168850     -0.413306    
255  3.248      1  0 -0.168850     -0.413307    
256  3.249      1  0 -0.168850     -0.413307    
257  3.250      1  0 -0.168850     -0.413308    
258  3.251      1  0 -0.168850     -0.413308    
259  3.252      1  0 -0.168850     -0.413309    
260  3.253      1  0 -0.168850     -0.413310    
261  3.254      1  0 -0.168851     -0.413310    
262  3.255      1  0 -0.168851     -0.413311    
263  3.256      1  0 -0.168851     -0.413311    
264  3.257      1  0 -0.168851     -0.413312    
265  3.258      1  0 -0.168851     -0.413313    
266  3.259      1  0 -0.168851     -0.413313    
267  3.260      1  0 -0.168851     -0.413314    
268  3.261      1  0 -0.168851     -0.413314    
269  3.262      1  0 -0.168851     -0.413315    
270  3.263      1  0 -0.168851     -0.413315    
271  3.264      1  0 -0.168852     -0.413316    
272  3.265      1  0 -0.168852     -0.413316    
273  3.266      1  0 -0.168852     -0.413316    
274  3.267      1  0 -0.168852     -0.413316    
275  3.268      1  0 -0.168852     -0.413316    
276  3.269      1  0 -0.168852     -0.413316    
277  3.270      1  0 -0.168852     -0.413317    
278  3.271      1  0 -0.168852     -0.413317    
279  3.272      1  0 -0.168853     -0.413318    
280  3.273      1  0 -0.168853     -0.413318    
281  3.274      1  0 -0.168853     -0.413319    
282  3.275      1  0 -0.168853     -0.413320    
283  3.276      1  0 -0.168853     -0.413321    
284  3.277      1  0 -0.168853     -0.413322    
285  3.278      1  0 -0.168853     -0.413323    
286  3.279      1  0 -0.168853     -0.413323    
287  3.280      1  0 -0.168853     -0.413324    
288  3.281      1  0 -0.168854     -0.413324    
289  3.282      1  0 -0.168854     -0.413324    
290  3.283      1  0 -0.168854     -0.413325    
291  3.284      1  0 -0.168854     -0.413325    
292  3.285      1  0 -0.168854     -0.413325    
293  3.286      1  0 -0.168854     -0.413326    
294  3.287      1  0 -0.168854     -0.413327    
295  3.288      1  0 -0.168854     -0.413327    
296  3.289      1  0 -0.168855     -0.413328    
297  3.290      1  0 -0.168855     -0.413329    
298  3.291      1  0 -0.168855     -0.413331    
299  3.292      1  0 -0.168855     -0.413332    
300  3.293      1  0 -0.168855     -0.413333    
301  3.294      1  0 -0.168855     -0.413333    
302  3.295      1  0 -0.168855     -0.413334    
303  3.296      1  0 -0.168855     -0.413334    
304  3.297      1  0 -0.168856     -0.413334    
305  3.298      1  0 -0.168856     -0.413334    
306  3.299      1  0 -0.168856     -0.413334    
307  3.300      1  0 -0.168856     -0.413334    
308  3.301      1  0 -0.168856     -0.413335    
309  3.302      1  0 -0.168856     -0.413335    
310  3.303      1  0 -0.168856     -0.413336    
311  3.304      1  0 -0.168856     -0.413336    
312  3.305      1  0 -0.168857     -0.413337    
313  3.306      1  0 -0.168857     -0.413338    
314  3.307      1  0 -0.168857     -0.413339    
315  3.308      1  0 -0.168857     -0.413339    
316  3.309      1  0 -0.168857     -0.413340    
317  3.310      1  0 -0.168857     -0.413340    
318  3.311      1  0 -0.168857     -0.413340    
319  3.312      1  0 -0.168857     -0.413341    
320  3.313      1  0 -0.168858     -0.413341    
321  3.314      1  0 -0.168858     -0.413341    
322  3.315      1  0 -0.168858     -0.413342    
323  3.316      1  0 -0.168858     -0.413343    
324  3.317      1  0 -0.168858     -0.413343    
325  3.318      1  0 -0.168858     -0.413344    
326  3.319      1  0 -0.168858     -0.413345    
327  3.320      1  0 -0.168858     -0.413345    
328  3.321      1  0 -0.168858     -0.413346    
329  3.322      1  0 -0.168859     -0.413347    
330  3.323      1  0 -0.168859     -0.413348    
331  3.324      1  0 -0.168859     -0.413348    
332  3.325      1  0 -0.168859     -0.413349    
333  3.326      1  0 -0.168859     -0.413349    
334  3.327      1  0 -0.168859     -0.413350    
335  3.328      1  0 -0.168859     -0.413350    
336  3.329      1  0 -0.168859     -0.413350    
337  3.330      1  0 -0.168860     -0.413351    
338  3.331      1  0 -0.168860     -0.413351    
339  3.332      1  0 -0.168860     -0.413351    
340  3.333      1  0 -0.168860     -0.413352    
341  3.334      1  0 -0.168860     -0.413353    
342  3.335      1  0 -0.168860     -0.413353    
343  3.336      1  0 -0.168860     -0.413354    
344  3.337      1  0 -0.168860     -0.413354    
345  3.338      1  0 -0.168861     -0.413355    
346  3.339      1  0 -0.168861     -0.413356    
347  3.340      1  0 -0.168861     -0.413356    
348  3.341      1  0 -0.168861     -0.413357    
349  3.342      1  0 -0.168861     -0.413358    
350  3.343      1  0 -0.168861     -0.413358    
351  3.344      1  0 -0.168861     -0.413359    
352  3.345      1  0 -0.168861     -0.413359    
353  3.346      1  0 -0.168861     -0.413360    
354  3.347      1  0 -0.168862     -0.413360    
355  3.348      1  0 -0.168862     -0.413361    
356  3.349      1  0 -0.168862     -0.413361    
357  3.350      1  0 -0.168862     -0.413362    
358  3.351      1  0 -0.168862     -0.413363    
359  3.352      1  0 -0.168862     -0.413364    
360  3.353      1  0 -0.168862     -0.413364    
361  3.354      1  0 -0.168862     -0.413365    
362  3.355      1  0 -0.168862     -0.413366    
363  3.356      1  0 -0.168862     -0.413367    
364  3.357      1  0 -0.168863     -0.413367    
365  3.358      1  0 -0.168863     -0.413368    
366  3.359      1  0 -0.168863     -0.413368    
367  3.360      1  0 -0.168863     -0.413369    
368  3.361      1  0 -0.168863     -0.413369    
369  3.362      1  0 -0.168863     -0.413369    
370  3.363      1  0 -0.168863     -0.413369    
371  3.364      1  0 -0.168863     -0.413369    
372  3.365      1  0 -0.168863     -0.413370    
373  3.366      1  0 -0.168864     -0.413370    
374  3.367      1  0 -0.168864     -0.413370    
375  3.368      1  0 -0.168864     -0.413370    
376  3.369      1  0 -0.168864     -0.413371    
377  3.370      1  0 -0.168864     -0.413372    
378  3.371      1  0 -0.168864     -0.413372    
379  3.372      1  0 -0.168864     -0.413373    
380  3.373      1  0 -0.168864     -0.413374    
381  3.374      1  0 -0.168864     -0.413375    
382  3.375      1  0 -0.168865     -0.413376    
383  3.376      1  0 -0.168865     -0.413376    
384  3.377      1  0 -0.168865     -0.413377    
385  3.378      1  0 -0.168865     -0.413378    
386  3.379      1  0 -0.168865     -0.413378    
387  3.380      1  0 -0.168865     -0.413378    
388  3.381      1  0 -0.168865     -0.413379    
389  3.382      1  0 -0.168865     -0.413379    
390  3.383      1  0 -0.168865     -0.413380    
391  3.384      1  0 -0.168865     -0.413381    
392  3.385      1  0 -0.168866     -0.413382    
393  3.386      1  0 -0.168866     -0.413383    
394  3.387      1  0 -0.168866     -0.413384    
395  3.388      1  0 -0.168866     -0.413385    
396  3.389      1  0 -0.168866     -0.413385    
397  3.390      1  0 -0.168866     -0.413386    
398  3.391      1  0 -0.168866     -0.413386    
399  3.392      1  0 -0.168866     -0.413387    
400  3.393      1  0 -0.168866     -0.413387    
401  3.394      1  0 -0.168866     -0.413387    
402  3.395      1  0 -0.168867     -0.413387    
403  3.396      1  0 -0.168867     -0.413387    
404  3.397      1  0 -0.168867     -0.413387    
405  3.398      1  0 -0.168867     -0.413387    
406  3.399      1  0 -0.168867     -0.413387    
407  3.400      1  0 -0.168867     -0.413388    
408  3.401      1  0 -0.168867     -0.413388    
409  3.402      1  0 -0.168867     -0.413389    
410  3.403      1  0 -0.168867     -0.413390    
411  3.404      1  0 -0.168868     -0.413390    
412  3.405      1  0 -0.168868     -0.413391    
413  3.406      1  0 -0.168868     -0.413392    
414  3.407      1  0 -0.168868     -0.413392    
415  3.408      1  0 -0.168868     -0.413393    
416  3.409      1  0 -0.168868     -0.413394    
417  3.410      1  0 -0.168868     -0.413394    
418  3.411      1  0 -0.168868     -0.413395    
419  3.412      1  0 -0.168868     -0.413396    
420  3.413      1  0 -0.168869     -0.413397    
421  3.414      1  0 -0.168869     -0.413398    
422  3.415      1  0 -0.168869     -0.413398    
423  3.416      1  0 -0.168869     -0.413399    
424  3.417      1  0 -0.168869     -0.413400    
425  3.418      1  0 -0.168869     -0.413401    
426  3.419      1  0 -0.168869     -0.413402    
427  3.420      1  0 -0.168869     -0.413403    
428  3.421      1  0 -0.168869     -0.413404    
429  3.422      1  0 -0.168870     -0.413405    
430  3.423      1  0 -0.168870     -0.413406    
431  3.424      1  0 -0.168870     -0.413407    
432  3.425      1  0 -0.168870     -0.413407    
433  3.426      1  0 -0.168870     -0.413407    
434  3.427      1  0 -0.168870     -0.413407    
435  3.428      1  0 -0.168870     -0.413407    
436  3.429      1  0 -0.168870     -0.413407    
437  3.430      1  0 -0.168870     -0.413407    
438  3.431      1  0 -0.168870     -0.413406    
439  3.432      1  0 -0.168871     -0.413407    
440  3.433      1  0 -0.168871     -0.413406    
441  3.434      1  0 -0.168871     -0.413407    
442  3.435      1  0 -0.168871     -0.413407    
443  3.436      1  0 -0.168871     -0.413407    
444  3.437      1  0 -0.168871     -0.413408    
445  3.438      1  0 -0.168871     -0.413408    
446  3.439      1  0 -0.168872     -0.413409    
447  3.440      1  0 -0.168872     -0.413409    
448  3.441      1  0 -0.168872     -0.413410    
449  3.442      1  0 -0.168872     -0.413410    
450  3.443      1  0 -0.168872     -0.413411    
451  3.444      1  0 -0.168872     -0.413411    
452  3.445      1  0 -0.168872     -0.413412    
453  3.446      1  0 -0.168872     -0.413412    
454  3.447      1  0 -0.168873     -0.413413    
455  3.448      1  0 -0.168873     -0.413415    
456  3.449      1  0 -0.168873     -0.413416    
457  3.450      1  0 -0.168873     -0.413417    
458  3.451      1  0 -0.168873     -0.413419    
459  3.452      1  0 -0.168873     -0.413421    
460  3.453      1  0 -0.168873     -0.413422    
461  3.454      1  0 -0.168873     -0.413423    
462  3.455      1  0 -0.168873     -0.413424    
463  3.456      1  0 -0.168874     -0.413425    
464  3.457      1  0 -0.168874     -0.413426    
465  3.458      1  0 -0.168874     -0.413426    
466  3.459      1  0 -0.168874     -0.413426    
467  3.460      1  0 -0.168874     -0.413427    
468  3.461      1  0 -0.168874     -0.413427    
469  3.462      1  0 -0.168874     -0.413427    
470  3.463      1  0 -0.168874     -0.413427    
471  3.464      1  0 -0.168874     -0.413428    
472  3.465      1  0 -0.168875     -0.413428    
473  3.466      1  0 -0.168875     -0.413428    
474  3.467      1  0 -0.168875     -0.413429    
475  3.468      1  0 -0.168875     -0.413429    
476  3.469      1  0 -0.168875     -0.413428    
477  3.470      1  0 -0.168875     -0.413428    
478  3.471      1  0 -0.168875     -0.413428    
479  3.472      1  0 -0.168876     -0.413428    
480  3.473      1  0 -0.168876     -0.413427    
481  3.474      1  0 -0.168876     -0.413427    
482  3.475      1  0 -0.168876     -0.413427    
483  3.476      1  0 -0.168876     -0.413427    
484  3.477      1  0 -0.168876     -0.413428    
485  3.478      1  0 -0.168876     -0.413428    
486  3.479      1  0 -0.168877     -0.413429    
487  3.480      1  0 -0.168877     -0.413430    
488  3.481      1  0 -0.168877     -0.413431    
489  3.482      1  0 -0.168877     -0.413432    
490  3.483      1  0 -0.168877     -0.413434    
491  3.484      1  0 -0.168877     -0.413435    
492  3.485      1  0 -0.168877     -0.413437    
493  3.486      1  0 -0.168877     -0.413438    
494  3.487      1  0 -0.168877     -0.413439    
495  3.488      1  0 -0.168878     -0.413441    
496  3.489      1  0 -0.168878     -0.413442    
497  3.490      1  0 -0.168878     -0.413443    
498  3.491      1  0 -0.168878     -0.413444    
499  3.492      1  0 -0.168878     -0.413445    
500  3.493      1  0 -0.168878     -0.413445    
501  3.494      1  0 -0.168878     -0.413446    
502  3.495      1  0 -0.168878     -0.413447    
503  3.496      1  0 -0.168878     -0.413447    
504  3.497      1  0 -0.168878     -0.413447    
505  3.498      1  0 -0.168879     -0.413447    
506  3.499      1  0 -0.168879     -0.413447    
507  3.500      1  0 -0.168879     -0.413448    
508  3.501      1  0 -0.168879     -0.413448    
509  3.502      1  0 -0.168879     -0.413448    
510  3.503      1  0 -0.168879     -0.413448    
511  3.504      1  0 -0.168879     -0.413448    
512  3.505      1  0 -0.168879     -0.413448    
513  3.506      1  0 -0.168880     -0.413448    
514  3.507      1  0 -0.168880     -0.413448    
515  3.508      1  0 -0.168880     -0.413447    
516  3.509      1  0 -0.168880     -0.413447    
517  3.510      1  0 -0.168880     -0.413447    
518  3.511      1  0 -0.168880     -0.413447    
519  3.512      1  0 -0.168880     -0.413447    
520  3.513      1  0 -0.168880     -0.413447    
521  3.514      1  0 -0.168881     -0.413448    
522  3.515      1  0 -0.168881     -0.413449    
523  3.516      1  0 -0.168881     -0.413450    
524  3.517      1  0 -0.168881     -0.413451    
525  3.518      1  0 -0.168881     -0.413452    
526  3.519      1  0 -0.168881     -0.413454    
527  3.520      1  0 -0.168881     -0.413455    
528  3.521      1  0 -0.168881     -0.413457    
529  3.522      1  0 -0.168881     -0.413458    
530  3.523      1  0 -0.168881     -0.413459    
531  3.524      1  0 -0.168882     -0.413460    
532  3.525      1  0 -0.168882     -0.413461    
533  3.526      1  0 -0.168882     -0.413462    
534  3.527      1  0 -0.168882     -0.413463    
535  3.528      1  0 -0.168882     -0.413464    
536  3.529      1  0 -0.168882     -0.413465    
537  3.530      1  0 -0.168882     -0.413466    
538  3.531      1  0 -0.168882     -0.413467    
539  3.532      1  0 -0.168882     -0.413467    
540  3.533      1  0 -0.168882     -0.413468    
541  3.534      1  0 -0.168882     -0.413469    
542  3.535      1  0 -0.168883     -0.413469    
543  3.536      1  0 -0.168883     -0.413469    
544  3.537      1  0 -0.168883     -0.413469    
545  3.538      1  0 -0.168883     -0.413468    
546  3.539      1  0 -0.168883     -0.413468    
547  3.540      1  0 -0.168883     -0.413467    
548  3.541      1  0 -0.168883     -0.413467    
549  3.542      1  0 -0.168883     -0.413467    
550  3.543      1  0 -0.168884     -0.413467    
551  3.544      1  0 -0.168884     -0.413466    
552  3.545      1  0 -0.168884     -0.413466    
553  3.546      1  0 -0.168884     -0.413467    
554  3.547      1  0 -0.168884     -0.413467    
555  3.548      1  0 -0.168884     -0.413467    
556  3.549      1  0 -0.168884     -0.413468    
557  3.550      1  0 -0.168884     -0.413469    
558  3.551      1  0 -0.168884     -0.413469    
559  3.552      1  0 -0.168885     -0.413470    
560  3.553      1  0 -0.168885     -0.413471    
561  3.554      1  0 -0.168885     -0.413472    
562  3.555      1  0 -0.168885     -0.413473    
563  3.556      1  0 -0.168885     -0.413474    
564  3.557      1  0 -0.168885     -0.413475    
565  3.558      1  0 -0.168885     -0.413476    
566  3.559      1  0 -0.168885     -0.413477    
567  3.560      1  0 -0.168885     -0.413478    
568  3.561      1  0 -0.168885     -0.413479    
569  3.562      1  0 -0.168885     -0.413480    
570  3.563      1  0 -0.168886     -0.413481    
571  3.564      1  0 -0.168886     -0.413483    
572  3.565      1  0 -0.168886     -0.413484    
573  3.566      1  0 -0.168886     -0.413485    
574  3.567      1  0 -0.168886     -0.413486    
575  3.568      1  0 -0.168886     -0.413487    
576  3.569      1  0 -0.168886     -0.413487    
577  3.570      1  0 -0.168886     -0.413488    
578  3.571      1  0 -0.168886     -0.413488    
579  3.572      1  0 -0.168886     -0.413488    
580  3.573      1  0 -0.168887     -0.413488    
581  3.574      1  0 -0.168887     -0.413488    
582  3.575      1  0 -0.168887     -0.413488    
583  3.576      1  0 -0.168887     -0.413488    
584  3.577      1  0 -0.168887     -0.413488    
585  3.578      1  0 -0.168887     -0.413488    
586  3.579      1  0 -0.168887     -0.413488    
587  3.580      1  0 -0.168887     -0.413488    
588  3.581      1  0 -0.168888     -0.413488    
589  3.582      1  0 -0.168888     -0.413489    
590  3.583      1  0 -0.168888     -0.413489    
591  3.584      1  0 -0.168888     -0.413489    
592  3.585      1  0 -0.168888     -0.413489    
593  3.586      1  0 -0.168888     -0.413490    
594  3.587      1  0 -0.168888     -0.413490    
595  3.588      1  0 -0.168888     -0.413491    
596  3.589      1  0 -0.168889     -0.413492    
597  3.590      1  0 -0.168889     -0.413492    
598  3.591      1  0 -0.168889     -0.413493    
599  3.592      1  0 -0.168889     -0.413494    
600  3.593      1  0 -0.168889     -0.413495    
601  3.594      1  0 -0.168889     -0.413496    
602  3.595      1  0 -0.168889     -0.413497    
603  3.596      1  0 -0.168889     -0.413498    
604  3.597      1  0 -0.168889     -0.413499    
605  3.598      1  0 -0.168889     -0.413500    
606  3.599      1  0 -0.168890     -0.413501    
607  3.600      1  0 -0.168890     -0.413502    
608  3.601      1  0 -0.168890     -0.413503    
609  3.602      1  0 -0.168890     -0.413503    
610  3.603      1  0 -0.168890     -0.413504    
611  3.604      1  0 -0.168890     -0.413505    
612  3.605      1  0 -0.168890     -0.413506    
613  3.606      1  0 -0.168890     -0.413506    
614  3.607      1  0 -0.168890     -0.413507    
615  3.608      1  0 -0.168891     -0.413507    
616  3.609      1  0 -0.168891     -0.413508    
617  3.610      1  0 -0.168891     -0.413508    
618  3.611      1  0 -0.168891     -0.413508    
619  3.612      1  0 -0.168891     -0.413508    
620  3.613      1  0 -0.168891     -0.413508    
621  3.614      1  0 -0.168891     -0.413508    
622  3.615      1  0 -0.168891     -0.413508    
623  3.616      1  0 -0.168892     -0.413508    
624  3.617      1  0 -0.168892     -0.413508    
625  3.618      1  0 -0.168892     -0.413508    
626  3.619      1  0 -0.168892     -0.413509    
627  3.620      1  0 -0.168892     -0.413509    
628  3.621      1  0 -0.168892     -0.413510    
629  3.622      1  0 -0.168892     -0.413511    
630  3.623      1  0 -0.168893     -0.413511    
631  3.624      1  0 -0.168893     -0.413512    
632  3.625      1  0 -0.168893     -0.413513    
633  3.626      1  0 -0.168893     -0.413513    
634  3.627      1  0 -0.168893     -0.413514    
635  3.628      1  0 -0.168893     -0.413515    
636  3.629      1  0 -0.168893     -0.413516    
637  3.630      1  0 -0.168893     -0.413517    
638  3.631      1  0 -0.168894     -0.413517    
639  3.632      1  0 -0.168894     -0.413518    
640  3.633      1  0 -0.168894     -0.413519    
641  3.634      1  0 -0.168894     -0.413520    
642  3.635      1  0 -0.168894     -0.413521    
643  3.636      1  0 -0.168894     -0.413522    
644  3.637      1  0 -0.168894     -0.413523    
645  3.638      1  0 -0.168894     -0.413524    
646  3.639      1  0 -0.168894     -0.413524    
647  3.640      1  0 -0.168895     -0.413525    
648  3.641      1  0 -0.168895     -0.413526    
649  3.642      1  0 -0.168895     -0.413526    
650  3.643      1  0 -0.168895     -0.413526    
651  3.644      1  0 -0.168895     -0.413526    
652  3.645      1  0 -0.168895     -0.413526    
653  3.646      1  0 -0.168895     -0.413527    
654  3.647      1  0 -0.168895     -0.413527    
655  3.648      1  0 -0.168896     -0.413527    
656  3.649      1  0 -0.168896     -0.413527    
657  3.650      1  0 -0.168896     -0.413527    
658  3.651      1  0 -0.168896     -0.413527    
659  3.652      1  0 -0.168896     -0.413528    
660  3.653      1  0 -0.168896     -0.413528    
661  3.654      1  0 -0.168896     -0.413529    
662  3.655      1  0 -0.168896     -0.413529    
663  3.656      1  0 -0.168897     -0.413530    
664  3.657      1  0 -0.168897     -0.413530    
665  3.658      1  0 -0.168897     -0.413531    
666  3.659      1  0 -0.168897     -0.413531    
667  3.660      1  0 -0.168897     -0.413532    
668  3.661      1  0 -0.168897     -0.413532    
669  3.662      1  0 -0.168897     -0.413533    
670  3.663      1  0 -0.168897     -0.413534    
671  3.664      1  0 -0.168898     -0.413535    
672  3.665      1  0 -0.168898     -0.413536    
673  3.666      1  0 -0.168898     -0.413537    
674  3.667      1  0 -0.168898     -0.413538    
675  3.668      1  0 -0.168898     -0.413539    
676  3.669      1  0 -0.168898     -0.413540    
677  3.670      1  0 -0.168898     -0.413541    
678  3.671      1  0 -0.168898     -0.413542    
679  3.672      1  0 -0.168898     -0.413543    
680  3.673      1  0 -0.168898     -0.413543    
681  3.674      1  0 -0.168899     -0.413544    
682  3.675      1  0 -0.168899     -0.413544    
683  3.676      1  0 -0.168899     -0.413545    
684  3.677      1  0 -0.168899     -0.413545    
685  3.678      1  0 -0.168899     -0.413545    
686  3.679      1  0 -0.168899     -0.413545    
687  3.680      1  0 -0.168899     -0.413546    
688  3.681      1  0 -0.168899     -0.413546    
689  3.682      1  0 -0.168899     -0.413546    
690  3.683      1  0 -0.168900     -0.413546    
691  3.684      1  0 -0.168900     -0.413547    
692  3.685      1  0 -0.168900     -0.413547    
693  3.686      1  0 -0.168900     -0.413548    
694  3.687      1  0 -0.168900     -0.413548    
695  3.688      1  0 -0.168900     -0.413548    
696  3.689      1  0 -0.168900     -0.413549    
697  3.690      1  0 -0.168900     -0.413549    
698  3.691      1  0 -0.168901     -0.413550    
699  3.692      1  0 -0.168901     -0.413550    
700  3.693      1  0 -0.168901     -0.413551    
701  3.694      1  0 -0.168901     -0.413551    
702  3.695      1  0 -0.168901     -0.413552    
703  3.696      1  0 -0.168901     -0.413552    
704  3.697      1  0 -0.168901     -0.413553    
705  3.698      1  0 -0.168901     -0.413554    
706  3.699      1  0 -0.168901     -0.413555    
707  3.700      1  0 -0.168901     -0.413556    
708  3.701      1  0 -0.168902     -0.413556    
709  3.702      1  0 -0.168902     -0.413557    
710  3.703      1  0 -0.168902     -0.413558    
711  3.704      1  0 -0.168902     -0.413559    
712  3.705      1  0 -0.168902     -0.413560    
713  3.706      1  0 -0.168902     -0.413561    
714  3.707      1  0 -0.168902     -0.413562    
715  3.708      1  0 -0.168902     -0.413563    
716  3.709      1  0 -0.168902     -0.413563    
717  3.710      1  0 -0.168902     -0.413563    
718  3.711      1  0 -0.168902     -0.413564    
719  3.712      1  0 -0.168903     -0.413564    
720  3.713      1  0 -0.168903     -0.413564    
721  3.714      1  0 -0.168903     -0.413564    
722  3.715      1  0 -0.168903     -0.413564    
723  3.716      1  0 -0.168903     -0.413564    
724  3.717      1  0 -0.168903     -0.413564    
725  3.718      1  0 -0.168903     -0.413564    
726  3.719      1  0 -0.168903     -0.413565    
727  3.720      1  0 -0.168903     -0.413565    
728  3.721      1  0 -0.168904     -0.413566    
729  3.722      1  0 -0.168904     -0.413566    
730  3.723      1  0 -0.168904     -0.413567    
731  3.724      1  0 -0.168904     -0.413567    
732  3.725      1  0 -0.168904     -0.413567    
733  3.726      1  0 -0.168904     -0.413568    
734  3.727      1  0 -0.168904     -0.413568    
735  3.728      1  0 -0.168904     -0.413569    
736  3.729      1  0 -0.168904     -0.413570    
737  3.730      1  0 -0.168905     -0.413570    
738  3.731      1  0 -0.168905     -0.413571    
739  3.732      1  0 -0.168905     -0.413572    
740  3.733      1  0 -0.168905     -0.413573    
741  3.734      1  0 -0.168905     -0.413574    
742  3.735      1  0 -0.168905     -0.413575    
743  3.736      1  0 -0.168905     -0.413576    
744  3.737      1  0 -0.168905     -0.413577    
745  3.738      1  0 -0.168905     -0.413578    
746  3.739      1  0 -0.168905     -0.413579    
747  3.740      1  0 -0.168905     -0.413580    
748  3.741      1  0 -0.168906     -0.413581    
749  3.742      1  0 -0.168906     -0.413582    
750  3.743      1  0 -0.168906     -0.413582    
751  3.744      1  0 -0.168906     -0.413583    
752  3.745      1  0 -0.168906     -0.413583    
753  3.746      1  0 -0.168906     -0.413584    
754  3.747      1  0 -0.168906     -0.413584    
755  3.748      1  0 -0.168906     -0.413584    
756  3.749      1  0 -0.168906     -0.413584    
757  3.750      1  0 -0.168907     -0.413584    
758  3.751      1  0 -0.168907     -0.413584    
759  3.752      1  0 -0.168907     -0.413584    
760  3.753      1  0 -0.168907     -0.413585    
761  3.754      1  0 -0.168907     -0.413585    
762  3.755      1  0 -0.168907     -0.413585    
763  3.756      1  0 -0.168907     -0.413586    
764  3.757      1  0 -0.168907     -0.413586    
765  3.758      1  0 -0.168908     -0.413586    
766  3.759      1  0 -0.168908     -0.413587    
767  3.760      1  0 -0.168908     -0.413587    
768  3.761      1  0 -0.168908     -0.413588    
769  3.762      1  0 -0.168908     -0.413588    
770  3.763      1  0 -0.168908     -0.413588    
771  3.764      1  0 -0.168908     -0.413589    
772  3.765      1  0 -0.168908     -0.413589    
773  3.766      1  0 -0.168909     -0.413590    
774  3.767      1  0 -0.168909     -0.413591    
775  3.768      1  0 -0.168909     -0.413591    
776  3.769      1  0 -0.168909     -0.413592    
777  3.770      1  0 -0.168909     -0.413594    
778  3.771      1  0 -0.168909     -0.413595    
779  3.772      1  0 -0.168909     -0.413596    
780  3.773      1  0 -0.168909     -0.413597    
781  3.774      1  0 -0.168909     -0.413598    
782  3.775      1  0 -0.168910     -0.413599    
783  3.776      1  0 -0.168910     -0.413600    
784  3.777      1  0 -0.168910     -0.413601    
785  3.778      1  0 -0.168910     -0.413601    
786  3.779      1  0 -0.168910     -0.413602    
787  3.780      1  0 -0.168910     -0.413603    
788  3.781      1  0 -0.168910     -0.413603    
789  3.782      1  0 -0.168910     -0.413603    
790  3.783      1  0 -0.168910     -0.413604    
791  3.784      1  0 -0.168911     -0.413604    
792  3.785      1  0 -0.168911     -0.413604    
793  3.786      1  0 -0.168911     -0.413604    
794  3.787      1  0 -0.168911     -0.413604    
795  3.788      1  0 -0.168911     -0.413604    
796  3.789      1  0 -0.168911     -0.413605    
797  3.790      1  0 -0.168911     -0.413605    
798  3.791      1  0 -0.168912     -0.413605    
799  3.792      1  0 -0.168912     -0.413606    
800  3.793      1  0 -0.168912     -0.413606    
801  3.794      1  0 -0.168912     -0.413606    
802  3.795      1  0 -0.168912     -0.413607    
803  3.796      1  0 -0.168912     -0.413607    
804  3.797      1  0 -0.168912     -0.413608    
805  3.798      1  0 -0.168912     -0.413608    
806  3.799      1  0 -0.168913     -0.413609    
807  3.800      1  0 -0.168913     -0.413609    
808  3.801      1  0 -0.168913     -0.413609    
809  3.802      1  0 -0.168913     -0.413610    
810  3.803      1  0 -0.168913     -0.413610    
811  3.804      1  0 -0.168913     -0.413611    
812  3.805      1  0 -0.168913     -0.413612    
813  3.806      1  0 -0.168913     -0.413613    
814  3.807      1  0 -0.168913     -0.413614    
815  3.808      1  0 -0.168914     -0.413615    
816  3.809      1  0 -0.168914     -0.413617    
817  3.810      1  0 -0.168914     -0.413618    
818  3.811      1  0 -0.168914     -0.413619    
819  3.812      1  0 -0.168914     -0.413620    
820  3.813      1  0 -0.168914     -0.413621    
821  3.814      1  0 -0.168914     -0.413621    
822  3.815      1  0 -0.168914     -0.413622    
823  3.816      1  0 -0.168915     -0.413622    
824  3.817      1  0 -0.168915     -0.413623    
825  3.818      1  0 -0.168915     -0.413623    
826  3.819      1  0 -0.168915     -0.413624    
827  3.820      1  0 -0.168915     -0.413624    
828  3.821      1  0 -0.168915     -0.413624    
829  3.822      1  0 -0.168915     -0.413624    
830  3.823      1  0 -0.168915     -0.413625    
831  3.824      1  0 -0.168916     -0.413625    
832  3.825      1  0 -0.168916     -0.413625    
833  3.826      1  0 -0.168916     -0.413626    
834  3.827      1  0 -0.168916     -0.413626    
835  3.828      1  0 -0.168916     -0.413626    
836  3.829      1  0 -0.168916     -0.413627    
837  3.830      1  0 -0.168916     -0.413627    
838  3.831      1  0 -0.168916     -0.413627    
839  3.832      1  0 -0.168916     -0.413627    
840  3.833      1  0 -0.168917     -0.413628    
841  3.834      1  0 -0.168917     -0.413628    
842  3.835      1  0 -0.168917     -0.413628    
843  3.836      1  0 -0.168917     -0.413629    
844  3.837      1  0 -0.168917     -0.413629    
845  3.838      1  0 -0.168917     -0.413630    
846  3.839      1  0 -0.168917     -0.413631    
847  3.840      1  0 -0.168917     -0.413631    
848  3.841      1  0 -0.168918     -0.413632    
849  3.842      1  0 -0.168918     -0.413633    
850  3.843      1  0 -0.168918     -0.413634    
851  3.844      1  0 -0.168918     -0.413635    
852  3.845      1  0 -0.168918     -0.413636    
853  3.846      1  0 -0.168918     -0.413636    
854  3.847      1  0 -0.168918     -0.413637    
855  3.848      1  0 -0.168918     -0.413638    
856  3.849      1  0 -0.168918     -0.413639    
857  3.850      1  0 -0.168918     -0.413640    
858  3.851      1  0 -0.168919     -0.413641    
859  3.852      1  0 -0.168919     -0.413641    
860  3.853      1  0 -0.168919     -0.413642    
861  3.854      1  0 -0.168919     -0.413643    
862  3.855      1  0 -0.168919     -0.413644    
863  3.856      1  0 -0.168919     -0.413644    
864  3.857      1  0 -0.168919     -0.413645    
865  3.858      1  0 -0.168919     -0.413645    
866  3.859      1  0 -0.168919     -0.413646    
867  3.860      1  0 -0.168919     -0.413646    
868  3.861      1  0 -0.168920     -0.413646    
869  3.862      1  0 -0.168920     -0.413646    
870  3.863      1  0 -0.168920     -0.413646    
871  3.864      1  0 -0.168920     -0.413647    
872  3.865      1  0 -0.168920     -0.413647    
873  3.866      1  0 -0.168920     -0.413647    
874  3.867      1  0 -0.168920     -0.413648    
875  3.868      1  0 -0.168920     -0.413648    
876  3.869      1  0 -0.168920     -0.413649    
877  3.870      1  0 -0.168921     -0.413649    
878  3.871      1  0 -0.168921     -0.413650    
879  3.872      1  0 -0.168921     -0.413650    
880  3.873      1  0 -0.168921     -0.413650    
881  3.874      1  0 -0.168921     -0.413651    
882  3.875      1  0 -0.168921     -0.413651    
883  3.876      1  0 -0.168921     -0.413651    
884  3.877      1  0 -0.168921     -0.413652    
885  3.878      1  0 -0.168921     -0.413652    
886  3.879      1  0 -0.168921     -0.413653    
887  3.880      1  0 -0.168922     -0.413653    
888  3.881      1  0 -0.168922     -0.413654    
889  3.882      1  0 -0.168922     -0.413654    
890  3.883      1  0 -0.168922     -0.413655    
891  3.884      1  0 -0.168922     -0.413656    
892  3.885      1  0 -0.168922     -0.413656    
893  3.886      1  0 -0.168922     -0.413657    
894  3.887      1  0 -0.168922     -0.413658    
895  3.888      1  0 -0.168922     -0.413659    
896  3.889      1  0 -0.168922     -0.413659    
897  3.890      1  0 -0.168923     -0.413659    
898  3.891      1  0 -0.168923     -0.413660    
899  3.892      1  0 -0.168923     -0.413660    
900  3.893      1  0 -0.168923     -0.413661    
901  3.894      1  0 -0.168923     -0.413661    
902  3.895      1  0 -0.168923     -0.413662    
903  3.896      1  0 -0.168923     -0.413663    
904  3.897      1  0 -0.168923     -0.413663    
905  3.898      1  0 -0.168923     -0.413664    
906  3.899      1  0 -0.168923     -0.413665    
907  3.900      1  0 -0.168924     -0.413665    
908  3.901      1  0 -0.168924     -0.413666    
909  3.902      1  0 -0.168924     -0.413666    
910  3.903      1  0 -0.168924     -0.413667    
911  3.904      1  0 -0.168924     -0.413667    
912  3.905      1  0 -0.168924     -0.413668    
913  3.906      1  0 -0.168924     -0.413668    
914  3.907      1  0 -0.168924     -0.413668    
915  3.908      1  0 -0.168924     -0.413669    
916  3.909      1  0 -0.168924     -0.413669    
917  3.910      1  0 -0.168925     -0.413670    
918  3.911      1  0 -0.168925     -0.413671    
919  3.912      1  0 -0.168925     -0.413671    
920  3.913      1  0 -0.168925     -0.413672    
921  3.914      1  0 -0.168925     -0.413672    
922  3.915      1  0 -0.168925     -0.413673    
923  3.916      1  0 -0.168925     -0.413673    
924  3.917      1  0 -0.168925     -0.413673    
925  3.918      1  0 -0.168925     -0.413673    
926  3.919      1  0 -0.168925     -0.413674    
927  3.920      1  0 -0.168926     -0.413674    
928  3.921      1  0 -0.168926     -0.413675    
929  3.922      1  0 -0.168926     -0.413675    
930  3.923      1  0 -0.168926     -0.413676    
931  3.924      1  0 -0.168926     -0.413677    
932  3.925      1  0 -0.168926     -0.413678    
933  3.926      1  0 -0.168926     -0.413678    
934  3.927      1  0 -0.168926     -0.413679    
935  3.928      1  0 -0.168926     -0.413679    
936  3.929      1  0 -0.168926     -0.413679    
937  3.930      1  0 -0.168926     -0.413679    
938  3.931      1  0 -0.168927     -0.413680    
939  3.932      1  0 -0.168927     -0.413680    
940  3.933      1  0 -0.168927     -0.413680    
941  3.934      1  0 -0.168927     -0.413680    
942  3.935      1  0 -0.168927     -0.413681    
943  3.936      1  0 -0.168927     -0.413681    
944  3.937      1  0 -0.168927     -0.413682    
945  3.938      1  0 -0.168927     -0.413683    
946  3.939      1  0 -0.168927     -0.413684    
947  3.940      1  0 -0.168928     -0.413685    
948  3.941      1  0 -0.168928     -0.413686    
949  3.942      1  0 -0.168928     -0.413687    
950  3.943      1  0 -0.168928     -0.413687    
951  3.944      1  0 -0.168928     -0.413688    
952  3.945      1  0 -0.168928     -0.413688    
953  3.946      1  0 -0.168928     -0.413689    
954  3.947      1  0 -0.168928     -0.413689    
955  3.948      1  0 -0.168928     -0.413689    
956  3.949      1  0 -0.168929     -0.413690    
957  3.950      1  0 -0.168929     -0.413691    
958  3.951      1  0 -0.168929     -0.413691    
959  3.952      1  0 -0.168929     -0.413692    
960  3.953      1  0 -0.168929     -0.413693    
961  3.954      1  0 -0.168929     -0.413694    
962  3.955      1  0 -0.168929     -0.413695    
963  3.956      1  0 -0.168929     -0.413695    
964  3.957      1  0 -0.168929     -0.413696    
965  3.958      1  0 -0.168929     -0.413697    
966  3.959      1  0 -0.168930     -0.413697    
967  3.960      1  0 -0.168930     -0.413697    
968  3.961      1  0 -0.168930     -0.413697    
969  3.962      1  0 -0.168930     -0.413697    
970  3.963      1  0 -0.168930     -0.413697    
971  3.964      1  0 -0.168930     -0.413697    
972  3.965      1  0 -0.168930     -0.413698    
973  3.966      1  0 -0.168930     -0.413698    
974  3.967      1  0 -0.168930     -0.413698    
975  3.968      1  0 -0.168931     -0.413699    
976  3.969      1  0 -0.168931     -0.413700    
977  3.970      1  0 -0.168931     -0.413701    
978  3.971      1  0 -0.168931     -0.413701    
979  3.972      1  0 -0.168931     -0.413702    
980  3.973      1  0 -0.168931     -0.413703    
981  3.974      1  0 -0.168931     -0.413703    
982  3.975      1  0 -0.168931     -0.413704    
983  3.976      1  0 -0.168931     -0.413704    
984  3.977      1  0 -0.168932     -0.413705    
985  3.978      1  0 -0.168932     -0.413705    
986  3.979      1  0 -0.168932     -0.413706    
987  3.980      1  0 -0.168932     -0.413706    
988  3.981      1  0 -0.168932     -0.413707    
989  3.982      1  0 -0.168932     -0.413708    
990  3.983      1  0 -0.168932     -0.413709    
991  3.984      1  0 -0.168932     -0.413710    
992  3.985      1  0 -0.168933     -0.413711    
993  3.986      1  0 -0.168933     -0.413712    
994  3.987      1  0 -0.168933     -0.413712    
995  3.988      1  0 -0.168933     -0.413713    
996  3.989      1  0 -0.168933     -0.413714    
997  3.990      1  0 -0.168933     -0.413715    
998  3.991      1  0 -0.168933     -0.413715    
999  3.992      1  0 -0.168933     -0.413716    
