# [0_3/90]_s                                                                      
# Operating point sequence...
# i     t     RY pos[ 1]    Psi[ 1]       V[ 1]         beta[ 1]     
  1  1.000               NaN           NaN           NaN           NaN
  2  2.000     -0.463309E-03 -0.104647E-01   1.00422       11.2940    
  3  3.000     -0.186141E-02 -0.419006E-01   2.00845       11.3281    
  4  4.000     -0.420651E-02 -0.944323E-01   3.01272       11.3850    
  5  5.000     -0.752119E-02 -0.168257       4.01703       11.4648    
  6  6.000     -0.118374E-01 -0.263631       5.02141       11.5678    
  7  7.000     -0.171967E-01 -0.380841       6.02588       11.6939    
  8  8.000     -0.236508E-01 -0.520172       7.03044       11.8435    
  9  9.000     -0.312617E-01 -0.681855       8.03513       12.0166    
 10  10.00     -0.401020E-01 -0.865993       9.03995       12.2131    
 11  11.00     -0.502547E-01  -1.07246       10.0449       12.4327    
 12  12.00     -0.618124E-01  -1.30074       11.0501       12.6749    
 13  13.00     -0.748745E-01  -1.54973       12.0554       12.9385    
 14  14.00     -0.895423E-01  -1.81745       13.0609       13.2214    
 15  15.00     -0.105909      -2.10064       14.0665       13.5204    
 16  16.00     -0.124045      -2.39433       15.0722       13.8307    
 17  17.00     -0.143978      -2.69141       16.0780       14.1453    
 18  18.00     -0.165677      -2.98245       17.0834       14.4554    
 19  19.00     -0.189038      -3.25592       18.0885       14.7500    
 20  20.00     -0.213884      -3.49899       19.0926       15.0171    
 21  21.00     -0.239976      -3.69875       20.0954       15.2437    
