# Tandem_GAW2_L163_G05                                                            
# Operating point sequence...
# i     t     alpha         Lift          Drag          CL            CD            CDi           CM            span eff.    
  1  1.000      -6.00000      -239.043       22.0713     -0.142630      0.131693E-01  0.108436E-02  0.249261      0.996053    
  2  2.000      -5.00000      -71.0129       20.6841     -0.423713E-01  0.123416E-01  0.257677E-03  0.138707      0.369357    
  3  3.000      -4.00000       96.5510       21.1280      0.576091E-01  0.126064E-01  0.520588E-03  0.277982E-01  0.339219    
  4  4.000      -3.00000       263.735       23.4072      0.157363      0.139664E-01  0.187561E-02 -0.834646E-01  0.701814    
  5  5.000      -2.00000       430.626       27.5293      0.256942      0.164259E-01  0.432720E-02 -0.195084      0.810824    
  6  6.000      -1.00000       597.313       33.5046      0.356399      0.199912E-01  0.788167E-02 -0.307065      0.856398    
  7  7.000      -0.00000       763.885       41.3466      0.455787      0.246703E-01  0.125471E-01 -0.419417      0.879792    
  8  8.000       2.00000       1097.06       62.6971      0.654580      0.374095E-01  0.252512E-01 -0.645283      0.901608    
  9  9.000       3.00000       1263.85       76.2447      0.754099      0.454929E-01  0.333141E-01 -0.758835      0.906981    
 10  10.00       4.00000       1430.91       91.7368      0.853782      0.547366E-01  0.425360E-01 -0.872835      0.910546    
 11  11.00       5.00000       1598.36       109.198      0.953691      0.651552E-01  0.529326E-01 -0.987315      0.912968    
 12  12.00       6.00000       1766.29       128.654       1.05389      0.767641E-01  0.645208E-01  -1.10232      0.914655    
 13  13.00       7.00000       1934.83       150.130       1.15446      0.895784E-01  0.773176E-01  -1.21791      0.915880    
 14  14.00       8.00000       2103.94       173.630       1.25536      0.103600      0.913274E-01  -1.33424      0.916852    
 15  15.00       9.00000       2272.72       198.991       1.35606      0.118732      0.106454      -1.45206      0.917830    
 16  16.00       10.0000       2437.51       225.555       1.45439      0.134582      0.122259      -1.57389      0.919274    
 17  17.00       11.0000       2595.42       252.968       1.54861      0.150938      0.138303      -1.70201      0.921346    
 18  18.00       12.0000       2748.17       281.885       1.63975      0.168193      0.154661      -1.83590      0.923764    
 19  19.00       13.0000       2898.07       313.023       1.72919      0.186771      0.171527      -1.97459      0.926325    
 20  20.00       14.0000       3046.70       346.905       1.81788      0.206988      0.189056      -2.11749      0.928929    
 21  21.00       15.0000       3195.06       383.928       1.90640      0.229079      0.207362      -2.26420      0.931507    
 22  22.00       16.0000       3343.40       424.329       1.99491      0.253184      0.226481      -2.41403      0.934013    
 23  23.00       17.0000       3490.18       467.914       2.08248      0.279190      0.246204      -2.56453      0.936406    
 24  24.00       18.0000       3630.77       513.786       2.16637      0.306561      0.265852      -2.71000      0.938611    
 25  25.00       19.0000       3758.55       560.680       2.24261      0.334541      0.284425      -2.84253      0.940320    
 26  26.00       20.0000       3865.31       606.777       2.30631      0.362045      0.300663      -2.95251      0.941008    
 27  27.00       21.0000       3949.62       651.776       2.35662      0.388895      0.314177      -3.03800      0.940596    
 28  28.00       23.0000       4070.09       743.257       2.42850      0.443479      0.335050      -3.15631      0.937950    
 29  29.00       24.0000       4113.74       791.648       2.45454      0.472353      0.343253      -3.19741      0.936345    
