      t      y      z-z0   tw-tw0 Mc'/10  Ms'/10   Fn/10     cl   a_flap 
  ------- ------- ------- ------- ------- ------- ------- ------- ------ 
    -0.64   -0.64   -0.00    0.00   0.000   0.000   0.000  0.0432   0.00 
    -0.64   -0.64   -0.00    0.00  -0.000  -0.013   0.145  0.1277   0.00 
    -0.63   -0.63   -0.00    0.00  -0.005  -0.047   0.500  0.2074   0.00 
    -0.61   -0.61   -0.00    0.00  -0.020  -0.096   0.965  0.2797   0.00 
    -0.58   -0.58   -0.00    0.00  -0.055  -0.154   1.456  0.3428   0.00 
    -0.54   -0.54   -0.00    0.00  -0.113  -0.218   1.912  0.3962   0.00 
    -0.50   -0.50   -0.00    0.00  -0.198  -0.283   2.295  0.4400   0.00 
    -0.46   -0.46   -0.00    0.00  -0.306  -0.348   2.589  0.4751   0.00 
    -0.41   -0.41   -0.00    0.00  -0.432  -0.411   2.793  0.5029   0.00 
    -0.36   -0.36   -0.00    0.00  -0.570  -0.471   2.915  0.5245   0.00 
    -0.31   -0.31   -0.00    0.00  -0.714  -0.528   2.970  0.5411   0.00 
    -0.27   -0.27   -0.00    0.00  -0.858  -0.582   2.971  0.5536   0.00 
    -0.22   -0.22   -0.00    0.00  -0.998  -0.632   2.933  0.5630   0.00 
    -0.17   -0.17   -0.00    0.00  -1.132  -0.680   2.868  0.5697   0.00 
    -0.13   -0.13   -0.00    0.00  -1.258  -0.724   2.785  0.5744   0.00 
    -0.08   -0.08   -0.00    0.00  -1.377  -0.767   2.692  0.5773   0.00 
    -0.04   -0.04   -0.00    0.00  -1.489  -0.808   2.592  0.5787   0.00 
    -0.00    0.00    0.00    0.00  -1.595  -0.849   2.490  0.5787   0.00 
    -0.00   -0.00    0.00    0.00  -1.595   0.849  -2.490  0.5787   0.00 
     0.04    0.04   -0.00    0.00  -1.489   0.808  -2.592  0.5773   0.00 
     0.08    0.08   -0.00    0.00  -1.377   0.767  -2.692  0.5744   0.00 
     0.13    0.13   -0.00    0.00  -1.258   0.724  -2.785  0.5697   0.00 
     0.17    0.17   -0.00    0.00  -1.132   0.680  -2.868  0.5630   0.00 
     0.22    0.22   -0.00    0.00  -0.998   0.632  -2.933  0.5536   0.00 
     0.27    0.27   -0.00    0.00  -0.858   0.582  -2.971  0.5411   0.00 
     0.31    0.31   -0.00    0.00  -0.714   0.528  -2.970  0.5245   0.00 
     0.36    0.36   -0.00    0.00  -0.570   0.471  -2.915  0.5029   0.00 
     0.41    0.41   -0.00    0.00  -0.432   0.411  -2.793  0.4751   0.00 
     0.46    0.46   -0.00    0.00  -0.306   0.348  -2.589  0.4400   0.00 
     0.50    0.50   -0.00    0.00  -0.198   0.283  -2.295  0.3962   0.00 
     0.54    0.54   -0.00    0.00  -0.113   0.218  -1.912  0.3428   0.00 
     0.58    0.58   -0.00    0.00  -0.055   0.154  -1.456  0.2797   0.00 
     0.61    0.61   -0.00    0.00  -0.020   0.096  -0.965  0.2074   0.00 
     0.63    0.63   -0.00    0.00  -0.005   0.047  -0.500  0.1277   0.00 
     0.64    0.64   -0.00    0.00  -0.000   0.013  -0.145  0.0432   0.00 
     0.64    0.64   -0.00    0.00   0.000   0.000   0.000  0.0000   0.00 
