     t      y      z-z0   tw-tw0 Mc'/10  Ms'/10   Fn/10     cl   a_flap 
  ------- ------- ------- ------- ------- ------- ------- ------- ------ 
    -0.92   -0.92    0.00   -0.00   0.000   0.000   0.000  0.0248   0.00 
    -0.91   -0.91    0.00   -0.00  -0.000  -0.077   0.065  0.0736   0.00 
    -0.90   -0.90    0.00   -0.00  -0.002  -0.257   0.198  0.1198   0.00 
    -0.88   -0.88    0.00   -0.00  -0.008  -0.482   0.323  0.1620   0.00 
    -0.85   -0.85    0.00   -0.00  -0.018  -0.699   0.376  0.1987   0.00 
    -0.81   -0.81    0.00   -0.00  -0.031  -0.873   0.317  0.2284   0.00 
    -0.76   -0.76    0.00   -0.00  -0.041  -0.986   0.129  0.2492   0.00 
    -0.72   -0.72    0.00   -0.00  -0.040  -1.042  -0.174  0.2592   0.00 
    -0.66   -0.66    0.00   -0.00  -0.020  -1.065  -0.552  0.2575   0.00 
    -0.61   -0.61    0.00   -0.00   0.021  -1.096  -0.944  0.2470   0.00 
    -0.55   -0.55    0.00   -0.00   0.086  -1.169  -1.294  0.2334   0.00 
    -0.49   -0.49    0.00   -0.00   0.170  -1.299  -1.578  0.2210   0.00 
    -0.43   -0.43    0.00   -0.00   0.270  -1.480  -1.796  0.2114   0.00 
    -0.37   -0.37    0.00   -0.00   0.379  -1.699  -1.961  0.2044   0.00 
    -0.32   -0.32    0.00   -0.00   0.495  -1.941  -2.086  0.1996   0.00 
    -0.26   -0.26    0.00   -0.00   0.615  -2.196  -2.184  0.1963   0.00 
    -0.21   -0.21    0.00    0.00   0.736  -2.457  -2.263  0.1942   0.00 
    -0.15   -0.15    0.00    0.00   0.858  -2.718  -2.330  0.1928   0.00 
    -0.10   -0.10    0.00    0.00   0.980  -2.978  -2.388  0.1920   0.00 
    -0.05   -0.05    0.00    0.00   1.103  -3.236  -2.442  0.1916   0.00 
    -0.00    0.00    0.00    0.00   1.227  -3.493  -2.494  0.1917   0.00 
    -0.00    0.00    0.00   -0.00   1.227   3.493   2.494  0.1917   0.00 
     0.05    0.05    0.00   -0.00   1.103   3.236   2.442  0.1920   0.00 
     0.10    0.10    0.00   -0.00   0.980   2.978   2.388  0.1928   0.00 
     0.15    0.15    0.00   -0.00   0.858   2.718   2.330  0.1942   0.00 
     0.21    0.21    0.00   -0.00   0.736   2.457   2.263  0.1963   0.00 
     0.26    0.26    0.00   -0.00   0.615   2.196   2.184  0.1996   0.00 
     0.32    0.32    0.00   -0.00   0.495   1.941   2.086  0.2044   0.00 
     0.37    0.37    0.00   -0.00   0.379   1.699   1.961  0.2114   0.00 
     0.43    0.43    0.00   -0.00   0.270   1.480   1.796  0.2210   0.00 
     0.49    0.49    0.00   -0.00   0.170   1.299   1.578  0.2334   0.00 
     0.55    0.55    0.00   -0.00   0.086   1.169   1.294  0.2470   0.00 
     0.61    0.61    0.00   -0.00   0.021   1.096   0.944  0.2575   0.00 
     0.66    0.66    0.00   -0.00  -0.020   1.065   0.552  0.2592   0.00 
     0.72    0.72    0.00   -0.00  -0.040   1.042   0.174  0.2492   0.00 
     0.76    0.76    0.00   -0.00  -0.041   0.986  -0.129  0.2284   0.00 
     0.81    0.81    0.00   -0.00  -0.031   0.873  -0.317  0.1987   0.00 
     0.85    0.85    0.00   -0.00  -0.018   0.699  -0.376  0.1620   0.00 
     0.88    0.88    0.00   -0.00  -0.008   0.482  -0.323  0.1198   0.00 
     0.90    0.90    0.00   -0.00  -0.002   0.257  -0.198  0.0736   0.00 
     0.91    0.91    0.00   -0.00  -0.000   0.077  -0.065  0.0248   0.00 
     0.92    0.92    0.00   -0.00   0.000   0.000   0.000  0.0000   0.00 
