# Tandem_GAW2_L163_G05_Fore_Only                                                  
# Operating point sequence...
# i     t     alpha         Lift          Drag          CL            CD            CDi           CM            span eff.    
  1  1.000      -6.00000       7.06069       8.62027      0.431711E-02  0.527068E-02  0.241796E-05 -0.860601E-03  0.487752    
  2  2.000      -5.00000       69.5315       13.4143      0.425136E-01  0.820187E-02  0.195902E-03 -0.775121E-02  0.487752    
  3  3.000      -4.00000       132.160       16.5373      0.808066E-01  0.101114E-01  0.699421E-03 -0.146528E-01  0.487752    
  4  4.000      -3.00000       194.955       17.9886      0.119201      0.109988E-01  0.151420E-02 -0.215662E-01  0.487752    
  5  5.000      -2.00000       257.922       17.7668      0.157701      0.108631E-01  0.264224E-02 -0.284922E-01  0.487751    
  6  6.000      -1.00000       321.072       15.8692      0.196313      0.970288E-02  0.408630E-02 -0.354319E-01  0.487752    
  7  7.000      -0.00000       384.412       12.2921      0.235040      0.751575E-02  0.584995E-02 -0.423861E-01  0.487751    
  8  8.000       2.00000       511.701      0.798827E-01  0.312869      0.488426E-04  0.103542E-01 -0.563422E-01  0.487751    
  9  9.000       3.00000       575.671      -8.56776      0.351982     -0.523857E-02  0.131062E-01 -0.633463E-01  0.487752    
 10  10.00       4.00000       639.872      -18.9199      0.391236     -0.115682E-01  0.162002E-01 -0.703695E-01  0.487751    
 11  11.00       5.00000       704.318      -30.9856      0.430640     -0.189455E-01  0.196442E-01 -0.774129E-01  0.487751    
 12  12.00       6.00000       769.021      -44.7749      0.470202     -0.273767E-01  0.234470E-01 -0.844782E-01  0.487751    
 13  13.00       7.00000       833.994      -60.2993      0.509928     -0.368687E-01  0.276183E-01 -0.915664E-01  0.487751    
 14  14.00       8.00000       899.231      -77.5703      0.549816     -0.474287E-01  0.321677E-01 -0.986773E-01  0.487748    
 15  15.00       9.00000       964.630      -96.5944      0.589803     -0.590606E-01  0.370983E-01 -0.105799      0.487734    
 16  16.00       10.0000       1029.47      -117.334      0.629448     -0.717415E-01  0.423662E-01 -0.112853      0.487651    
 17  17.00       11.0000       1090.44      -139.527      0.666729     -0.853106E-01  0.477098E-01 -0.119475      0.487250    
 18  18.00       12.0000       1141.37      -162.511      0.697864     -0.993639E-01  0.525770E-01 -0.124986      0.486055    
 19  19.00       13.0000       1180.79      -185.794      0.721967     -0.113600      0.567446E-01 -0.129228      0.483937    
 20  20.00       14.0000       1211.50      -209.272      0.740744     -0.127955      0.603571E-01 -0.132509      0.481150    
 21  21.00       15.0000       1235.99      -232.939      0.755722     -0.142425      0.635690E-01 -0.135104      0.477964    
 22  22.00       16.0000       1255.90      -256.790      0.767894     -0.157009      0.664838E-01 -0.137193      0.474564    
 23  23.00       17.0000       1272.28      -280.817      0.777909     -0.171700      0.691704E-01 -0.138893      0.471069    
 24  24.00       18.0000       1285.85      -305.008      0.786205     -0.186491      0.716764E-01 -0.140282      0.467551    
 25  25.00       19.0000       1297.11      -329.349      0.793092     -0.201373      0.740367E-01 -0.141416      0.464054    
 26  26.00       20.0000       1306.44      -353.825      0.798793     -0.216339      0.762772E-01 -0.142336      0.460605    
 27  27.00       21.0000       1314.10      -378.422      0.803477     -0.231378      0.784183E-01 -0.143072      0.457218    
 28  28.00       23.0000       1325.22      -427.922      0.810279     -0.261644      0.824636E-01 -0.144081      0.450653    
 29  29.00       24.0000       1328.98      -452.799      0.812575     -0.276855      0.843918E-01 -0.144386      0.447478    
