# Tandem_Airframe_NACA4309                                                        
# Operating point sequence...
# i     t     alpha         Lift          Drag          CL            CD            CDi           CM            span eff.    
  1  1.000      -6.00000      -41.6567       6.65860     -0.138648      0.221621E-01  0.759011E-03  0.462420       1.05490    
  2  2.000      -5.00000      -24.1560       6.45476     -0.803995E-01  0.214837E-01  0.243600E-03  0.258661       1.10494    
  3  3.000      -4.00000      -1.93238       6.37933     -0.643162E-02  0.212326E-01  0.151247E-05  0.175089E-01   1.13280    
  4  4.000      -3.00000       22.2671       6.44034      0.741124E-01  0.214356E-01  0.200374E-03 -0.239428       1.14221    
  5  5.000      -2.00000       47.0545       6.64646      0.156614      0.221217E-01  0.883026E-03 -0.503484       1.15695    
  6  6.000      -1.00000       72.1035       6.99710      0.239985      0.232888E-01  0.204889E-02 -0.771729       1.17053    
  7  7.000      -0.00000       97.3514       7.49047      0.324019      0.249309E-01  0.369267E-02  -1.04313       1.18372    
  8  8.000       2.00000       148.417       8.90023      0.493983      0.296230E-01  0.839853E-02  -1.59368       1.20925    
  9  9.000       3.00000       174.241       9.81519      0.579932      0.326683E-01  0.114566E-01  -1.87227       1.22157    
 10  10.00       4.00000       200.248       10.8693      0.666492      0.361768E-01  0.149822E-01  -2.15282       1.23355    
 11  11.00       5.00000       226.309       12.0568      0.753232      0.401293E-01  0.189560E-01  -2.43545       1.24502    
 12  12.00       6.00000       251.661       13.3417      0.837615      0.444056E-01  0.232487E-01  -2.72161       1.25510    
 13  13.00       7.00000       274.546       14.6477      0.913785      0.487527E-01  0.275098E-01  -3.01109       1.26215    
 14  14.00       8.00000       293.731       15.9568      0.977639      0.531098E-01  0.314003E-01  -3.28196       1.26550    
 15  15.00       9.00000       308.526       17.3003       1.02688      0.575813E-01  0.346563E-01  -3.49516       1.26484    
 16  16.00       10.0000       319.490       18.7932       1.06337      0.625501E-01  0.372555E-01  -3.64611       1.26161    
 17  17.00       11.0000       327.832       20.5824       1.09114      0.685054E-01  0.393509E-01  -3.75338       1.25760    
 18  18.00       12.0000       334.460       22.7807       1.11320      0.758220E-01  0.410885E-01  -3.83295       1.25370    
