# Mowe_temp                                                                       
# Operating point sequence...
# i     t     alpha         Lift          Drag          CL            CD            CDi           CM            span eff.    
  1  1.000      -0.00000       0.00000       99.2303       0.00000      0.117626E-01  -0.00000      0.130565E-01   0.00000    
  2  2.000      -0.00000       0.00000       99.2303       0.00000      0.117626E-01  -0.00000      0.130565E-01   0.00000    
  3  3.000       1.00000       365.020       101.787      0.432689E-01  0.120656E-01  0.157929E-03  0.169879E-02  0.643364    
  4  4.000       2.00000       736.797       107.064      0.873387E-01  0.126912E-01  0.634019E-03 -0.110020E-01  0.643157    
  5  5.000       4.00000       1500.58       125.808      0.177876      0.149131E-01  0.255560E-02 -0.406064E-01  0.642612    
  6  6.000       6.00000       2291.31       155.541      0.271608      0.184376E-01  0.579741E-02 -0.761005E-01  0.641897    
  7  7.000       8.00000       3109.00       196.373      0.368536      0.232777E-01  0.103967E-01 -0.117821      0.641019    
  8  8.000       10.0000       3953.65       248.446      0.468660      0.294504E-01  0.163953E-01 -0.166096      0.639977    
  9  9.000       12.0000       4824.23       311.847      0.571856      0.369659E-01  0.238309E-01 -0.221198      0.638759    
 10  10.00       14.0000       5705.10       385.502      0.676273      0.456968E-01  0.326081E-01 -0.282673      0.637090    
 11  11.00       16.0000       6483.95       460.138      0.768597      0.545440E-01  0.415870E-01 -0.344864      0.633156    
 12  12.00       18.0000       7020.77       527.409      0.832231      0.625182E-01  0.489149E-01 -0.398636      0.624879    
