# Mowe_temp                                                                       
# Operating point sequence...
# i     t     dWx ang.acc.  Wx rot.rate   Phi   (bank)  Phi[ 2]       Phi[ 3]      
  1  2.000       80.5957       184.232      -369.125      -9.12509      -9.12509    
  2  2.010       82.4889       185.057      -370.976      -10.9757      -10.9757    
  3  2.020       83.3130       185.888      -372.832      -12.8318      -12.8318    
  4  2.030       84.4258       186.727      -374.695      -14.6953      -14.6953    
  5  2.040       84.5501       187.571      -376.567      -16.5669      -16.5669    
  6  2.050       84.2737       188.414      -378.447      -18.4469      -18.4469    
  7  2.060       83.6364       189.252      -380.335      -20.3352      -20.3352    
  8  2.070       82.7414       190.083      -382.232      -22.2318      -22.2318    
  9  2.080       81.6714       190.905      -384.137      -24.1368      -24.1368    
 10  2.090       80.5326       191.716      -386.050      -26.0498      -26.0498    
 11  2.100       79.3974       192.515      -387.971      -27.9709      -27.9709    
 12  2.110       78.3493       193.304      -389.900      -29.9000      -29.9000    
 13  2.120       77.4437       194.083      -391.837      -31.8369      -31.8369    
 14  2.130       76.6967       194.854      -393.781      -33.7815      -33.7815    
 15  2.140       76.1995       195.619      -395.734      -35.7338      -35.7338    
 16  2.150       75.8778       196.380      -397.694      -37.6937      -37.6937    
 17  2.160       75.8077       197.139      -399.661      -39.6613      -39.6613    
 18  2.170       75.9018       197.898      -401.636      -41.6364      -41.6364    
 19  2.180       76.1696       198.659      -403.619      -43.6192      -43.6192    
 20  2.190       76.5443       199.423      -405.610      -45.6095      -45.6095    
 21  2.200       76.9787       200.191      -407.608      -47.6076      -47.6076    
 22  2.210       77.3852       200.963      -409.613      -49.6133      -49.6133    
 23  2.220       77.7322       201.738      -411.627      -51.6268      -51.6268    
 24  2.230       77.9017       202.516      -413.648      -53.6481      -53.6481    
 25  2.240       77.8477       203.294      -415.677      -55.6771      -55.6771    
 26  2.250       77.4802       204.070      -417.714      -57.7140      -57.7140    
 27  2.260       76.7299       204.840      -419.759      -59.7585      -59.7585    
 28  2.270       75.5393       205.601      -421.811      -61.8107      -61.8107    
 29  2.280       73.8375       206.346      -423.870      -63.8704      -63.8704    
 30  2.290       71.6039       207.072      -425.937      -65.9375      -65.9375    
 31  2.300       68.7606       207.773      -428.012      -68.0117      -68.0117    
 32  2.310       65.3236       208.441      -430.093      -70.0926      -70.0926    
 33  2.320       61.2644       209.073      -432.180      -72.1801      -72.1801    
 34  2.330       56.5758       209.661      -434.274      -74.2736      -74.2736    
 35  2.340       51.2965       210.198      -436.373      -76.3728      -76.3728    
 36  2.350       45.4221       210.680      -438.477      -78.4771      -78.4771    
 37  2.360       39.0115       211.101      -440.586      -80.5858      -80.5858    
 38  2.370       32.0982       211.455      -442.698      -82.6984      -82.6984    
 39  2.380       24.7311       211.738      -444.814      -84.8142      -84.8142    
 40  2.390       16.9899       211.946      -446.932      -86.9324      -86.9324    
 41  2.400       8.88882       212.074      -449.052      -89.0523      -89.0523    
 42  2.410      0.542202       212.121      -451.173      -91.1730      -91.1730    
 43  2.420      -8.01345       212.083      -453.294      -93.2938      -93.2938    
 44  2.430      -16.7320       211.959      -455.414      -95.4138      -95.4138    
 45  2.440      -25.5210       211.747      -457.532      -97.5321      -97.5321    
 46  2.450      -34.3370       211.448      -459.648      -99.6479      -99.6479    
 47  2.460      -43.1394       211.060      -461.760      -101.760      -101.760    
 48  2.470      -51.8367       210.585      -463.868      -103.868      -103.868    
 49  2.480      -60.4195       210.024      -465.971      -105.971      -105.971    
 50  2.490      -68.8056       209.379      -468.068      -108.068      -108.068    
 51  2.500      -76.9441       208.651      -470.158      -110.158      -110.158    
 52  2.510      -84.8060       207.842      -472.240      -112.240      -112.240    
 53  2.520      -92.2980       206.958      -474.314      -114.314      -114.314    
 54  2.530      -99.4243       206.000      -476.378      -116.378      -116.378    
 55  2.540      -106.042       204.974      -478.433      -118.433      -118.433    
 56  2.550      -112.194       203.884      -480.477      -120.477      -120.477    
 57  2.560      -117.738       202.736      -482.510      -122.510      -122.510    
 58  2.570      -122.659       201.535      -484.531      -124.531      -124.531    
 59  2.580      -126.889       200.289      -486.540      -126.540      -126.540    
 60  2.590      -130.364       199.004      -488.537      -128.537      -128.537    
 61  2.600      -133.034       197.689      -490.520      -130.520      -130.520    
 62  2.610      -134.854       196.352      -492.490      -132.490      -132.490    
 63  2.620      -135.767       195.001      -494.447      -134.447      -134.447    
 64  2.630      -135.752       193.646      -496.390      -136.390      -136.390    
 65  2.640      -134.755       192.296      -498.320      -138.320      -138.320    
 66  2.650      -132.772       190.960      -500.236      -140.236      -140.236    
 67  2.660      -129.799       189.650      -502.139      -142.139      -142.139    
 68  2.670      -125.817       188.374      -504.029      -144.029      -144.029    
 69  2.680      -120.859       187.144      -505.907      -145.907      -145.907    
 70  2.690      -114.933       185.967      -507.773      -147.773      -147.773    
 71  2.700      -108.104       184.854      -509.627      -149.627      -149.627    
 72  2.710      -100.386       183.814      -511.470      -151.470      -151.470    
 73  2.720      -91.8734       182.855      -513.304      -153.304      -153.304    
 74  2.730      -82.6477       181.984      -515.128      -155.128      -155.128    
 75  2.740      -72.7762       181.209      -516.944      -156.944      -156.944    
 76  2.750      -62.3728       180.534      -518.753      -158.753      -158.753    
 77  2.760      -51.5517       179.966      -520.556      -160.556      -160.556    
 78  2.770      -40.4441       179.507      -522.354      -162.354      -162.354    
 79  2.780      -29.1528       179.159      -524.147      -164.147      -164.147    
 80  2.790      -17.8294       178.925      -525.938      -165.938      -165.938    
 81  2.800      -6.62064       178.802      -527.727      -167.727      -167.727    
 82  2.810       4.37418       178.791      -529.515      -169.515      -169.515    
 83  2.820       14.9947       178.887      -531.304      -171.304      -171.304    
 84  2.830       25.1293       179.086      -533.094      -173.094      -173.094    
 85  2.840       34.6683       179.384      -534.886      -174.886      -174.886    
 86  2.850       43.5120       179.773      -536.682      -176.682      -176.682    
 87  2.860       51.5689       180.247      -538.483      -178.483      -178.483    
 88  2.870       58.7887       180.796      -540.288       179.712       179.712    
 89  2.880       65.1003       181.414      -542.099       177.901       177.901    
 90  2.890       70.5132       182.090      -543.917       176.083       176.083    
 91  2.900       74.9833       182.815      -545.742       174.258       174.258    
 92  2.910       78.5562       183.580      -547.574       172.426       172.426    
 93  2.920       81.2621       184.377      -549.414       170.586       170.586    
 94  2.930       83.1424       185.197      -551.262       168.738       168.738    
 95  2.940       84.2981       186.032      -553.118       166.882       166.882    
 96  2.950       84.7896       186.876      -554.982       165.018       165.018    
 97  2.960       84.7265       187.722      -556.855       163.145       163.145    
 98  2.970       84.2262       188.566      -558.737       161.263       161.263    
 99  2.980       83.3701       189.402      -560.627       159.373       159.373    
100  2.990       82.2990       190.230      -562.525       157.475       157.475    
101  3.000       81.0896       191.047      -564.431       155.569       155.569    
102  3.010       79.8632       191.851      -566.346       153.654       153.654    
103  3.020       78.6625       192.644      -568.268       151.732       151.732    
104  3.030       77.6262       193.425      -570.198       149.802       149.802    
105  3.040       76.7282       194.198      -572.136       147.864       147.864    
106  3.050       76.0734       194.962      -574.082       145.918       145.918    
107  3.060       75.6507       195.721      -576.035       143.965       143.965    
108  3.070       75.4586       196.477      -577.996       142.004       142.004    
109  3.080       75.5043       197.233      -579.965       140.035       140.035    
110  3.090       75.7614       197.990      -581.941       138.059       138.059    
111  3.100       76.1601       198.750      -583.925       136.075       136.075    
112  3.110       76.6776       199.514      -585.916       134.084       134.084    
113  3.120       77.2285       200.284      -587.915       132.085       132.085    
114  3.130       77.7589       201.059      -589.922       130.078       130.078    
115  3.140       78.1775       201.838      -591.936       128.064       128.064    
116  3.150       78.4256       202.621      -593.958       126.042       126.042    
117  3.160       78.3769       203.404      -595.988       124.012       124.012    
118  3.170       78.0341       204.186      -598.026       121.974       121.974    
119  3.180       77.2419       204.961      -600.072       119.928       119.928    
120  3.190       76.0017       205.726      -602.125       117.875       117.875    
121  3.200       74.2042       206.476      -604.186       115.814       115.814    
122  3.210       71.8447       207.205      -606.255       113.745       113.745    
123  3.220       68.8737       207.907      -608.330       111.670       111.670    
124  3.230       65.2676       208.576      -610.413       109.587       109.587    
125  3.240       61.0226       209.206      -612.501       107.499       107.499    
126  3.250       56.1480       209.790      -614.596       105.404       105.404    
127  3.260       50.6633       210.323      -616.697       103.303       103.303    
128  3.270       44.5720       210.797      -618.802       101.198       101.198    
129  3.280       37.9719       211.209      -620.912       99.0878       99.0878    
130  3.290       30.8632       211.552      -623.026       96.9742       96.9742    
131  3.300       23.3004       211.821      -625.142       94.8575       94.8575    
132  3.310       15.3884       212.014      -627.261       92.7385       92.7385    
133  3.320       7.14528       212.126      -629.382       90.6181       90.6181    
134  3.330      -1.32652       212.154      -631.503       88.4969       88.4969    
135  3.340      -9.99970       212.097      -633.624       86.3759       86.3759    
136  3.350      -18.7821       211.952      -635.744       84.2559       84.2559    
137  3.360      -27.6105       211.720      -637.862       82.1378       82.1378    
138  3.370      -36.4567       211.400      -639.978       80.0225       80.0225    
139  3.380      -45.2270       210.992      -642.089       77.9107       77.9107    
140  3.390      -53.8983       210.496      -644.196       75.8036       75.8036    
141  3.400      -62.3966       209.915      -646.298       73.7017       73.7017    
142  3.410      -70.6896       209.250      -648.394       71.6062       71.6062    
143  3.420      -78.7162       208.504      -650.482       69.5176       69.5176    
144  3.430      -86.4268       207.679      -652.563       67.4370       67.4370    
145  3.440      -93.7671       206.778      -654.635       65.3650       65.3650    
146  3.450      -100.691       205.807      -656.698       63.3023       63.3023    
147  3.460      -107.154       204.769      -658.750       61.2496       61.2496    
148  3.470      -113.066       203.669      -660.792       59.2076       59.2076    
149  3.480      -118.427       202.513      -662.823       57.1768       57.1768    
150  3.490      -123.123       201.307      -664.842       55.1579       55.1579    
151  3.500      -127.134       200.057      -666.849       53.1513       53.1513    
152  3.510      -130.403       198.771      -668.843       51.1572       51.1572    
153  3.520      -132.863       197.457      -670.824       49.1762       49.1762    
154  3.530      -134.467       196.122      -672.792       47.2084       47.2084    
155  3.540      -135.208       194.776      -674.746       45.2540       45.2540    
156  3.550      -134.991       193.427      -676.687       43.3130       43.3130    
157  3.560      -133.836       192.086      -678.615       41.3854       41.3854    
158  3.570      -131.702       190.760      -680.529       39.4712       39.4712    
159  3.580      -128.580       189.461      -682.430       37.5701       37.5701    
160  3.590      -124.481       188.199      -684.318       35.6817       35.6817    
161  3.600      -119.412       186.981      -686.194       33.8058       33.8058    
162  3.610      -113.406       185.820      -688.058       31.9417       31.9417    
163  3.620      -106.486       184.723      -689.911       30.0888       30.0888    
164  3.630      -98.7305       183.699      -691.753       28.2465       28.2465    
165  3.640      -90.1716       182.756      -693.586       26.4141       26.4141    
166  3.650      -80.9105       181.903      -695.409       24.5906       24.5906    
167  3.660      -71.0392       181.145      -697.225       22.7752       22.7752    
168  3.670      -60.6330       180.488      -699.033       20.9668       20.9668    
169  3.680      -49.8482       179.936      -700.836       19.1645       19.1645    
170  3.690      -38.7612       179.494      -702.633       17.3671       17.3671    
171  3.700      -27.5242       179.163      -704.426       15.5736       15.5736    
172  3.710      -16.2679       178.944      -706.217       13.7829       13.7829    
173  3.720      -5.11862       178.837      -708.006       11.9937       11.9937    
174  3.730       5.77526       178.840      -709.795       10.2050       10.2050    
175  3.740       16.3144       178.950      -711.584       8.41581       8.41581    
176  3.750       26.3357       179.162      -713.375       6.62499       6.62499    
177  3.760       35.7851       179.471      -715.168       4.83160       4.83160    
178  3.770       44.4984       179.871      -716.965       3.03472       3.03472    
179  3.780       52.4505       180.354      -718.767       1.23346       1.23346    
180  3.790       59.5431       180.912      -720.573     -0.572991     -0.572991    
181  3.800       65.7555       181.536      -722.385      -2.38534      -2.38534    
182  3.810       71.0547       182.218      -724.204      -4.20419      -4.20419    
183  3.820       75.4122       182.948      -726.030      -6.03015      -6.03015    
184  3.830       78.8992       183.717      -727.864      -7.86359      -7.86359    
185  3.840       81.5064       184.517      -729.705      -9.70484      -9.70484    
186  3.850       83.3186       185.339      -731.554      -11.5541      -11.5541    
187  3.860       84.3955       186.176      -733.412      -13.4117      -13.4117    
188  3.870       84.8360       187.020      -735.278      -15.2777      -15.2777    
189  3.880       84.7350       187.867      -737.152      -17.1521      -17.1521    
190  3.890       84.1965       188.710      -739.035      -19.0349      -19.0349    
191  3.900       83.3284       189.547      -740.926      -20.9261      -20.9261    
192  3.910       82.2389       190.374      -742.826      -22.8256      -22.8256    
193  3.920       81.0430       191.190      -744.733      -24.7333      -24.7333    
194  3.930       79.8096       191.994      -746.649      -26.6492      -26.6492    
195  3.940       78.6470       192.786      -748.573      -28.5730      -28.5730    
196  3.950       77.6077       193.568      -750.505      -30.5047      -30.5047    
197  3.960       76.7454       194.340      -752.444      -32.4442      -32.4442    
198  3.970       76.1117       195.105      -754.391      -34.3914      -34.3914    
199  3.980       75.6967       195.864      -756.346      -36.3462      -36.3462    
200  3.990       75.5434       196.621      -758.309      -38.3087      -38.3087    
201  4.000       75.5950       197.377      -760.279      -40.2786      -40.2786    
202  4.010       75.8513       198.135      -762.256      -42.2563      -42.2563    
203  4.020       76.2627       198.896      -764.241      -44.2415      -44.2415    
204  4.030       76.7669       199.662      -766.234      -46.2343      -46.2343    
205  4.040       77.2918       200.432      -768.235      -48.2349      -48.2349    
206  4.050       77.8067       201.208      -770.243      -50.2432      -50.2432    
207  4.060       78.1774       201.987      -772.259      -52.2592      -52.2592    
208  4.070       78.3657       202.770      -774.283      -54.2830      -54.2830    
209  4.080       78.2875       203.552      -776.315      -56.3146      -56.3146    
210  4.090       77.8460       204.332      -778.354      -58.3540      -58.3540    
211  4.100       76.9976       205.106      -780.401      -60.4012      -60.4012    
212  4.110       75.6640       205.868      -782.456      -62.4560      -62.4560    
213  4.120       73.7951       206.614      -784.518      -64.5184      -64.5184    
214  4.130       71.3329       207.338      -786.588      -66.5882      -66.5882    
215  4.140       68.2708       208.035      -788.665      -68.6650      -68.6650    
216  4.150       64.5834       208.697      -790.749      -70.7486      -70.7486    
217  4.160       60.2429       209.320      -792.839      -72.8387      -72.8387    
218  4.170       55.2840       209.896      -794.935      -74.9347      -74.9347    
219  4.180       49.7076       210.419      -797.036      -77.0362      -77.0362    
220  4.190       43.5625       210.884      -799.143      -79.1426      -79.1426    
221  4.200       36.8649       211.285      -801.253      -81.2534      -81.2534    
222  4.210       29.7039       211.617      -803.368      -83.3677      -83.3677    
223  4.220       22.0938       211.874      -805.485      -85.4850      -85.4850    
224  4.230       14.1296       212.055      -807.605      -87.6046      -87.6046    
225  4.240       5.85230       212.154      -809.726      -89.7255      -89.7255    
226  4.250      -2.66636       212.169      -811.847      -91.8470      -91.8470    
227  4.260      -11.3451       212.098      -813.968      -93.9681      -93.9681    
228  4.270      -20.1455       211.940      -816.088      -96.0881      -96.0881    
229  4.280      -28.9906       211.695      -818.206      -98.2061      -98.2061    
230  4.290      -37.8252       211.360      -820.321      -100.321      -100.321    
231  4.300      -46.6051       210.938      -822.432      -102.432      -102.432    
232  4.310      -55.2558       210.429      -824.539      -104.539      -104.539    
233  4.320      -63.7369       209.835      -826.640      -106.640      -106.640    
234  4.330      -72.0075       209.156      -828.735      -108.735      -108.735    
235  4.340      -80.0009       208.397      -830.823      -110.823      -110.823    
236  4.350      -87.6547       207.559      -832.902      -112.902      -112.902    
237  4.360      -94.9646       206.647      -834.973      -114.973      -114.973    
238  4.370      -101.822       205.664      -837.034      -117.035      -117.035    
239  4.380      -108.214       204.615      -839.086      -119.086      -119.086    
240  4.390      -114.045       203.505      -841.126      -121.126      -121.126    
241  4.400      -119.313       202.340      -843.155      -123.155      -123.155    
242  4.410      -123.914       201.125      -845.172      -125.172      -125.172    
243  4.420      -127.814       199.868      -847.177      -127.177      -127.177    
244  4.430      -130.953       198.576      -849.170      -129.170      -129.170    
245  4.440      -133.281       197.257      -851.149      -131.149      -131.149    
246  4.450      -134.750       195.919      -853.115      -133.115      -133.115    
247  4.460      -135.334       194.570      -855.067      -135.067      -135.067    
248  4.470      -134.959       193.221      -857.006      -137.006      -137.006    
249  4.480      -133.637       191.881      -858.931      -138.931      -138.931    
250  4.490      -131.337       190.558      -860.844      -140.844      -140.844    
251  4.500      -128.050       189.264      -862.743      -142.743      -142.743    
252  4.510      -123.783       188.007      -864.629      -144.629      -144.629    
253  4.520      -118.536       186.798      -866.503      -146.503      -146.503    
254  4.530      -112.372       185.645      -868.366      -148.366      -148.366    
255  4.540      -105.312       184.559      -870.217      -150.217      -150.217    
256  4.550      -97.3802       183.548      -872.058      -152.058      -152.058    
257  4.560      -88.7177       182.619      -873.889      -153.889      -153.889    
258  4.570      -79.3275       181.781      -875.711      -155.711      -155.711    
259  4.580      -69.3413       181.039      -877.525      -157.525      -157.525    
260  4.590      -58.8706       180.400      -879.333      -159.333      -159.333    
261  4.600      -48.0096       179.866      -881.135      -161.135      -161.135    
262  4.610      -36.8805       179.443      -882.931      -162.931      -162.931    
263  4.620      -25.6190       179.131      -884.725      -164.725      -164.725    
264  4.630      -14.3828       178.931      -886.515      -166.515      -166.515    
265  4.640      -3.24483       178.843      -888.304      -168.304      -168.304    
266  4.650       7.59626       178.864      -890.093      -170.093      -170.093    
267  4.660       18.0651       178.991      -891.883      -171.883      -171.883    
268  4.670       27.9993       179.220      -893.674      -173.674      -173.674    
269  4.680       37.3194       179.546      -895.469      -175.469      -175.469    
270  4.690       45.9281       179.960      -897.266      -177.266      -177.266    
271  4.700       53.7377       180.457      -899.069      -179.069      -179.069    
272  4.710       60.6820       181.027      -900.876       179.124       179.124    
273  4.720       66.7423       181.662      -902.690       177.310       177.310    
274  4.730       71.8747       182.353      -904.510       175.490       175.490    
275  4.740       76.0939       183.090      -906.338       173.662       173.662    
276  4.750       79.4195       183.865      -908.172       171.828       171.828    
277  4.760       81.8852       184.670      -910.015       169.985       169.985    
278  4.770       83.5747       185.495      -911.866       168.134       168.134    
279  4.780       84.5251       186.334      -913.725       166.275       166.275    
280  4.790       84.8826       187.179      -915.593       164.407       164.407    
281  4.800       84.6828       188.026      -917.469       162.531       162.531    
282  4.810       84.0918       188.868      -919.354       160.646       160.646    
283  4.820       83.1691       189.704      -921.246       158.754       158.754    
284  4.830       82.0712       190.529      -923.148       156.852       156.852    
285  4.840       80.8534       191.344      -925.057       154.943       154.943    
286  4.850       79.6292       192.146      -926.974       153.026       153.026    
287  4.860       78.4849       192.937      -928.900       151.100       151.100    
288  4.870       77.4799       193.717      -930.833       149.167       149.167    
289  4.880       76.6520       194.488      -932.774       147.226       147.226    
290  4.890       76.0655       195.252      -934.723       145.277       145.277    
291  4.900       75.6949       196.011      -936.679       143.321       143.321    
292  4.910       75.5762       196.768      -938.643       141.357       141.357    
293  4.920       75.6796       197.525      -940.615       139.385       139.385    
294  4.930       75.9563       198.284      -942.594       137.406       137.406    
295  4.940       76.3917       199.046      -944.580       135.420       135.420    
296  4.950       76.9043       199.813      -946.575       133.425       133.425    
297  4.960       77.4390       200.584      -948.577       131.423       131.423    
298  4.970       77.9227       201.361      -950.586       129.414       129.414    
299  4.980       78.2791       202.142      -952.604       127.396       127.396    
300  4.990       78.4264       202.925      -954.630       125.370       125.370    
301  5.000       78.2738       203.708      -956.663       123.337       123.337    
302  5.010       77.7899       204.488      -958.704       121.296       121.296    
303  5.020       76.8317       205.260      -960.752       119.248       119.248    
304  5.030       75.4189       206.020      -962.809       117.191       117.191    
305  5.040       73.4422       206.763      -964.873       115.127       115.127    
306  5.050       70.8861       207.483      -966.944       113.056       113.056    
307  5.060       67.6953       208.175      -969.022       110.978       110.978    
308  5.070       63.8965       208.831      -971.107       108.893       108.893    
309  5.080       59.4444       209.446      -973.199       106.801       106.801    
310  5.090       54.3606       210.014      -975.296       104.704       104.704    
311  5.100       48.6987       210.527      -977.398       102.602       102.602    
312  5.110       42.4241       210.982      -979.506       100.494       100.494    
313  5.120       35.6559       211.371      -981.618       98.3824       98.3824    
314  5.130       28.4061       211.690      -983.733       96.2672       96.2672    
315  5.140       20.7219       211.934      -985.851       94.1493       94.1493    
316  5.150       12.6922       212.100      -987.971       92.0293       92.0293    
317  5.160       4.36811       212.185      -990.092       89.9080       89.9080    
318  5.170      -4.17290       212.185      -992.214       87.7864       87.7864    
319  5.180      -12.8975       212.099      -994.335       85.6651       85.6651    
320  5.190      -21.7027       211.926      -996.455       83.5451       83.5451    
321  5.200      -30.5522       211.665      -998.573       81.4273       81.4273    
322  5.210      -39.3922       211.315      -1000.69       79.3126       79.3126    
323  5.220      -48.1427       210.877      -1002.80       77.2018       77.2018    
324  5.230      -56.7787       210.353      -1004.90       75.0959       75.0959    
325  5.240      -65.2244       209.743      -1007.00       72.9956       72.9956    
326  5.250      -73.4555       209.050      -1009.10       70.9018       70.9018    
327  5.260      -81.3954       208.277      -1011.18       68.8153       68.8153    
328  5.270      -88.9946       207.426      -1013.26       66.7370       66.7370    
329  5.280      -96.2386       206.500      -1015.33       64.6675       64.6675    
330  5.290      -103.009       205.505      -1017.39       62.6075       62.6075    
331  5.300      -109.322       204.444      -1019.44       60.5579       60.5579    
332  5.310      -115.068       203.324      -1021.48       58.5192       58.5192    
333  5.320      -120.219       202.149      -1023.51       56.4919       56.4919    
334  5.330      -124.709       200.926      -1025.52       54.4766       54.4766    
335  5.340      -128.483       199.661      -1027.53       52.4738       52.4738    
336  5.350      -131.488       198.363      -1029.52       50.4836       50.4836    
337  5.360      -133.676       197.040      -1031.49       48.5066       48.5066    
338  5.370      -134.998       195.698      -1033.46       46.5429       46.5429    
339  5.380      -135.402       194.348      -1035.41       44.5926       44.5926    
340  5.390      -134.879       192.999      -1037.34       42.6559       42.6559    
341  5.400      -133.388       191.660      -1039.27       40.7325       40.7325    
342  5.410      -130.912       190.341      -1041.18       38.8225       38.8225    
343  5.420      -127.443       189.052      -1043.07       36.9254       36.9254    
344  5.430      -123.003       187.802      -1044.96       35.0411       35.0411    
345  5.440      -117.599       186.601      -1046.83       33.1689       33.1689    
346  5.450      -111.253       185.460      -1048.69       31.3085       31.3085    
347  5.460      -104.029       184.385      -1050.54       29.4591       29.4591    
348  5.470      -95.9787       183.387      -1052.38       27.6201       27.6201    
349  5.480      -87.1387       182.474      -1054.21       25.7906       25.7906    
350  5.490      -77.6527       181.652      -1056.03       23.9697       23.9697    
351  5.500      -67.5509       180.927      -1057.84       22.1566       22.1566    
352  5.510      -57.0122       180.306      -1059.65       20.3501       20.3501    
353  5.520      -46.0539       179.791      -1061.45       18.5493       18.5493    
354  5.530      -34.9048       179.387      -1063.25       16.7531       16.7531    
355  5.540      -23.6257       179.095      -1065.04       14.9604       14.9604    
356  5.550      -12.3720       178.915      -1066.83       13.1700       13.1700    
357  5.560      -1.28672       178.847      -1068.62       11.3808       11.3808    
358  5.570       9.51080       178.887      -1070.41       9.59188       9.59188    
359  5.580       19.9007       179.033      -1072.20       7.80204       7.80204    
360  5.590       29.7401       179.280      -1073.99       6.01013       6.01013    
361  5.600       38.9518       179.622      -1075.78       4.21526       4.21526    
362  5.610       47.4181       180.053      -1077.58       2.41668       2.41668    
363  5.620       55.0820       180.563      -1079.39      0.613403      0.613403    
364  5.630       61.8813       181.146      -1081.20      -1.19534      -1.19534    
365  5.640       67.7659       181.792      -1083.01      -3.01020      -3.01020    
366  5.650       72.7389       182.492      -1084.83      -4.83184      -4.83184    
367  5.660       76.7981       183.238      -1086.66      -6.66069      -6.66069    
368  5.670       79.9649       184.019      -1088.50      -8.49709      -8.49709    
369  5.680       82.2847       184.828      -1090.34      -10.3415      -10.3415    
370  5.690       83.8373       185.657      -1092.19      -12.1940      -12.1940    
371  5.700       84.6707       186.498      -1094.05      -14.0549      -14.0549    
372  5.710       84.9038       187.344      -1095.92      -15.9242      -15.9242    
373  5.720       84.6462       188.190      -1097.80      -17.8019      -17.8019    
374  5.730       83.9642       189.032      -1099.69      -19.6881      -19.6881    
375  5.740       83.0212       189.866      -1101.58      -21.5826      -21.5826    
376  5.750       81.8868       190.690      -1103.49      -23.4855      -23.4855    
377  5.760       80.6552       191.503      -1105.40      -25.3964      -25.3964    
378  5.770       79.4490       192.303      -1107.32      -27.3154      -27.3154    
379  5.780       78.3200       193.092      -1109.24      -29.2424      -29.2424    
380  5.790       77.3457       193.871      -1111.18      -31.1771      -31.1771    
381  5.800       76.5717       194.641      -1113.12      -33.1196      -33.1196    
382  5.810       76.0020       195.404      -1115.07      -35.0699      -35.0699    
383  5.820       75.7033       196.163      -1117.03      -37.0278      -37.0278    
384  5.830       75.6172       196.921      -1118.99      -38.9934      -38.9934    
385  5.840       75.7567       197.678      -1120.97      -40.9665      -40.9665    
386  5.850       76.0782       198.438      -1122.95      -42.9471      -42.9471    
387  5.860       76.5274       199.201      -1124.94      -44.9354      -44.9354    
388  5.870       77.0526       199.969      -1126.93      -46.9313      -46.9313    
389  5.880       77.5835       200.743      -1128.93      -48.9349      -48.9349    
390  5.890       78.0576       201.521      -1130.95      -50.9462      -50.9462    
391  5.900       78.3746       202.303      -1132.97      -52.9653      -52.9653    
392  5.910       78.4778       203.086      -1134.99      -54.9923      -54.9923    
393  5.920       78.2715       203.870      -1137.03      -57.0271      -57.0271    
394  5.930       77.6968       204.649      -1139.07      -59.0697      -59.0697    
395  5.940       76.6738       205.419      -1141.12      -61.1200      -61.1200    
396  5.950       75.1423       206.177      -1143.18      -63.1780      -63.1780    
397  5.960       73.0668       206.917      -1145.24      -65.2435      -65.2435    
398  5.970       70.3798       207.633      -1147.32      -67.3163      -67.3163    
399  5.980       67.0992       208.319      -1149.40      -69.3960      -69.3960    
400  5.990       63.1529       208.969      -1151.48      -71.4824      -71.4824    
401  6.000       58.5861       209.576      -1153.58      -73.5750      -73.5750    
402  6.010       53.3968       210.134      -1155.67      -75.6735      -75.6735    
403  6.020       47.6017       210.638      -1157.78      -77.7773      -77.7773    
404  6.030       41.2386       211.080      -1159.89      -79.8858      -79.8858    
405  6.040       34.3728       211.457      -1162.00      -81.9984      -81.9984    
406  6.050       27.0255       211.763      -1164.11      -84.1144      -84.1144    
407  6.060       19.2760       211.993      -1166.23      -86.2331      -86.2331    
408  6.070       11.1835       212.145      -1168.35      -88.3536      -88.3536    
409  6.080       2.81435       212.214      -1170.48      -90.4752      -90.4752    
410  6.090      -5.78607       212.198      -1172.60      -92.5970      -92.5970    
411  6.100      -14.5024       212.096      -1174.72      -94.7183      -94.7183    
412  6.110      -23.3437       211.907      -1176.84      -96.8382      -96.8382    
413  6.120      -32.1902       211.629      -1178.96      -98.9557      -98.9557    
414  6.130      -41.0155       211.263      -1181.07      -101.070      -101.070    
415  6.140      -49.7540       210.809      -1183.18      -103.180      -103.180    
416  6.150      -58.3605       210.269      -1185.29      -105.285      -105.285    
417  6.160      -66.7777       209.644      -1187.38      -107.385      -107.385    
418  6.170      -74.9467       208.936      -1189.48      -109.477      -109.477    
419  6.180      -82.8358       208.147      -1191.56      -111.563      -111.563    
420  6.190      -90.3784       207.282      -1193.64      -113.640      -113.640    
421  6.200      -97.5338       206.343      -1195.71      -115.708      -115.708    
422  6.210      -104.235       205.336      -1197.77      -117.766      -117.766    
423  6.220      -110.448       204.263      -1199.81      -119.814      -119.814    
424  6.230      -116.089       203.132      -1201.85      -121.851      -121.851    
425  6.240      -121.124       201.947      -1203.88      -123.876      -123.876    
426  6.250      -125.492       200.716      -1205.89      -125.889      -125.889    
427  6.260      -129.136       199.444      -1207.89      -127.890      -127.890    
428  6.270      -131.988       198.141      -1209.88      -129.878      -129.878    
429  6.280      -134.034       196.812      -1211.85      -131.853      -131.853    
430  6.290      -135.175       195.468      -1213.81      -133.814      -133.814    
431  6.300      -135.426       194.118      -1215.76      -135.762      -135.762    
432  6.310      -134.734       192.769      -1217.70      -137.696      -137.696    
433  6.320      -133.043       191.433      -1219.62      -139.617      -139.617    
434  6.330      -130.403       190.118      -1221.53      -141.525      -141.525    
435  6.340      -126.741       188.835      -1223.42      -143.420      -143.420    
436  6.350      -122.134       187.593      -1225.30      -145.302      -145.302    
437  6.360      -116.533       186.402      -1227.17      -147.173      -147.173    
438  6.370      -110.029       185.271      -1229.03      -149.031      -149.031    
439  6.380      -102.645       184.210      -1230.88      -150.879      -150.879    
440  6.390      -94.4214       183.227      -1232.72      -152.716      -152.716    
441  6.400      -85.4741       182.329      -1234.54      -154.544      -154.544    
442  6.410      -75.8468       181.524      -1236.36      -156.363      -156.363    
443  6.420      -65.6529       180.818      -1238.18      -158.175      -158.175    
444  6.430      -55.0122       180.216      -1239.98      -159.981      -159.981    
445  6.440      -44.0170       179.722      -1241.78      -161.781      -161.781    
446  6.450      -32.8169       179.339      -1243.58      -163.577      -163.577    
447  6.460      -21.5281       179.067      -1245.37      -165.369      -165.369    
448  6.470      -10.2925       178.908      -1247.16      -167.159      -167.159    
449  6.480      0.756380       178.860      -1248.95      -168.948      -168.948    
450  6.490       11.4988       178.921      -1250.74      -170.737      -170.737    
451  6.500       21.7845       179.086      -1252.53      -172.528      -172.528    
452  6.510       31.5291       179.352      -1254.32      -174.320      -174.320    
453  6.520       40.6073       179.711      -1256.12      -176.116      -176.116    
454  6.530       48.9277       180.157      -1257.92      -177.915      -177.915    
455  6.540       56.4444       180.682      -1259.72      -179.720      -179.720    
456  6.550       63.0614       181.277      -1261.53       178.471       178.471    
457  6.560       68.7932       181.934      -1263.35       176.654       176.654    
458  6.570       73.5775       182.644      -1265.17       174.831       174.831    
459  6.580       77.4887       183.397      -1267.00       173.001       173.001    
460  6.590       80.4674       184.184      -1268.84       171.163       171.163    
461  6.600       82.6544       184.998      -1270.68       169.317       169.317    
462  6.610       84.0490       185.830      -1272.54       167.462       167.462    
463  6.620       84.7785       186.672      -1274.40       165.600       165.600    
464  6.630       84.9033       187.519      -1276.27       163.729       163.729    
465  6.640       84.5638       188.365      -1278.15       161.849       161.849    
466  6.650       83.8194       189.206      -1280.04       159.962       159.962    
467  6.660       82.8273       190.038      -1281.93       158.066       158.066    
468  6.670       81.6693       190.860      -1283.84       156.161       156.161    
469  6.680       80.4484       191.670      -1285.75       154.248       154.248    
470  6.690       79.2473       192.469      -1287.67       152.328       152.328    
471  6.700       78.1458       193.256      -1289.60       150.399       150.399    
472  6.710       77.2046       194.033      -1291.54       148.463       148.463    
473  6.720       76.4725       194.802      -1293.48       146.519       146.519    
474  6.730       75.9691       195.565      -1295.43       144.567       144.567    
475  6.740       75.7002       196.324      -1297.39       142.607       142.607    
476  6.750       75.6718       197.081      -1299.36       140.640       140.640    
477  6.760       75.8429       197.839      -1301.33       138.666       138.666    
478  6.770       76.2017       198.600      -1303.32       136.683       136.683    
479  6.780       76.6688       199.365      -1305.31       134.693       134.693    
480  6.790       77.2060       200.134      -1307.30       132.696       132.696    
481  6.800       77.7381       200.909      -1309.31       130.691       130.691    
482  6.810       78.1783       201.689      -1311.32       128.678       128.678    
483  6.820       78.4646       202.472      -1313.34       126.657       126.657    
484  6.830       78.5114       203.256      -1315.37       124.628       124.628    
485  6.840       78.2436       204.039      -1317.41       122.592       122.592    
486  6.850       77.5798       204.817      -1319.45       120.547       120.547    
487  6.860       76.4653       205.586      -1321.50       118.495       118.495    
488  6.870       74.8238       206.342      -1323.56       116.436       116.436    
489  6.880       72.6453       207.078      -1325.63       114.368       114.368    
490  6.890       69.8311       207.789      -1327.71       112.294       112.294    
491  6.900       66.4175       208.468      -1329.79       110.213       110.213    
492  6.910       62.3567       209.111      -1331.88       108.125       108.125    
493  6.920       57.6490       209.709      -1333.97       106.031       106.031    
494  6.930       52.3510       210.258      -1336.07       103.931       103.931    
495  6.940       46.4311       210.750      -1338.17       101.826       101.826    
496  6.950       39.9758       211.181      -1340.28       99.7165       99.7165    
497  6.960       32.9875       211.544      -1342.40       97.6028       97.6028    
498  6.970       25.5733       211.836      -1344.51       95.4861       95.4861    
499  6.980       17.7361       212.051      -1346.63       93.3668       93.3668    
500  6.990       9.59950       212.187      -1348.75       91.2456       91.2456    
501  7.000       1.16458       212.240      -1350.88       89.1237       89.1237    
502  7.010      -7.45551       212.208      -1353.00       87.0017       87.0017    
503  7.020      -16.2136       212.089      -1355.12       84.8803       84.8803    
504  7.030      -25.0547       211.883      -1357.24       82.7607       82.7607    
505  7.040      -33.9029       211.588      -1359.36       80.6434       80.6434    
506  7.050      -42.7100       211.205      -1361.47       78.5296       78.5296    
507  7.060      -51.4419       210.734      -1363.58       76.4201       76.4201    
508  7.070      -60.0033       210.177      -1365.68       74.3156       74.3156    
509  7.080      -68.3801       209.536      -1367.78       72.2171       72.2171    
510  7.090      -76.5067       208.812      -1369.87       70.1256       70.1256    
511  7.100      -84.3304       208.008      -1371.96       68.0416       68.0416    
512  7.110      -91.8006       207.128      -1374.03       65.9660       65.9660    
513  7.120      -98.8800       206.176      -1376.10       63.8997       63.8997    
514  7.130      -105.498       205.155      -1378.16       61.8431       61.8431    
515  7.140      -111.596       204.071      -1380.20       59.7971       59.7971    
516  7.150      -117.136       202.928      -1382.24       57.7623       57.7623    
517  7.160      -122.052       201.734      -1384.26       55.7390       55.7390    
518  7.170      -126.287       200.494      -1386.27       53.7279       53.7279    
519  7.180      -129.784       199.215      -1388.27       51.7293       51.7293    
520  7.190      -132.489       197.906      -1390.26       49.7436       49.7436    
521  7.200      -134.375       196.573      -1392.23       47.7712       47.7712    
522  7.210      -135.343       195.227      -1394.19       45.8122       45.8122    
523  7.220      -135.422       193.875      -1396.13       43.8666       43.8666    
524  7.230      -134.536       192.528      -1398.07       41.9345       41.9345    
525  7.240      -132.661       191.194      -1399.98       40.0158       40.0158    
526  7.250      -129.828       189.884      -1401.89       38.1103       38.1103    
527  7.260      -125.988       188.608      -1403.78       36.2178       36.2178    
528  7.270      -121.172       187.374      -1405.66       34.3378       34.3378    
529  7.280      -115.405       186.194      -1407.53       32.4697       32.4697    
530  7.290      -108.719       185.075      -1409.39       30.6132       30.6132    
531  7.300      -101.153       184.028      -1411.23       28.7676       28.7676    
532  7.310      -92.7975       183.061      -1413.07       26.9319       26.9319    
533  7.320      -83.6900       182.180      -1414.89       25.1054       25.1054    
534  7.330      -73.9462       181.394      -1416.71       23.2873       23.2873    
535  7.340      -63.6512       180.707      -1418.52       21.4765       21.4765    
536  7.350      -52.9197       180.125      -1420.33       19.6720       19.6720    
537  7.360      -41.8758       179.652      -1422.13       17.8728       17.8728    
538  7.370      -30.6328       179.290      -1423.92       16.0778       16.0778    
539  7.380      -19.3443       179.041      -1425.71       14.2859       14.2859    
540  7.390      -8.12705       178.903      -1427.50       12.4958       12.4958    
541  7.400       2.88020       178.877      -1429.29       10.7066       10.7066    
542  7.410       13.5467       178.958      -1431.08       8.91713       8.91713    
543  7.420       23.7446       179.144      -1432.87       7.12642       7.12642    
544  7.430       33.3701       179.428      -1434.67       5.33319       5.33319    
545  7.440       42.3050       179.805      -1436.46       3.53669       3.53669    
546  7.450       50.4924       180.267      -1438.26       1.73614       1.73614    
547  7.460       57.8162       180.807      -1440.07     -0.695441E-01 -0.695441E-01
548  7.470       64.2890       181.415      -1441.88      -1.88080      -1.88080    
549  7.480       69.8237       182.083      -1443.70      -3.69840      -3.69840    
550  7.490       74.4361       182.802      -1445.52      -5.52299      -5.52299    
551  7.500       78.1569       183.563      -1447.35      -7.35490      -7.35490    
552  7.510       80.9832       184.357      -1449.19      -9.19457      -9.19457    
553  7.520       83.0116       185.174      -1451.04      -11.0422      -11.0422    
554  7.530       84.2619       186.009      -1452.90      -12.8983      -12.8983    
555  7.540       84.8627       186.853      -1454.76      -14.7626      -14.7626    
556  7.550       84.8929       187.700      -1456.64      -16.6355      -16.6355    
557  7.560       84.4616       188.546      -1458.52      -18.5168      -18.5168    
558  7.570       83.6671       189.385      -1460.41      -20.4066      -20.4066    
559  7.580       82.6389       190.216      -1462.30      -22.3047      -22.3047    
560  7.590       81.4485       191.036      -1464.21      -24.2110      -24.2110    
561  7.600       80.2364       191.844      -1466.13      -26.1255      -26.1255    
562  7.610       79.0433       192.641      -1468.05      -28.0477      -28.0477    
563  7.620       77.9819       193.426      -1469.98      -29.9780      -29.9780    
564  7.630       77.0793       194.202      -1471.92      -31.9161      -31.9161    
565  7.640       76.3924       194.969      -1473.86      -33.8620      -33.8620    
566  7.650       75.9356       195.732      -1475.82      -35.8157      -35.8157    
567  7.660       75.7219       196.491      -1477.78      -37.7768      -37.7768    
568  7.670       75.7367       197.248      -1479.75      -39.7454      -39.7454    
569  7.680       75.9587       198.007      -1481.72      -41.7216      -41.7216    
570  7.690       76.3365       198.769      -1483.71      -43.7054      -43.7054    
571  7.700       76.8214       199.536      -1485.70      -45.6970      -45.6970    
572  7.710       77.3801       200.307      -1487.70      -47.6962      -47.6962    
573  7.720       77.8801       201.083      -1489.70      -49.7032      -49.7032    
574  7.730       78.3142       201.864      -1491.72      -51.7179      -51.7179    
575  7.740       78.5523       202.648      -1493.74      -53.7405      -53.7405    
576  7.750       78.5468       203.433      -1495.77      -55.7710      -55.7710    
577  7.760       78.1950       204.216      -1497.81      -57.8093      -57.8093    
578  7.770       77.4469       204.993      -1499.86      -59.8554      -59.8554    
579  7.780       76.2313       205.761      -1501.91      -61.9092      -61.9092    
580  7.790       74.4915       206.513      -1503.97      -63.9706      -63.9706    
581  7.800       72.1503       207.245      -1506.04      -66.0394      -66.0394    
582  7.810       69.2543       207.950      -1508.12      -68.1155      -68.1155    
583  7.820       65.6840       208.624      -1510.20      -70.1983      -70.1983    
584  7.830       61.4867       209.258      -1512.29      -72.2876      -72.2876    
585  7.840       56.6724       209.847      -1514.38      -74.3831      -74.3831    
586  7.850       51.2210       210.385      -1516.48      -76.4842      -76.4842    
587  7.860       45.1908       210.866      -1518.59      -78.5904      -78.5904    
588  7.870       38.6213       211.283      -1520.70      -80.7011      -80.7011    
589  7.880       31.5516       211.633      -1522.82      -82.8155      -82.8155    
590  7.890       24.0221       211.909      -1524.93      -84.9332      -84.9332    
591  7.900       16.1332       212.109      -1527.05      -87.0530      -87.0530    
592  7.910       7.91289       212.229      -1529.17      -89.1747      -89.1747    
593  7.920     -0.554146       212.265      -1531.30      -91.2971      -91.2971    
594  7.930      -9.21132       212.215      -1533.42      -93.4193      -93.4193    
595  7.940      -17.9963       212.079      -1535.54      -95.5406      -95.5406    
596  7.950      -26.8494       211.854      -1537.66      -97.6602      -97.6602    
597  7.960      -35.6908       211.542      -1539.78      -99.7770      -99.7770    
598  7.970      -44.4900       211.141      -1541.89      -101.890      -101.890    
599  7.980      -53.1976       210.653      -1544.00      -103.999      -103.999    
600  7.990      -61.7226       210.078      -1546.10      -106.102      -106.102    
601  8.000      -70.0601       209.420      -1548.20      -108.200      -108.200    
602  8.010      -78.1153       208.680      -1550.29      -110.290      -110.290    
603  8.020      -85.9068       207.860      -1552.37      -112.372      -112.372    
604  8.030      -93.2846       206.965      -1554.45      -114.446      -114.446    
605  8.040      -100.288       205.998      -1556.51      -116.511      -116.511    
606  8.050      -106.796       204.964      -1558.57      -118.566      -118.566    
607  8.060      -112.809       203.867      -1560.61      -120.610      -120.610    
608  8.070      -118.216       202.713      -1562.64      -122.643      -122.643    
609  8.080      -123.020       201.508      -1564.66      -124.664      -124.664    
610  8.090      -127.101       200.259      -1566.67      -126.672      -126.672    
611  8.100      -130.452       198.973      -1568.67      -128.669      -128.669    
612  8.110      -133.013       197.658      -1570.65      -130.652      -130.652    
613  8.120      -134.702       196.321      -1572.62      -132.622      -132.622    
614  8.130      -135.512       194.972      -1574.58      -134.578      -134.578    
615  8.140      -135.396       193.620      -1576.52      -136.521      -136.521    
616  8.150      -134.311       192.274      -1578.45      -138.451      -138.451    
617  8.160      -132.254       190.944      -1580.37      -140.367      -140.367    
618  8.170      -129.205       189.639      -1582.27      -142.270      -142.270    
619  8.180      -125.171       188.369      -1584.16      -144.160      -144.160    
620  8.190      -120.165       187.145      -1586.04      -146.038      -146.038    
621  8.200      -114.193       185.976      -1587.90      -147.903      -147.903    
622  8.210      -107.322       184.870      -1589.76      -149.758      -149.758    
623  8.220      -99.5869       183.838      -1591.60      -151.601      -151.601    
624  8.230      -91.0746       182.887      -1593.44      -153.435      -153.435    
625  8.240      -81.8092       182.024      -1595.26      -155.260      -155.260    
626  8.250      -71.9408       181.257      -1597.08      -157.077      -157.077    
627  8.260      -61.5446       180.591      -1598.89      -158.886      -158.886    
628  8.270      -50.7233       180.031      -1600.69      -160.690      -160.690    
629  8.280      -39.6266       179.580      -1602.49      -162.488      -162.488    
630  8.290      -28.3434       179.241      -1604.28      -164.283      -164.283    
631  8.300      -17.0607       179.014      -1606.07      -166.074      -166.074    
632  8.310      -5.85652       178.899      -1607.86      -167.864      -167.864    
633  8.320       5.09709       178.895      -1609.65      -169.654      -169.654    
634  8.330       15.6833       178.998      -1611.44      -171.444      -171.444    
635  8.340       25.7851       179.204      -1613.24      -173.235      -173.235    
636  8.350       35.2747       179.508      -1615.03      -175.029      -175.029    
637  8.360       44.0824       179.904      -1616.83      -176.826      -176.826    
638  8.370       52.0850       180.382      -1618.63      -178.628      -178.628    
639  8.380       59.2598       180.937      -1620.44       179.565       179.565    
640  8.390       65.5217       181.559      -1622.25       177.752       177.752    
641  8.400       70.8924       182.239      -1624.07       175.933       175.933    
642  8.410       75.3110       182.968      -1625.89       174.107       174.107    
643  8.420       78.8495       183.736      -1627.73       172.273       172.273    
644  8.430       81.5010       184.536      -1629.57       170.432       170.432    
645  8.440       83.3582       185.358      -1631.42       168.582       168.582    
646  8.450       84.4803       186.195      -1633.28       166.724       166.724    
647  8.460       84.9457       187.041      -1635.14       164.858       164.858    
648  8.470       84.8756       187.888      -1637.02       162.983       162.983    
649  8.480       84.3460       188.733      -1638.90       161.100       161.100    
650  8.490       83.5126       189.572      -1640.79       159.209       159.209    
651  8.500       82.4235       190.401      -1642.69       157.309       157.309    
652  8.510       81.2348       191.218      -1644.60       155.401       155.401    
653  8.520       80.0180       192.025      -1646.52       153.485       153.485    
654  8.530       78.8405       192.819      -1648.44       151.561       151.561    
655  8.540       77.8133       193.602      -1650.37       149.628       149.628    
656  8.550       76.9610       194.377      -1652.31       147.688       147.688    
657  8.560       76.3102       195.143      -1654.26       145.741       145.741    
658  8.570       75.9213       195.905      -1656.21       143.786       143.786    
659  8.580       75.7472       196.664      -1658.18       141.823       141.823    
660  8.590       75.8068       197.422      -1660.15       139.852       139.852    
661  8.600       76.0841       198.182      -1662.13       137.874       137.874    
662  8.610       76.4746       198.946      -1664.11       135.888       135.888    
663  8.620       76.9954       199.713      -1666.10       133.895       133.895    
664  8.630       77.5382       200.486      -1668.11       131.894       131.894    
665  8.640       78.0395       201.264      -1670.11       129.885       129.885    
666  8.650       78.4350       202.046      -1672.13       127.869       127.869    
667  8.660       78.6259       202.831      -1674.16       125.844       125.844    
668  8.670       78.5576       203.617      -1676.19       123.812       123.812    
669  8.680       78.1353       204.399      -1678.23       121.772       121.772    
670  8.690       77.2804       205.175      -1680.28       119.724       119.724    
671  8.700       75.9715       205.941      -1682.33       117.668       117.668    
672  8.710       74.0882       206.690      -1684.39       115.605       115.605    
673  8.720       71.6421       207.417      -1686.47       113.535       113.535    
674  8.730       68.5948       208.117      -1688.54       111.457       111.457    
675  8.740       64.8891       208.782      -1690.63       109.373       109.373    
676  8.750       60.5599       209.408      -1692.72       107.282       107.282    
677  8.760       55.5936       209.987      -1694.82       105.185       105.185    
678  8.770       50.0362       210.514      -1696.92       103.082       103.082    
679  8.780       43.8552       210.982      -1699.03       100.975       100.975    
680  8.790       37.2003       211.386      -1701.14       98.8634       98.8634    
681  8.800       29.9971       211.721      -1703.25       96.7480       96.7480    
682  8.810       22.3995       211.981      -1705.37       94.6296       94.6296    
683  8.820       14.4300       212.165      -1707.49       92.5090       92.5090    
684  8.830       6.15070       212.267      -1709.61       90.3868       90.3868    
685  8.840      -2.36968       212.285      -1711.74       88.2643       88.2643    
686  8.850      -11.0599       212.217      -1713.86       86.1422       86.1422    
687  8.860      -19.8656       212.062      -1715.98       84.0210       84.0210    
688  8.870      -28.7164       211.819      -1718.10       81.9018       81.9018    
689  8.880      -37.5552       211.488      -1720.21       79.7855       79.7855    
690  8.890      -46.3565       211.068      -1722.33       77.6729       77.6729    
691  8.900      -55.0053       210.562      -1724.44       75.5649       75.5649    
692  8.910      -63.5198       209.969      -1726.54       73.4624       73.4624    
693  8.920      -71.7858       209.293      -1728.63       71.3662       71.3662    
694  8.930      -79.8079       208.536      -1730.72       69.2773       69.2773    
695  8.940      -87.4945       207.700      -1732.80       67.1963       67.1963    
696  8.950      -94.8180       206.789      -1734.88       65.1242       65.1242    
697  8.960      -101.722       205.808      -1736.94       63.0615       63.0615    
698  8.970      -108.129       204.759      -1738.99       61.0089       61.0089    
699  8.980      -114.020       203.650      -1741.03       58.9670       58.9670    
700  8.990      -119.316       202.485      -1743.06       56.9363       56.9363    
701  9.000      -123.973       201.270      -1745.08       54.9176       54.9176    
702  9.010      -127.904       200.012      -1747.09       52.9112       52.9112    
703  9.020      -131.104       198.719      -1749.08       50.9174       50.9174    
704  9.030      -133.479       197.398      -1751.06       48.9369       48.9369    
705  9.040      -134.996       196.057      -1753.03       46.9697       46.9697    
706  9.050      -135.620       194.707      -1754.98       45.0159       45.0159    
707  9.060      -135.293       193.354      -1756.92       43.0755       43.0755    
708  9.070      -134.020       192.010      -1758.85       41.1486       41.1486    
709  9.080      -131.747       190.684      -1760.77       39.2350       39.2350    
710  9.090      -128.493       189.385      -1762.67       37.3347       37.3347    
711  9.100      -124.252       188.124      -1764.55       35.4472       35.4472    
712  9.110      -119.029       186.910      -1766.43       33.5718       33.5718    
713  9.120      -112.880       185.752      -1768.29       31.7083       31.7083    
714  9.130      -105.801       184.661      -1770.14       29.8559       29.8559    
715  9.140      -97.9058       183.645      -1771.99       28.0141       28.0141    
716  9.150      -89.2040       182.711      -1773.82       26.1818       26.1818    
717  9.160      -79.8173       181.868      -1775.64       24.3587       24.3587    
718  9.170      -69.8078       181.122      -1777.46       22.5435       22.5435    
719  9.180      -59.3089       180.477      -1779.26       20.7353       20.7353    
720  9.190      -48.4200       179.940      -1781.07       18.9328       18.9328    
721  9.200      -37.2556       179.512      -1782.86       17.1352       17.1352    
722  9.210      -25.9635       179.197      -1784.66       15.3413       15.3413    
723  9.220      -14.6678       178.994      -1786.45       13.5499       13.5499    
724  9.230      -3.50976       178.903      -1788.24       11.7600       11.7600    
725  9.240       7.37867       178.921      -1790.03       9.97058       9.97058    
726  9.250       17.8873       179.047      -1791.82       8.18052       8.18052    
727  9.260       27.8610       179.274      -1793.61       6.38872       6.38872    
728  9.270       37.2324       179.599      -1795.41       4.59407       4.59407    
729  9.280       45.8614       180.012      -1797.20       2.79571       2.79571    
730  9.290       53.7069       180.508      -1799.01      0.992868      0.992868    
731  9.300       60.6844       181.078      -1800.82     -0.815329     -0.815329    
732  9.310       66.7740       181.713      -1802.63      -2.62965      -2.62965    
733  9.320       71.9253       182.405      -1804.45      -4.45052      -4.45052    
734  9.330       76.1578       183.143      -1806.28      -6.27850      -6.27850    
735  9.340       79.5092       183.919      -1808.11      -8.11390      -8.11390    
736  9.350       81.9823       184.724      -1809.96      -9.95729      -9.95729    
737  9.360       83.6775       185.550      -1811.81      -11.8088      -11.8088    
738  9.370       84.6467       186.390      -1813.67      -13.6684      -13.6684    
739  9.380       84.9913       187.237      -1815.54      -15.5366      -15.5366    
740  9.390       84.8059       188.084      -1817.41      -17.4132      -17.4132    
741  9.400       84.2249       188.928      -1819.30      -19.2984      -19.2984    
742  9.410       83.2949       189.765      -1821.19      -21.1918      -21.1918    
743  9.420       82.2050       190.592      -1823.09      -23.0937      -23.0937    
744  9.430       80.9915       191.407      -1825.00      -25.0038      -25.0038    
745  9.440       79.7790       192.211      -1826.92      -26.9220      -26.9220    
746  9.450       78.6398       193.003      -1828.85      -28.8481      -28.8481    
747  9.460       77.6386       193.785      -1830.78      -30.7819      -30.7819    
748  9.470       76.8309       194.558      -1832.72      -32.7237      -32.7237    
749  9.480       76.2445       195.324      -1834.67      -34.6732      -34.6732    
750  9.490       75.8928       196.085      -1836.63      -36.6302      -36.6302    
751  9.500       75.7846       196.844      -1838.60      -38.5951      -38.5951    
752  9.510       75.8997       197.603      -1840.57      -40.5675      -40.5675    
753  9.520       76.1909       198.364      -1842.55      -42.5475      -42.5475    
754  9.530       76.6433       199.129      -1844.53      -44.5349      -44.5349    
755  9.540       77.1559       199.898      -1846.53      -46.5299      -46.5299    
756  9.550       77.7000       200.672      -1848.53      -48.5329      -48.5329    
757  9.560       78.1951       201.452      -1850.54      -50.5435      -50.5435    
758  9.570       78.5428       202.235      -1852.56      -52.5619      -52.5619    
759  9.580       78.6936       203.021      -1854.59      -54.5885      -54.5885    
760  9.590       78.5466       203.807      -1856.62      -56.6227      -56.6227    
761  9.600       78.0325       204.589      -1858.66      -58.6647      -58.6647    
762  9.610       77.0848       205.363      -1860.71      -60.7144      -60.7144    
763  9.620       75.6452       206.126      -1862.77      -62.7718      -62.7718    
764  9.630       73.6545       206.871      -1864.84      -64.8368      -64.8368    
765  9.640       71.0618       207.593      -1866.91      -66.9090      -66.9090    
766  9.650       67.8753       208.286      -1868.99      -68.9885      -68.9885    
767  9.660       64.0200       208.944      -1871.07      -71.0745      -71.0745    
768  9.670       59.5634       209.561      -1873.17      -73.1668      -73.1668    
769  9.680       54.4476       210.129      -1875.27      -75.2650      -75.2650    
770  9.690       48.7470       210.644      -1877.37      -77.3687      -77.3687    
771  9.700       42.4671       211.098      -1879.48      -79.4772      -79.4772    
772  9.710       35.6657       211.487      -1881.59      -81.5901      -81.5901    
773  9.720       28.3825       211.806      -1883.71      -83.7065      -83.7065    
774  9.730       20.6923       212.051      -1885.83      -85.8255      -85.8255    
775  9.740       12.6426       212.216      -1887.95      -87.9467      -87.9467    
776  9.750       4.30821       212.300      -1890.07      -90.0692      -90.0692    
777  9.760      -4.26242       212.300      -1892.19      -92.1921      -92.1921    
778  9.770      -12.9778       212.213      -1894.31      -94.3146      -94.3146    
779  9.780      -21.7948       212.039      -1896.44      -96.4356      -96.4356    
780  9.790      -30.6696       211.777      -1898.55      -98.5544      -98.5544    
781  9.800      -39.4823       211.426      -1900.67      -100.670      -100.670    
782  9.810      -48.2701       210.987      -1902.78      -102.782      -102.782    
783  9.820      -56.8830       210.462      -1904.89      -104.889      -104.889    
784  9.830      -65.3592       209.851      -1906.99      -106.991      -106.991    
785  9.840      -73.5713       209.157      -1909.09      -109.085      -109.085    
786  9.850      -81.5254       208.382      -1911.17      -111.173      -111.173    
787  9.860      -89.1441       207.529      -1913.25      -113.252      -113.252    
788  9.870      -96.3800       206.602      -1915.32      -115.323      -115.323    
789  9.880      -103.177       205.606      -1917.38      -117.384      -117.384    
790  9.890      -109.493       204.543      -1919.43      -119.434      -119.434    
791  9.900      -115.255       203.421      -1921.47      -121.474      -121.474    
792  9.910      -120.415       202.244      -1923.50      -123.502      -123.502    
793  9.920      -124.927       201.019      -1925.52      -125.519      -125.519    
794  9.930      -128.714       199.752      -1927.52      -127.522      -127.522    
795  9.940      -131.727       198.452      -1929.51      -129.513      -129.513    
796  9.950      -133.933       197.125      -1931.49      -131.491      -131.491    
797  9.960      -135.258       195.782      -1933.46      -133.456      -133.456    
798  9.970      -135.677       194.429      -1935.41      -135.407      -135.407    
799  9.980      -135.158       193.077      -1937.34      -137.345      -137.345    
800  9.990      -133.661       191.735      -1939.27      -139.269      -139.269    
801  10.00      -131.173       190.414      -1941.18      -141.180      -141.180    
