# Joined wing-2                                                                   
# Operating point sequence...
# i     t     alpha_ref     CD            CY            CL            Cl            Cm            Cn            span eff.    
  1  1.000      -7.66972      0.303074E-01  0.989714E-01 -0.530700E-02 -0.223177      0.605376     -0.101597      0.179654E-01
  2  2.000      -7.05551      0.287959E-01  0.100259      0.429546E-01 -0.221400      0.593449     -0.990558E-01  0.252875E-01
  3  3.000      -5.04772      0.271301E-01  0.101030      0.199094     -0.215168      0.565135     -0.898803E-01  0.127991    
  4  4.000      -2.42572      0.310973E-01  0.949411E-01  0.400453     -0.210041      0.541071     -0.761958E-01  0.319562    
  5  5.000      0.146257      0.393672E-01  0.815554E-01  0.592036     -0.215402      0.511661     -0.618442E-01  0.521942    
  6  6.000       2.30541      0.508933E-01  0.694625E-01  0.756525     -0.224028      0.467399     -0.504386E-01  0.678635    
  7  7.000       4.14884      0.645946E-01  0.598595E-01  0.894250     -0.231158      0.413747     -0.412386E-01  0.776885    
  8  8.000       5.19865      0.734106E-01  0.550440E-01  0.967031     -0.235299      0.373604     -0.362884E-01  0.818875    
  9  9.000       6.21801      0.822551E-01  0.512559E-01   1.03003     -0.239140      0.325335     -0.316637E-01  0.852547    
 10  10.00       7.24953      0.914247E-01  0.484980E-01   1.08458     -0.242310      0.274554     -0.271046E-01  0.881708    
 11  11.00       8.26757      0.101001      0.466297E-01   1.13031     -0.244798      0.228162     -0.227127E-01  0.906444    
 12  12.00       9.18292      0.110287      0.455720E-01   1.16559     -0.246601      0.192619     -0.188774E-01  0.925542    
 13  13.00       10.1766      0.121316      0.451323E-01   1.19893     -0.248237      0.160567     -0.148751E-01  0.943323    
 14  14.00       12.1288      0.146609      0.462578E-01   1.25428     -0.250916      0.111483     -0.748043E-02  0.970614    
