# [0_3/90]_s                                                                      
# 
#   Op.Point     Eigenvalue
       1    -1.8772805         21.146874    
       1    -5.5807308         113.17958    
       1    -1.1815228         148.47762    
       1    -160.90198         0.0000000    
       1    -262.76419         0.0000000    
       1    -10.804769         274.17452    
       1    -3.6775119         405.58293    
       2    -1.8611661         21.211483    
       2    -5.2220444         110.43958    
       2    -1.1528076         148.05668    
       2    -167.07608         0.0000000    
       2    -11.248429         270.81800    
       2    -277.02759         0.0000000    
       2    -334.69028         0.0000000    
       2    -3.7007953         404.45173    
       3    -1.8584276         21.263433    
       3    -4.8592569         107.65267    
       3    -1.1337739         147.64810    
       3    -173.34773         0.0000000    
       3    -11.701688         267.73946    
       3    -291.64328         0.0000000    
       3    -349.04160         0.0000000    
       3    -3.7189952         403.29761    
       4    -1.8692201         21.302437    
       4    -4.4955720         104.83015    
       4    -1.1236097         147.24741    
       4    -179.72783         0.0000000    
       4    -12.159026         264.90851    
       4    -306.62448         0.0000000    
       4    -363.63602         0.0000000    
       4    -3.7329980         402.11566    
       5    -1.8939770         21.327908    
       5    -4.1335829         101.98140    
       5    -1.1217743         146.85037    
       5    -186.22807         0.0000000    
       5    -12.615426         262.29642    
       5    -321.98538         0.0000000    
       5    -378.50128         0.0000000    
       5    -3.7436647         400.90150    
       6    -1.9334147         21.338942    
       6    -3.7752605         99.113667    
       6    -1.1279607         146.45300    
       6    -192.86195         0.0000000    
       6    -13.066388         259.87597    
       6    -337.74686         0.0000000    
       6    -393.66934         0.0000000    
       6    -3.7518650         399.65102    
       7    -1.9885873         21.334235    
       7    -3.4219809         96.232146    
       7    -1.1420971         146.05149    
       7    -199.64502         0.0000000    
       7    -13.507872         257.62152    
       7    -353.93369         0.0000000    
       7    -3.7585286         398.36016    
       8    -2.0609706         21.311953    
       8    -3.0745350         93.339768    
       8    -1.1643461         145.64216    
       8    -206.59566         0.0000000    
       8    -13.936234         255.50875    
       8    -370.56781         0.0000000    
       8    -3.7646945         397.02481    
       9    -2.1525870         21.269536    
       9    -2.7331537         90.437179    
       9    -1.1951270         145.22141    
       9    -213.73601         0.0000000    
       9    -14.348087         253.51438    
       9    -387.66257         0.0000000    
       9    -3.7715731         395.64072    
       9    -16.033951         653.43520    
      10    -2.2661576         21.203444    
      10    -2.3974958         87.522560    
      10    -1.2351308         144.78557    
      10    -221.09367         0.0000000    
      10    -14.740165         251.61567    
      10    -3.7806053         394.20308    
      10    -16.205434         650.68678    
      11    -2.4052886         21.108838    
      11    -2.0666368         84.591429    
      11    -1.2853487         144.33079    
      11    -228.70294         0.0000000    
      11    -15.109177         249.79002    
      11    -3.7935566         392.70640    
      11    -16.366545         647.76901    
      12    -2.5747711         20.979064    
      12    -1.7390249         81.636351    
      12    -1.3471341         143.85288    
      12    -236.60718         0.0000000    
      12    -15.451619         248.01415    
      12    -3.8126243         391.14401    
      12    -16.515710         644.65576    
      13   -0.43832657         0.0000000    
      13    -11.068801         0.0000000    
      13    -5.9579302         109.34124    
      13    -116.20731         0.0000000    
      13    -3.3897897         142.95405    
      13    -186.05295         0.0000000    
      13    -214.81606         0.0000000    
      13    -14.485009         258.23833    
      13    -4.0866612         393.50916    
      14   -0.29124609         0.0000000    
      14    -10.959153         0.0000000    
      14    -5.3700587         106.78013    
      14    -117.15471         0.0000000    
      14    -3.5955642         142.46884    
      14    -188.33217         0.0000000    
      14    -216.30161         0.0000000    
      14    -14.883053         255.68828    
      14    -4.0580413         392.73097    
      15     3.4416473         0.0000000    
      15    -14.252397         0.0000000    
      15    -5.8558262         102.98484    
      15    -116.82991         0.0000000    
      15    -3.9780069         144.33347    
      15    -194.62610         0.0000000    
      15    -220.98164         0.0000000    
      15    -14.532943         259.06424    
      15    -4.2487607         399.22354    
      16    -1.9375587         15.544790    
      16    -3.2303677         85.773584    
      16    -131.71597         0.0000000    
      16    -3.2531634         140.82997    
      16    -244.62305         0.0000000    
      16    -16.817787         245.80223    
      16    -272.21088         0.0000000    
      16    -3.4228798         390.24059    
      17    -2.4984565         13.109211    
      17    -3.0477885         85.230107    
      17    -129.54939         0.0000000    
      17    -3.7454137         140.59495    
      17    -238.89928         0.0000000    
      17    -16.819669         245.33342    
      17    -258.45245         0.0000000    
      17    -350.58792         0.0000000    
      17    -3.5221371         389.82533    
      18     16.463488         0.0000000    
      18    -39.834015         0.0000000    
      18    -2.4667423         83.493986    
      18    -99.318214         0.0000000    
      18    -5.4022040         141.55338    
      18    -166.26244         0.0000000    
      18    -222.37401         0.0000000    
      18    -17.755367         244.22430    
      18    -5.2442728         392.49465    
      19     17.712952         0.0000000    
      19    -46.262966         0.0000000    
      19    -2.7107805         84.517751    
      19    -91.019020         0.0000000    
      19    -5.4526784         141.78706    
      19    -163.23306         0.0000000    
      19    -224.26512         0.0000000    
      19    -17.934006         245.07307    
      19    -5.3614737         393.41563    
      20     18.351194         0.0000000    
      20    -50.077019         0.0000000    
      20    -2.9553634         85.521296    
      20    -87.452568         0.0000000    
      20    -5.4798307         141.92396    
      20    -164.08994         0.0000000    
      20    -227.66611         0.0000000    
      20    -18.045477         245.92863    
      20    -5.4346834         394.17538    
      21     18.742275         0.0000000    
      21    -52.063263         0.0000000    
      21    -3.1984338         86.510545    
      21    -86.860191         0.0000000    
      21    -5.4976685         142.01077    
      21    -166.30542         0.0000000    
      21    -231.65096         0.0000000    
      21    -18.125448         246.79094    
      21    -5.4894516         394.84804    
      22     19.035721         0.0000000    
      22    -53.030483         0.0000000    
      22    -3.4422404         87.476737    
      22    -87.835083         0.0000000    
      22    -5.5104314         142.06604    
      22    -169.04860         0.0000000    
      22    -235.85771         0.0000000    
      22    -18.190718         247.65974    
      22    -5.5356132         395.46241    
      23     19.294281         0.0000000    
      23    -53.539814         0.0000000    
      23    -3.6882473         88.413110    
      23    -89.526131         0.0000000    
      23    -5.5197410         142.09784    
      23    -172.00156         0.0000000    
      23    -240.13481         0.0000000    
      23    -18.248939         248.53399    
      23    -5.5772865         396.03111    
      24     19.544699         0.0000000    
      24    -53.886951         0.0000000    
      24    -3.9369678         89.315516    
      24    -91.502357         0.0000000    
      24    -5.5262976         142.11012    
      24    -175.03072         0.0000000    
      24    -244.41603         0.0000000    
      24    -18.303730         249.41197    
      24    -315.75085         0.0000000    
      24    -5.6162996         396.56047    
      25     19.798380         0.0000000    
      25    -54.206024         0.0000000    
      25    -4.1883553         90.181478    
      25    -93.566055         0.0000000    
      25    -5.5304086         142.10511    
      25    -178.07674         0.0000000    
      25    -248.67218         0.0000000    
      25    -18.356931         250.29190    
      25    -321.20685         0.0000000    
      25    -5.6534974         397.05421    
      26     20.059994         0.0000000    
      26    -54.553001         0.0000000    
      26    -4.4420699         91.009493    
      26    -95.630501         0.0000000    
      26    -5.5321968         142.08430    
      26    -181.11241         0.0000000    
      26    -18.409575         251.17192    
      26    -252.89047         0.0000000    
      26    -5.6892790         397.51498    
      27     20.331203         0.0000000    
      27    -54.948963         0.0000000    
      27    -4.6976527         91.798770    
      27    -97.659569         0.0000000    
      27    -5.5316954         142.04881    
      27    -184.12555         0.0000000    
      27    -18.462307         252.05022    
      27    -257.06604         0.0000000    
      27    -5.7238474         397.94491    
      28     20.612295         0.0000000    
      28    -55.400032         0.0000000    
      28    -4.9545803         92.548931    
      28    -99.639503         0.0000000    
      28    -5.5288979         141.99961    
      28    -187.11082         0.0000000    
      28    -18.515580         252.92507    
      28    -261.19769         0.0000000    
      28    -5.7573017         398.34587    
      29     20.902958         0.0000000    
      29    -55.906151         0.0000000    
      29    -5.2123378         93.259997    
      29    -101.56659         0.0000000    
      29    -5.5237799         141.93755    
      29    -190.06659         0.0000000    
      29    -18.569731         253.79494    
      29    -265.28619         0.0000000    
      29    -5.7897082         398.71958    
