# [0_3/90]_s                                                                      
# 
#   Op.Point     Eigenvalue
       1    -8.6025208         30.115660    
       1    -65.417625         0.0000000    
       1    -115.00843         0.0000000    
       1    -8.9128648         138.98907    
       1    -10.688467         164.55545    
       1    -167.62141         0.0000000    
       1    -222.08463         0.0000000    
       1    -7.5560979         401.08690    
       1    -12.980780         505.29677    
       2    -8.8033679         30.360045    
       2    -66.491531         0.0000000    
       2    -117.07713         0.0000000    
       2    -9.1237045         138.66489    
       2    -10.806439         164.48788    
       2    -170.64818         0.0000000    
       2    -226.07976         0.0000000    
       2    -7.6767118         401.01918    
       2    -13.207994         505.23079    
       3    -9.0073630         30.610197    
       3    -67.560478         0.0000000    
       3    -119.14632         0.0000000    
       3    -9.3362305         138.32925    
       3    -10.921753         164.42227    
       3    -173.67593         0.0000000    
       3    -230.07593         0.0000000    
       3    -7.7968648         400.95056    
       3    -13.435038         505.16382    
       4    -9.2146405         30.866242    
       4    -68.624367         0.0000000    
       4    -121.21599         0.0000000    
       4    -9.5502926         137.98183    
       4    -11.034490         164.35875    
       4    -176.70467         0.0000000    
       4    -234.07315         0.0000000    
       4    -7.9165591         400.88105    
       4    -13.661909         505.09586    
       5    -9.4253450         31.128318    
       5    -69.683060         0.0000000    
       5    -123.28613         0.0000000    
       5    -9.7657332         137.62227    
       5    -11.144742         164.29744    
       5    -179.73436         0.0000000    
       5    -238.07138         0.0000000    
       5    -8.0358017         400.81064    
       5    -13.888612         505.02692    
       6    -9.6396264         31.396569    
       6    -70.736465         0.0000000    
       6    -125.35676         0.0000000    
       6    -9.9823808         137.25022    
       6    -11.252603         164.23844    
       6    -182.76503         0.0000000    
       6    -242.07071         0.0000000    
       6    -8.1545959         400.73935    
       6    -14.115148         504.95700    
       7    -9.8576469         31.671150    
       7    -71.784409         0.0000000    
       7    -127.42783         0.0000000    
       7    -10.200043         136.86533    
       7    -11.358174         164.18185    
       7    -185.79662         0.0000000    
       7    -246.07101         0.0000000    
       7    -8.2729451         400.66717    
       7    -14.341513         504.88612    
       8    -10.079575         31.952224    
       8    -72.826797         0.0000000    
       8    -129.49937         0.0000000    
       8    -10.418522         136.46725    
       8    -11.461565         164.12777    
       8    -188.82913         0.0000000    
       8    -250.07234         0.0000000    
       8    -8.3908546         400.59410    
       8    -14.567712         504.81428    
       9    -10.305593         32.239963    
       9    -73.863495         0.0000000    
       9    -131.57140         0.0000000    
       9    -10.637607         136.05560    
       9    -11.562885         164.07629    
       9    -191.86261         0.0000000    
       9    -254.07475         0.0000000    
       9    -8.5083321         400.52015    
       9    -14.793747         504.74148    
      10    -10.535892         32.534554    
      10    -74.894356         0.0000000    
      10    -133.64386         0.0000000    
      10    -10.857071         135.63001    
      10    -11.662250         164.02748    
      10    -194.89699         0.0000000    
      10    -258.07816         0.0000000    
      10    -8.6253795         400.44531    
      10    -15.019618         504.66773    
      11    -10.770673         32.836192    
      11    -75.919228         0.0000000    
      11    -11.076670         135.19011    
      11    -135.71675         0.0000000    
      11    -11.759775         163.98142    
      11    -197.93225         0.0000000    
      11    -262.08255         0.0000000    
      11    -8.7420004         400.36959    
      11    -15.245324         504.59304    
      12    -11.010156         33.145086    
      12    -76.937996         0.0000000    
      12    -11.296160         134.73551    
      12    -137.79012         0.0000000    
      12    -11.855585         163.93816    
      12    -200.96844         0.0000000    
      12    -266.08801         0.0000000    
      12    -8.8582040         400.29299    
      12    -15.470872         504.51741    
      13    -11.254572         33.461457    
      13    -77.950478         0.0000000    
      13    -11.515267         134.26582    
      13    -139.86389         0.0000000    
      13    -11.949799         163.89776    
      13    -204.00549         0.0000000    
      13    -270.09448         0.0000000    
      13    -8.9739924         400.21549    
      13    -15.696259         504.44085    
      14    -11.504170         33.785543    
      14    -78.956528         0.0000000    
      14    -11.733712         133.78063    
      14    -141.93811         0.0000000    
      14    -12.042537         163.86027    
      14    -207.04343         0.0000000    
      14    -274.10193         0.0000000    
      14    -9.0893714         400.13712    
      14    -15.921487         504.36336    
      15    -11.759214         34.117597    
      15    -79.955986         0.0000000    
      15    -11.951199         133.27954    
      15    -144.01276         0.0000000    
      15    -12.133922         163.82572    
      15    -210.08223         0.0000000    
      15    -9.2043453         400.05785    
      15    -16.146557         504.28496    
      16    -12.019990         34.457890    
      16    -80.948685         0.0000000    
      16    -12.167417         132.76211    
      16    -146.08783         0.0000000    
      16    -12.224075         163.79413    
      16    -213.12190         0.0000000    
      16    -282.11987         0.0000000    
      16    -9.3189207         399.97770    
      16    -16.371472         504.20563    
      17    -12.286802         34.806708    
      17    -81.934441         0.0000000    
      17    -12.382038         132.22791    
      17    -148.16330         0.0000000    
      17    -12.313116         163.76553    
      17    -216.16238         0.0000000    
      17    -286.13034         0.0000000    
      17    -9.4331012         399.89666    
      17    -16.596233         504.12540    
      18    -13.723944         36.690255    
      18    -86.752556         0.0000000    
      18    -13.418272         129.28854    
      18    -158.54675         0.0000000    
      18    -12.745631         163.66756    
      18    -231.37738         0.0000000    
      18    -9.9982677         399.47799    
      18    -17.717763         503.71084    
      19    -14.034931         37.097516    
      19    -87.692596         0.0000000    
      19    -13.615235         128.64331    
      19    -160.62462         0.0000000    
      19    -12.830353         163.65693    
      19    -234.42282         0.0000000    
      19    -10.110190         399.39155    
      19    -17.941627         503.62528    
      20    -14.354928         37.515980    
      20    -88.624252         0.0000000    
      20    -13.807657         127.97762    
      20    -162.70284         0.0000000    
      20    -12.914714         163.64924    
      20    -237.46904         0.0000000    
      20    -10.221755         399.30420    
      20    -18.165348         503.53886    
      21    -14.684530         37.946152    
      21    -89.547279         0.0000000    
      21    -13.994986         127.29079    
      21    -12.998807         163.64447    
      21    -164.78145         0.0000000    
      21    -240.51605         0.0000000    
      21    -10.332965         399.21592    
      21    -18.388925         503.45158    
      22    -15.024384         38.388573    
      22    -90.461426         0.0000000    
      22    -14.176624         126.58214    
      22    -13.082718         163.64259    
      22    -166.86043         0.0000000    
      22    -243.56386         0.0000000    
      22    -10.443828         399.12673    
      22    -18.612362         503.36344    
      23    -15.375206         38.843829    
      23    -91.366409         0.0000000    
      23    -14.351919         125.85094    
      23    -13.166529         163.64356    
      23    -168.93976         0.0000000    
      23    -246.61243         0.0000000    
      23    -10.554347         399.03661    
      23    -18.835662         503.27445    
      24    -15.737792         39.312550    
      24    -92.261948         0.0000000    
      24    -14.520145         125.09638    
      24    -13.250317         163.64735    
      24    -171.01945         0.0000000    
      24    -249.66176         0.0000000    
      24    -10.664528         398.94556    
      24    -19.058823         503.18462    
      25    -16.113018         39.795413    
      25    -93.147728         0.0000000    
      25    -14.680504         124.31762    
      25    -13.334155         163.65392    
      25    -173.09949         0.0000000    
      25    -252.71182         0.0000000    
      25    -10.774375         398.85358    
      25    -19.281843         503.09395    
      26    -16.501867         40.293159    
      26    -94.023445         0.0000000    
      26    -14.832127         123.51376    
      26    -13.418114         163.66323    
      26    -175.17987         0.0000000    
      26    -255.76265         0.0000000    
      26    -10.883894         398.76065    
      26    -19.504734         503.00245    
      27    -16.905433         40.806573    
      27    -94.888779         0.0000000    
      27    -14.974017         122.68382    
      27    -13.502255         163.67524    
      27    -177.26060         0.0000000    
      27    -258.81424         0.0000000    
      27    -10.993090         398.66677    
      27    -19.727491         502.91012    
      28    -17.324953         41.336518    
      28    -95.743347         0.0000000    
      28    -15.105066         121.82675    
      28    -13.586638         163.68991    
      28    -179.34166         0.0000000    
      28    -261.86655         0.0000000    
      28    -11.101966         398.57193    
      28    -19.950113         502.81697    
      29    -17.761815         41.883914    
      29    -96.586792         0.0000000    
      29    -15.224029         120.94143    
      29    -13.671320         163.70719    
      29    -181.42305         0.0000000    
      29    -264.91959         0.0000000    
      29    -11.210530         398.47613    
      29    -20.172609         502.72301    
