# [0_3/90]_s                                                                      
# Operating point sequence...
# i     t     RY pos[ 1]    Theta[ 1]    
  1  6.986     -0.201034     -0.623100    
  2  6.987     -0.204464     -0.479011    
  3  6.988     -0.207751     -0.339933    
  4  6.989     -0.210852     -0.210450    
  5  6.990     -0.213754     -0.915220E-01
  6  6.991     -0.216454      0.175785E-01
  7  6.992     -0.218951      0.118462    
  8  6.993     -0.221247      0.213033    
  9  6.994     -0.223340      0.303061    
 10  6.995     -0.225229      0.389883    
 11  6.996     -0.226912      0.474255    
 12  6.997     -0.228388      0.556352    
 13  6.998     -0.229654      0.635877    
 14  6.999     -0.230710      0.712270    
 15  7.000     -0.231556      0.784944    
 16  7.001     -0.232190      0.853525    
 17  7.002     -0.232616      0.918037    
 18  7.003     -0.232833      0.978958    
 19  7.004     -0.232845       1.03715    
 20  7.005     -0.232653       1.09368    
 21  7.006     -0.232260       1.14954    
 22  7.007     -0.231664       1.20540    
 23  7.008     -0.230866       1.26144    
 24  7.009     -0.229865       1.31724    
 25  7.010     -0.228658       1.37177    
 26  7.011     -0.227243       1.42354    
 27  7.012     -0.225619       1.47073    
 28  7.013     -0.223783       1.51151    
 29  7.014     -0.221735       1.54423    
 30  7.015     -0.219477       1.56766    
 31  7.016     -0.217010       1.58113    
 32  7.017     -0.214337       1.58452    
 33  7.018     -0.211463       1.57819    
 34  7.019     -0.208392       1.56276    
 35  7.020     -0.205130       1.53897    
 36  7.021     -0.201683       1.50748    
 37  7.022     -0.198057       1.46877    
 38  7.023     -0.194257       1.42313    
 39  7.024     -0.190290       1.37071    
 40  7.025     -0.186163       1.31164    
 41  7.026     -0.181884       1.24618    
 42  7.027     -0.177462       1.17476    
 43  7.028     -0.172908       1.09810    
 44  7.029     -0.168232       1.01714    
 45  7.030     -0.163447      0.932977    
 46  7.031     -0.158569      0.846704    
 47  7.032     -0.153612      0.759271    
 48  7.033     -0.148592      0.671346    
 49  7.034     -0.143526      0.583222    
 50  7.035     -0.138430      0.494788    
 51  7.036     -0.133321      0.405556    
 52  7.037     -0.128218      0.314746    
 53  7.038     -0.123139      0.221392    
 54  7.039     -0.118102      0.124464    
 55  7.040     -0.113129      0.229746E-01
 56  7.041     -0.108242     -0.839282E-01
 57  7.042     -0.103465     -0.196897    
 58  7.043     -0.988236E-01 -0.316340    
 59  7.044     -0.943464E-01 -0.442393    
 60  7.045     -0.900633E-01 -0.574907    
 61  7.046     -0.860053E-01 -0.713441    
 62  7.047     -0.822044E-01 -0.857276    
 63  7.048     -0.786917E-01  -1.00544    
 64  7.049     -0.754970E-01  -1.15675    
 65  7.050     -0.726473E-01  -1.30988    
 66  7.051     -0.701654E-01  -1.46344    
 67  7.052     -0.680693E-01  -1.61604    
 68  7.053     -0.663714E-01  -1.76639    
 69  7.054     -0.650784E-01  -1.91330    
 70  7.055     -0.641916E-01  -2.05568    
 71  7.056     -0.637078E-01  -2.19251    
 72  7.057     -0.636190E-01  -2.32275    
 73  7.058     -0.639139E-01  -2.44536    
 74  7.059     -0.645782E-01  -2.55934    
 75  7.060     -0.655966E-01  -2.66375    
 76  7.061     -0.669540E-01  -2.75790    
 77  7.062     -0.686369E-01  -2.84136    
 78  7.063     -0.706332E-01  -2.91395    
 79  7.064     -0.729329E-01  -2.97576    
 80  7.065     -0.755269E-01  -3.02700    
 81  7.066     -0.784075E-01  -3.06800    
 82  7.067     -0.815673E-01  -3.09912    
 83  7.068     -0.849992E-01  -3.12072    
 84  7.069     -0.886955E-01  -3.13312    
 85  7.070     -0.926467E-01  -3.13651    
 86  7.071     -0.968396E-01  -3.13087    
 87  7.072     -0.101257      -3.11587    
 88  7.073     -0.105877      -3.09090    
 89  7.074     -0.110671      -3.05511    
 90  7.075     -0.115611      -3.00761    
 91  7.076     -0.120666      -2.94763    
 92  7.077     -0.125804      -2.87476    
 93  7.078     -0.130998      -2.78910    
 94  7.079     -0.136220      -2.69129    
 95  7.080     -0.141448      -2.58243    
 96  7.081     -0.146660      -2.46392    
 97  7.082     -0.151837      -2.33718    
 98  7.083     -0.156960      -2.20340    
 99  7.084     -0.162013      -2.06339    
100  7.085     -0.166979      -1.91753    
101  7.086     -0.171840      -1.76590    
102  7.087     -0.176581      -1.60851    
103  7.088     -0.181185      -1.44567    
104  7.089     -0.185636      -1.27832    
105  7.090     -0.189919      -1.10824    
106  7.091     -0.194019     -0.938053    
107  7.092     -0.197926     -0.770932    
108  7.093     -0.201631     -0.610192    
109  7.094     -0.205131     -0.458725    
110  7.095     -0.208423     -0.318542    
111  7.096     -0.211507     -0.190471    
112  7.097     -0.214386     -0.741287E-01
113  7.098     -0.217060      0.318767E-01
114  7.099     -0.219532      0.129566    
115  7.100     -0.221802      0.221141    
116  7.101     -0.223871      0.308572    
117  7.102     -0.225736      0.393302    
118  7.103     -0.227397      0.476107    
119  7.104     -0.228850      0.557113    
120  7.105     -0.230095      0.635944    
121  7.106     -0.231129      0.711959    
122  7.107     -0.231951      0.784508    
123  7.108     -0.232562      0.853174    
124  7.109     -0.232964      0.917933    
125  7.110     -0.233158      0.979213    
126  7.111     -0.233146       1.03784    
127  7.112     -0.232930       1.09485    
128  7.113     -0.232513       1.15128    
129  7.114     -0.231895       1.20789    
130  7.115     -0.231075       1.26492    
131  7.116     -0.230052       1.32195    
132  7.117     -0.228824       1.37792    
133  7.118     -0.227388       1.43119    
134  7.119     -0.225741       1.47977    
135  7.120     -0.223883       1.52164    
136  7.121     -0.221812       1.55503    
137  7.122     -0.219530       1.57864    
138  7.123     -0.217037       1.59178    
139  7.124     -0.214339       1.59441    
140  7.125     -0.211439       1.58696    
141  7.126     -0.208341       1.57019    
142  7.127     -0.205053       1.54495    
143  7.128     -0.201581       1.51198    
144  7.129     -0.197929       1.47180    
145  7.130     -0.194105       1.42473    
146  7.131     -0.190115       1.37091    
147  7.132     -0.185965       1.31046    
148  7.133     -0.181664       1.24361    
149  7.134     -0.177221       1.17082    
150  7.135     -0.172646       1.09283    
151  7.136     -0.167950       1.01063    
152  7.137     -0.163146      0.925345    
153  7.138     -0.158250      0.838137    
154  7.139     -0.153276      0.749991    
155  7.140     -0.148240      0.661598    
156  7.141     -0.143160      0.573248    
157  7.142     -0.138051      0.484803    
158  7.143     -0.132933      0.395723    
159  7.144     -0.127822      0.305162    
160  7.145     -0.122736      0.212077    
161  7.146     -0.117696      0.115368    
162  7.147     -0.112721      0.139909E-01
163  7.148     -0.107833     -0.929427E-01
164  7.149     -0.103058     -0.206098    
165  7.150     -0.984212E-01 -0.325876    
166  7.151     -0.939506E-01 -0.452389    
167  7.152     -0.896766E-01 -0.585453    
168  7.153     -0.856305E-01 -0.724591    
169  7.154     -0.818444E-01 -0.869046    
170  7.155     -0.783498E-01  -1.01781    
171  7.156     -0.751764E-01  -1.16967    
172  7.157     -0.723512E-01  -1.32328    
173  7.158     -0.698968E-01  -1.47722    
174  7.159     -0.678307E-01  -1.63011    
175  7.160     -0.661650E-01  -1.78062    
176  7.161     -0.649056E-01  -1.92756    
177  7.162     -0.640533E-01  -2.06985    
178  7.163     -0.636041E-01  -2.20644    
179  7.164     -0.635495E-01  -2.33628    
180  7.165     -0.638774E-01  -2.45833    
181  7.166     -0.645734E-01  -2.57156    
182  7.167     -0.656218E-01  -2.67507    
183  7.168     -0.670077E-01  -2.76817    
184  7.169     -0.687175E-01  -2.85047    
185  7.170     -0.707398E-01  -2.92181    
186  7.171     -0.730644E-01  -2.98231    
187  7.172     -0.756829E-01  -3.03220    
188  7.173     -0.785876E-01  -3.07181    
189  7.174     -0.817713E-01  -3.10152    
190  7.175     -0.852270E-01  -3.12172    
191  7.176     -0.889468E-01  -3.13274    
192  7.177     -0.929209E-01  -3.13479    
193  7.178     -0.971358E-01  -3.12783    
194  7.179     -0.101573      -3.11155    
195  7.180     -0.106211      -3.08533    
196  7.181     -0.111021      -3.04833    
197  7.182     -0.115973      -2.99966    
198  7.183     -0.121037      -2.93857    
199  7.184     -0.126181      -2.86469    
200  7.185     -0.131378      -2.77815    
201  7.186     -0.136602      -2.67962    
202  7.187     -0.141829      -2.57020    
203  7.188     -0.147039      -2.45128    
204  7.189     -0.152213      -2.32423    
205  7.190     -0.157331      -2.19017    
206  7.191     -0.162378      -2.04985    
207  7.192     -0.167335      -1.90361    
208  7.193     -0.172187      -1.75147    
209  7.194     -0.176917      -1.59347    
210  7.195     -0.181509      -1.42998    
211  7.196     -0.185945      -1.26203    
212  7.197     -0.190210      -1.09149    
213  7.198     -0.194292     -0.921080    
214  7.199     -0.198180     -0.754018    
215  7.200     -0.201866     -0.593610    
216  7.201     -0.205345     -0.442683    
217  7.202     -0.208616     -0.303136    
218  7.203     -0.211680     -0.175679    
219  7.204     -0.214538     -0.598193E-01
220  7.205     -0.217193      0.459011E-01
221  7.206     -0.219645      0.143518    
222  7.207     -0.221896      0.235198    
223  7.208     -0.223944      0.322836    
224  7.209     -0.225789      0.407778    
225  7.210     -0.227428      0.490706    
226  7.211     -0.228860      0.571671    
227  7.212     -0.230082      0.650257    
228  7.213     -0.231093      0.725818    
229  7.214     -0.231893      0.797738    
230  7.215     -0.232481      0.865659    
231  7.216     -0.232860      0.929628    
232  7.217     -0.233031      0.990142    
233  7.218     -0.232997       1.04808    
234  7.219     -0.232759       1.10450    
235  7.220     -0.232320       1.16044    
236  7.221     -0.231680       1.21661    
237  7.222     -0.230838       1.27318    
238  7.223     -0.229793       1.32969    
239  7.224     -0.228542       1.38499    
240  7.225     -0.227083       1.43741    
241  7.226     -0.225413       1.48496    
242  7.227     -0.223531       1.52565    
243  7.228     -0.221436       1.55777    
244  7.229     -0.219130       1.58008    
245  7.230     -0.216614       1.59200    
246  7.231     -0.213892       1.59351    
247  7.232     -0.210969       1.58511    
248  7.233     -0.207850       1.56756    
249  7.234     -0.204541       1.54167    
250  7.235     -0.201048       1.50814    
251  7.236     -0.197376       1.46747    
252  7.237     -0.193533       1.41991    
253  7.238     -0.189524       1.36558    
254  7.239     -0.185356       1.30461    
255  7.240     -0.181038       1.23725    
256  7.241     -0.176578       1.16398    
257  7.242     -0.171987       1.08558    
258  7.243     -0.167277       1.00305    
259  7.244     -0.162461      0.917548    
260  7.245     -0.157554      0.830204    
261  7.246     -0.152570      0.741977    
262  7.247     -0.147528      0.653510    
263  7.248     -0.142442      0.565043    
264  7.249     -0.137331      0.476391    
265  7.250     -0.132211      0.386979    
266  7.251     -0.127101      0.295941    
267  7.252     -0.122019      0.202236    
268  7.253     -0.116984      0.104776    
269  7.254     -0.112018      0.254670E-02
270  7.255     -0.107142     -0.105306    
271  7.256     -0.102381     -0.219409    
272  7.257     -0.977621E-01 -0.340121    
273  7.258     -0.933130E-01 -0.467516    
274  7.259     -0.890645E-01 -0.601372    
275  7.260     -0.850479E-01 -0.741176    
276  7.261     -0.812954E-01 -0.886139    
277  7.262     -0.778382E-01  -1.03523    
278  7.263     -0.747059E-01  -1.18721    
279  7.264     -0.719248E-01  -1.34072    
280  7.265     -0.695170E-01  -1.49435    
281  7.266     -0.674993E-01  -1.64672    
282  7.267     -0.658829E-01  -1.79655    
283  7.268     -0.646730E-01  -1.94264    
284  7.269     -0.638699E-01  -2.08394    
285  7.270     -0.634688E-01  -2.21940    
286  7.271     -0.634609E-01  -2.34801    
287  7.272     -0.638338E-01  -2.46871    
288  7.273     -0.645728E-01  -2.58050    
289  7.274     -0.656622E-01  -2.68250    
290  7.275     -0.670874E-01  -2.77409    
291  7.276     -0.688351E-01  -2.85488    
292  7.277     -0.708940E-01  -2.92478    
293  7.278     -0.732543E-01  -2.98392    
294  7.279     -0.759075E-01  -3.03255    
295  7.280     -0.788460E-01  -3.07101    
296  7.281     -0.820628E-01  -3.09969    
297  7.282     -0.855507E-01  -3.11896    
298  7.283     -0.893018E-01  -3.12914    
299  7.284     -0.933056E-01  -3.13039    
300  7.285     -0.975484E-01  -3.12265    
301  7.286     -0.102011      -3.10555    
302  7.287     -0.106671      -3.07841    
303  7.288     -0.111500      -3.04036    
304  7.289     -0.116467      -2.99050    
305  7.290     -0.121543      -2.92810    
306  7.291     -0.126695      -2.85282    
307  7.292     -0.131897      -2.76486    
308  7.293     -0.137123      -2.66493    
309  7.294     -0.142349      -2.55421    
310  7.295     -0.147556      -2.43407    
311  7.296     -0.152724      -2.30589    
312  7.297     -0.157835      -2.17076    
313  7.298     -0.162871      -2.02940    
314  7.299     -0.167816      -1.88209    
315  7.300     -0.172654      -1.72889    
316  7.301     -0.177368      -1.56985    
317  7.302     -0.181940      -1.40541    
318  7.303     -0.186355      -1.23673    
319  7.304     -0.190598      -1.06580    
320  7.305     -0.194656     -0.895413    
321  7.306     -0.198518     -0.728860    
322  7.307     -0.202177     -0.569415    
323  7.308     -0.205630     -0.419826    
324  7.309     -0.208874     -0.281862    
325  7.310     -0.211912     -0.156079    
326  7.311     -0.214743     -0.418473E-01
327  7.312     -0.217371      0.623933E-01
328  7.313     -0.219797      0.158732    
329  7.314     -0.222021      0.249336    
330  7.315     -0.224042      0.336064    
331  7.316     -0.225860      0.420204    
332  7.317     -0.227473      0.502374    
333  7.318     -0.228877      0.582573    
334  7.319     -0.230072      0.660359    
335  7.320     -0.231055      0.735088    
336  7.321     -0.231827      0.806172    
337  7.322     -0.232389      0.873303    
338  7.323     -0.232740      0.936585    
339  7.324     -0.232885      0.996572    
340  7.325     -0.232824       1.05417    
341  7.326     -0.232561       1.11046    
342  7.327     -0.232097       1.16644    
343  7.328     -0.231431       1.22276    
344  7.329     -0.230563       1.27952    
345  7.330     -0.229491       1.33615    
346  7.331     -0.228214       1.39143    
347  7.332     -0.226728       1.44362    
348  7.333     -0.225031       1.49071    
349  7.334     -0.223122       1.53070    
350  7.335     -0.221000       1.56192    
351  7.336     -0.218667       1.58320    
352  7.337     -0.216125       1.59401    
353  7.338     -0.213377       1.59441    
354  7.339     -0.210429       1.58491    
355  7.340     -0.207285       1.56630    
356  7.341     -0.203952       1.53938    
357  7.342     -0.200435       1.50484    
358  7.343     -0.196741       1.46314    
359  7.344     -0.192876       1.41452    
360  7.345     -0.188846       1.35911    
361  7.346     -0.184658       1.29705    
362  7.347     -0.180322       1.22861    
363  7.348     -0.175845       1.15434    
364  7.349     -0.171238       1.07504    
365  7.350     -0.166514      0.991760    
366  7.351     -0.161686      0.905663    
367  7.352     -0.156769      0.817876    
368  7.353     -0.151778      0.729332    
369  7.354     -0.146730      0.640634    
370  7.355     -0.141641      0.551971    
371  7.356     -0.136530      0.463108    
372  7.357     -0.131413      0.373429    
373  7.358     -0.126307      0.282038    
374  7.359     -0.121233      0.187876    
375  7.360     -0.116209      0.898548E-01
376  7.361     -0.111256     -0.130302E-01
377  7.362     -0.106398     -0.121612    
378  7.363     -0.101658     -0.236491    
379  7.364     -0.970631E-01 -0.357995    
380  7.365     -0.926429E-01 -0.486162    
381  7.366     -0.884276E-01 -0.620734    
382  7.367     -0.844488E-01 -0.761158    
383  7.368     -0.807384E-01 -0.906612    
384  7.369     -0.773276E-01  -1.05603    
385  7.370     -0.742455E-01  -1.20816    
386  7.371     -0.715179E-01  -1.36162    
387  7.372     -0.691662E-01  -1.51501    
388  7.373     -0.672064E-01  -1.66695    
389  7.374     -0.656488E-01  -1.81616    
390  7.375     -0.644980E-01  -1.96148    
391  7.376     -0.637533E-01  -2.10186    
392  7.377     -0.634094E-01  -2.23626    
393  7.378     -0.634570E-01  -2.36365    
394  7.379     -0.638832E-01  -2.48299    
395  7.380     -0.646731E-01  -2.59329    
396  7.381     -0.658112E-01  -2.69370    
397  7.382     -0.672829E-01  -2.78362    
398  7.383     -0.690752E-01  -2.86273    
399  7.384     -0.711772E-01  -2.93097    
400  7.385     -0.735791E-01  -2.98847    
401  7.386     -0.762727E-01  -3.03553    
402  7.387     -0.792505E-01  -3.07249    
403  7.388     -0.825054E-01  -3.09976    
404  7.389     -0.860302E-01  -3.11769    
405  7.390     -0.898167E-01  -3.12661    
406  7.391     -0.938542E-01  -3.12665    
407  7.392     -0.981281E-01  -3.11770    
408  7.393     -0.102619      -3.09934    
409  7.394     -0.107303      -3.07086    
410  7.395     -0.112152      -3.03137    
411  7.396     -0.117135      -2.97995    
412  7.397     -0.122221      -2.91592    
413  7.398     -0.127381      -2.83901    
414  7.399     -0.132586      -2.74946    
415  7.400     -0.137812      -2.64808    
416  7.401     -0.143036      -2.53606    
417  7.402     -0.148237      -2.41480    
418  7.403     -0.153396      -2.28564    
419  7.404     -0.158496      -2.14964    
420  7.405     -0.163519      -2.00744    
421  7.406     -0.168448      -1.85929    
422  7.407     -0.173268      -1.70522    
423  7.408     -0.177961      -1.54532    
424  7.409     -0.182510      -1.38013    
425  7.410     -0.186900      -1.21090    
426  7.411     -0.191116      -1.03976    
427  7.412     -0.195145     -0.869611    
428  7.413     -0.198977     -0.703759    
429  7.414     -0.202605     -0.545454    
430  7.415     -0.206027     -0.397335    
431  7.416     -0.209240     -0.261016    
432  7.417     -0.212246     -0.136890    
433  7.418     -0.215047     -0.241831E-01
434  7.419     -0.217644      0.787642E-01
435  7.420     -0.220039      0.174078    
436  7.421     -0.222233      0.263908    
437  7.422     -0.224224      0.350047    
438  7.423     -0.226011      0.433699    
439  7.424     -0.227592      0.515395    
440  7.425     -0.228965      0.595066    
441  7.426     -0.230128      0.672232    
442  7.427     -0.231079      0.746245    
443  7.428     -0.231820      0.816552    
444  7.429     -0.232350      0.882896    
445  7.430     -0.232670      0.945455    
446  7.431     -0.232784       1.00484    
447  7.432     -0.232694       1.06199    
448  7.433     -0.232400       1.11801    
449  7.434     -0.231906       1.17385    
450  7.435     -0.231210       1.23010    
451  7.436     -0.230313       1.28678    
452  7.437     -0.229211       1.34323    
453  7.438     -0.227903       1.39813    
454  7.439     -0.226387       1.44970    
455  7.440     -0.224659       1.49590    
456  7.441     -0.222719       1.53477    
457  7.442     -0.220567       1.56468    
458  7.443     -0.218203       1.58454    
459  7.444     -0.215631       1.59392    
460  7.445     -0.212854       1.59293    
461  7.446     -0.209877       1.58214    
462  7.447     -0.206706       1.56235    
463  7.448     -0.203346       1.53434    
464  7.449     -0.199804       1.49877    
465  7.450     -0.196085       1.45608    
466  7.451     -0.192196       1.40647    
467  7.452     -0.188144       1.35008    
468  7.453     -0.183935       1.28704    
469  7.454     -0.179578       1.21767    
470  7.455     -0.175082       1.14255    
471  7.456     -0.170459       1.06253    
472  7.457     -0.165720      0.978686    
473  7.458     -0.160880      0.892176    
474  7.459     -0.155952      0.804119    
475  7.460     -0.150954      0.715409    
476  7.461     -0.145900      0.626597    
477  7.462     -0.140810      0.537815    
478  7.463     -0.135698      0.448772    
479  7.464     -0.130584      0.358806    
480  7.465     -0.125485      0.266992    
481  7.466     -0.120419      0.172261    
482  7.467     -0.115407      0.735326E-01
483  7.468     -0.110470     -0.301789E-01
484  7.469     -0.105631     -0.139675    
485  7.470     -0.100915     -0.255518    
486  7.471     -0.963479E-01 -0.377993    
487  7.472     -0.919601E-01 -0.507096    
488  7.473     -0.877820E-01 -0.642523    
489  7.474     -0.838453E-01 -0.783682    
490  7.475     -0.801818E-01 -0.929710    
491  7.476     -0.768224E-01  -1.07951    
492  7.477     -0.737958E-01  -1.23181    
493  7.478     -0.711271E-01  -1.38523    
494  7.479     -0.688370E-01  -1.53835    
495  7.480     -0.669404E-01  -1.68982    
496  7.481     -0.654469E-01  -1.83838    
497  7.482     -0.643601E-01  -1.98288    
498  7.483     -0.636787E-01  -2.12228    
499  7.484     -0.633967E-01  -2.25555    
500  7.485     -0.635041E-01  -2.38165    
501  7.486     -0.639878E-01  -2.49954    
502  7.487     -0.648325E-01  -2.60826    
503  7.488     -0.660230E-01  -2.70699    
504  7.489     -0.675448E-01  -2.79517    
505  7.490     -0.693853E-01  -2.87251    
506  7.491     -0.715337E-01  -2.93899    
507  7.492     -0.739806E-01  -2.99479    
508  7.493     -0.767179E-01  -3.04020    
509  7.494     -0.797380E-01  -3.07559    
510  7.495     -0.830341E-01  -3.10135    
511  7.496     -0.865987E-01  -3.11785    
512  7.497     -0.904234E-01  -3.12538    
513  7.498     -0.944969E-01  -3.12405    
514  7.499     -0.988041E-01  -3.11370    
515  7.500     -0.103325      -3.09386    
516  7.501     -0.108034      -3.06379    
517  7.502     -0.112904      -3.02255    
518  7.503     -0.117903      -2.96928    
519  7.504     -0.123000      -2.90332    
520  7.505     -0.128167      -2.82449    
521  7.506     -0.133375      -2.73311    
522  7.507     -0.138599      -2.63004    
523  7.508     -0.143819      -2.51654    
524  7.509     -0.149012      -2.39401    
525  7.510     -0.154161      -2.26374    
526  7.511     -0.159248      -2.12675    
527  7.512     -0.164256      -1.98362    
528  7.513     -0.169167      -1.83454    
529  7.514     -0.173966      -1.67954    
530  7.515     -0.178636      -1.51877    
531  7.516     -0.183160      -1.35284    
532  7.517     -0.187522      -1.18315    
533  7.518     -0.191708      -1.01197    
534  7.519     -0.195705     -0.842264    
535  7.520     -0.199504     -0.677384    
536  7.521     -0.203098     -0.520511    
537  7.522     -0.206485     -0.374151    
538  7.523     -0.209665     -0.239739    
539  7.524     -0.212637     -0.117480    
540  7.525     -0.215404     -0.644498E-02
541  7.526     -0.217968      0.951227E-01
542  7.527     -0.220330      0.189379    
543  7.528     -0.222491      0.278438    
544  7.529     -0.224448      0.364018    
545  7.530     -0.226201      0.447221    
546  7.531     -0.227748      0.528482    
547  7.532     -0.229087      0.607659    
548  7.533     -0.230216      0.684234    
549  7.534     -0.231133      0.757565    
550  7.535     -0.231840      0.827132    
551  7.536     -0.232335      0.892746    
552  7.537     -0.232623      0.954651    
553  7.538     -0.232703       1.01352    
554  7.539     -0.232580       1.07035    
555  7.540     -0.232254       1.12620    
556  7.541     -0.231727       1.18201    
557  7.542     -0.230999       1.23828    
558  7.543     -0.230069       1.29493    
559  7.544     -0.228935       1.35119    
560  7.545     -0.227594       1.40566    
561  7.546     -0.226044       1.45651    
562  7.547     -0.224283       1.50168    
563  7.548     -0.222309       1.53924    
564  7.549     -0.220124       1.56765    
565  7.550     -0.217727       1.58592    
566  7.551     -0.215123       1.59368    
567  7.552     -0.212315       1.59114    
568  7.553     -0.209307       1.57891    
569  7.554     -0.206106       1.55779    
570  7.555     -0.202718       1.52856    
571  7.556     -0.199148       1.49185    
572  7.557     -0.195403       1.44804    
573  7.558     -0.191488       1.39733    
574  7.559     -0.187411       1.33984    
575  7.560     -0.183179       1.27574    
576  7.561     -0.178801       1.20538    
577  7.562     -0.174286       1.12938    
578  7.563     -0.169644       1.04863    
579  7.564     -0.164890      0.964229    
580  7.565     -0.160036      0.877345    
581  7.566     -0.155098      0.789067    
582  7.567     -0.150091      0.700247    
583  7.568     -0.145033      0.611373    
584  7.569     -0.139940      0.522511    
585  7.570     -0.134829      0.433309    
586  7.571     -0.129718      0.343059    
587  7.572     -0.124626      0.250808    
588  7.573     -0.119570      0.155477    
589  7.574     -0.114571      0.559940E-01
590  7.575     -0.109651     -0.486021E-01
591  7.576     -0.104833     -0.159079    
592  7.577     -0.100142     -0.275956    
593  7.578     -0.956051E-01 -0.399474    
594  7.579     -0.912523E-01 -0.529580    
595  7.580     -0.871144E-01 -0.665925    
596  7.581     -0.832230E-01 -0.807872    
597  7.582     -0.796099E-01 -0.954518    
598  7.583     -0.763057E-01  -1.10473    
599  7.584     -0.733386E-01  -1.25722    
600  7.585     -0.707329E-01  -1.41060    
601  7.586     -0.685085E-01  -1.56345    
602  7.587     -0.666794E-01  -1.71443    
603  7.588     -0.652541E-01  -1.86231    
604  7.589     -0.642354E-01  -2.00596    
605  7.590     -0.636211E-01  -2.14434    
606  7.591     -0.634047E-01  -2.27641    
607  7.592     -0.635755E-01  -2.40115    
608  7.593     -0.641199E-01  -2.51752    
609  7.594     -0.650228E-01  -2.62457    
610  7.595     -0.662687E-01  -2.72152    
611  7.596     -0.678437E-01  -2.80785    
612  7.597     -0.697354E-01  -2.88332    
613  7.598     -0.719331E-01  -2.94794    
614  7.599     -0.744278E-01  -3.00193    
615  7.600     -0.772115E-01  -3.04558    
616  7.601     -0.802767E-01  -3.07929    
617  7.602     -0.836165E-01  -3.10343    
618  7.603     -0.872234E-01  -3.11839    
619  7.604     -0.910886E-01  -3.12441    
620  7.605     -0.952002E-01  -3.12158    
621  7.606     -0.995423E-01  -3.10969    
622  7.607     -0.104094      -3.08822    
623  7.608     -0.108830      -3.05637    
624  7.609     -0.113721      -3.01323    
625  7.610     -0.118736      -2.95793    
626  7.611     -0.123845      -2.88989    
627  7.612     -0.129018      -2.80900    
628  7.613     -0.134228      -2.71567    
629  7.614     -0.139451      -2.61085    
630  7.615     -0.144665      -2.49582    
631  7.616     -0.149851      -2.37197    
632  7.617     -0.154989      -2.24059    
633  7.618     -0.160061      -2.10259    
634  7.619     -0.165052      -1.95850    
635  7.620     -0.169944      -1.80848    
636  7.621     -0.174721      -1.65253    
637  7.622     -0.179366      -1.49087    
638  7.623     -0.183862      -1.32423    
639  7.624     -0.188194      -1.15415    
640  7.625     -0.192347     -0.983008    
641  7.626     -0.196311     -0.813885    
642  7.627     -0.200074     -0.650128    
643  7.628     -0.203633     -0.494842    
644  7.629     -0.206984     -0.350379    
645  7.630     -0.210127     -0.217979    
646  7.631     -0.213064     -0.976509E-01
647  7.632     -0.215796      0.116922E-01
648  7.633     -0.218325      0.111899    
649  7.634     -0.220652      0.205142    
650  7.635     -0.222777      0.293491    
651  7.636     -0.224699      0.378571    
652  7.637     -0.226417      0.461375    
653  7.638     -0.227929      0.542237    
654  7.639     -0.229231      0.620939    
655  7.640     -0.230323      0.696928    
656  7.641     -0.231205      0.769569    
657  7.642     -0.231875      0.838390    
658  7.643     -0.232334      0.903270    
659  7.644     -0.232586      0.964527    
660  7.645     -0.232632       1.02290    
661  7.646     -0.232473       1.07940    
662  7.647     -0.232113       1.13511    
663  7.648     -0.231552       1.19089    
664  7.649     -0.230790       1.24716    
665  7.650     -0.229825       1.30374    
666  7.651     -0.228656       1.35973    
667  7.652     -0.227280       1.41367    
668  7.653     -0.225695       1.46365    
669  7.654     -0.223898       1.50764    
670  7.655     -0.221889       1.54375    
671  7.656     -0.219668       1.57051    
672  7.657     -0.217237       1.58703    
673  7.658     -0.214598       1.59305    
674  7.659     -0.211756       1.58886    
675  7.660     -0.208717       1.57510    
676  7.661     -0.205484       1.55259    
677  7.662     -0.202066       1.52209    
678  7.663     -0.198466       1.48418    
679  7.664     -0.194693       1.43921    
680  7.665     -0.190751       1.38737    
681  7.666     -0.186649       1.32876    
682  7.667     -0.182393       1.26357    
683  7.668     -0.177992       1.19221    
684  7.669     -0.173456       1.11533    
685  7.670     -0.168796       1.03388    
686  7.671     -0.164025      0.948952    
687  7.672     -0.159157      0.861735    
688  7.673     -0.154208      0.773280    
689  7.674     -0.149193      0.684384    
690  7.675     -0.144130      0.595471    
691  7.676     -0.139034      0.506536    
692  7.677     -0.133924      0.417164    
693  7.678     -0.128817      0.326601    
694  7.679     -0.123732      0.233862    
695  7.680     -0.118686      0.137866    
696  7.681     -0.113702      0.375521E-01
697  7.682     -0.108800     -0.680110E-01
698  7.683     -0.104004     -0.179551    
699  7.684     -0.993399E-01 -0.297543    
700  7.685     -0.948353E-01 -0.422176    
701  7.686     -0.905197E-01 -0.553348    
702  7.687     -0.864244E-01 -0.690661    
703  7.688     -0.825812E-01 -0.833427    
704  7.689     -0.790216E-01 -0.980706    
705  7.690     -0.757758E-01  -1.13134    
706  7.691     -0.728715E-01  -1.28400    
707  7.692     -0.703323E-01  -1.43730    
708  7.693     -0.681769E-01  -1.58984    
709  7.694     -0.664185E-01  -1.74029    
710  7.695     -0.650646E-01  -1.88744    
711  7.696     -0.641171E-01  -2.03017    
712  7.697     -0.635729E-01  -2.16744    
713  7.698     -0.634248E-01  -2.29825    
714  7.699     -0.636615E-01  -2.42153    
715  7.700     -0.642692E-01  -2.53627    
716  7.701     -0.652324E-01  -2.64154    
717  7.702     -0.665360E-01  -2.73660    
718  7.703     -0.681663E-01  -2.82098    
719  7.704     -0.701111E-01  -2.89448    
720  7.705     -0.723603E-01  -2.95717    
721  7.706     -0.749049E-01  -3.00926    
722  7.707     -0.777369E-01  -3.05109    
723  7.708     -0.808491E-01  -3.08303    
724  7.709     -0.842346E-01  -3.10549    
725  7.710     -0.878856E-01  -3.11883    
726  7.711     -0.917928E-01  -3.12327    
727  7.712     -0.959439E-01  -3.11885    
728  7.713     -0.100322      -3.10532    
729  7.714     -0.104906      -3.08208    
730  7.715     -0.109669      -3.04834    
731  7.716     -0.114581      -3.00314    
732  7.717     -0.119612      -2.94567    
733  7.718     -0.124732      -2.87542    
734  7.719     -0.129911      -2.79236    
735  7.720     -0.135123      -2.69700    
736  7.721     -0.140344      -2.59035    
737  7.722     -0.145552      -2.47372    
738  7.723     -0.150728      -2.34853    
739  7.724     -0.155854      -2.21597    
740  7.725     -0.160911      -2.07692    
741  7.726     -0.165884      -1.93182    
742  7.727     -0.170755      -1.78079    
743  7.728     -0.175508      -1.62386    
744  7.729     -0.180126      -1.46129    
745  7.730     -0.184592      -1.29396    
746  7.731     -0.188892      -1.12353    
747  7.732     -0.193011     -0.952544    
748  7.733     -0.196939     -0.784141    
749  7.734     -0.200665     -0.621669    
750  7.735     -0.204186     -0.468134    
751  7.736     -0.207499     -0.325715    
752  7.737     -0.210605     -0.195443    
753  7.738     -0.213504     -0.771251E-01
754  7.739     -0.216199      0.304810E-01
755  7.740     -0.218691      0.129308    
756  7.741     -0.220981      0.221538    
757  7.742     -0.223069      0.309180    
758  7.743     -0.224954      0.393760    
759  7.744     -0.226635      0.476155    
760  7.745     -0.228108      0.556595    
761  7.746     -0.229373      0.634791    
762  7.747     -0.230427      0.710159    
763  7.748     -0.231270      0.782078    
764  7.749     -0.231902      0.850128    
765  7.750     -0.232324      0.914261    
766  7.751     -0.232538      0.974876    
767  7.752     -0.232547       1.03277    
768  7.753     -0.232352       1.08898    
769  7.754     -0.231956       1.14457    
770  7.755     -0.231359       1.20034    
771  7.756     -0.230560       1.25663    
772  7.757     -0.229559       1.31310    
773  7.758     -0.228353       1.36878    
774  7.759     -0.226940       1.42210    
775  7.760     -0.225317       1.47112    
776  7.761     -0.223483       1.51381    
777  7.762     -0.221436       1.54833    
778  7.763     -0.219178       1.57332    
779  7.764     -0.216710       1.58799    
780  7.765     -0.214036       1.59218    
781  7.766     -0.211159       1.58625    
782  7.767     -0.208085       1.57090    
783  7.768     -0.204820       1.54694    
784  7.769     -0.201369       1.51510    
785  7.770     -0.197740       1.47592    
786  7.771     -0.193937       1.42972    
787  7.772     -0.189967       1.37666    
788  7.773     -0.185838       1.31686    
789  7.774     -0.181557       1.25054    
790  7.775     -0.177132       1.17814    
791  7.776     -0.172574       1.10036    
792  7.777     -0.167895       1.01819    
793  7.778     -0.163107      0.932750    
794  7.779     -0.158226      0.845211    
795  7.780     -0.153265      0.756594    
796  7.781     -0.148242      0.667636    
797  7.782     -0.143174      0.578686    
798  7.783     -0.138076      0.489668    
799  7.784     -0.132967      0.400099    
800  7.785     -0.127865      0.309180    
801  7.786     -0.122788      0.215901    
802  7.787     -0.117754      0.119177    
803  7.788     -0.112786      0.179652E-01
804  7.789     -0.107903     -0.886340E-01
805  7.790     -0.103132     -0.201305    
806  7.791     -0.984973E-01 -0.320474    
807  7.792     -0.940274E-01 -0.446278    
808  7.793     -0.897521E-01 -0.578560    
809  7.794     -0.857028E-01 -0.716869    
810  7.795     -0.819114E-01 -0.860471    
811  7.796     -0.784091E-01  -1.00838    
812  7.797     -0.752259E-01  -1.15941    
813  7.798     -0.723886E-01  -1.31221    
814  7.799     -0.699201E-01  -1.46540    
815  7.800     -0.678380E-01  -1.61757    
816  7.801     -0.661546E-01  -1.76742    
817  7.802     -0.648761E-01  -1.91375    
818  7.803     -0.640036E-01  -2.05547    
819  7.804     -0.635332E-01  -2.19156    
820  7.805     -0.634568E-01  -2.32099    
821  7.806     -0.637628E-01  -2.44271    
822  7.807     -0.644367E-01  -2.55571    
823  7.808     -0.654633E-01  -2.65909    
824  7.809     -0.668275E-01  -2.75215    
825  7.810     -0.685158E-01  -2.83447    
826  7.811     -0.705167E-01  -2.90591    
827  7.812     -0.728200E-01  -2.96657    
828  7.813     -0.754170E-01  -3.01668    
829  7.814     -0.783001E-01  -3.05660    
830  7.815     -0.814619E-01  -3.08672    
831  7.816     -0.848954E-01  -3.10744    
832  7.817     -0.885928E-01  -3.11909    
833  7.818     -0.925443E-01  -3.12188    
834  7.819     -0.967368E-01  -3.11580    
835  7.820     -0.101153      -3.10052    
836  7.821     -0.105769      -3.07543    
837  7.822     -0.110560      -3.03966    
838  7.823     -0.115494      -2.99229    
839  7.824     -0.120542      -2.93253    
840  7.825     -0.125673      -2.85995    
841  7.826     -0.130857      -2.77462    
842  7.827     -0.136070      -2.67714    
843  7.828     -0.141288      -2.56860    
844  7.829     -0.146490      -2.45035    
845  7.830     -0.151656      -2.32376    
846  7.831     -0.156769      -2.18999    
847  7.832     -0.161810      -2.04983    
848  7.833     -0.166763      -1.90367    
849  7.834     -0.171611      -1.75158    
850  7.835     -0.176339      -1.59360    
851  7.836     -0.180928      -1.43009    
852  7.837     -0.185364      -1.26207    
853  7.838     -0.189630      -1.09136    
854  7.839     -0.193713     -0.920621    
855  7.840     -0.197602     -0.753079    
856  7.841     -0.201289     -0.592055    
857  7.842     -0.204771     -0.440434    
858  7.843     -0.208044     -0.300205    
859  7.844     -0.211110     -0.172173    
860  7.845     -0.213970     -0.559378E-01
861  7.846     -0.216626      0.498951E-01
862  7.847     -0.219079      0.147334    
863  7.848     -0.221331      0.238556    
864  7.849     -0.223380      0.325499    
865  7.850     -0.225226      0.409577    
866  7.851     -0.226867      0.491546    
867  7.852     -0.228301      0.571530    
868  7.853     -0.229526      0.649170    
869  7.854     -0.230540      0.723862    
870  7.855     -0.231342      0.795007    
871  7.856     -0.231934      0.862247    
872  7.857     -0.232317      0.925613    
873  7.858     -0.232492      0.985584    
874  7.859     -0.232462       1.04302    
875  7.860     -0.232229       1.09897    
876  7.861     -0.231795       1.15448    
877  7.862     -0.231160       1.21026    
878  7.863     -0.230324       1.26655    
879  7.864     -0.229285       1.32291    
880  7.865     -0.228040       1.37822    
881  7.866     -0.226588       1.43085    
882  7.867     -0.224926       1.47880    
883  7.868     -0.223052       1.52007    
884  7.869     -0.220966       1.55290    
885  7.870     -0.218669       1.57601    
886  7.871     -0.216162       1.58873    
887  7.872     -0.213450       1.59102    
888  7.873     -0.210537       1.58330    
889  7.874     -0.207427       1.56630    
890  7.875     -0.204128       1.54084    
891  7.876     -0.200644       1.50760    
892  7.877     -0.196982       1.46711    
893  7.878     -0.193148       1.41962    
894  7.879     -0.189149       1.36530    
895  7.880     -0.184992       1.30426    
896  7.881     -0.180684       1.23675    
897  7.882     -0.176235       1.16328    
898  7.883     -0.171655       1.08459    
899  7.884     -0.166956       1.00170    
900  7.885     -0.162151      0.915759    
901  7.886     -0.157255      0.827919    
902  7.887     -0.152283      0.739157    
903  7.888     -0.147252      0.650145    
904  7.889     -0.142178      0.561157    
905  7.890     -0.137079      0.472037    
906  7.891     -0.131972      0.382241    
907  7.892     -0.126875      0.290919    
908  7.893     -0.121807      0.197041    
909  7.894     -0.116786      0.995230E-01
910  7.895     -0.111834     -0.265689E-02
911  7.896     -0.106973     -0.110362    
912  7.897     -0.102228     -0.224230    
913  7.898     -0.976249E-01 -0.344635    
914  7.899     -0.931920E-01 -0.471659    
915  7.900     -0.889597E-01 -0.605088    
916  7.901     -0.849593E-01 -0.744417    
917  7.902     -0.812228E-01 -0.888863    
918  7.903     -0.777813E-01  -1.03740    
919  7.904     -0.746641E-01  -1.18879    
920  7.905     -0.718974E-01  -1.34170    
921  7.906     -0.695031E-01  -1.49472    
922  7.907     -0.674978E-01  -1.64647    
923  7.908     -0.658925E-01  -1.79565    
924  7.909     -0.646927E-01  -1.94110    
925  7.910     -0.638981E-01  -2.08175    
926  7.911     -0.635043E-01  -2.21657    
927  7.912     -0.635023E-01  -2.34452    
928  7.913     -0.638799E-01  -2.46457    
929  7.914     -0.646224E-01  -2.57572    
930  7.915     -0.657144E-01  -2.67709    
931  7.916     -0.671413E-01  -2.76804    
932  7.917     -0.688898E-01  -2.84820    
933  7.918     -0.709487E-01  -2.91749    
934  7.919     -0.733081E-01  -2.97602    
935  7.920     -0.759596E-01  -3.02408    
936  7.921     -0.788955E-01  -3.06202    
937  7.922     -0.821088E-01  -3.09024    
938  7.923     -0.855922E-01  -3.10913    
939  7.924     -0.893376E-01  -3.11902    
940  7.925     -0.933347E-01  -3.12007    
941  7.926     -0.975697E-01  -3.11223    
942  7.927     -0.102024      -3.09511    
943  7.928     -0.106674      -3.06802    
944  7.929     -0.111492      -3.03010    
945  7.930     -0.116449      -2.98041    
946  7.931     -0.121512      -2.91823    
947  7.932     -0.126653      -2.84321    
948  7.933     -0.131843      -2.75552    
949  7.934     -0.137056      -2.65587    
950  7.935     -0.142271      -2.54540    
951  7.936     -0.147465      -2.42549    
952  7.937     -0.152620      -2.29747    
953  7.938     -0.157717      -2.16246    
954  7.939     -0.162741      -2.02117    
955  7.940     -0.167673      -1.87389    
956  7.941     -0.172497      -1.72068    
957  7.942     -0.177197      -1.56163    
958  7.943     -0.181757      -1.39719    
959  7.944     -0.186159      -1.22851    
960  7.945     -0.190388      -1.05760    
961  7.946     -0.194433     -0.887245    
962  7.947     -0.198282     -0.720728    
963  7.948     -0.201928     -0.561323    
964  7.949     -0.205368     -0.411777    
965  7.950     -0.208600     -0.273865    
966  7.951     -0.211624     -0.148162    
967  7.952     -0.214443     -0.340580E-01
968  7.953     -0.217058      0.699891E-01
969  7.954     -0.219471      0.166050    
970  7.955     -0.221682      0.256281    
971  7.956     -0.223691      0.342537    
972  7.957     -0.225496      0.426113    
973  7.958     -0.227096      0.507638    
974  7.959     -0.228488      0.587133    
975  7.960     -0.229671      0.664176    
976  7.961     -0.230643      0.738145    
977  7.962     -0.231403      0.808474    
978  7.963     -0.231954      0.874872    
979  7.964     -0.232295      0.937457    
980  7.965     -0.232429      0.996788    
981  7.966     -0.232359       1.05378    
982  7.967     -0.232086       1.10949    
983  7.968     -0.231612       1.16493    
984  7.969     -0.230937       1.22075    
985  7.970     -0.230061       1.27703    
986  7.971     -0.228982       1.33321    
987  7.972     -0.227696       1.38808    
988  7.973     -0.226203       1.43989    
989  7.974     -0.224500       1.48665    
990  7.975     -0.222585       1.52637    
991  7.976     -0.220457       1.55737    
992  7.977     -0.218119       1.57849    
993  7.978     -0.215573       1.58917    
994  7.979     -0.212821       1.58947    
995  7.980     -0.209869       1.57989    
996  7.981     -0.206723       1.56118    
997  7.982     -0.203387       1.53415    
998  7.983     -0.199869       1.49947    
999  7.984     -0.196174       1.45759    
