# [0_3/90]_s                                                                      
# Operating point sequence...
# i     t     RY pos[ 1]    Theta[ 1]    
  1  3.992     -0.163248       4.91610    
  2  3.993     -0.163963       4.81397    
  3  3.994     -0.164219       4.76736    
  4  3.995     -0.163895       4.79804    
  5  3.996     -0.162978       4.90839    
  6  3.997     -0.161490       5.08464    
  7  3.998     -0.159457       5.30174    
  8  3.999     -0.156905       5.52923    
  9  4.000     -0.153846       5.73706    
 10  4.001     -0.150281       5.89984    
 11  4.002     -0.146205       5.99873    
 12  4.003     -0.141605       6.02210    
 13  4.004     -0.136468       5.96465    
 14  4.005     -0.130786       5.82621    
 15  4.006     -0.124558       5.61035    
 16  4.007     -0.117787       5.32283    
 17  4.008     -0.110482       4.97028    
 18  4.009     -0.102654       4.55924    
 19  4.010     -0.943188E-01   4.09608    
 20  4.011     -0.854944E-01   3.58784    
 21  4.012     -0.762033E-01   3.04356    
 22  4.013     -0.664734E-01   2.47549    
 23  4.014     -0.563371E-01   1.89971    
 24  4.015     -0.458292E-01   1.33572    
 25  4.016     -0.349837E-01  0.805282    
 26  4.017     -0.238301E-01  0.330744    
 27  4.018     -0.123924E-01 -0.668644E-01
 28  4.019     -0.692597E-03 -0.369062    
 29  4.020      0.112381E-01 -0.559767    
 30  4.021      0.233435E-01 -0.623469    
 31  4.022      0.355277E-01 -0.543007    
 32  4.023      0.476482E-01 -0.299862    
 33  4.024      0.595219E-01  0.120117    
 34  4.025      0.709444E-01  0.715627    
 35  4.026      0.817135E-01   1.45828    
 36  4.027      0.916518E-01   2.28834    
 37  4.028      0.100622       3.12316    
 38  4.029      0.108533       3.87650    
 39  4.030      0.115343       4.47962    
 40  4.031      0.121049       4.89480    
 41  4.032      0.125687       5.11782    
 42  4.033      0.129310       5.17202    
 43  4.034      0.131985       5.09769    
 44  4.035      0.133778       4.94017    
 45  4.036      0.134756       4.74131    
 46  4.037      0.134983       4.53594    
 47  4.038      0.134516       4.35177    
 48  4.039      0.133404       4.20937    
 49  4.040      0.131689       4.12094    
 50  4.041      0.129402       4.08858    
 51  4.042      0.126568       4.10373    
 52  4.043      0.123206       4.14896    
 53  4.044      0.119321       4.20152    
 54  4.045      0.114911       4.23755    
 55  4.046      0.109957       4.23526    
 56  4.047      0.104435       4.17663    
 57  4.048      0.983164E-01   4.04776    
 58  4.049      0.915758E-01   3.83895    
 59  4.050      0.841977E-01   3.54507    
 60  4.051      0.761790E-01   3.16642    
 61  4.052      0.675290E-01   2.70963    
 62  4.053      0.582675E-01   2.18805    
 63  4.054      0.484217E-01   1.62130    
 64  4.055      0.380246E-01   1.03430    
 65  4.056      0.271148E-01  0.455810    
 66  4.057      0.157387E-01 -0.833162E-01
 67  4.058      0.395285E-02 -0.552024    
 68  4.059     -0.817286E-02 -0.920832    
 69  4.060     -0.205520E-01  -1.16296    
 70  4.061     -0.330789E-01  -1.25459    
 71  4.062     -0.456297E-01  -1.17525    
 72  4.063     -0.580675E-01 -0.910407    
 73  4.064     -0.702528E-01 -0.456845    
 74  4.065     -0.820517E-01  0.171026    
 75  4.066     -0.933410E-01  0.937432    
 76  4.067     -0.104010       1.78656    
 77  4.068     -0.113960       2.64990    
 78  4.069     -0.123104       3.45783    
 79  4.070     -0.131371       4.15157    
 80  4.071     -0.138707       4.69132    
 81  4.072     -0.145082       5.05919    
 82  4.073     -0.150491       5.25781    
 83  4.074     -0.154955       5.30727    
 84  4.075     -0.158510       5.24162    
 85  4.076     -0.161205       5.10475    
 86  4.077     -0.163094       4.94504    
 87  4.078     -0.164226       4.80876    
 88  4.079     -0.164648       4.73306    
 89  4.080     -0.164406       4.74035    
 90  4.081     -0.163540       4.83545    
 91  4.082     -0.162091       5.00632    
 92  4.083     -0.160098       5.22806    
 93  4.084     -0.157590       5.46894    
 94  4.085     -0.154583       5.69655    
 95  4.086     -0.151080       5.88275    
 96  4.087     -0.147074       6.00642    
 97  4.088     -0.142549       6.05416    
 98  4.089     -0.137489       6.01962    
 99  4.090     -0.131881       5.90192    
100  4.091     -0.125720       5.70406    
101  4.092     -0.119008       5.43116    
102  4.093     -0.111752       5.08916    
103  4.094     -0.103963       4.68404    
104  4.095     -0.956551E-01   4.22196    
105  4.096     -0.868471E-01   3.71017    
106  4.097     -0.775615E-01   3.15833    
107  4.098     -0.678276E-01   2.57956    
108  4.099     -0.576802E-01   1.99085    
109  4.100     -0.471579E-01   1.41263    
110  4.101     -0.362988E-01  0.867532    
111  4.102     -0.251369E-01  0.378713    
112  4.103     -0.136991E-01 -0.321141E-01
113  4.104     -0.200790E-02 -0.346217    
114  4.105      0.990829E-02 -0.548032    
115  4.106      0.219999E-01 -0.623441    
116  4.107      0.341795E-01 -0.557075    
117  4.108      0.463133E-01 -0.331499    
118  4.109      0.582254E-01  0.683595E-01
119  4.110      0.697146E-01  0.644711    
120  4.111      0.805783E-01   1.37435    
121  4.112      0.906356E-01   2.20205    
122  4.113      0.997426E-01   3.04671    
123  4.114      0.107801       3.81977    
124  4.115      0.114760       4.44747    
125  4.116      0.120612       4.88663    
126  4.117      0.125384       5.12902    
127  4.118      0.129129       5.19633    
128  4.119      0.131911       5.12922    
129  4.120      0.133797       4.97458    
130  4.121      0.134855       4.77575    
131  4.122      0.135152       4.56844    
132  4.123      0.134747       4.38065    
133  4.124      0.133695       4.23307    
134  4.125      0.132037       4.13836    
135  4.126      0.129810       4.09947    
136  4.127      0.127038       4.10896    
137  4.128      0.123740       4.15044    
138  4.129      0.119926       4.20189    
139  4.130      0.115591       4.23979    
140  4.131      0.110718       4.24240    
141  4.132      0.105282       4.19152    
142  4.133      0.992512E-01   4.07297    
143  4.134      0.925995E-01   3.87654    
144  4.135      0.853083E-01   3.59623    
145  4.136      0.773721E-01   3.23112    
146  4.137      0.687987E-01   2.78637    
147  4.138      0.596071E-01   2.27378    
148  4.139      0.498243E-01   1.71170    
149  4.140      0.394833E-01   1.12426    
150  4.141      0.286231E-01  0.540102    
151  4.142      0.172895E-01 -0.937465E-02
152  4.143      0.553888E-02 -0.492051    
153  4.144     -0.655954E-02 -0.877199    
154  4.145     -0.189204E-01  -1.13707    
155  4.146     -0.314398E-01  -1.24747    
156  4.147     -0.439954E-01  -1.18810    
157  4.148     -0.564521E-01 -0.944462    
158  4.149     -0.686709E-01 -0.512601    
159  4.150     -0.805178E-01  0.950325E-01
160  4.151     -0.918691E-01  0.845521    
161  4.152     -0.102613       1.68590    
162  4.153     -0.112651       2.54937    
163  4.154     -0.121895       3.36608    
164  4.155     -0.130272       4.07514    
165  4.156     -0.137726       4.63361    
166  4.157     -0.144222       5.02039    
167  4.158     -0.149754       5.23573    
168  4.159     -0.154335       5.29829    
169  4.160     -0.158001       5.24149    
170  4.161     -0.160799       5.10914    
171  4.162     -0.162781       4.94990    
172  4.163     -0.163999       4.81060    
173  4.164     -0.164500       4.72932    
174  4.165     -0.164330       4.72968    
175  4.166     -0.163532       4.81792    
176  4.167     -0.162147       4.98329    
177  4.168     -0.160215       5.20194    
178  4.169     -0.157766       5.44260    
179  4.170     -0.154820       5.67281    
180  4.171     -0.151379       5.86397    
181  4.172     -0.147438       5.99426    
182  4.173     -0.142982       6.04960    
183  4.174     -0.137992       6.02302    
184  4.175     -0.132456       5.91329    
185  4.176     -0.126367       5.72324    
186  4.177     -0.119726       5.45798    
187  4.178     -0.112538       5.12354    
188  4.179     -0.104815       4.72595    
189  4.180     -0.965719E-01   4.27121    
190  4.181     -0.878255E-01   3.76619    
191  4.182     -0.785993E-01   3.21994    
192  4.183     -0.689221E-01   2.64490    
193  4.184     -0.588286E-01   2.05747    
194  4.185     -0.483571E-01   1.47766    
195  4.186     -0.375460E-01  0.928021    
196  4.187     -0.264297E-01  0.431904    
197  4.188     -0.150356E-01  0.114747E-01
198  4.189     -0.338645E-02 -0.314000    
199  4.190      0.849122E-02 -0.528624    
200  4.191      0.205513E-01 -0.618396    
201  4.192      0.327117E-01 -0.568512    
202  4.193      0.448444E-01 -0.362050    
203  4.194      0.567777E-01  0.164923E-01
204  4.195      0.683124E-01  0.571437    
205  4.196      0.792449E-01   1.28327    
206  4.197      0.893907E-01   2.10082    
207  4.198      0.986012E-01   2.94555    
208  4.199      0.106773       3.72880    
209  4.200      0.113849       4.37414    
210  4.201      0.119817       4.83442    
211  4.202      0.124702       5.09758    
212  4.203      0.128553       5.18253    
213  4.204      0.131433       5.12866    
214  4.205      0.133410       4.98286    
215  4.206      0.134552       4.78908    
216  4.207      0.134925       4.58358    
217  4.208      0.134592       4.39466    
218  4.209      0.133605       4.24333    
219  4.210      0.132010       4.14286    
220  4.211      0.129841       4.09727    
221  4.212      0.127127       4.10039    
222  4.213      0.123885       4.13703    
223  4.214      0.120126       4.18596    
224  4.215      0.115846       4.22396    
225  4.216      0.111032       4.22922    
226  4.217      0.105657       4.18326    
227  4.218      0.996910E-01   4.07152    
228  4.219      0.931065E-01   3.88332    
229  4.220      0.858837E-01   3.61213    
230  4.221      0.780155E-01   3.25635    
231  4.222      0.695083E-01   2.82033    
232  4.223      0.603801E-01   2.31507    
233  4.224      0.506576E-01   1.75820    
234  4.225      0.403734E-01   1.17328    
235  4.226      0.295659E-01  0.588592    
236  4.227      0.182806E-01  0.353821E-01
237  4.228      0.657248E-02 -0.454137    
238  4.229     -0.549057E-02 -0.848968    
239  4.230     -0.178250E-01  -1.12098    
240  4.231     -0.303288E-01  -1.24563    
241  4.232     -0.428815E-01  -1.20224    
242  4.233     -0.553485E-01 -0.975690    
243  4.234     -0.675907E-01 -0.560887    
244  4.235     -0.794731E-01  0.314162E-01
245  4.236     -0.908708E-01  0.770265    
246  4.237     -0.101671       1.60444    
247  4.238     -0.111774       2.46808    
248  4.239     -0.121090       3.29121    
249  4.240     -0.129546       4.01174    
250  4.241     -0.137084       4.58487    
251  4.242     -0.143668       4.98750    
252  4.243     -0.149288       5.21806    
253  4.244     -0.153955       5.29369    
254  4.245     -0.157705       5.24663    
255  4.246     -0.160581       5.11991    
256  4.247     -0.162638       4.96191    
257  4.248     -0.163924       4.81980    
258  4.249     -0.164490       4.73263    
259  4.250     -0.164381       4.72544    
260  4.251     -0.163638       4.80607    
261  4.252     -0.162306       4.96526    
262  4.253     -0.160423       5.18017    
263  4.254     -0.158020       5.42003    
264  4.255     -0.155117       5.65228    
265  4.256     -0.151721       5.84780    
266  4.257     -0.147825       5.98408    
267  4.258     -0.143415       6.04633    
268  4.259     -0.138473       6.02700    
269  4.260     -0.132987       5.92442    
270  4.261     -0.126949       5.74117    
271  4.262     -0.120359       5.48230    
272  4.263     -0.113222       5.15390    
273  4.264     -0.105550       4.76203    
274  4.265     -0.973556E-01   4.31272    
275  4.266     -0.886578E-01   3.81265    
276  4.267     -0.794784E-01   3.27054    
277  4.268     -0.698456E-01   2.69838    
278  4.269     -0.597934E-01   2.11210    
279  4.270     -0.493595E-01   1.53132    
280  4.271     -0.385825E-01  0.978340    
281  4.272     -0.274970E-01  0.476493    
282  4.273     -0.161309E-01  0.481400E-01
283  4.274     -0.450709E-02 -0.287101    
284  4.275      0.734878E-02 -0.512978    
285  4.276      0.193932E-01 -0.615342    
286  4.277      0.315479E-01 -0.579512    
287  4.278      0.436893E-01 -0.388697    
288  4.279      0.556492E-01 -0.269792E-01
289  4.280      0.672300E-01  0.511494    
290  4.281      0.782272E-01   1.20989    
291  4.282      0.884537E-01   2.02010    
292  4.283      0.977568E-01   2.86570    
293  4.284      0.106029       3.65813    
294  4.285      0.113209       4.31902    
295  4.286      0.119280       4.79801    
296  4.287      0.124265       5.07969    
297  4.288      0.128212       5.18033    
298  4.289      0.131182       5.13787    
299  4.290      0.133243       4.99896    
300  4.291      0.134462       4.80817    
301  4.292      0.134908       4.60255    
302  4.293      0.134641       4.41111    
303  4.294      0.133716       4.25556    
304  4.295      0.132179       4.14996    
305  4.296      0.130065       4.09927    
306  4.297      0.127402       4.09832    
307  4.298      0.124211       4.13266    
308  4.299      0.120501       4.18150    
309  4.300      0.116272       4.22165    
310  4.301      0.111509       4.23101    
311  4.302      0.106188       4.19071    
312  4.303      0.100280       4.08575    
313  4.304      0.937549E-01   3.90507    
314  4.305      0.865931E-01   3.64170    
315  4.306      0.787860E-01   3.29355    
316  4.307      0.703388E-01   2.86442    
317  4.308      0.612686E-01   2.36477    
318  4.309      0.516013E-01   1.81169    
319  4.310      0.413690E-01   1.22826    
320  4.311      0.306097E-01  0.642388    
321  4.312      0.193680E-01  0.850754E-01
322  4.313      0.769790E-02 -0.411544    
323  4.314     -0.433422E-02 -0.816356    
324  4.315     -0.166465E-01  -1.10098    
325  4.316     -0.291388E-01  -1.24055    
326  4.317     -0.416922E-01  -1.21393    
327  4.318     -0.541732E-01  -1.00526    
328  4.319     -0.664426E-01 -0.608148    
329  4.320     -0.783646E-01 -0.315702E-01
330  4.321     -0.898131E-01  0.695496    
331  4.322     -0.100674       1.52352    
332  4.323     -0.110847       2.38754    
333  4.324     -0.120241       3.21739    
334  4.325     -0.128781       3.94976    
335  4.326     -0.136407       4.53798    
336  4.327     -0.143081       4.95694    
337  4.328     -0.148791       5.20313    
338  4.329     -0.153547       5.29208    
339  4.330     -0.157380       5.25472    
340  4.331     -0.160336       5.13325    
341  4.332     -0.162467       4.97582    
342  4.333     -0.163824       4.83008    
343  4.334     -0.164456       4.73614    
344  4.335     -0.164409       4.72063    
345  4.336     -0.163725       4.79306    
346  4.337     -0.162447       4.94570    
347  4.338     -0.160615       5.15672    
348  4.339     -0.158261       5.39579    
349  4.340     -0.155406       5.63026    
350  4.341     -0.152058       5.83051    
351  4.342     -0.148211       5.97330    
352  4.343     -0.143852       6.04315    
353  4.344     -0.138963       6.03186    
354  4.345     -0.133530       5.93730    
355  4.346     -0.127546       5.76172    
356  4.347     -0.121010       5.51000    
357  4.348     -0.113926       5.18815    
358  4.349     -0.106306       4.80223    
359  4.350     -0.981636E-01   4.35824    
360  4.351     -0.895150E-01   3.86274    
361  4.352     -0.803825E-01   3.32421    
362  4.353     -0.707938E-01   2.75431    
363  4.354     -0.607823E-01   2.16860    
364  4.355     -0.503855E-01   1.58641    
365  4.356     -0.396422E-01   1.02985    
366  4.357     -0.285874E-01  0.522252    
367  4.358     -0.172498E-01  0.861244E-01
368  4.359     -0.565244E-02 -0.258621    
369  4.360      0.617987E-02 -0.495473    
370  4.361      0.182061E-01 -0.610232    
371  4.362      0.303521E-01 -0.588414    
372  4.363      0.424986E-01 -0.413418    
373  4.364      0.544814E-01 -0.689332E-01
374  4.365      0.661048E-01  0.452427    
375  4.366      0.771638E-01   1.13657    
376  4.367      0.874689E-01   1.93851    
377  4.368      0.968635E-01   2.78407    
378  4.369      0.105236       3.58494    
379  4.370      0.112520       4.26088    
380  4.371      0.118695       4.75835    
381  4.372      0.123781       5.05861    
382  4.373      0.127823       5.17525    
383  4.374      0.130882       5.14465    
384  4.375      0.133026       5.01316    
385  4.376      0.134322       4.82580    
386  4.377      0.134838       4.62038    
387  4.378      0.134636       4.42658    
388  4.379      0.133771       4.26679    
389  4.380      0.132290       4.15586    
390  4.381      0.130230       4.09970    
391  4.382      0.127619       4.09416    
392  4.383      0.124477       4.12561    
393  4.384      0.120817       4.17372    
394  4.385      0.116638       4.21538    
395  4.386      0.111928       4.22830    
396  4.387      0.106662       4.19325    
397  4.388      0.100812       4.09488    
398  4.389      0.943472E-01   3.92174    
399  4.390      0.872473E-01   3.66643    
400  4.391      0.795022E-01   3.32635    
401  4.392      0.711160E-01   2.90472    
402  4.393      0.621046E-01   2.41132    
403  4.394      0.524932E-01   1.86263    
404  4.395      0.423136E-01   1.28123    
405  4.396      0.316031E-01  0.694618    
406  4.397      0.204057E-01  0.133611    
407  4.398      0.877426E-02 -0.369666    
408  4.399     -0.322590E-02 -0.783914    
409  4.400     -0.155144E-01  -1.08044    
410  4.401     -0.279929E-01  -1.23406    
411  4.402     -0.405440E-01  -1.22328    
412  4.403     -0.530351E-01  -1.03164    
413  4.404     -0.653271E-01 -0.651687    
414  4.405     -0.772836E-01 -0.907662E-01
415  4.406     -0.887776E-01  0.624057    
416  4.407     -0.996940E-01   1.44501    
417  4.408     -0.109930       2.30823    
418  4.409     -0.119396       3.14355    
419  4.410     -0.128015       3.88662    
420  4.411     -0.135724       4.48902    
421  4.412     -0.142485       4.92363    
422  4.413     -0.148281       5.18509    
423  4.414     -0.153122       5.28730    
424  4.415     -0.157037       5.25995    
425  4.416     -0.160071       5.14439    
426  4.417     -0.162274       4.98846    
427  4.418     -0.163700       4.84010    
428  4.419     -0.164395       4.74036    
429  4.420     -0.164407       4.71724    
430  4.421     -0.163779       4.78187    
431  4.422     -0.162554       4.92796    
432  4.423     -0.160770       5.13478    
433  4.424     -0.158462       5.37251    
434  4.425     -0.155653       5.60848    
435  4.426     -0.152349       5.81264    
436  4.427     -0.148548       5.96113    
437  4.428     -0.144237       6.03776    
438  4.429     -0.139397       6.03375    
439  4.430     -0.134015       5.94651    
440  4.431     -0.128083       5.77797    
441  4.432     -0.121597       5.53287    
442  4.433     -0.114565       5.21716    
443  4.434     -0.106995       4.83695    
444  4.435     -0.989003E-01   4.39820    
445  4.436     -0.902988E-01   3.90737    
446  4.437     -0.812114E-01   3.37268    
447  4.438     -0.716651E-01   2.80542    
448  4.439     -0.616928E-01   2.22078    
449  4.440     -0.513319E-01   1.63774    
450  4.441     -0.406210E-01   1.07823    
451  4.442     -0.295957E-01  0.565516    
452  4.443     -0.182854E-01  0.122270    
453  4.444     -0.671330E-02 -0.231296    
454  4.445      0.509634E-02 -0.478371    
455  4.446      0.171046E-01 -0.604638    
456  4.447      0.292410E-01 -0.595756    
457  4.448      0.413906E-01 -0.435331    
458  4.449      0.533927E-01 -0.106802    
459  4.450      0.650537E-01  0.398486    
460  4.451      0.761687E-01   1.06886    
461  4.452      0.865457E-01   1.86230    
462  4.453      0.960248E-01   2.70691    
463  4.454      0.104490       3.51485    
464  4.455      0.111871       4.20432    
465  4.456      0.118144       4.71893    
466  4.457      0.123325       5.03676    
467  4.458      0.127457       5.16876    
468  4.459      0.130601       5.14975    
469  4.460      0.132824       5.02566    
470  4.461      0.134193       4.84192    
471  4.462      0.134776       4.63706    
472  4.463      0.134635       4.44142    
473  4.464      0.133828       4.27800    
474  4.465      0.132401       4.16233    
475  4.466      0.130391       4.10120    
476  4.467      0.127828       4.09136    
477  4.468      0.124734       4.11998    
478  4.469      0.121120       4.16721    
479  4.470      0.116988       4.21007    
480  4.471      0.112326       4.22609    
481  4.472      0.107112       4.19577    
482  4.473      0.101315       4.10338    
483  4.474      0.949072E-01   3.93716    
484  4.475      0.878653E-01   3.68933    
485  4.476      0.801786E-01   3.35681    
486  4.477      0.718499E-01   2.94225    
487  4.478      0.628942E-01   2.45485    
488  4.479      0.533361E-01   1.91050    
489  4.480      0.432067E-01   1.33127    
490  4.481      0.325428E-01  0.744271    
491  4.482      0.213879E-01  0.180084    
492  4.483      0.979394E-02 -0.329196    
493  4.484     -0.217498E-02 -0.752132    
494  4.485     -0.144399E-01  -1.05976    
495  4.486     -0.269042E-01  -1.22657    
496  4.487     -0.394519E-01  -1.23074    
497  4.488     -0.519516E-01  -1.05525    
498  4.489     -0.642642E-01 -0.691638    
499  4.490     -0.762528E-01 -0.145764    
500  4.491     -0.877893E-01  0.557121    
501  4.492     -0.987578E-01   1.37095    
502  4.493     -0.109055       2.23291    
503  4.494     -0.118589       3.07297    
504  4.495     -0.127281       3.82585    
505  4.496     -0.135069       4.44151    
506  4.497     -0.141912       4.89093    
507  4.498     -0.147790       5.16696    
508  4.499     -0.152712       5.28198    
509  4.500     -0.156705       5.26444    
510  4.501     -0.159812       5.15483    
511  4.502     -0.162085       5.00066    
512  4.503     -0.163575       4.85009    
513  4.504     -0.164332       4.74502    
514  4.505     -0.164401       4.71475    
515  4.506     -0.163826       4.77190    
516  4.507     -0.162650       4.91161    
517  4.508     -0.160914       5.11422    
518  4.509     -0.158650       5.35043    
519  4.510     -0.155883       5.58762    
520  4.511     -0.152623       5.79535    
521  4.512     -0.148866       5.94916    
522  4.513     -0.144599       6.03220    
523  4.514     -0.139806       6.03512    
524  4.515     -0.134472       5.95487    
525  4.516     -0.128588       5.79307    
526  4.517     -0.122152       5.55430    
527  4.518     -0.115167       5.24445    
528  4.519     -0.107644       4.86967    
529  4.520     -0.995964E-01   4.43588    
530  4.521     -0.910397E-01   3.94948    
531  4.522     -0.819951E-01   3.41844    
532  4.523     -0.724893E-01   2.85375    
533  4.524     -0.625544E-01   2.27023    
534  4.525     -0.522278E-01   1.68655    
535  4.526     -0.415479E-01   1.12442    
536  4.527     -0.305509E-01  0.607048    
537  4.528     -0.192666E-01  0.157242    
538  4.529     -0.771881E-02 -0.204533    
539  4.530      0.406896E-02 -0.461177    
540  4.531      0.160597E-01 -0.598248    
541  4.532      0.281860E-01 -0.601519    
542  4.533      0.403370E-01 -0.454791    
543  4.534      0.523559E-01 -0.141315    
544  4.535      0.640509E-01  0.348669    
545  4.536      0.752172E-01   1.00570    
546  4.537      0.856609E-01   1.79055    
547  4.538      0.952191E-01   2.63356    
548  4.539      0.103771       3.44750    
549  4.540      0.111244       4.14930    
550  4.541      0.117610       4.67989    
551  4.542      0.122881       5.01438    
552  4.543      0.127099       5.16118    
553  4.544      0.130324       5.15348    
554  4.545      0.132621       5.03675    
555  4.546      0.134059       4.85674    
556  4.547      0.134706       4.65264    
557  4.548      0.134625       4.45543    
558  4.549      0.133872       4.28867    
559  4.550      0.132495       4.16859    
560  4.551      0.130534       4.10273    
561  4.552      0.128017       4.08874    
562  4.553      0.124967       4.11453    
563  4.554      0.121397       4.16075    
564  4.555      0.117310       4.20456    
565  4.556      0.112694       4.22337    
566  4.557      0.107528       4.19738    
567  4.558      0.101783       4.11059    
568  4.559      0.954285E-01   3.95087    
569  4.560      0.884415E-01   3.71010    
570  4.561      0.808103E-01   3.38478    
571  4.562      0.725364E-01   2.97702    
572  4.563      0.636338E-01   2.49544    
573  4.564      0.541264E-01   1.95538    
574  4.565      0.440450E-01   1.37841    
575  4.566      0.334258E-01  0.791261    
576  4.567      0.223116E-01  0.224315    
577  4.568      0.107537E-01 -0.290406    
578  4.569     -0.118495E-02 -0.721327    
579  4.570     -0.134267E-01  -1.03923    
580  4.571     -0.258764E-01  -1.21832    
581  4.572     -0.384198E-01  -1.23645    
582  4.573     -0.509262E-01  -1.07613    
583  4.574     -0.632569E-01 -0.728009    
584  4.575     -0.752745E-01 -0.196557    
585  4.576     -0.868501E-01  0.494676    
586  4.577     -0.978667E-01   1.30126    
587  4.578     -0.108220       2.16149    
588  4.579     -0.117817       3.00551    
589  4.580     -0.126579       3.76726    
590  4.581     -0.134441       4.39521    
591  4.582     -0.141360       4.85857    
592  4.583     -0.147316       5.14845    
593  4.584     -0.152314       5.27578    
594  4.585     -0.156380       5.26782    
595  4.586     -0.159558       5.16423    
596  4.587     -0.161896       5.01212    
597  4.588     -0.163447       4.85983    
598  4.589     -0.164262       4.74998    
599  4.590     -0.164385       4.71307    
600  4.591     -0.163861       4.76314    
601  4.592     -0.162732       4.89668    
602  4.593     -0.161040       5.09505    
603  4.594     -0.158818       5.32955    
604  4.595     -0.156091       5.56760    
605  4.596     -0.152871       5.77845    
606  4.597     -0.149154       5.93708    
607  4.598     -0.144930       6.02604    
608  4.599     -0.140181       6.03540    
609  4.600     -0.134892       5.96169    
610  4.601     -0.129054       5.80623    
611  4.602     -0.122663       5.57341    
612  4.603     -0.115723       5.26911    
613  4.604     -0.108245       4.89945    
614  4.605     -0.100241       4.47040    
615  4.606     -0.917262E-01   3.98823    
616  4.607     -0.827220E-01   3.46074    
617  4.608     -0.732542E-01   2.89860    
618  4.609     -0.633548E-01   2.31630    
619  4.610     -0.530605E-01   1.73221    
620  4.611     -0.424099E-01   1.16780    
621  4.612     -0.314396E-01  0.646240    
622  4.613     -0.201798E-01  0.190433    
623  4.614     -0.865472E-02 -0.178914    
624  4.615      0.311240E-02 -0.444424    
625  4.616      0.150862E-01 -0.591508    
626  4.617      0.272024E-01 -0.606028    
627  4.618      0.393538E-01 -0.471972    
628  4.619      0.513870E-01 -0.172474    
629  4.620      0.631124E-01  0.303171    
630  4.621      0.743255E-01  0.947486    
631  4.622      0.848306E-01   1.72384    
632  4.623      0.944619E-01   2.56474    
633  4.624      0.103096       3.38373    
634  4.625      0.110654       4.09665    
635  4.626      0.117107       4.64204    
636  4.627      0.122462       4.99219    
637  4.628      0.126761       5.15306    
638  4.629      0.130062       5.15628    
639  4.630      0.132430       5.04676    
640  4.631      0.133934       4.87051    
641  4.632      0.134641       4.66734    
642  4.633      0.134615       4.46884    
643  4.634      0.133913       4.29912    
644  4.635      0.132585       4.17498    
645  4.636      0.130669       4.10473    
646  4.637      0.128195       4.08680    
647  4.638      0.125187       4.10984    
648  4.639      0.121659       4.15499    
649  4.640      0.117613       4.19955    
650  4.641      0.113040       4.22084    
651  4.642      0.107920       4.19881    
652  4.643      0.102222       4.11715    
653  4.644      0.959172E-01   3.96345    
654  4.645      0.889818E-01   3.72927    
655  4.646      0.814027E-01   3.41069    
656  4.647      0.731803E-01   3.00935    
657  4.648      0.643277E-01   2.53332    
658  4.649      0.548682E-01   1.99741    
659  4.650      0.448320E-01   1.42272    
660  4.651      0.342551E-01  0.835641    
661  4.652      0.231796E-01  0.266296    
662  4.653      0.116560E-01 -0.253340    
663  4.654     -0.253659E-03 -0.691592    
664  4.655     -0.124730E-01  -1.01902    
665  4.656     -0.249084E-01  -1.20953    
666  4.657     -0.374468E-01  -1.24072    
667  4.658     -0.499587E-01  -1.09463    
668  4.659     -0.623058E-01 -0.761108    
669  4.660     -0.743501E-01 -0.243367    
670  4.661     -0.859619E-01  0.436639    
671  4.662     -0.970232E-01   1.23604    
672  4.663     -0.107429       2.09423    
673  4.664     -0.117085       2.94159    
674  4.665     -0.125911       3.71138    
675  4.666     -0.133843       4.35072    
676  4.667     -0.140834       4.82712    
677  4.668     -0.146864       5.13012    
678  4.669     -0.151934       5.26919    
679  4.670     -0.156070       5.27048    
680  4.671     -0.159313       5.17283    
681  4.672     -0.161713       5.02295    
682  4.673     -0.163323       4.86929    
683  4.674     -0.164192       4.75513    
684  4.675     -0.164366       4.71205    
685  4.676     -0.163890       4.75543    
686  4.677     -0.162806       4.88303    
687  4.678     -0.161155       5.07725    
688  4.679     -0.158973       5.30995    
689  4.680     -0.156284       5.54864    
690  4.681     -0.153102       5.76228    
691  4.682     -0.149424       5.92536    
692  4.683     -0.145239       6.01983    
693  4.684     -0.140532       6.03526    
694  4.685     -0.135285       5.96773    
695  4.686     -0.129489       5.81826    
696  4.687     -0.123142       5.59109    
697  4.688     -0.116245       5.29204    
698  4.689     -0.108809       4.92724    
699  4.690     -0.100846       4.50266    
700  4.691     -0.923708E-01   4.02451    
701  4.692     -0.834049E-01   3.50040    
702  4.693     -0.739733E-01   2.94075    
703  4.694     -0.641075E-01   2.35970    
704  4.695     -0.538440E-01   1.77534    
705  4.696     -0.432213E-01   1.20893    
706  4.697     -0.322763E-01  0.683575    
707  4.698     -0.210399E-01  0.222254    
708  4.699     -0.953655E-02 -0.154105    
709  4.700      0.221080E-02 -0.427871    
710  4.701      0.141682E-01 -0.584301    
711  4.702      0.262741E-01 -0.609323    
712  4.703      0.384248E-01 -0.487105    
713  4.704      0.504702E-01 -0.200705    
714  4.705      0.622229E-01  0.261396    
715  4.706      0.734786E-01  0.893519    
716  4.707      0.840404E-01   1.66145    
717  4.708      0.937397E-01   2.49984    
718  4.709      0.102449       3.32304    
719  4.710      0.110088       4.04599    
720  4.711      0.116622       4.60508    
721  4.712      0.122058       4.96996    
722  4.713      0.126433       5.14425    
723  4.714      0.129805       5.15799    
724  4.715      0.132240       5.05551    
725  4.716      0.133806       4.88305    
726  4.717      0.134570       4.68096    
727  4.718      0.134597       4.48140    
728  4.719      0.133944       4.30900    
729  4.720      0.132661       4.18111    
730  4.721      0.130788       4.10672    
731  4.722      0.128355       4.08504    
732  4.723      0.125387       4.10539    
733  4.724      0.121898       4.14937    
734  4.725      0.117891       4.19450    
735  4.726      0.113359       4.21799    
736  4.727      0.108281       4.19956    
737  4.728      0.102628       4.12266    
738  4.729      0.963706E-01   3.97458    
739  4.730      0.894839E-01   3.74659    
740  4.731      0.819541E-01   3.43439    
741  4.732      0.737805E-01   3.03917    
742  4.733      0.649755E-01   2.56848    
743  4.734      0.555615E-01   2.03663    
744  4.735      0.455684E-01   1.46427    
745  4.736      0.350318E-01  0.877444    
746  4.737      0.239932E-01  0.306050    
747  4.738      0.125026E-01 -0.217999    
748  4.739      0.620984E-03 -0.662948    
749  4.740     -0.115764E-01 -0.999138    
750  4.741     -0.239972E-01  -1.20024    
751  4.742     -0.365298E-01  -1.24355    
752  4.743     -0.490457E-01  -1.11075    
753  4.744     -0.614068E-01 -0.790974    
754  4.745     -0.734749E-01 -0.286261    
755  4.746     -0.851195E-01  0.382911    
756  4.747     -0.962217E-01   1.17516    
757  4.748     -0.106675       2.03095    
758  4.749     -0.116386       2.88099    
759  4.750     -0.125273       3.65796    
760  4.751     -0.133269       4.30771    
761  4.752     -0.140327       4.79624    
762  4.753     -0.146425       5.11153    
763  4.754     -0.151562       5.26174    
764  4.755     -0.155763       5.27193    
765  4.756     -0.159069       5.18013    
766  4.757     -0.161527       5.03266    
767  4.758     -0.163192       4.87802    
768  4.759     -0.164112       4.76006    
769  4.760     -0.164334       4.71134    
770  4.761     -0.163903       4.74847    
771  4.762     -0.162861       4.87044    
772  4.763     -0.161250       5.06060    
773  4.764     -0.159104       5.29138    
774  4.765     -0.156451       5.53044    
775  4.766     -0.153304       5.74648    
776  4.767     -0.149663       5.91354    
777  4.768     -0.145515       6.01304    
778  4.769     -0.140846       6.03404    
779  4.770     -0.135639       5.97223    
780  4.771     -0.129883       5.82834    
781  4.772     -0.123576       5.60645    
782  4.773     -0.116720       5.31233    
783  4.774     -0.109323       4.95211    
784  4.775     -0.101398       4.53175    
785  4.776     -0.929612E-01   4.05742    
786  4.777     -0.840313E-01   3.53658    
787  4.778     -0.746338E-01   2.97937    
788  4.779     -0.647998E-01   2.39965    
789  4.780     -0.545654E-01   1.81521    
790  4.781     -0.439693E-01   1.24713    
791  4.782     -0.330484E-01  0.718419    
792  4.783     -0.218342E-01  0.252127    
793  4.784     -0.103515E-01 -0.130611    
794  4.785      0.137683E-02 -0.411929    
795  4.786      0.133182E-01 -0.576931    
796  4.787      0.254135E-01 -0.611593    
797  4.788      0.375622E-01 -0.500257    
798  4.789      0.496173E-01 -0.225947    
799  4.790      0.613936E-01  0.223542    
800  4.791      0.726872E-01  0.844129    
801  4.792      0.833001E-01   1.60383    
802  4.793      0.930613E-01   2.43933    
803  4.794      0.101840       3.26588    
804  4.795      0.109553       3.99773    
805  4.796      0.116163       4.56931    
806  4.797      0.121672       4.94784    
807  4.798      0.126118       5.13473    
808  4.799      0.129557       5.15850    
809  4.800      0.132054       5.06285    
810  4.801      0.133678       4.89417    
811  4.802      0.134495       4.69331    
812  4.803      0.134570       4.49296    
813  4.804      0.133962       4.31821    
814  4.805      0.132722       4.18692    
815  4.806      0.130888       4.10871    
816  4.807      0.128494       4.08346    
817  4.808      0.125562       4.10118    
818  4.809      0.122109       4.14391    
819  4.810      0.118138       4.18935    
820  4.811      0.113644       4.21469    
821  4.812      0.108604       4.19945    
822  4.813      0.102993       4.12682    
823  4.814      0.967788E-01   3.98385    
824  4.815      0.899370E-01   3.76152    
825  4.816      0.824526E-01   3.45521    
826  4.817      0.743242E-01   3.06569    
827  4.818      0.655632E-01   2.60003    
828  4.819      0.561914E-01   2.07207    
829  4.820      0.462384E-01   1.50204    
830  4.821      0.357392E-01  0.915649    
831  4.822      0.247350E-01  0.342574    
832  4.823      0.132751E-01 -0.185352    
833  4.824      0.141979E-02 -0.636289    
834  4.825     -0.107569E-01 -0.980397    
835  4.826     -0.231636E-01  -1.19110    
836  4.827     -0.356902E-01  -1.24547    
837  4.828     -0.482091E-01  -1.12482    
838  4.829     -0.605824E-01 -0.817663    
839  4.830     -0.726718E-01 -0.325001    
840  4.831     -0.843460E-01  0.334033    
841  4.832     -0.954854E-01   1.11944    
842  4.833     -0.105983       1.97271    
843  4.834     -0.115743       2.82488    
844  4.835     -0.124685       3.60819    
845  4.836     -0.132740       4.26738    
846  4.837     -0.139860       4.76702    
847  4.838     -0.146020       5.09368    
848  4.839     -0.151220       5.25427    
849  4.840     -0.155481       5.27284    
850  4.841     -0.158844       5.18667    
851  4.842     -0.161357       5.04167    
852  4.843     -0.163072       4.88636    
853  4.844     -0.164040       4.76507    
854  4.845     -0.164306       4.71124    
855  4.846     -0.163917       4.74261    
856  4.847     -0.162914       4.85930    
857  4.848     -0.161339       5.04560    
858  4.849     -0.159227       5.27447    
859  4.850     -0.156607       5.51372    
860  4.851     -0.153493       5.73186    
861  4.852     -0.149884       5.90251    
862  4.853     -0.145770       6.00659    
863  4.854     -0.141136       6.03271    
864  4.855     -0.135965       5.97615    
865  4.856     -0.130247       5.83741    
866  4.857     -0.123977       5.62040    
867  4.858     -0.117158       5.33082    
868  4.859     -0.109797       4.97482    
869  4.860     -0.101908       4.55838    
870  4.861     -0.935058E-01   4.08762    
871  4.862     -0.846092E-01   3.56983    
872  4.863     -0.752434E-01   3.01496    
873  4.864     -0.654389E-01   2.43655    
874  4.865     -0.552317E-01   1.85215    
875  4.866     -0.446603E-01   1.28264    
876  4.867     -0.337618E-01  0.750944    
877  4.868     -0.225682E-01  0.280161    
878  4.869     -0.111046E-01 -0.108408    
879  4.870      0.606166E-03 -0.396652    
880  4.871      0.125326E-01 -0.569533    
881  4.872      0.246178E-01 -0.613047    
882  4.873      0.367641E-01 -0.511688    
883  4.874      0.488276E-01 -0.248475    
884  4.875      0.606250E-01  0.189378    
885  4.876      0.719529E-01  0.799205    
886  4.877      0.826124E-01   1.55106    
887  4.878      0.924302E-01   2.38354    
888  4.879      0.101273       3.21280    
889  4.880      0.109055       3.95256    
890  4.881      0.115733       4.53550    
891  4.882      0.121311       4.92662    
892  4.883      0.125823       5.12524    
893  4.884      0.129324       5.15845    
894  4.885      0.131879       5.06930    
895  4.886      0.133556       4.90426    
896  4.887      0.134422       4.70466    
897  4.888      0.134543       4.50367    
898  4.889      0.133978       4.32684    
899  4.890      0.132776       4.19249    
900  4.891      0.130980       4.11077    
901  4.892      0.128621       4.08223    
902  4.893      0.125724       4.09748    
903  4.894      0.122304       4.13900    
904  4.895      0.118367       4.18469    
905  4.896      0.113907       4.21169    
906  4.897      0.108904       4.19935    
907  4.898      0.103331       4.13063    
908  4.899      0.971571E-01   3.99235    
909  4.900      0.903570E-01   3.77526    
910  4.901      0.829150E-01   3.47441    
911  4.902      0.748287E-01   3.09017    
912  4.903      0.661088E-01   2.62922    
913  4.904      0.567766E-01   2.10494    
914  4.905      0.468610E-01   1.53717    
915  4.906      0.363968E-01  0.951298    
916  4.907      0.254250E-01  0.376798    
917  4.908      0.139942E-01 -0.154575    
918  4.909      0.216378E-02 -0.610932    
919  4.910     -0.999297E-02 -0.962263    
920  4.911     -0.223860E-01  -1.18178    
921  4.912     -0.349061E-01  -1.24633    
922  4.913     -0.474268E-01  -1.13693    
923  4.914     -0.598107E-01 -0.841507    
924  4.915     -0.719189E-01 -0.360135    
925  4.916     -0.836198E-01  0.289292    
926  4.917     -0.947929E-01   1.06807    
927  4.918     -0.105330       1.91867    
928  4.919     -0.115137       2.77250    
929  4.920     -0.124129       3.56141    
930  4.921     -0.132238       4.22914    
931  4.922     -0.139415       4.73896    
932  4.923     -0.145633       5.07613    
933  4.924     -0.150890       5.24641    
934  4.925     -0.155207       5.27287    
935  4.926     -0.158623       5.19210    
936  4.927     -0.161186       5.04958    
937  4.928     -0.162948       4.89384    
938  4.929     -0.163959       4.76962    
939  4.930     -0.164268       4.71117    
940  4.931     -0.163917       4.73724    
941  4.932     -0.162950       4.84901    
942  4.933     -0.161408       5.03161    
943  4.934     -0.159329       5.25857    
944  4.935     -0.156739       5.49784    
945  4.936     -0.153655       5.71777    
946  4.937     -0.150076       5.89161    
947  4.938     -0.145994       5.99983    
948  4.939     -0.141393       6.03061    
949  4.940     -0.136256       5.97888    
950  4.941     -0.130572       5.84489    
951  4.942     -0.124336       5.63239    
952  4.943     -0.117551       5.34704    
953  4.944     -0.110225       4.99497    
954  4.945     -0.102369       4.58218    
955  4.946     -0.939986E-01   4.11474    
956  4.947     -0.851331E-01   3.59984    
957  4.948     -0.757967E-01   3.04719    
958  4.949     -0.660198E-01   2.47010    
959  4.950     -0.558380E-01   1.88585    
960  4.951     -0.452896E-01   1.31516    
961  4.952     -0.344122E-01  0.780850    
962  4.953     -0.232380E-01  0.306065    
963  4.954     -0.117925E-01 -0.877312E-01
964  4.955     -0.983998E-04 -0.382230    
965  4.956      0.118136E-01 -0.562247    
966  4.957      0.238886E-01 -0.613793    
967  4.958      0.360317E-01 -0.521504    
968  4.959      0.481016E-01 -0.268420    
969  4.960      0.599169E-01  0.158731    
970  4.961      0.712749E-01  0.758533    
971  4.962      0.819758E-01   1.50289    
972  4.963      0.918445E-01   2.33219    
973  4.964      0.100745       3.16352    
974  4.965      0.108589       3.91019    
975  4.966      0.115331       4.50336    
976  4.967      0.120971       4.90598    
977  4.968      0.125543       5.11547    
978  4.969      0.129101       5.15751    
979  4.970      0.131709       5.07452    
980  4.971      0.133435       4.91304    
981  4.972      0.134347       4.71477    
982  4.973      0.134509       4.51335    
983  4.974      0.133982       4.33472    
984  4.975      0.132817       4.19760    
985  4.976      0.131054       4.11267    
986  4.977      0.128727       4.08105    
987  4.978      0.125861       4.09392    
988  4.979      0.122472       4.13419    
989  4.980      0.118566       4.17994    
990  4.981      0.114137       4.20829    
991  4.982      0.109167       4.19846    
992  4.983      0.103629       4.13319    
993  4.984      0.974914E-01   3.99913    
994  4.985      0.907292E-01   3.78677    
995  4.986      0.833258E-01   3.49089    
996  4.987      0.752779E-01   3.11153    
997  4.988      0.665956E-01   2.65495    
998  4.989      0.572994E-01   2.13414    
999  4.990      0.474181E-01   1.56857    
