# [0_3/90]_s                                                                      
# Operating point sequence...
# i     t     RY pos[ 1]    Theta[ 1]    
  1  8.982     -0.770569E-01  -1.08494    
  2  8.983     -0.738478E-01  -1.27127    
  3  8.984     -0.709270E-01  -1.45320    
  4  8.985     -0.684003E-01  -1.63335    
  5  8.986     -0.663129E-01  -1.81152    
  6  8.987     -0.646865E-01  -1.98712    
  7  8.988     -0.635300E-01  -2.15927    
  8  8.989     -0.628433E-01  -2.32695    
  9  8.990     -0.626181E-01  -2.48901    
 10  8.991     -0.628390E-01  -2.64430    
 11  8.992     -0.634859E-01  -2.79175    
 12  8.993     -0.645371E-01  -2.93049    
 13  8.994     -0.659717E-01  -3.05991    
 14  8.995     -0.677719E-01  -3.17951    
 15  8.996     -0.699226E-01  -3.28882    
 16  8.997     -0.724118E-01  -3.38724    
 17  8.998     -0.752305E-01  -3.47401    
 18  8.999     -0.783716E-01  -3.54827    
 19  9.000     -0.818303E-01  -3.60912    
 20  9.001     -0.856023E-01  -3.65585    
 21  9.002     -0.896828E-01  -3.68792    
 22  9.003     -0.940638E-01  -3.70502    
 23  9.004     -0.987317E-01  -3.70697    
 24  9.005     -0.103666      -3.69361    
 25  9.006     -0.108839      -3.66475    
 26  9.007     -0.114216      -3.62020    
 27  9.008     -0.119762      -3.55990    
 28  9.009     -0.125438      -3.48409    
 29  9.010     -0.131208      -3.39354    
 30  9.011     -0.137040      -3.28962    
 31  9.012     -0.142905      -3.17435    
 32  9.013     -0.148778      -3.05014    
 33  9.014     -0.154636      -2.91946    
 34  9.015     -0.160461      -2.78451    
 35  9.016     -0.166235      -2.64682    
 36  9.017     -0.171943      -2.50711    
 37  9.018     -0.177567      -2.36528    
 38  9.019     -0.183091      -2.22065    
 39  9.020     -0.188498      -2.07246    
 40  9.021     -0.193770      -1.92035    
 41  9.022     -0.198889      -1.76478    
 42  9.023     -0.203837      -1.60727    
 43  9.024     -0.208601      -1.45029    
 44  9.025     -0.213169      -1.29681    
 45  9.026     -0.217535      -1.14975    
 46  9.027     -0.221694      -1.01131    
 47  9.028     -0.225646     -0.882521    
 48  9.029     -0.229395     -0.763036    
 49  9.030     -0.232941     -0.651201    
 50  9.031     -0.236289     -0.544438    
 51  9.032     -0.239438     -0.439750    
 52  9.033     -0.242390     -0.334287    
 53  9.034     -0.245141     -0.225824    
 54  9.035     -0.247690     -0.113083    
 55  9.036     -0.250030      0.413499E-02
 56  9.037     -0.252158      0.125022    
 57  9.038     -0.254069      0.248002    
 58  9.039     -0.255758      0.371079    
 59  9.040     -0.257222      0.492235    
 60  9.041     -0.258461      0.609798    
 61  9.042     -0.259474      0.722709    
 62  9.043     -0.260263      0.830644    
 63  9.044     -0.260830      0.933963    
 64  9.045     -0.261176       1.03349    
 65  9.046     -0.261304       1.13016    
 66  9.047     -0.261214       1.22472    
 67  9.048     -0.260903       1.31728    
 68  9.049     -0.260371       1.40723    
 69  9.050     -0.259614       1.49310    
 70  9.051     -0.258629       1.57280    
 71  9.052     -0.257412       1.64385    
 72  9.053     -0.255962       1.70384    
 73  9.054     -0.254275       1.75080    
 74  9.055     -0.252354       1.78354    
 75  9.056     -0.250199       1.80182    
 76  9.057     -0.247814       1.80634    
 77  9.058     -0.245203       1.79853    
 78  9.059     -0.242372       1.78029    
 79  9.060     -0.239326       1.75360    
 80  9.061     -0.236071       1.72021    
 81  9.062     -0.232613       1.68146    
 82  9.063     -0.228956       1.63817    
 83  9.064     -0.225104       1.59073    
 84  9.065     -0.221063       1.53925    
 85  9.066     -0.216838       1.48377    
 86  9.067     -0.212434       1.42449    
 87  9.068     -0.207857       1.36188    
 88  9.069     -0.203117       1.29677    
 89  9.070     -0.198223       1.23023    
 90  9.071     -0.193186       1.16348    
 91  9.072     -0.188018       1.09762    
 92  9.073     -0.182731       1.03348    
 93  9.074     -0.177340      0.971373    
 94  9.075     -0.171856      0.911093    
 95  9.076     -0.166294      0.851859    
 96  9.077     -0.160665      0.792431    
 97  9.078     -0.154983      0.731274    
 98  9.079     -0.149261      0.666735    
 99  9.080     -0.143512      0.597220    
100  9.081     -0.137751      0.521315    
101  9.082     -0.131995      0.437848    
102  9.083     -0.126263      0.345894    
103  9.084     -0.120574      0.244742    
104  9.085     -0.114954      0.133851    
105  9.086     -0.109428      0.128273E-01
106  9.087     -0.104028     -0.118559    
107  9.088     -0.987869E-01 -0.260319    
108  9.089     -0.937401E-01 -0.412161    
109  9.090     -0.889265E-01 -0.573424    
110  9.091     -0.843862E-01 -0.743032    
111  9.092     -0.801597E-01 -0.919535    
112  9.093     -0.762866E-01  -1.10119    
113  9.094     -0.728039E-01  -1.28611    
114  9.095     -0.697443E-01  -1.47245    
115  9.096     -0.671348E-01  -1.65849    
116  9.097     -0.649959E-01  -1.84278    
117  9.098     -0.633405E-01  -2.02402    
118  9.099     -0.621734E-01  -2.20100    
119  9.100     -0.614908E-01  -2.37251    
120  9.101     -0.612800E-01  -2.53730    
121  9.102     -0.615210E-01  -2.69423    
122  9.103     -0.621903E-01  -2.84238    
123  9.104     -0.632638E-01  -2.98107    
124  9.105     -0.647201E-01  -3.10981    
125  9.106     -0.665409E-01  -3.22815    
126  9.107     -0.687120E-01  -3.33555    
127  9.108     -0.712225E-01  -3.43128    
128  9.109     -0.740646E-01  -3.51443    
129  9.110     -0.772331E-01  -3.58410    
130  9.111     -0.807251E-01  -3.63945    
131  9.112     -0.845380E-01  -3.67992    
132  9.113     -0.886678E-01  -3.70520    
133  9.114     -0.931060E-01  -3.71523    
134  9.115     -0.978372E-01  -3.71006    
135  9.116     -0.102838      -3.68977    
136  9.117     -0.108078      -3.65437    
137  9.118     -0.113521      -3.60387    
138  9.119     -0.119127      -3.53832    
139  9.120     -0.124858      -3.45810    
140  9.121     -0.130677      -3.36405    
141  9.122     -0.136553      -3.25766    
142  9.123     -0.142457      -3.14099    
143  9.124     -0.148366      -3.01646    
144  9.125     -0.154257      -2.88649    
145  9.126     -0.160114      -2.75310    
146  9.127     -0.165918      -2.61755    
147  9.128     -0.171653      -2.48020    
148  9.129     -0.177302      -2.34059    
149  9.130     -0.182848      -2.19777    
150  9.131     -0.188272      -2.05081    
151  9.132     -0.193555      -1.89938    
152  9.133     -0.198678      -1.74410    
153  9.134     -0.203624      -1.58674    
154  9.135     -0.208380      -1.42997    
155  9.136     -0.212936      -1.27687    
156  9.137     -0.217286      -1.13032    
157  9.138     -0.221429     -0.992296    
158  9.139     -0.225367     -0.863520    
159  9.140     -0.229102     -0.743262    
160  9.141     -0.232638     -0.629549    
161  9.142     -0.235977     -0.519584    
162  9.143     -0.239119     -0.410320    
163  9.144     -0.242065     -0.299023    
164  9.145     -0.244810     -0.183751    
165  9.146     -0.247350     -0.636330E-01
166  9.147     -0.249680      0.610578E-01
167  9.148     -0.251794      0.189045    
168  9.149     -0.253685      0.318353    
169  9.150     -0.255352      0.446712    
170  9.151     -0.256790      0.571982    
171  9.152     -0.258001      0.692523    
172  9.153     -0.258983      0.807430    
173  9.154     -0.259740      0.916601    
174  9.155     -0.260274       1.02061    
175  9.156     -0.260587       1.12045    
176  9.157     -0.260680       1.21712    
177  9.158     -0.260553       1.31127    
178  9.159     -0.260202       1.40287    
179  9.160     -0.259627       1.49104    
180  9.161     -0.258822       1.57409    
181  9.162     -0.257783       1.64974    
182  9.163     -0.256508       1.71545    
183  9.164     -0.254993       1.76891    
184  9.165     -0.253239       1.80841    
185  9.166     -0.251245       1.83314    
186  9.167     -0.249015       1.84330    
187  9.168     -0.246553       1.84002    
188  9.169     -0.243864       1.82511    
189  9.170     -0.240955       1.80071    
190  9.171     -0.237830       1.76888    
191  9.172     -0.234497       1.73135    
192  9.173     -0.230960       1.68934    
193  9.174     -0.227223       1.64350    
194  9.175     -0.223292       1.59405    
195  9.176     -0.219170       1.54100    
196  9.177     -0.214863       1.48438    
197  9.178     -0.210376       1.42442    
198  9.179     -0.205717       1.36169    
199  9.180     -0.200895       1.29710    
200  9.181     -0.195920       1.23179    
201  9.182     -0.190804       1.16691    
202  9.183     -0.185560       1.10347    
203  9.184     -0.180202       1.04204    
204  9.185     -0.174742      0.982671    
205  9.186     -0.169194      0.924827    
206  9.187     -0.163570      0.867430    
207  9.188     -0.157885      0.809007    
208  9.189     -0.152149      0.747875    
209  9.190     -0.146377      0.682333    
210  9.191     -0.140581      0.610821    
211  9.192     -0.134777      0.532021    
212  9.193     -0.128981      0.444893    
213  9.194     -0.123214      0.348651    
214  9.195     -0.117497      0.242715    
215  9.196     -0.111856      0.126674    
216  9.197     -0.106318      0.263176E-03
217  9.198     -0.100917     -0.136593    
218  9.199     -0.956875E-01 -0.283714    
219  9.200     -0.906665E-01 -0.440580    
220  9.201     -0.858944E-01 -0.606266    
221  9.202     -0.814122E-01 -0.779434    
222  9.203     -0.772607E-01 -0.958399    
223  9.204     -0.734792E-01  -1.14125    
224  9.205     -0.701037E-01  -1.32604    
225  9.206     -0.671650E-01  -1.51091    
226  9.207     -0.646878E-01  -1.69428    
227  9.208     -0.626898E-01  -1.87480    
228  9.209     -0.611809E-01  -2.05136    
229  9.210     -0.601629E-01  -2.22288    
230  9.211     -0.596283E-01  -2.38829    
231  9.212     -0.595616E-01  -2.54655    
232  9.213     -0.599409E-01  -2.69679    
233  9.214     -0.607424E-01  -2.83837    
234  9.215     -0.619429E-01  -2.97086    
235  9.216     -0.635224E-01  -3.09397    
236  9.217     -0.654644E-01  -3.20736    
237  9.218     -0.677560E-01  -3.31054    
238  9.219     -0.703878E-01  -3.40279    
239  9.220     -0.733531E-01  -3.48325    
240  9.221     -0.766478E-01  -3.55105    
241  9.222     -0.802693E-01  -3.60545    
242  9.223     -0.842152E-01  -3.64593    
243  9.224     -0.884805E-01  -3.67220    
244  9.225     -0.930550E-01  -3.68411    
245  9.226     -0.979209E-01  -3.68151    
246  9.227     -0.103052      -3.66414    
247  9.228     -0.108416      -3.63162    
248  9.229     -0.113973      -3.58350    
249  9.230     -0.119685      -3.51946    
250  9.231     -0.125512      -3.43963    
251  9.232     -0.131418      -3.34479    
252  9.233     -0.137371      -3.23649    
253  9.234     -0.143344      -3.11698    
254  9.235     -0.149313      -2.98890    
255  9.236     -0.155258      -2.85481    
256  9.237     -0.161159      -2.71680    
257  9.238     -0.167000      -2.57606    
258  9.239     -0.172764      -2.43287    
259  9.240     -0.178433      -2.28670    
260  9.241     -0.183990      -2.13665    
261  9.242     -0.189416      -1.98201    
262  9.243     -0.194692      -1.82286    
263  9.244     -0.199799      -1.66036    
264  9.245     -0.204722      -1.49685    
265  9.246     -0.209448      -1.33554    
266  9.247     -0.213969      -1.17987    
267  9.248     -0.218281      -1.03284    
268  9.249     -0.222385     -0.896358    
269  9.250     -0.226281     -0.770841    
270  9.251     -0.229975     -0.655174    
271  9.252     -0.233468     -0.546955    
272  9.253     -0.236765     -0.443001    
273  9.254     -0.239864     -0.339964    
274  9.255     -0.242766     -0.234928    
275  9.256     -0.245465     -0.125875    
276  9.257     -0.247958     -0.119438E-01
277  9.258     -0.250239      0.106541    
278  9.259     -0.252302      0.228250    
279  9.260     -0.254143      0.351197    
280  9.261     -0.255758      0.473177    
281  9.262     -0.257146      0.592202    
282  9.263     -0.258306      0.706866    
283  9.264     -0.259239      0.816554    
284  9.265     -0.259949      0.921465    
285  9.266     -0.260436       1.02244    
286  9.267     -0.260703       1.12062    
287  9.268     -0.260749       1.21706    
288  9.269     -0.260575       1.31231    
289  9.270     -0.260176       1.40610    
290  9.271     -0.259550       1.49724    
291  9.272     -0.258692       1.58369    
292  9.273     -0.257598       1.66281    
293  9.274     -0.256265       1.73182    
294  9.275     -0.254691       1.78822    
295  9.276     -0.252874       1.83022    
296  9.277     -0.250817       1.85703    
297  9.278     -0.248523       1.86891    
298  9.279     -0.245996       1.86705    
299  9.280     -0.243242       1.85329    
300  9.281     -0.240266       1.82976    
301  9.282     -0.237075       1.79845    
302  9.283     -0.233675       1.76099    
303  9.284     -0.230069       1.71846    
304  9.285     -0.226264       1.67140    
305  9.286     -0.222262       1.62001    
306  9.287     -0.218070       1.56430    
307  9.288     -0.213692       1.50441    
308  9.289     -0.209134       1.44071    
309  9.290     -0.204406       1.37399    
310  9.291     -0.199516       1.30534    
311  9.292     -0.194477       1.23610    
312  9.293     -0.189300       1.16756    
313  9.294     -0.183999       1.10079    
314  9.295     -0.178587       1.03640    
315  9.296     -0.173078      0.974399    
316  9.297     -0.167486      0.914196    
317  9.298     -0.161822      0.854656    
318  9.299     -0.156100      0.794255    
319  9.300     -0.150332      0.731280    
320  9.301     -0.144531      0.664017    
321  9.302     -0.138711      0.590903    
322  9.303     -0.132887      0.510617    
323  9.304     -0.127076      0.422101    
324  9.305     -0.121299      0.324533    
325  9.306     -0.115579      0.217283    
326  9.307     -0.109941      0.998769E-01
327  9.308     -0.104416     -0.279963E-01
328  9.309     -0.990355E-01 -0.166436    
329  9.310     -0.938360E-01 -0.315247    
330  9.311     -0.888560E-01 -0.473848    
331  9.312     -0.841362E-01 -0.641220    
332  9.313     -0.797183E-01 -0.815917    
333  9.314     -0.756434E-01 -0.996147    
334  9.315     -0.719508E-01  -1.17993    
335  9.316     -0.686758E-01  -1.36527    
336  9.317     -0.658486E-01  -1.55033    
337  9.318     -0.634926E-01  -1.73355    
338  9.319     -0.616236E-01  -1.91364    
339  9.320     -0.602496E-01  -2.08951    
340  9.321     -0.593698E-01  -2.26009    
341  9.322     -0.589742E-01  -2.42432    
342  9.323     -0.590444E-01  -2.58125    
343  9.324     -0.595573E-01  -2.73006    
344  9.325     -0.604882E-01  -2.87022    
345  9.326     -0.618144E-01  -3.00137    
346  9.327     -0.635163E-01  -3.12323    
347  9.328     -0.655785E-01  -3.23541    
348  9.329     -0.679891E-01  -3.33735    
349  9.330     -0.707394E-01  -3.42825    
350  9.331     -0.738238E-01  -3.50722    
351  9.332     -0.772389E-01  -3.57340    
352  9.333     -0.809826E-01  -3.62609    
353  9.334     -0.850524E-01  -3.66483    
354  9.335     -0.894425E-01  -3.68938    
355  9.336     -0.941407E-01  -3.69958    
356  9.337     -0.991272E-01  -3.69524    
357  9.338     -0.104373      -3.67602    
358  9.339     -0.109844      -3.64143    
359  9.340     -0.115500      -3.59095    
360  9.341     -0.121301      -3.52428    
361  9.342     -0.127208      -3.44164    
362  9.343     -0.133185      -3.34399    
363  9.344     -0.139202      -3.23313    
364  9.345     -0.145231      -3.11150    
365  9.346     -0.151250      -2.98185    
366  9.347     -0.157238      -2.84673    
367  9.348     -0.163177      -2.70808    
368  9.349     -0.169051      -2.56687    
369  9.350     -0.174843      -2.42310    
370  9.351     -0.180535      -2.27607    
371  9.352     -0.186109      -2.12482    
372  9.353     -0.191545      -1.96874    
373  9.354     -0.196826      -1.80814    
374  9.355     -0.201932      -1.64454    
375  9.356     -0.206849      -1.48059    
376  9.357     -0.211566      -1.31971    
377  9.358     -0.216075      -1.16541    
378  9.359     -0.220374      -1.02056    
379  9.360     -0.224464     -0.886761    
380  9.361     -0.228348     -0.764064    
381  9.362     -0.232030     -0.650952    
382  9.363     -0.235513     -0.544694    
383  9.364     -0.238799     -0.441896    
384  9.365     -0.241889     -0.339150    
385  9.366     -0.244779     -0.233620    
386  9.367     -0.247467     -0.123484    
387  9.368     -0.249946     -0.814204E-02
388  9.369     -0.252212      0.111805    
389  9.370     -0.254259      0.234791    
390  9.371     -0.256083      0.358667    
391  9.372     -0.257679      0.481170    
392  9.373     -0.259048      0.600361    
393  9.374     -0.260188      0.714972    
394  9.375     -0.261102      0.824581    
395  9.376     -0.261793      0.929582    
396  9.377     -0.262261       1.03097    
397  9.378     -0.262509       1.12996    
398  9.379     -0.262536       1.22758    
399  9.380     -0.262340       1.32423    
400  9.381     -0.261920       1.41946    
401  9.382     -0.261269       1.51183    
402  9.383     -0.260385       1.59907    
403  9.384     -0.259263       1.67838    
404  9.385     -0.257900       1.74692    
405  9.386     -0.256294       1.80223    
406  9.387     -0.254445       1.84266    
407  9.388     -0.252354       1.86761    
408  9.389     -0.250026       1.87756    
409  9.390     -0.247466       1.87392    
410  9.391     -0.244678       1.85865    
411  9.392     -0.241668       1.83394    
412  9.393     -0.238444       1.80179    
413  9.394     -0.235010       1.76373    
414  9.395     -0.231370       1.72076    
415  9.396     -0.227530       1.67333    
416  9.397     -0.223493       1.62157    
417  9.398     -0.219264       1.56549    
418  9.399     -0.214849       1.50522    
419  9.400     -0.210254       1.44125    
420  9.401     -0.205489       1.37443    
421  9.402     -0.200562       1.30595    
422  9.403     -0.195486       1.23719    
423  9.404     -0.190273       1.16947    
424  9.405     -0.184937       1.10381    
425  9.406     -0.179491       1.04075    
426  9.407     -0.173948      0.980189    
427  9.408     -0.168322      0.921432    
428  9.409     -0.162625      0.863238    
429  9.410     -0.156869      0.804008    
430  9.411     -0.151066      0.741989    
431  9.412     -0.145229      0.675460    
432  9.413     -0.139372      0.602881    
433  9.414     -0.133510      0.522965    
434  9.415     -0.127660      0.434687    
435  9.416     -0.121842      0.337249    
436  9.417     -0.116081      0.230025    
437  9.418     -0.110401      0.112527    
438  9.419     -0.104832     -0.155863E-01
439  9.420     -0.994074E-01 -0.154450    
440  9.421     -0.941633E-01 -0.303899    
441  9.422     -0.891383E-01 -0.463374    
442  9.423     -0.843735E-01 -0.631861    
443  9.424     -0.799109E-01 -0.807906    
444  9.425     -0.757923E-01 -0.989695    
445  9.426     -0.720577E-01  -1.17523    
446  9.427     -0.687435E-01  -1.36248    
447  9.428     -0.658806E-01  -1.54961    
448  9.429     -0.634934E-01  -1.73507    
449  9.430     -0.615988E-01  -1.91757    
450  9.431     -0.602055E-01  -2.09600    
451  9.432     -0.593129E-01  -2.26929    
452  9.433     -0.589111E-01  -2.43640    
453  9.434     -0.589813E-01  -2.59635    
454  9.435     -0.594997E-01  -2.74836    
455  9.436     -0.604410E-01  -2.89189    
456  9.437     -0.617816E-01  -3.02659    
457  9.438     -0.635015E-01  -3.15215    
458  9.439     -0.655846E-01  -3.26817    
459  9.440     -0.680186E-01  -3.37397    
460  9.441     -0.707949E-01  -3.46867    
461  9.442     -0.739076E-01  -3.55125    
462  9.443     -0.773538E-01  -3.62072    
463  9.444     -0.811317E-01  -3.67627    
464  9.445     -0.852393E-01  -3.71736    
465  9.446     -0.896707E-01  -3.74365    
466  9.447     -0.944143E-01  -3.75497    
467  9.448     -0.994496E-01  -3.75111    
468  9.449     -0.104748      -3.73176    
469  9.450     -0.110274      -3.69650    
470  9.451     -0.115988      -3.64490    
471  9.452     -0.121847      -3.57677    
472  9.453     -0.127814      -3.49246    
473  9.454     -0.133852      -3.39309    
474  9.455     -0.139929      -3.28060    
475  9.456     -0.146019      -3.15760    
476  9.457     -0.152098      -3.02697    
477  9.458     -0.158147      -2.89135    
478  9.459     -0.164147      -2.75271    
479  9.460     -0.170082      -2.61205    
480  9.461     -0.175935      -2.46933    
481  9.462     -0.181688      -2.32376    
482  9.463     -0.187325      -2.17429    
483  9.464     -0.192824      -2.02025    
484  9.465     -0.198167      -1.86187    
485  9.466     -0.203336      -1.70062    
486  9.467     -0.208316      -1.53910    
487  9.468     -0.213095      -1.38071    
488  9.469     -0.217667      -1.22888    
489  9.470     -0.222030      -1.08640    
490  9.471     -0.226183     -0.954788    
491  9.472     -0.230131     -0.833985    
492  9.473     -0.233878     -0.722351    
493  9.474     -0.237426     -0.617036    
494  9.475     -0.240779     -0.514535    
495  9.476     -0.243935     -0.411345    
496  9.477     -0.246894     -0.304567    
497  9.478     -0.249650     -0.192347    
498  9.479     -0.252199     -0.741009E-01
499  9.480     -0.254534      0.495061E-01
500  9.481     -0.256650      0.176801    
501  9.482     -0.258541      0.305497    
502  9.483     -0.260206      0.433172    
503  9.484     -0.261641      0.557730    
504  9.485     -0.262847      0.677764    
505  9.486     -0.263826      0.792737    
506  9.487     -0.264579      0.902966    
507  9.488     -0.265110       1.00940    
508  9.489     -0.265418       1.11324    
509  9.490     -0.265505       1.21551    
510  9.491     -0.265368       1.31660    
511  9.492     -0.265004       1.41603    
512  9.493     -0.264410       1.51233    
513  9.494     -0.263581       1.60318    
514  9.495     -0.262512       1.68572    
515  9.496     -0.261201       1.75701    
516  9.497     -0.259645       1.81452    
517  9.498     -0.257844       1.85657    
518  9.499     -0.255801       1.88255    
519  9.500     -0.253518       1.89298    
520  9.501     -0.251001       1.88932    
521  9.502     -0.248254       1.87367    
522  9.503     -0.245285       1.84834    
523  9.504     -0.242098       1.81548    
524  9.505     -0.238700       1.77677    
525  9.506     -0.235095       1.73331    
526  9.507     -0.231287       1.68564    
527  9.508     -0.227281       1.63391    
528  9.509     -0.223080       1.57814    
529  9.510     -0.218691       1.51848    
530  9.511     -0.214119       1.45536    
531  9.512     -0.209372       1.38962    
532  9.513     -0.204461       1.32245    
533  9.514     -0.199397       1.25525    
534  9.515     -0.194191       1.18937    
535  9.516     -0.188858       1.12589    
536  9.517     -0.183409       1.06536    
537  9.518     -0.177859       1.00773    
538  9.519     -0.172219      0.952294    
539  9.520     -0.166503      0.897780    
540  9.521     -0.160722      0.842537    
541  9.522     -0.154887      0.784738    
542  9.523     -0.149011      0.722586    
543  9.524     -0.143105      0.654468    
544  9.525     -0.137186      0.579038    
545  9.526     -0.131269      0.495230    
546  9.527     -0.125373      0.402215    
547  9.528     -0.119521      0.299332    
548  9.529     -0.113736      0.186042    
549  9.530     -0.108048      0.619203E-01
550  9.531     -0.102488     -0.732908E-01
551  9.532     -0.970913E-01 -0.219588    
552  9.533     -0.918955E-01 -0.376594    
553  9.534     -0.869413E-01 -0.543477    
554  9.535     -0.822714E-01 -0.718925    
555  9.536     -0.779285E-01 -0.901211    
556  9.537     -0.739549E-01  -1.08834    
557  9.538     -0.703898E-01  -1.27823    
558  9.539     -0.672680E-01  -1.46892    
559  9.540     -0.646183E-01  -1.65872    
560  9.541     -0.624623E-01  -1.84625    
561  9.542     -0.608135E-01  -2.03034    
562  9.543     -0.596761E-01  -2.20994    
563  9.544     -0.590444E-01  -2.38395    
564  9.545     -0.589027E-01  -2.55134    
565  9.546     -0.592279E-01  -2.71126    
566  9.547     -0.599940E-01  -2.86308    
567  9.548     -0.611752E-01  -3.00641    
568  9.549     -0.627489E-01  -3.14094    
569  9.550     -0.646964E-01  -3.26628    
570  9.551     -0.670033E-01  -3.38180    
571  9.552     -0.696590E-01  -3.48655    
572  9.553     -0.726565E-01  -3.57937    
573  9.554     -0.759920E-01  -3.65908    
574  9.555     -0.796638E-01  -3.72458    
575  9.556     -0.836708E-01  -3.77508    
576  9.557     -0.880098E-01  -3.81002    
577  9.558     -0.926722E-01  -3.82912    
578  9.559     -0.976413E-01  -3.83219    
579  9.560     -0.102891      -3.81901    
580  9.561     -0.108389      -3.78931    
581  9.562     -0.114095      -3.74280    
582  9.563     -0.119967      -3.67932    
583  9.564     -0.125965      -3.59918    
584  9.565     -0.132049      -3.50337    
585  9.566     -0.138187      -3.39370    
586  9.567     -0.144348      -3.27276    
587  9.568     -0.150509      -3.14353    
588  9.569     -0.156647      -3.00894    
589  9.570     -0.162745      -2.87139    
590  9.571     -0.168785      -2.73230    
591  9.572     -0.174751      -2.59202    
592  9.573     -0.180627      -2.44994    
593  9.574     -0.186395      -2.30494    
594  9.575     -0.192035      -2.15602    
595  9.576     -0.197528      -2.00287    
596  9.577     -0.202854      -1.84632    
597  9.578     -0.207998      -1.68845    
598  9.579     -0.212946      -1.53231    
599  9.580     -0.217689      -1.38128    
600  9.581     -0.222224      -1.23840    
601  9.582     -0.226549      -1.10560    
602  9.583     -0.230669     -0.983344    
603  9.584     -0.234587     -0.870455    
604  9.585     -0.238306     -0.764375    
605  9.586     -0.241831     -0.661657    
606  9.587     -0.245161     -0.558606    
607  9.588     -0.248296     -0.451928    
608  9.589     -0.251232     -0.339254    
609  9.590     -0.253963     -0.219472    
610  9.591     -0.256484     -0.928112E-01
611  9.592     -0.258788      0.393096E-01
612  9.593     -0.260868      0.174630    
613  9.594     -0.262722      0.310515    
614  9.595     -0.264345      0.444459    
615  9.596     -0.265738      0.574520    
616  9.597     -0.266900      0.699604    
617  9.598     -0.267835      0.819547    
618  9.599     -0.268544      0.934977    
619  9.600     -0.269029       1.04698    
620  9.601     -0.269291       1.15668    
621  9.602     -0.269328       1.26474    
622  9.603     -0.269139       1.37105    
623  9.604     -0.268719       1.47451    
624  9.605     -0.268064       1.57304    
625  9.606     -0.267169       1.66388    
626  9.607     -0.266031       1.74397    
627  9.608     -0.264647       1.81046    
628  9.609     -0.263016       1.86124    
629  9.610     -0.261138       1.89518    
630  9.611     -0.259017       1.91240    
631  9.612     -0.256657       1.91407    
632  9.613     -0.254063       1.90224    
633  9.614     -0.251242       1.87936    
634  9.615     -0.248199       1.84788    
635  9.616     -0.244940       1.80992    
636  9.617     -0.241470       1.76699    
637  9.618     -0.237793       1.72000    
638  9.619     -0.233914       1.66933    
639  9.620     -0.229836       1.61507    
640  9.621     -0.225564       1.55728    
641  9.622     -0.221103       1.49623    
642  9.623     -0.216460       1.43256    
643  9.624     -0.211644       1.36734    
644  9.625     -0.206665       1.30188    
645  9.626     -0.201534       1.23763    
646  9.627     -0.196263       1.17585    
647  9.628     -0.190866       1.11739    
648  9.629     -0.185356       1.06249    
649  9.630     -0.179744       1.01071    
650  9.631     -0.174043      0.960970    
651  9.632     -0.168265      0.911675    
652  9.633     -0.162419      0.860946    
653  9.634     -0.156518      0.806835    
654  9.635     -0.150572      0.747525    
655  9.636     -0.144595      0.681462    
656  9.637     -0.138600      0.607399    
657  9.638     -0.132605      0.524372    
658  9.639     -0.126628      0.431632    
659  9.640     -0.120692      0.328562    
660  9.641     -0.114821      0.214626    
661  9.642     -0.109045      0.893836E-01
662  9.643     -0.103394     -0.474466E-01
663  9.644     -0.979051E-01 -0.195867    
664  9.645     -0.926160E-01 -0.355480    
665  9.646     -0.875682E-01 -0.525399    
666  9.647     -0.828051E-01 -0.704235    
667  9.648     -0.783708E-01 -0.890175    
668  9.649     -0.743086E-01  -1.08114    
669  9.650     -0.706594E-01  -1.27500    
670  9.651     -0.674599E-01  -1.46978    
671  9.652     -0.647405E-01  -1.66378    
672  9.653     -0.625246E-01  -1.85565    
673  9.654     -0.608269E-01  -2.04426    
674  9.655     -0.596529E-01  -2.22854    
675  9.656     -0.589965E-01  -2.40740    
676  9.657     -0.588415E-01  -2.57982    
677  9.658     -0.591636E-01  -2.74496    
678  9.659     -0.599354E-01  -2.90224    
679  9.660     -0.611299E-01  -3.05132    
680  9.661     -0.627230E-01  -3.19191    
681  9.662     -0.646950E-01  -3.32355    
682  9.663     -0.670308E-01  -3.44549    
683  9.664     -0.697193E-01  -3.55660    
684  9.665     -0.727534E-01  -3.65551    
685  9.666     -0.761297E-01  -3.74079    
686  9.667     -0.798473E-01  -3.81111    
687  9.668     -0.839057E-01  -3.86547    
688  9.669     -0.883024E-01  -3.90318    
689  9.670     -0.930288E-01  -3.92382    
690  9.671     -0.980682E-01  -3.92719    
691  9.672     -0.103394      -3.91311    
692  9.673     -0.108973      -3.88145    
693  9.674     -0.114763      -3.83210    
694  9.675     -0.120722      -3.76516    
695  9.676     -0.126808      -3.68122    
696  9.677     -0.132982      -3.58158    
697  9.678     -0.139209      -3.46837    
698  9.679     -0.145460      -3.34445    
699  9.680     -0.151710      -3.21303    
700  9.681     -0.157937      -3.07722    
701  9.682     -0.164125      -2.93948    
702  9.683     -0.170255      -2.80123    
703  9.684     -0.176313      -2.66275    
704  9.685     -0.182281      -2.52331    
705  9.686     -0.188142      -2.38168    
706  9.687     -0.193877      -2.23671    
707  9.688     -0.199466      -2.08803    
708  9.689     -0.204888      -1.93639    
709  9.690     -0.210128      -1.78383    
710  9.691     -0.215172      -1.63327    
711  9.692     -0.220011      -1.48797    
712  9.693     -0.224643      -1.35074    
713  9.694     -0.229067      -1.22328    
714  9.695     -0.233286      -1.10575    
715  9.696     -0.237305     -0.996711    
716  9.697     -0.241129     -0.893348    
717  9.698     -0.244759     -0.792007    
718  9.699     -0.248197     -0.688838    
719  9.700     -0.251441     -0.580458    
720  9.701     -0.254488     -0.464471    
721  9.702     -0.257331     -0.339809    
722  9.703     -0.259965     -0.206815    
723  9.704     -0.262381     -0.670862E-01
724  9.705     -0.264573      0.768816E-01
725  9.706     -0.266537      0.222190    
726  9.707     -0.268269      0.366061    
727  9.708     -0.269769      0.506304    
728  9.709     -0.271037      0.641616    
729  9.710     -0.272074      0.771676    
730  9.711     -0.272884      0.897001    
731  9.712     -0.273467       1.01861    
732  9.713     -0.273825       1.13754    
733  9.714     -0.273957       1.25442    
734  9.715     -0.273860       1.36904    
735  9.716     -0.273529       1.48017    
736  9.717     -0.272962       1.58563    
737  9.718     -0.272153       1.68247    
738  9.719     -0.271097       1.76750    
739  9.720     -0.269793       1.83777    
740  9.721     -0.268239       1.89107    
741  9.722     -0.266435       1.92629    
742  9.723     -0.264386       1.94361    
743  9.724     -0.262094       1.94435    
744  9.725     -0.259566       1.93074    
745  9.726     -0.256808       1.90549    
746  9.727     -0.253825       1.87131    
747  9.728     -0.250625       1.83058    
748  9.729     -0.247211       1.78504    
749  9.730     -0.243588       1.73576    
750  9.731     -0.239760       1.68327    
751  9.732     -0.235730       1.62772    
752  9.733     -0.231504       1.56920    
753  9.734     -0.227084       1.50800    
754  9.735     -0.222479       1.44476    
755  9.736     -0.217696       1.38054    
756  9.737     -0.212744       1.31671    
757  9.738     -0.207634       1.25475    
758  9.739     -0.202380       1.19600    
759  9.740     -0.196992       1.14137    
760  9.741     -0.191484       1.09111    
761  9.742     -0.185867       1.04479    
762  9.743     -0.180153       1.00126    
763  9.744     -0.174353      0.958814    
764  9.745     -0.168477      0.915424    
765  9.746     -0.162534      0.868979    
766  9.747     -0.156537      0.817501    
767  9.748     -0.150495      0.759300    
768  9.749     -0.144423      0.693031    
769  9.750     -0.138334      0.617673    
770  9.751     -0.132247      0.532444    
771  9.752     -0.126182      0.436701    
772  9.753     -0.120161      0.329866    
773  9.754     -0.114212      0.211405    
774  9.755     -0.108364      0.808840E-01
775  9.756     -0.102650     -0.619170E-01
776  9.757     -0.971079E-01 -0.216865    
777  9.758     -0.917773E-01 -0.383350    
778  9.759     -0.867013E-01 -0.560221    
779  9.760     -0.819249E-01 -0.745822    
780  9.761     -0.774935E-01 -0.938119    
781  9.762     -0.734520E-01  -1.13490    
782  9.763     -0.698419E-01  -1.33401    
783  9.764     -0.667004E-01  -1.53354    
784  9.765     -0.640579E-01  -1.73195    
785  9.766     -0.619374E-01  -1.92803    
786  9.767     -0.603522E-01  -2.12071    
787  9.768     -0.593048E-01  -2.30892    
788  9.769     -0.587857E-01  -2.49158    
789  9.770     -0.587744E-01  -2.66774    
790  9.771     -0.592436E-01  -2.83671    
791  9.772     -0.601640E-01  -2.99807    
792  9.773     -0.615075E-01  -3.15154    
793  9.774     -0.632500E-01  -3.29681    
794  9.775     -0.653719E-01  -3.43324    
795  9.776     -0.678585E-01  -3.55978    
796  9.777     -0.706995E-01  -3.67499    
797  9.778     -0.738893E-01  -3.77715    
798  9.779     -0.774259E-01  -3.86455    
799  9.780     -0.813097E-01  -3.93569    
800  9.781     -0.855409E-01  -3.98939    
801  9.782     -0.901161E-01  -4.02487    
802  9.783     -0.950243E-01  -4.04169    
803  9.784     -0.100245      -4.03963    
804  9.785     -0.105749      -4.01859    
805  9.786     -0.111498      -3.97862    
806  9.787     -0.117449      -3.91992    
807  9.788     -0.123559      -3.84303    
808  9.789     -0.129784      -3.74914    
809  9.790     -0.136086      -3.64021    
810  9.791     -0.142432      -3.51902    
811  9.792     -0.148793      -3.38892    
812  9.793     -0.155145      -3.25343    
813  9.794     -0.161469      -3.11566    
814  9.795     -0.167747      -2.97782    
815  9.796     -0.173965      -2.84094    
816  9.797     -0.180106      -2.70482    
817  9.798     -0.186154      -2.56837    
818  9.799     -0.192090      -2.43018    
819  9.800     -0.197895      -2.28917    
820  9.801     -0.203547      -2.14523    
821  9.802     -0.209028      -1.99947    
822  9.803     -0.214322      -1.85418    
823  9.804     -0.219417      -1.71235    
824  9.805     -0.224307      -1.57697    
825  9.806     -0.228990      -1.45026    
826  9.807     -0.233467      -1.33313    
827  9.808     -0.237743      -1.22484    
828  9.809     -0.241822      -1.12312    
829  9.810     -0.245709      -1.02450    
830  9.811     -0.249406     -0.924931    
831  9.812     -0.252914     -0.820474    
832  9.813     -0.256230     -0.707902    
833  9.814     -0.259348     -0.585198    
834  9.815     -0.262262     -0.451811    
835  9.816     -0.264964     -0.308667    
836  9.817     -0.267447     -0.157928    
837  9.818     -0.269703     -0.256422E-02
838  9.819     -0.271728      0.154183    
839  9.820     -0.273519      0.309357    
840  9.821     -0.275075      0.460737    
841  9.822     -0.276398      0.607104    
842  9.823     -0.277488      0.748254    
843  9.824     -0.278349      0.884788    
844  9.825     -0.278982       1.01770    
845  9.826     -0.279386       1.14786    
846  9.827     -0.279561       1.27556    
847  9.828     -0.279503       1.40015    
848  9.829     -0.279209       1.51990    
849  9.830     -0.278673       1.63212    
850  9.831     -0.277891       1.73354    
851  9.832     -0.276859       1.82076    
852  9.833     -0.275574       1.89086    
853  9.834     -0.274036       1.94184    
854  9.835     -0.272246       1.97300    
855  9.836     -0.270208       1.98497    
856  9.837     -0.267926       1.97961    
857  9.838     -0.265406       1.95958    
858  9.839     -0.262656       1.92797    
859  9.840     -0.259680       1.88775    
860  9.841     -0.256486       1.84141    
861  9.842     -0.253077       1.79079    
862  9.843     -0.249458       1.73699    
863  9.844     -0.245632       1.68053    
864  9.845     -0.241602       1.62163    
865  9.846     -0.237373       1.56046    
866  9.847     -0.232950       1.49743    
867  9.848     -0.228338       1.43336    
868  9.849     -0.223545       1.36946    
869  9.850     -0.218582       1.30724    
870  9.851     -0.213458       1.24828    
871  9.852     -0.208186       1.19390    
872  9.853     -0.202777       1.14492    
873  9.854     -0.197244       1.10145    
874  9.855     -0.191597       1.06278    
875  9.856     -0.185848       1.02749    
876  9.857     -0.180007      0.993608    
877  9.858     -0.174082      0.958834    
878  9.859     -0.168082      0.920856    
879  9.860     -0.162018      0.877552    
880  9.861     -0.155900      0.827152    
881  9.862     -0.149739      0.768284    
882  9.863     -0.143550      0.699928    
883  9.864     -0.137348      0.621313    
884  9.865     -0.131153      0.531798    
885  9.866     -0.124986      0.430771    
886  9.867     -0.118873      0.317629    
887  9.868     -0.112841      0.191819    
888  9.869     -0.106923      0.529684E-01
889  9.870     -0.101153     -0.989684E-01
890  9.871     -0.955713E-01 -0.263558    
891  9.872     -0.902202E-01 -0.439798    
892  9.873     -0.851450E-01 -0.626124    
893  9.874     -0.803928E-01 -0.820517    
894  9.875     -0.760111E-01  -1.02070    
895  9.876     -0.720458E-01  -1.22439    
896  9.877     -0.685392E-01  -1.42951    
897  9.878     -0.655282E-01  -1.63437    
898  9.879     -0.630425E-01  -1.83767    
899  9.880     -0.611030E-01  -2.03834    
900  9.881     -0.597194E-01  -2.23535    
901  9.882     -0.588886E-01  -2.42764    
902  9.883     -0.585943E-01  -2.61418    
903  9.884     -0.588108E-01  -2.79420    
904  9.885     -0.595070E-01  -2.96722    
905  9.886     -0.606517E-01  -3.13301    
906  9.887     -0.622167E-01  -3.29129    
907  9.888     -0.641780E-01  -3.44158    
908  9.889     -0.665168E-01  -3.58288    
909  9.890     -0.692199E-01  -3.71367    
910  9.891     -0.722788E-01  -3.83203    
911  9.892     -0.756902E-01  -3.93587    
912  9.893     -0.794546E-01  -4.02317    
913  9.894     -0.835739E-01  -4.09225    
914  9.895     -0.880478E-01  -4.14182    
915  9.896     -0.928702E-01  -4.17108    
916  9.897     -0.980256E-01  -4.17957    
917  9.898     -0.103488      -4.16719    
918  9.899     -0.109223      -4.13404    
919  9.900     -0.115188      -4.08052    
920  9.901     -0.121337      -4.00738    
921  9.902     -0.127626      -3.91592    
922  9.903     -0.134014      -3.80823    
923  9.904     -0.140462      -3.68720    
924  9.905     -0.146939      -3.55641    
925  9.906     -0.153419      -3.41972    
926  9.907     -0.159880      -3.28076    
927  9.908     -0.166305      -3.14236    
928  9.909     -0.172678      -3.00616    
929  9.910     -0.178984      -2.87245    
930  9.911     -0.185207      -2.74039    
931  9.912     -0.191331      -2.60848    
932  9.913     -0.197335      -2.47526    
933  9.914     -0.203199      -2.33997    
934  9.915     -0.208902      -2.20303    
935  9.916     -0.214426      -2.06611    
936  9.917     -0.219757      -1.93180    
937  9.918     -0.224886      -1.80295    
938  9.919     -0.229809      -1.68193    
939  9.920     -0.234528      -1.56995    
940  9.921     -0.239045      -1.46664    
941  9.922     -0.243366      -1.37000    
942  9.923     -0.247496      -1.27664    
943  9.924     -0.251439      -1.18239    
944  9.925     -0.255196      -1.08287    
945  9.926     -0.258765     -0.974273    
946  9.927     -0.262143     -0.853836    
947  9.928     -0.265323     -0.720280    
948  9.929     -0.268297     -0.573923    
949  9.930     -0.271055     -0.416568    
950  9.931     -0.273591     -0.251148    
951  9.932     -0.275895     -0.812020E-01
952  9.933     -0.277966      0.897158E-01
953  9.934     -0.279799      0.258598    
954  9.935     -0.281394      0.423380    
955  9.936     -0.282754      0.583108    
956  9.937     -0.283881      0.737835    
957  9.938     -0.284776      0.888281    
958  9.939     -0.285439       1.03533    
959  9.940     -0.285872       1.17950    
960  9.941     -0.286071       1.32048    
961  9.942     -0.286033       1.45685    
962  9.943     -0.285752       1.58614    
963  9.944     -0.285225       1.70499    
964  9.945     -0.284446       1.80971    
965  9.946     -0.283412       1.89679    
966  9.947     -0.282121       1.96352    
967  9.948     -0.280574       2.00841    
968  9.949     -0.278772       2.03145    
969  9.950     -0.276721       2.03404    
970  9.951     -0.274425       2.01874    
971  9.952     -0.271892       1.98882    
972  9.953     -0.269128       1.94777    
973  9.954     -0.266138       1.89877    
974  9.955     -0.262930       1.84440    
975  9.956     -0.259506       1.78645    
976  9.957     -0.255872       1.72599    
977  9.958     -0.252029       1.66355    
978  9.959     -0.247982       1.59940    
979  9.960     -0.243733       1.53389    
980  9.961     -0.239289       1.46768    
981  9.962     -0.234654       1.40185    
982  9.963     -0.229838       1.33791    
983  9.964     -0.224850       1.27757    
984  9.965     -0.219700       1.22248    
985  9.966     -0.214399       1.17391    
986  9.967     -0.208960       1.13249    
987  9.968     -0.203394       1.09798    
988  9.969     -0.197710       1.06929    
989  9.970     -0.191919       1.04456    
990  9.971     -0.186030       1.02140    
991  9.972     -0.180051      0.997196    
992  9.973     -0.173988      0.969391    
993  9.974     -0.167852      0.935728    
994  9.975     -0.161651      0.894383    
995  9.976     -0.155397      0.843983    
996  9.977     -0.149101      0.783536    
997  9.978     -0.142780      0.712294    
998  9.979     -0.136450      0.629607    
999  9.980     -0.130133      0.534823    
