# [0_3/90]_s                                                                      
# Operating point sequence...
# i     t     RY pos[ 1]    Theta[ 1]    
  1  1.996      0.135158       4.40459    
  2  1.997      0.133843       4.27780    
  3  1.998      0.132134       4.18963    
  4  1.999      0.129925       4.15081    
  5  2.000      0.127192       4.15692    
  6  2.001      0.123936       4.19323    
  7  2.002      0.120161       4.23882    
  8  2.003      0.115858       4.27072    
  9  2.004      0.111012       4.26734    
 10  2.005      0.105596       4.21055    
 11  2.006      0.995843E-01   4.08638    
 12  2.007      0.929524E-01   3.88504    
 13  2.008      0.856864E-01   3.60119    
 14  2.009      0.777840E-01   3.23464    
 15  2.010      0.692541E-01   2.79105    
 16  2.011      0.601151E-01   2.28229    
 17  2.012      0.503924E-01   1.72611    
 18  2.013      0.401169E-01   1.14555    
 19  2.014      0.293256E-01  0.567843    
 20  2.015      0.180624E-01  0.230299E-01
 21  2.016      0.638084E-02 -0.457901    
 22  2.017     -0.565328E-02 -0.845034    
 23  2.018     -0.179584E-01  -1.11098    
 24  2.019     -0.304343E-01  -1.23142    
 25  2.020     -0.429613E-01  -1.18522    
 26  2.021     -0.554053E-01 -0.956453    
 27  2.022     -0.676268E-01 -0.539283    
 28  2.023     -0.794899E-01  0.557343E-01
 29  2.024     -0.908679E-01  0.797053    
 30  2.025     -0.101645       1.63219    
 31  2.026     -0.111719       2.49390    
 32  2.027     -0.120998       3.31141    
 33  2.028     -0.129406       4.02285    
 34  2.029     -0.136885       4.58470    
 35  2.030     -0.143403       4.97572    
 36  2.031     -0.148952       5.19623    
 37  2.032     -0.153549       5.26486    
 38  2.033     -0.157232       5.21468    
 39  2.034     -0.160049       5.08881    
 40  2.035     -0.162054       4.93497    
 41  2.036     -0.163297       4.79909    
 42  2.037     -0.163827       4.71870    
 43  2.038     -0.163687       4.71740    
 44  2.039     -0.162919       4.80189    
 45  2.040     -0.161565       4.96229    
 46  2.041     -0.159660       5.17561    
 47  2.042     -0.157237       5.41144    
 48  2.043     -0.154312       5.63789    
 49  2.044     -0.150891       5.82664    
 50  2.045     -0.146965       5.95593    
 51  2.046     -0.142522       6.01154    
 52  2.047     -0.137543       5.98617    
 53  2.048     -0.132017       5.87819    
 54  2.049     -0.125938       5.68997    
 55  2.050     -0.119307       5.42627    
 56  2.051     -0.112131       5.09293    
 57  2.052     -0.104421       4.69596    
 58  2.053     -0.961930E-01   4.24162    
 59  2.054     -0.874639E-01   3.73712    
 60  2.055     -0.782565E-01   3.19189    
 61  2.056     -0.685991E-01   2.61867    
 62  2.057     -0.585256E-01   2.03395    
 63  2.058     -0.480737E-01   1.45765    
 64  2.059     -0.372815E-01  0.912030    
 65  2.060     -0.261829E-01  0.420003    
 66  2.061     -0.148054E-01  0.324263E-02
 67  2.062     -0.317193E-02 -0.319419    
 68  2.063      0.869003E-02 -0.532289    
 69  2.064      0.207334E-01 -0.621273    
 70  2.065      0.328752E-01 -0.571184    
 71  2.066      0.449867E-01 -0.364641    
 72  2.067      0.568963E-01  0.140958E-01
 73  2.068      0.684057E-01  0.569149    
 74  2.069      0.793124E-01   1.28046    
 75  2.070      0.894330E-01   2.09632    
 76  2.071      0.986198E-01   2.93818    
 77  2.072      0.106770       3.71802    
 78  2.073      0.113826       4.36048    
 79  2.074      0.119776       4.81947    
 80  2.075      0.124644       5.08340    
 81  2.076      0.128480       5.17079    
 82  2.077      0.131347       5.12000    
 83  2.078      0.133312       4.97676    
 84  2.079      0.134443       4.78431    
 85  2.080      0.134807       4.57882    
 86  2.081      0.134465       4.38893    
 87  2.082      0.133470       4.23623    
 88  2.083      0.131866       4.13443    
 89  2.084      0.129687       4.08777    
 90  2.085      0.126962       4.09006    
 91  2.086      0.123709       4.12589    
 92  2.087      0.119938       4.17389    
 93  2.088      0.115647       4.21074    
 94  2.089      0.110821       4.21463    
 95  2.090      0.105435       4.16722    
 96  2.091      0.994590E-01   4.05411    
 97  2.092      0.928652E-01   3.86479    
 98  2.093      0.856343E-01   3.59284    
 99  2.094      0.777596E-01   3.23671    
100  2.095      0.692475E-01   2.80076    
101  2.096      0.601158E-01   2.29599    
102  2.097      0.503904E-01   1.74001    
103  2.098      0.401039E-01   1.15635    
104  2.099      0.292940E-01  0.573256    
105  2.100      0.180060E-01  0.219215E-01
106  2.101      0.629493E-02 -0.465524    
107  2.102     -0.577121E-02 -0.858152    
108  2.103     -0.181084E-01  -1.12786    
109  2.104     -0.306142E-01  -1.25010    
110  2.105     -0.431677E-01  -1.20415    
111  2.106     -0.556339E-01 -0.974962    
112  2.107     -0.678738E-01 -0.557561    
113  2.108     -0.797520E-01  0.370706E-01
114  2.109     -0.911434E-01  0.777709    
115  2.110     -0.101935       1.61291    
116  2.111     -0.112028       2.47676    
117  2.112     -0.121332       3.29944    
118  2.113     -0.129775       4.01914    
119  2.114     -0.137300       4.59148    
120  2.115     -0.143872       4.99372    
121  2.116     -0.149480       5.22447    
122  2.117     -0.154138       5.30090    
123  2.118     -0.157879       5.25505    
124  2.119     -0.160748       5.12963    
125  2.120     -0.162798       4.97268    
126  2.121     -0.164079       4.83113    
127  2.122     -0.164639       4.74392    
128  2.123     -0.164522       4.73620    
129  2.124     -0.163773       4.81596    
130  2.125     -0.162432       4.97415    
131  2.126     -0.160538       5.18807    
132  2.127     -0.158124       5.42702    
133  2.128     -0.155209       5.65848    
134  2.129     -0.151799       5.85331    
135  2.130     -0.147889       5.98893    
136  2.131     -0.143464       6.05045    
137  2.132     -0.138508       6.03028    
138  2.133     -0.133007       5.92671    
139  2.134     -0.126954       5.74232    
140  2.135     -0.120350       5.48222    
141  2.136     -0.113199       5.15254    
142  2.137     -0.105514       4.75948    
143  2.138     -0.973075E-01   4.30914    
144  2.139     -0.885975E-01   3.80831    
145  2.140     -0.794059E-01   3.26572    
146  2.141     -0.697609E-01   2.69336    
147  2.142     -0.596961E-01   2.10707    
148  2.143     -0.492492E-01   1.52639    
149  2.144     -0.384583E-01  0.973526    
150  2.145     -0.273580E-01  0.471732    
151  2.146     -0.159764E-01  0.433580E-01
152  2.147     -0.433634E-02 -0.291905    
153  2.148      0.753595E-02 -0.517617    
154  2.149      0.195963E-01 -0.619347    
155  2.150      0.317657E-01 -0.582097    
156  2.151      0.439198E-01 -0.388872    
157  2.152      0.558899E-01 -0.238171E-01
158  2.153      0.674780E-01  0.518508    
159  2.154      0.784798E-01   1.22060    
160  2.155      0.887082E-01   2.03366    
161  2.156      0.980109E-01   2.88085    
162  2.157      0.106281       3.67360    
163  2.158      0.113457       4.33385    
164  2.159      0.119525       4.81163    
165  2.160      0.124506       5.09180    
166  2.161      0.128450       5.19077    
167  2.162      0.131418       5.14652    
168  2.163      0.133478       5.00583    
169  2.164      0.134697       4.81342    
170  2.165      0.135142       4.60664    
171  2.166      0.134876       4.41478    
172  2.167      0.133951       4.25968    
173  2.168      0.132414       4.15538    
174  2.169      0.130299       4.10664    
175  2.170      0.127636       4.10798    
176  2.171      0.124444       4.14467    
177  2.172      0.120733       4.19566    
178  2.173      0.116502       4.23761    
179  2.174      0.111737       4.24833    
180  2.175      0.106414       4.20889    
181  2.176      0.100503       4.10430    
182  2.177      0.939751E-01   3.92350    
183  2.178      0.868104E-01   3.65956    
184  2.179      0.790008E-01   3.31047    
185  2.180      0.705514E-01   2.88017    
186  2.181      0.614794E-01   2.37922    
187  2.182      0.518105E-01   1.82483    
188  2.183      0.415769E-01   1.24014    
189  2.184      0.308163E-01  0.653031    
190  2.185      0.195732E-01  0.944579E-01
191  2.186      0.790166E-02 -0.403553    
192  2.187     -0.413224E-02 -0.809999    
193  2.188     -0.164469E-01  -1.09658    
194  2.189     -0.289427E-01  -1.23845    
195  2.190     -0.415010E-01  -1.21441    
196  2.191     -0.539887E-01  -1.00838    
197  2.192     -0.662667E-01 -0.613682    
198  2.193     -0.781995E-01 -0.389389E-01
199  2.194     -0.896606E-01  0.687161    
200  2.195     -0.100536       1.51525    
201  2.196     -0.110723       2.38035    
202  2.197     -0.120133       3.21210    
203  2.198     -0.128689       3.94687    
204  2.199     -0.136330       4.53766    
205  2.200     -0.143018       4.95904    
206  2.201     -0.148740       5.20725    
207  2.202     -0.153507       5.29759    
208  2.203     -0.157350       5.26088    
209  2.204     -0.160315       5.13928    
210  2.205     -0.162453       4.98101    
211  2.206     -0.163818       4.83386    
212  2.207     -0.164457       4.73822    
213  2.208     -0.164417       4.72100    
214  2.209     -0.163740       4.79198    
215  2.210     -0.162469       4.94359    
216  2.211     -0.160644       5.15413    
217  2.212     -0.158297       5.39327    
218  2.213     -0.155449       5.62831    
219  2.214     -0.152108       5.82952    
220  2.215     -0.148269       5.97358    
221  2.216     -0.143916       6.04487    
222  2.217     -0.139034       6.03513    
223  2.218     -0.133607       5.94209    
224  2.219     -0.127629       5.76791    
225  2.220     -0.121097       5.51737    
226  2.221     -0.114017       5.19638    
227  2.222     -0.106400       4.81097    
228  2.223     -0.982588E-01   4.36710    
229  2.224     -0.896113E-01   3.87135    
230  2.225     -0.804791E-01   3.33225    
231  2.226     -0.708899E-01   2.76155    
232  2.227     -0.608773E-01   2.17488    
233  2.228     -0.504791E-01   1.59167    
234  2.229     -0.397339E-01   1.03410    
235  2.230     -0.286773E-01  0.525532    
236  2.231     -0.173382E-01  0.884896E-01
237  2.232     -0.573960E-02 -0.257133    
238  2.233      0.609380E-02 -0.494882    
239  2.234      0.181213E-01 -0.610630    
240  2.235      0.302691E-01 -0.589966    
241  2.236      0.424185E-01 -0.416294    
242  2.237      0.544059E-01 -0.731954E-01
243  2.238      0.660355E-01  0.446945    
244  2.239      0.771029E-01   1.13032    
245  2.240      0.874178E-01   1.93219    
246  2.241      0.968237E-01   2.77845    
247  2.242      0.105208       3.58066    
248  2.243      0.112504       4.25830    
249  2.244      0.118691       4.75755    
250  2.245      0.123787       5.05943    
251  2.246      0.127839       5.17736    
252  2.247      0.130907       5.14767    
253  2.248      0.133058       5.01669    
254  2.249      0.134360       4.82944    
255  2.250      0.134881       4.62381    
256  2.251      0.134684       4.42957    
257  2.252      0.133823       4.26921    
258  2.253      0.132347       4.15768    
259  2.254      0.130290       4.10101    
260  2.255      0.127683       4.09510    
261  2.256      0.124545       4.12639    
262  2.257      0.120889       4.17457    
263  2.258      0.116714       4.21650    
264  2.259      0.112009       4.22987    
265  2.260      0.106748       4.19544    
266  2.261      0.100903       4.09784    
267  2.262      0.944443E-01   3.92563    
268  2.263      0.873501E-01   3.67137    
269  2.264      0.796106E-01   3.33236    
270  2.265      0.712299E-01   2.91172    
271  2.266      0.622237E-01   2.41909    
272  2.267      0.526173E-01   1.87082    
273  2.268      0.424422E-01   1.28941    
274  2.269      0.317357E-01  0.702326    
275  2.270      0.205415E-01  0.140406    
276  2.271      0.891268E-02 -0.364144    
277  2.272     -0.308573E-02 -0.779923    
278  2.273     -0.153735E-01  -1.07815    
279  2.274     -0.278523E-01  -1.23358    
280  2.275     -0.404049E-01  -1.22473    
281  2.276     -0.528991E-01  -1.03513    
282  2.277     -0.651958E-01 -0.657254    
283  2.278     -0.771585E-01 -0.982897E-01
284  2.279     -0.886602E-01  0.614977    
285  2.280     -0.995855E-01   1.43507    
286  2.281     -0.109832       2.29832    
287  2.282     -0.119309       3.13461    
288  2.283     -0.127939       3.87941    
289  2.284     -0.135661       4.48401    
290  2.285     -0.142435       4.92096    
291  2.286     -0.148244       5.18462    
292  2.287     -0.153097       5.28871    
293  2.288     -0.157024       5.26280    
294  2.289     -0.160068       5.14815    
295  2.290     -0.162282       4.99255    
296  2.291     -0.163716       4.84396    
297  2.292     -0.164421       4.74352    
298  2.293     -0.164441       4.71940    
299  2.294     -0.163820       4.78293    
300  2.295     -0.162600       4.92804    
301  2.296     -0.160822       5.13417    
302  2.297     -0.158520       5.37162    
303  2.298     -0.155714       5.60774    
304  2.299     -0.152416       5.81240    
305  2.300     -0.148619       5.96165    
306  2.301     -0.144312       6.03919    
307  2.302     -0.139477       6.03613    
308  2.303     -0.134100       5.94980    
309  2.304     -0.128171       5.78207    
310  2.305     -0.121690       5.53766    
311  2.306     -0.114661       5.22254    
312  2.307     -0.107094       4.84282    
313  2.308     -0.990029E-01   4.40450    
314  2.309     -0.904039E-01   3.91402    
315  2.310     -0.813187E-01   3.37956    
316  2.311     -0.717741E-01   2.81239    
317  2.312     -0.618029E-01   2.22763    
318  2.313     -0.514425E-01   1.64422    
319  2.314     -0.407316E-01   1.08405    
320  2.315     -0.297058E-01  0.570396    
321  2.316     -0.183944E-01  0.125973    
322  2.317     -0.682097E-02 -0.228951    
323  2.318      0.499045E-02 -0.477488    
324  2.319      0.170012E-01 -0.605264    
325  2.320      0.291410E-01 -0.597917    
326  2.321      0.412955E-01 -0.439045    
327  2.322      0.533046E-01 -0.112046    
328  2.323      0.649748E-01  0.391870    
329  2.324      0.761011E-01   1.06128    
330  2.325      0.864912E-01   1.85446    
331  2.326      0.959848E-01   2.69970    
332  2.327      0.104465       3.50917    
333  2.328      0.111861       4.20082    
334  2.329      0.118150       4.71788    
335  2.330      0.123345       5.03802    
336  2.331      0.127491       5.17189    
337  2.332      0.130647       5.15412    
338  2.333      0.132881       5.03064    
339  2.334      0.134261       4.84702    
340  2.335      0.134853       4.64193    
341  2.336      0.134722       4.44588    
342  2.337      0.133923       4.28196    
343  2.338      0.132503       4.16584    
344  2.339      0.130500       4.10437    
345  2.340      0.127943       4.09439    
346  2.341      0.124854       4.12311    
347  2.342      0.121246       4.17073    
348  2.343      0.117120       4.21423    
349  2.344      0.112463       4.23108    
350  2.345      0.107255       4.20171    
351  2.346      0.101464       4.11035    
352  2.347      0.950628E-01   3.94516    
353  2.348      0.880273E-01   3.69832    
354  2.349      0.803472E-01   3.36671    
355  2.350      0.720250E-01   2.95291    
356  2.351      0.630756E-01   2.46604    
357  2.352      0.535234E-01   1.92191    
358  2.353      0.433995E-01   1.34252    
359  2.354      0.327407E-01  0.754929    
360  2.355      0.215901E-01  0.189679    
361  2.356      0.999964E-02 -0.321151    
362  2.357     -0.196695E-02 -0.746103    
363  2.358     -0.142310E-01  -1.05616    
364  2.359     -0.266963E-01  -1.22575    
365  2.360     -0.392472E-01  -1.23297    
366  2.361     -0.517524E-01  -1.06067    
367  2.362     -0.640732E-01 -0.700170    
368  2.363     -0.760724E-01 -0.157002    
369  2.364     -0.876217E-01  0.543947    
370  2.365     -0.986049E-01   1.35693    
371  2.366     -0.108918       2.21932    
372  2.367     -0.118470       3.06104    
373  2.368     -0.127180       3.81656    
374  2.369     -0.134988       4.43544    
375  2.370     -0.141849       4.88825    
376  2.371     -0.147746       5.16742    
377  2.372     -0.152686       5.28503    
378  2.373     -0.156695       5.26931    
379  2.374     -0.159819       5.16061    
380  2.375     -0.162106       5.00641    
381  2.376     -0.163610       4.85498    
382  2.377     -0.164380       4.74843    
383  2.378     -0.164461       4.71637    
384  2.379     -0.163898       4.77179    
385  2.380     -0.162733       4.91013    
386  2.381     -0.161006       5.11197    
387  2.382     -0.158751       5.34812    
388  2.383     -0.155993       5.58593    
389  2.384     -0.152741       5.79483    
390  2.385     -0.148992       5.95021    
391  2.386     -0.144734       6.03507    
392  2.387     -0.139950       6.03986    
393  2.388     -0.134624       5.96141    
394  2.389     -0.128748       5.80126    
395  2.390     -0.122319       5.56389    
396  2.391     -0.115342       5.25521    
397  2.392     -0.107826       4.88134    
398  2.393     -0.997845E-01   4.44825    
399  2.394     -0.912335E-01   3.96229    
400  2.395     -0.821941E-01   3.43146    
401  2.396     -0.726926E-01   2.86670    
402  2.397     -0.627614E-01   2.28279    
403  2.398     -0.524375E-01   1.69836    
404  2.399     -0.417596E-01   1.13511    
405  2.400     -0.307638E-01  0.616238    
406  2.401     -0.194802E-01  0.164591    
407  2.402     -0.793260E-02 -0.199308    
408  2.403      0.385558E-02 -0.458306    
409  2.404      0.158478E-01 -0.597926    
410  2.405      0.279774E-01 -0.603946    
411  2.406      0.401346E-01 -0.460177    
412  2.407      0.521631E-01 -0.149776    
413  2.408      0.638717E-01  0.337309    
414  2.409      0.750555E-01  0.992120    
415  2.410      0.855200E-01   1.77600    
416  2.411      0.951014E-01   2.61968    
417  2.412      0.103678       3.43596    
418  2.413      0.111177       4.14134    
419  2.414      0.117567       4.67608    
420  2.415      0.122862       5.01459    
421  2.416      0.127102       5.16470    
422  2.417      0.130348       5.15932    
423  2.418      0.132664       5.04385    
424  2.419      0.134120       4.86422    
425  2.420      0.134783       4.65980    
426  2.421      0.134716       4.46181    
427  2.422      0.133976       4.29402    
428  2.423      0.132612       4.17281    
429  2.424      0.130662       4.10598    
430  2.425      0.128156       4.09135    
431  2.426      0.125117       4.11697    
432  2.427      0.121558       4.16354    
433  2.428      0.117480       4.20821    
434  2.429      0.112875       4.22828    
435  2.430      0.107720       4.20384    
436  2.431      0.101986       4.11877    
437  2.432      0.956434E-01   3.96087    
438  2.433      0.886685E-01   3.72191    
439  2.434      0.810494E-01   3.39827    
440  2.435      0.727873E-01   2.99197    
441  2.436      0.638962E-01   2.51148    
442  2.437      0.543996E-01   1.97202    
443  2.438      0.443282E-01   1.39504    
444  2.439      0.337182E-01  0.807210    
445  2.440      0.226120E-01  0.238834    
446  2.441      0.110608E-01 -0.278050    
447  2.442     -0.872865E-03 -0.711827    
448  2.443     -0.131118E-01  -1.03321    
449  2.444     -0.255614E-01  -1.21630    
450  2.445     -0.381077E-01  -1.23887    
451  2.446     -0.506205E-01  -1.08326    
452  2.447     -0.629612E-01 -0.739810    
453  2.448     -0.749923E-01 -0.212569    
454  2.449     -0.865845E-01  0.475461    
455  2.450     -0.976206E-01   1.28035    
456  2.451     -0.107996       2.14071    
457  2.452     -0.117617       2.98668    
458  2.453     -0.126404       3.75189    
459  2.454     -0.134293       4.38425    
460  2.455     -0.141239       4.85237    
461  2.456     -0.147222       5.14680    
462  2.457     -0.152246       5.27797    
463  2.458     -0.156337       5.27282    
464  2.459     -0.159537       5.17078    
465  2.460     -0.161897       5.01889    
466  2.461     -0.163469       4.86560    
467  2.462     -0.164302       4.75383    
468  2.463     -0.164443       4.71450    
469  2.464     -0.163936       4.76212    
470  2.465     -0.162823       4.89367    
471  2.466     -0.161145       5.09085    
472  2.467     -0.158936       5.32510    
473  2.468     -0.156223       5.56384    
474  2.469     -0.153015       5.77617    
475  2.470     -0.149312       5.93687    
476  2.471     -0.145101       6.02824    
477  2.472     -0.140365       6.04017    
478  2.473     -0.135090       5.96897    
479  2.474     -0.129264       5.81585    
480  2.475     -0.122886       5.58512    
481  2.476     -0.115960       5.28263    
482  2.477     -0.108493       4.91449    
483  2.478     -0.100500       4.48667    
484  2.479     -0.919963E-01   4.00544    
485  2.480     -0.830019E-01   3.47856    
486  2.481     -0.735429E-01   2.91666    
487  2.482     -0.636512E-01   2.33412    
488  2.483     -0.533634E-01   1.74924    
489  2.484     -0.427183E-01   1.18349    
490  2.485     -0.317524E-01  0.660000    
491  2.486     -0.204964E-01  0.201730    
492  2.487     -0.897438E-02 -0.170527    
493  2.488      0.279048E-02 -0.439311    
494  2.489      0.147634E-01 -0.589988    
495  2.490      0.268813E-01 -0.608447    
496  2.491      0.390382E-01 -0.478719    
497  2.492      0.510819E-01 -0.183857    
498  2.493      0.628235E-01  0.287219    
499  2.494      0.740584E-01  0.927745    
500  2.495      0.845904E-01   1.70197    
501  2.496      0.942525E-01   2.54308    
502  2.497      0.102919       3.36476    
503  2.498      0.110512       4.08234    
504  2.499      0.116999       4.63343    
505  2.500      0.122387       4.98932    
506  2.501      0.126717       5.15512    
507  2.502      0.130047       5.16194    
508  2.503      0.132442       5.05457    
509  2.504      0.133970       4.87922    
510  2.505      0.134699       4.67594    
511  2.506      0.134694       4.47660    
512  2.507      0.134011       4.30555    
513  2.508      0.132700       4.17984    
514  2.509      0.130800       4.10807    
515  2.510      0.128342       4.08897    
516  2.511      0.125349       4.11141    
517  2.512      0.121836       4.15666    
518  2.513      0.117804       4.20202    
519  2.514      0.113246       4.22473    
520  2.515      0.108141       4.20458    
521  2.516      0.102459       4.12513    
522  2.517      0.961718E-01   3.97384    
523  2.518      0.892538E-01   3.74214    
524  2.519      0.816920E-01   3.42597    
525  2.520      0.734867E-01   3.02679    
526  2.521      0.646507E-01   2.55250    
527  2.522      0.552069E-01   2.01770    
528  2.523      0.451854E-01   1.44335    
529  2.524      0.346219E-01  0.855699    
530  2.525      0.235584E-01  0.284793    
531  2.526      0.120450E-01 -0.237395    
532  2.527      0.143275E-03 -0.679137    
533  2.528     -0.120709E-01  -1.01089    
534  2.529     -0.245044E-01  -1.20645    
535  2.530     -0.370450E-01  -1.24326    
536  2.531     -0.495636E-01  -1.10320    
537  2.532     -0.619219E-01 -0.775745    
538  2.533     -0.739819E-01 -0.263563    
539  2.534     -0.856135E-01  0.412068    
540  2.535     -0.966982E-01   1.20894    
541  2.536     -0.107130       2.06688    
542  2.537     -0.116816       2.91633    
543  2.538     -0.125674       3.69023    
544  2.539     -0.133639       4.33500    
545  2.540     -0.140664       4.81741    
546  2.541     -0.146727       5.12624    
547  2.542     -0.151830       5.27037    
548  2.543     -0.155998       5.27547    
549  2.544     -0.159271       5.18006    
550  2.545     -0.161699       5.03074    
551  2.546     -0.163335       4.87607    
552  2.547     -0.164229       4.75965    
553  2.548     -0.164426       4.71359    
554  2.549     -0.163971       4.75389    
555  2.550     -0.162907       4.87891    
556  2.551     -0.161275       5.07148    
557  2.552     -0.159110       5.30369    
558  2.553     -0.156438       5.54308    
559  2.554     -0.153272       5.75845    
560  2.555     -0.149611       5.92401    
561  2.556     -0.145443       6.02143    
562  2.557     -0.140752       6.04000    
563  2.558     -0.135523       5.97557    
564  2.559     -0.129745       5.82903    
565  2.560     -0.123414       5.60451    
566  2.561     -0.116534       5.30779    
567  2.562     -0.109114       4.94499    
568  2.563     -0.101166       4.52210    
569  2.564     -0.927059E-01   4.04531    
570  2.565     -0.837535E-01   3.52219    
571  2.566     -0.743343E-01   2.96306    
572  2.567     -0.644795E-01   2.38195    
573  2.568     -0.542256E-01   1.79684    
574  2.569     -0.436112E-01   1.22893    
575  2.570     -0.326731E-01  0.701307    
576  2.571     -0.214426E-01  0.236995    
577  2.572     -0.994431E-02 -0.142971    
578  2.573      0.179897E-02 -0.420837    
579  2.574      0.137540E-01 -0.581794    
580  2.575      0.258606E-01 -0.611793    
581  2.576      0.380168E-01 -0.495064    
582  2.577      0.500739E-01 -0.214591    
583  2.578      0.618455E-01  0.241570    
584  2.579      0.731273E-01  0.868606    
585  2.580      0.837219E-01   1.63343    
586  2.581      0.934589E-01   2.47160    
587  2.582      0.102210       3.29778    
588  2.583      0.109892       4.02635    
589  2.584      0.116468       4.59256    
590  2.585      0.121945       4.96476    
591  2.586      0.126360       5.14545    
592  2.587      0.129769       5.16400    
593  2.588      0.132238       5.06451    
594  2.589      0.133835       4.89340    
595  2.590      0.134628       4.69134    
596  2.591      0.134680       4.49086    
597  2.592      0.134052       4.31687    
598  2.593      0.132791       4.18703    
599  2.594      0.130939       4.11069    
600  2.595      0.128526       4.08742    
601  2.596      0.125577       4.10688    
602  2.597      0.122106       4.15084    
603  2.598      0.118118       4.19682    
604  2.599      0.113605       4.22196    
605  2.600      0.108546       4.20580    
606  2.601      0.102914       4.13161    
607  2.602      0.966781E-01   3.98652    
608  2.603      0.898135E-01   3.76163    
609  2.604      0.823060E-01   3.45247    
610  2.605      0.741544E-01   3.06003    
611  2.606      0.653706E-01   2.59161    
612  2.607      0.559769E-01   2.06130    
613  2.608      0.460028E-01   1.48954    
614  2.609      0.354837E-01  0.902194    
615  2.610      0.244608E-01  0.329068    
616  2.611      0.129838E-01 -0.197961    
617  2.612      0.111292E-02 -0.647078    
618  2.613     -0.110771E-01 -0.988518    
619  2.614     -0.234946E-01  -1.19579    
620  2.615     -0.360289E-01  -1.24604    
621  2.616     -0.485520E-01  -1.12071    
622  2.617     -0.609260E-01 -0.808502    
623  2.618     -0.730126E-01 -0.310803    
624  2.619     -0.846808E-01  0.352748    
625  2.620     -0.958113E-01   1.14159    
626  2.621     -0.106297       1.99677    
627  2.622     -0.116044       2.84910    
628  2.623     -0.124969       3.63088    
629  2.624     -0.133006       4.28720    
630  2.625     -0.140106       4.78309    
631  2.626     -0.146245       5.10563    
632  2.627     -0.151423       5.26220    
633  2.628     -0.155664       5.27726    
634  2.629     -0.159006       5.18843    
635  2.630     -0.161499       5.04184    
636  2.631     -0.163196       4.88612    
637  2.632     -0.164147       4.76549    
638  2.633     -0.164398       4.71317    
639  2.634     -0.163994       4.74649    
640  2.635     -0.162977       4.86519    
641  2.636     -0.161388       5.05320    
642  2.637     -0.159265       5.28325    
643  2.638     -0.156633       5.52303    
644  2.639     -0.153506       5.74108    
645  2.640     -0.149885       5.91110    
646  2.641     -0.145758       6.01418    
647  2.642     -0.141111       6.03902    
648  2.643     -0.135926       5.98104    
649  2.644     -0.130192       5.84079    
650  2.645     -0.123907       5.62222    
651  2.646     -0.117072       5.33104    
652  2.647     -0.109695       4.97337    
653  2.648     -0.101790       4.55519    
654  2.649     -0.933720E-01   4.08265    
655  2.650     -0.844598E-01   3.56315    
656  2.651     -0.750786E-01   3.00672    
657  2.652     -0.652593E-01   2.42707    
658  2.653     -0.550379E-01   1.84186    
659  2.654     -0.444530E-01   1.27209    
660  2.655     -0.335418E-01  0.740724    
661  2.656     -0.223361E-01  0.270868    
662  2.657     -0.108607E-01 -0.116225    
663  2.658      0.861432E-03 -0.402536    
664  2.659      0.127987E-01 -0.573085    
665  2.660      0.248934E-01 -0.613869    
666  2.661      0.370472E-01 -0.509313    
667  2.662      0.491151E-01 -0.242380    
668  2.663      0.609130E-01  0.199615    
669  2.664      0.722373E-01  0.813626    
670  2.665      0.828890E-01   1.56906    
671  2.666      0.926955E-01   2.40381    
672  2.667      0.101524       3.23355    
673  2.668      0.109289       3.97197    
674  2.669      0.115951       4.55215    
675  2.670      0.121511       4.93970    
676  2.671      0.126005       5.13462    
677  2.672      0.129490       5.16454    
678  2.673      0.132029       5.07282    
679  2.674      0.133691       4.90603    
680  2.675      0.134543       4.70541    
681  2.676      0.134651       4.50407    
682  2.677      0.134073       4.32745    
683  2.678      0.132860       4.19380    
684  2.679      0.131052       4.11314    
685  2.680      0.128683       4.08583    
686  2.681      0.125775       4.10227    
687  2.682      0.122344       4.14478    
688  2.683      0.118397       4.19109    
689  2.684      0.113925       4.21829    
690  2.685      0.108911       4.20570    
691  2.686      0.103325       4.13629    
692  2.687      0.971373E-01   3.99694    
693  2.688      0.903231E-01   3.77842    
694  2.689      0.828665E-01   3.47589    
695  2.690      0.747656E-01   3.08985    
696  2.691      0.660312E-01   2.62711    
697  2.692      0.566848E-01   2.10120    
698  2.693      0.467557E-01   1.53211    
699  2.694      0.362785E-01  0.945301    
700  2.695      0.252943E-01  0.370348    
701  2.696      0.138517E-01 -0.160966    
702  2.697      0.201039E-02 -0.616752    
703  2.698     -0.101562E-01 -0.967024    
704  2.699     -0.225578E-01  -1.18503    
705  2.700     -0.350852E-01  -1.24765    
706  2.701     -0.476114E-01  -1.13595    
707  2.702     -0.599989E-01 -0.837927    
708  2.703     -0.721091E-01 -0.353833    
709  2.704     -0.838104E-01  0.298198    
710  2.705     -0.949824E-01   1.07917    
711  2.706     -0.105517       1.93130    
712  2.707     -0.115320       2.78584    
713  2.708     -0.124307       3.57460    
714  2.709     -0.132410       4.24143    
715  2.710     -0.139579       4.74979    
716  2.711     -0.145789       5.08514    
717  2.712     -0.151038       5.25347    
718  2.713     -0.155346       5.27807    
719  2.714     -0.158753       5.19571    
720  2.715     -0.161307       5.05204    
721  2.716     -0.163061       4.89569    
722  2.717     -0.164066       4.77140    
723  2.718     -0.164367       4.71337    
724  2.719     -0.164010       4.74021    
725  2.720     -0.163036       4.85293    
726  2.721     -0.161489       5.03650    
727  2.722     -0.159404       5.26431    
728  2.723     -0.156809       5.50423    
729  2.724     -0.153719       5.72458    
730  2.725     -0.150135       5.89860    
731  2.726     -0.146046       6.00682    
732  2.727     -0.141438       6.03741    
733  2.728     -0.136294       5.98538    
734  2.729     -0.130602       5.85094    
735  2.730     -0.124358       5.63789    
736  2.731     -0.117564       5.35183    
737  2.732     -0.110229       4.99894    
738  2.733     -0.102364       4.58518    
739  2.734     -0.939847E-01   4.11666    
740  2.735     -0.851099E-01   3.60061    
741  2.736     -0.757642E-01   3.04682    
742  2.737     -0.659780E-01   2.46869    
743  2.738     -0.557870E-01   1.88357    
744  2.739     -0.452298E-01   1.31223    
745  2.740     -0.343436E-01  0.777548    
746  2.741     -0.231608E-01  0.302674    
747  2.742     -0.117068E-01 -0.909397E-01
748  2.743     -0.424497E-05 -0.385018    
749  2.744      0.119163E-01 -0.564400    
750  2.745      0.239996E-01 -0.615101    
751  2.746      0.361507E-01 -0.521718    
752  2.747      0.482277E-01 -0.267227    
753  2.748      0.600490E-01  0.161673    
754  2.749      0.714117E-01  0.763492    
755  2.750      0.821157E-01   1.50992    
756  2.751      0.919860E-01   2.34102    
757  2.752      0.100887       3.17360    
758  2.753      0.108729       3.92078    
759  2.754      0.115469       4.51373    
760  2.755      0.121107       4.91552    
761  2.756      0.125676       5.12379    
762  2.757      0.129231       5.16449    
763  2.758      0.131835       5.08023    
764  2.759      0.133558       4.91768    
765  2.760      0.134466       4.71856    
766  2.761      0.134626       4.51655    
767  2.762      0.134096       4.33763    
768  2.763      0.132927       4.20053    
769  2.764      0.131162       4.11591    
770  2.765      0.128832       4.08486    
771  2.766      0.125962       4.09848    
772  2.767      0.122570       4.13958    
773  2.768      0.118660       4.18611    
774  2.769      0.114228       4.21515    
775  2.770      0.109254       4.20580    
776  2.771      0.103711       4.14080    
777  2.772      0.975686E-01   4.00673    
778  2.773      0.908011E-01   3.79411    
779  2.774      0.833922E-01   3.49772    
780  2.775      0.753386E-01   3.11767    
781  2.776      0.666505E-01   2.66026    
782  2.777      0.573486E-01   2.13854    
783  2.778      0.474617E-01   1.57204    
784  2.779      0.370240E-01  0.985883    
785  2.780      0.260762E-01  0.409385    
786  2.781      0.146664E-01 -0.125768    
787  2.782      0.285324E-02 -0.587628    
788  2.783     -0.929089E-02 -0.946034    
789  2.784     -0.216770E-01  -1.17399    
790  2.785     -0.341970E-01  -1.24811    
791  2.786     -0.467253E-01  -1.14912    
792  2.787     -0.591246E-01 -0.864410    
793  2.788     -0.712563E-01 -0.393167    
794  2.789     -0.829879E-01  0.247868    
795  2.790     -0.941982E-01   1.02117    
796  2.791     -0.104779       1.87009    
797  2.792     -0.114633       2.72634    
798  2.793     -0.123678       3.52132    
799  2.794     -0.131842       4.19778    
800  2.795     -0.139077       4.71770    
801  2.796     -0.145352       5.06504    
802  2.797     -0.150666       5.24445    
803  2.798     -0.155038       5.27814    
804  2.799     -0.158506       5.20203    
805  2.800     -0.161118       5.06131    
806  2.801     -0.162926       4.90458    
807  2.802     -0.163980       4.77705    
808  2.803     -0.164329       4.71378    
809  2.804     -0.164015       4.73458    
810  2.805     -0.163083       4.84165    
811  2.806     -0.161575       5.02095    
812  2.807     -0.159526       5.24650    
813  2.808     -0.156966       5.48639    
814  2.809     -0.153910       5.70874    
815  2.810     -0.150361       5.88638    
816  2.811     -0.146308       5.99934    
817  2.812     -0.141737       6.03529    
818  2.813     -0.136631       5.98882    
819  2.814     -0.130978       5.85985    
820  2.815     -0.124774       5.65198    
821  2.816     -0.118019       5.37078    
822  2.817     -0.110722       5.02238    
823  2.818     -0.102895       4.61278    
824  2.819     -0.945525E-01   4.14805    
825  2.820     -0.857130E-01   3.63528    
826  2.821     -0.764009E-01   3.08402    
827  2.822     -0.666461E-01   2.50739    
828  2.823     -0.564840E-01   1.92246    
829  2.824     -0.459530E-01   1.34980    
830  2.825     -0.350908E-01  0.812164    
831  2.826     -0.239300E-01  0.332756    
832  2.827     -0.124964E-01 -0.668119E-01
833  2.828     -0.812775E-03 -0.368026    
834  2.829      0.110914E-01 -0.555551    
835  2.830      0.231631E-01 -0.615418    
836  2.831      0.353103E-01 -0.532382    
837  2.832      0.473944E-01 -0.289455    
838  2.833      0.592360E-01  0.127183    
839  2.834      0.706328E-01  0.717435    
840  2.835      0.813842E-01   1.45509    
841  2.836      0.913127E-01   2.28230    
842  2.837      0.100280       3.11699    
843  2.838      0.108193       3.87190    
844  2.839      0.115007       4.47647    
845  2.840      0.120717       4.89146    
846  2.841      0.125355       5.11229    
847  2.842      0.128975       5.16325    
848  2.843      0.131640       5.08622    
849  2.844      0.133420       4.92786    
850  2.845      0.134380       4.73036    
851  2.846      0.134588       4.52792    
852  2.847      0.134103       4.34696    
853  2.848      0.132975       4.20670    
854  2.849      0.131249       4.11839    
855  2.850      0.128956       4.08378    
856  2.851      0.126122       4.09462    
857  2.852      0.122765       4.13422    
858  2.853      0.118890       4.18078    
859  2.854      0.114494       4.21134    
860  2.855      0.109557       4.20485    
861  2.856      0.104054       4.14381    
862  2.857      0.979540E-01   4.01456    
863  2.858      0.912300E-01   3.80736    
864  2.859      0.838652E-01   3.51669    
865  2.860      0.758557E-01   3.14224    
866  2.861      0.672106E-01   2.68988    
867  2.862      0.579502E-01   2.17219    
868  2.863      0.481025E-01   1.60827    
869  2.864      0.377018E-01   1.02291    
870  2.865      0.267881E-01  0.445180    
871  2.866      0.154089E-01 -0.933190E-01
872  2.867      0.362214E-02 -0.560600    
873  2.868     -0.850069E-02 -0.926328    
874  2.869     -0.208717E-01  -1.16329    
875  2.870     -0.333843E-01  -1.24786    
876  2.871     -0.459135E-01  -1.16047    
877  2.872     -0.583229E-01 -0.887952    
878  2.873     -0.704734E-01 -0.428579    
879  2.874     -0.822321E-01  0.202175    
880  2.875     -0.934769E-01  0.968141    
881  2.876     -0.104098       1.81378    
882  2.877     -0.114000       2.67124    
883  2.878     -0.123096       3.47164    
884  2.879     -0.131317       4.15675    
885  2.880     -0.138611       4.68721    
886  2.881     -0.144947       5.04559    
887  2.882     -0.150322       5.23532    
888  2.883     -0.154752       5.27754    
889  2.884     -0.158276       5.20743    
890  2.885     -0.160940       5.06970    
891  2.886     -0.162798       4.91288    
892  2.887     -0.163899       4.78256    
893  2.888     -0.164291       4.71462    
894  2.889     -0.164018       4.72988    
895  2.890     -0.163124       4.83169    
896  2.891     -0.161651       5.00694    
897  2.892     -0.159635       5.23026    
898  2.893     -0.157107       5.46993    
899  2.894     -0.154083       5.69398    
900  2.895     -0.150565       5.87484    
901  2.896     -0.146545       5.99206    
902  2.897     -0.142008       6.03286    
903  2.898     -0.136937       5.99144    
904  2.899     -0.131320       5.86746    
905  2.900     -0.125151       5.66434    
906  2.901     -0.118432       5.38758    
907  2.902     -0.111171       5.04331    
908  2.903     -0.103378       4.63756    
909  2.904     -0.950688E-01   4.17634    
910  2.905     -0.862618E-01   3.66664    
911  2.906     -0.769806E-01   3.11780    
912  2.907     -0.672547E-01   2.54266    
913  2.908     -0.571192E-01   1.95804    
914  2.909     -0.466125E-01   1.38428    
915  2.910     -0.357722E-01  0.844056    
916  2.911     -0.246315E-01  0.360583    
917  2.912     -0.132167E-01 -0.443745E-01
918  2.913     -0.155029E-02 -0.352079    
919  2.914      0.103389E-01 -0.547026    
920  2.915      0.223998E-01 -0.615233    
921  2.916      0.345431E-01 -0.541589    
922  2.917      0.466332E-01 -0.309163    
923  2.918      0.584926E-01  0.962941E-01
924  2.919      0.699202E-01  0.675895    
925  2.920      0.807144E-01   1.40532    
926  2.921      0.906959E-01   2.22866    
927  2.922      0.997236E-01   3.06494    
928  2.923      0.107702       3.82665    
929  2.924      0.114583       4.44173    
930  2.925      0.120359       4.86881    
931  2.926      0.125061       5.10124    
932  2.927      0.128741       5.16179    
933  2.928      0.131464       5.09156    
934  2.929      0.133295       4.93719    
935  2.930      0.134304       4.74130    
936  2.931      0.134557       4.53856    
937  2.932      0.134112       4.35582    
938  2.933      0.133024       4.21275    
939  2.934      0.131333       4.12110    
940  2.935      0.129074       4.08324    
941  2.936      0.126274       4.09152    
942  2.937      0.122949       4.12972    
943  2.938      0.119107       4.17625    
944  2.939      0.114743       4.20815    
945  2.940      0.109841       4.20425    
946  2.941      0.104374       4.14680    
947  2.942      0.983123E-01   4.02195    
948  2.943      0.916281E-01   3.81970    
949  2.944      0.843040E-01   3.53426    
950  2.945      0.763351E-01   3.16495    
951  2.946      0.677297E-01   2.71724    
952  2.947      0.585075E-01   2.20330    
953  2.948      0.486962E-01   1.64182    
954  2.949      0.383296E-01   1.05728    
955  2.950      0.274474E-01  0.478529    
956  2.951      0.160967E-01 -0.629470E-01
957  2.952      0.433462E-02 -0.535124    
958  2.953     -0.776821E-02 -0.907531    
959  2.954     -0.201250E-01  -1.15274    
960  2.955     -0.326302E-01  -1.24692    
961  2.956     -0.451600E-01  -1.17023    
962  2.957     -0.575783E-01 -0.909001    
963  2.958     -0.697458E-01 -0.460664    
964  2.959     -0.815291E-01  0.160461    
965  2.960     -0.928055E-01  0.919462    
966  2.961     -0.103465       1.76183    
967  2.962     -0.113410       2.62018    
968  2.963     -0.122554       3.42540    
969  2.964     -0.130827       4.11837    
970  2.965     -0.138176       4.65850    
971  2.966     -0.144568       5.02709    
972  2.967     -0.149998       5.22639    
973  2.968     -0.154483       5.27661    
974  2.969     -0.158059       5.21218    
975  2.970     -0.160772       5.07735    
976  2.971     -0.162676       4.92057    
977  2.972     -0.163820       4.78779    
978  2.973     -0.164252       4.71559    
979  2.974     -0.164018       4.72576    
980  2.975     -0.163159       4.82266    
981  2.976     -0.161719       4.99409    
982  2.977     -0.159734       5.21525    
983  2.978     -0.157236       5.45464    
984  2.979     -0.154241       5.68017    
985  2.980     -0.150753       5.86395    
986  2.981     -0.146763       5.98508    
987  2.982     -0.142257       6.03038    
988  2.983     -0.137219       5.99367    
989  2.984     -0.131635       5.87434    
990  2.985     -0.125499       5.67566    
991  2.986     -0.118814       5.40304    
992  2.987     -0.111585       5.06264    
993  2.988     -0.103825       4.66046    
994  2.989     -0.955473E-01   4.20252    
995  2.990     -0.867706E-01   3.69569    
996  2.991     -0.775183E-01   3.14911    
997  2.992     -0.678196E-01   2.57540    
998  2.993     -0.577091E-01   1.99112    
999  2.994     -0.472252E-01   1.41644    
