# [0_3/90]_s                                                                      
# Operating point sequence...
# i     t     RY pos[ 1]    Theta[ 1]    
  1  0.000      0.660202E-01 -0.429484    
  2 0.1000E-02  0.659813E-01 -0.434252    
  3 0.2000E-02  0.659172E-01 -0.442150    
  4 0.3000E-02  0.658192E-01 -0.453918    
  5 0.4000E-02  0.656848E-01 -0.469123    
  6 0.5000E-02  0.655148E-01 -0.486534    
  7 0.6000E-02  0.653115E-01 -0.504527    
  8 0.7000E-02  0.650771E-01 -0.521639    
  9 0.8000E-02  0.648138E-01 -0.536959    
 10 0.9000E-02  0.645234E-01 -0.550146    
 11 0.1000E-01  0.642087E-01 -0.561154    
 12 0.1100E-01  0.638728E-01 -0.569971    
 13 0.1200E-01  0.635190E-01 -0.576555    
 14 0.1300E-01  0.631505E-01 -0.580953    
 15 0.1400E-01  0.627699E-01 -0.583448    
 16 0.1500E-01  0.623796E-01 -0.584617    
 17 0.1600E-01  0.619816E-01 -0.585242    
 18 0.1700E-01  0.615774E-01 -0.586126    
 19 0.1800E-01  0.611683E-01 -0.587874    
 20 0.1900E-01  0.607542E-01 -0.590733    
 21 0.2000E-01  0.603342E-01 -0.594513    
 22 0.2100E-01  0.599067E-01 -0.598626    
 23 0.2200E-01  0.594699E-01 -0.602197    
 24 0.2300E-01  0.590221E-01 -0.604224    
 25 0.2400E-01  0.585622E-01 -0.603733    
 26 0.2500E-01  0.580895E-01 -0.599926    
 27 0.2600E-01  0.576034E-01 -0.592297    
 28 0.2700E-01  0.571033E-01 -0.580707    
 29 0.2800E-01  0.565880E-01 -0.565416    
 30 0.2900E-01  0.560564E-01 -0.547048    
 31 0.3000E-01  0.555069E-01 -0.526500    
 32 0.3100E-01  0.549380E-01 -0.504805    
 33 0.3200E-01  0.543486E-01 -0.482993    
 34 0.3300E-01  0.537375E-01 -0.461967    
 35 0.3400E-01  0.531038E-01 -0.442422    
 36 0.3500E-01  0.524471E-01 -0.424792    
 37 0.3600E-01  0.517668E-01 -0.409245    
 38 0.3700E-01  0.510629E-01 -0.395688    
 39 0.3800E-01  0.503353E-01 -0.383796    
 40 0.3900E-01  0.495841E-01 -0.373069    
 41 0.4000E-01  0.488097E-01 -0.362912    
 42 0.4100E-01  0.480124E-01 -0.352732    
 43 0.4200E-01  0.471921E-01 -0.342052    
 44 0.4300E-01  0.463490E-01 -0.330597    
 45 0.4400E-01  0.454827E-01 -0.318349    
 46 0.4500E-01  0.445926E-01 -0.305546    
 47 0.4600E-01  0.436781E-01 -0.292632    
 48 0.4700E-01  0.427388E-01 -0.280149    
 49 0.4800E-01  0.417749E-01 -0.268641    
 50 0.4900E-01  0.407873E-01 -0.258532    
 51 0.5000E-01  0.397777E-01 -0.250053    
 52 0.5100E-01  0.387485E-01 -0.243203    
 53 0.5200E-01  0.377026E-01 -0.237754    
 54 0.5300E-01  0.366433E-01 -0.233301    
 55 0.5400E-01  0.355732E-01 -0.229335    
 56 0.5500E-01  0.344948E-01 -0.225329    
 57 0.5600E-01  0.334096E-01 -0.220825    
 58 0.5700E-01  0.323183E-01 -0.215489    
 59 0.5800E-01  0.312208E-01 -0.209150    
 60 0.5900E-01  0.301162E-01 -0.201800    
 61 0.6000E-01  0.290032E-01 -0.193562    
 62 0.6100E-01  0.278800E-01 -0.184652    
 63 0.6200E-01  0.267453E-01 -0.175317    
 64 0.6300E-01  0.255982E-01 -0.165791    
 65 0.6400E-01  0.244384E-01 -0.156257    
 66 0.6500E-01  0.232665E-01 -0.146824    
 67 0.6600E-01  0.220842E-01 -0.137526    
 68 0.6700E-01  0.208933E-01 -0.128335    
 69 0.6800E-01  0.196961E-01 -0.119187    
 70 0.6900E-01  0.184946E-01 -0.110014    
 71 0.7000E-01  0.172896E-01 -0.100775    
 72 0.7100E-01  0.160813E-01 -0.914725E-01
 73 0.7200E-01  0.148683E-01 -0.821596E-01
 74 0.7300E-01  0.136484E-01 -0.729310E-01
 75 0.7400E-01  0.124183E-01 -0.639036E-01
 76 0.7500E-01  0.111747E-01 -0.551917E-01
 77 0.7600E-01  0.991461E-02 -0.468891E-01
 78 0.7700E-01  0.863537E-02 -0.390571E-01
 79 0.7800E-01  0.733544E-02 -0.317220E-01
 80 0.7900E-01  0.601427E-02 -0.248840E-01
 81 0.8000E-01  0.467230E-02 -0.185277E-01
 82 0.8100E-01  0.331073E-02 -0.126365E-01
 83 0.8200E-01  0.193121E-02 -0.719999E-02
 84 0.8300E-01  0.535445E-03 -0.221803E-02
 85 0.8400E-01 -0.875130E-03  0.230307E-02
 86 0.8500E-01 -0.229964E-02  0.635926E-02
 87 0.8600E-01 -0.373794E-02  0.995977E-02
 88 0.8700E-01 -0.519055E-02  0.131346E-01
 89 0.8800E-01 -0.665859E-02  0.159386E-01
 90 0.8900E-01 -0.814346E-02  0.184444E-01
 91 0.9000E-01 -0.964656E-02  0.207289E-01
 92 0.9100E-01 -0.111690E-01  0.228552E-01
 93 0.9200E-01 -0.127112E-01  0.248537E-01
 94 0.9300E-01 -0.142732E-01  0.267105E-01
 95 0.9400E-01 -0.158541E-01  0.283658E-01
 96 0.9500E-01 -0.174525E-01  0.297238E-01
 97 0.9600E-01 -0.190667E-01  0.306727E-01
 98 0.9700E-01 -0.206949E-01  0.311098E-01
 99 0.9800E-01 -0.223353E-01  0.309644E-01
100 0.9900E-01 -0.239865E-01  0.302127E-01
101 0.1000     -0.256297E-01  0.279802E-01
102 0.1010     -0.272536E-01  0.234922E-01
103 0.1020     -0.288518E-01  0.163510E-01
104 0.1030     -0.304217E-01  0.650619E-02
105 0.1040     -0.319642E-01 -0.571918E-02
106 0.1050     -0.334821E-01 -0.196734E-01
107 0.1060     -0.349790E-01 -0.346197E-01
108 0.1070     -0.364576E-01 -0.500328E-01
109 0.1080     -0.379199E-01 -0.657377E-01
110 0.1090     -0.393680E-01 -0.818468E-01
111 0.1100     -0.408035E-01 -0.985937E-01
112 0.1110     -0.422286E-01 -0.116199    
113 0.1120     -0.436456E-01 -0.134825    
114 0.1130     -0.450573E-01 -0.154595    
115 0.1140     -0.464673E-01 -0.175621    
116 0.1150     -0.478796E-01 -0.197997    
117 0.1160     -0.492979E-01 -0.221757    
118 0.1170     -0.507254E-01 -0.246807    
119 0.1180     -0.521634E-01 -0.272883    
120 0.1190     -0.536119E-01 -0.299527    
121 0.1200     -0.550689E-01 -0.326121    
122 0.1210     -0.565322E-01 -0.351960    
123 0.1220     -0.579993E-01 -0.376347    
124 0.1230     -0.594683E-01 -0.398682    
125 0.1240     -0.609378E-01 -0.418531    
126 0.1250     -0.624070E-01 -0.435671    
127 0.1260     -0.638754E-01 -0.450115    
128 0.1270     -0.653427E-01 -0.462111    
129 0.1280     -0.668086E-01 -0.472112    
130 0.1290     -0.682733E-01 -0.480712    
131 0.1300     -0.697373E-01 -0.488556    
132 0.1310     -0.712011E-01 -0.496257    
133 0.1320     -0.726656E-01 -0.504322    
134 0.1330     -0.741310E-01 -0.513127    
135 0.1340     -0.755972E-01 -0.522924    
136 0.1350     -0.770633E-01 -0.533871    
137 0.1360     -0.785274E-01 -0.546054    
138 0.1370     -0.799875E-01 -0.559499    
139 0.1380     -0.814410E-01 -0.574160    
140 0.1390     -0.828859E-01 -0.589909    
141 0.1400     -0.843205E-01 -0.606543    
142 0.1410     -0.857441E-01 -0.623816    
143 0.1420     -0.871569E-01 -0.641497    
144 0.1430     -0.885593E-01 -0.659442    
145 0.1440     -0.899526E-01 -0.677647    
146 0.1450     -0.913381E-01 -0.696279    
147 0.1460     -0.927171E-01 -0.715665    
148 0.1470     -0.940909E-01 -0.736251    
149 0.1480     -0.954605E-01 -0.758536    
150 0.1490     -0.968269E-01 -0.782995    
151 0.1500     -0.981908E-01 -0.810020    
152 0.1510     -0.995526E-01 -0.839866    
153 0.1520     -0.100912     -0.872620    
154 0.1530     -0.102270     -0.908194    
155 0.1540     -0.103626     -0.946346    
156 0.1550     -0.104980     -0.986708    
157 0.1560     -0.106332      -1.02882    
158 0.1570     -0.107682      -1.07219    
159 0.1580     -0.109033      -1.11629    
160 0.1590     -0.110386      -1.16060    
161 0.1600     -0.111742      -1.20465    
162 0.1610     -0.113105      -1.24801    
163 0.1620     -0.114476      -1.29034    
164 0.1630     -0.115857      -1.33139    
165 0.1640     -0.117251      -1.37105    
166 0.1650     -0.118657      -1.40936    
167 0.1660     -0.120076      -1.44645    
168 0.1670     -0.121509      -1.48259    
169 0.1680     -0.122953      -1.51810    
170 0.1690     -0.124409      -1.55332    
171 0.1700     -0.125876      -1.58857    
172 0.1710     -0.127354      -1.62411    
173 0.1720     -0.128840      -1.66014    
174 0.1730     -0.130336      -1.69677    
175 0.1740     -0.131842      -1.73403    
176 0.1750     -0.133357      -1.77190    
177 0.1760     -0.134882      -1.81032    
178 0.1770     -0.136419      -1.84921    
179 0.1780     -0.137967      -1.88847    
180 0.1790     -0.139528      -1.92800    
181 0.1800     -0.141101      -1.96773    
182 0.1810     -0.142687      -2.00756    
183 0.1820     -0.144283      -2.04742    
184 0.1830     -0.145890      -2.08725    
185 0.1840     -0.147505      -2.12702    
186 0.1850     -0.149127      -2.16675    
187 0.1860     -0.150754      -2.20652    
188 0.1870     -0.152384      -2.24647    
189 0.1880     -0.154015      -2.28682    
190 0.1890     -0.155647      -2.32783    
191 0.1900     -0.157278      -2.36983    
192 0.1910     -0.158909      -2.41312    
193 0.1920     -0.160540      -2.45804    
194 0.1930     -0.162171      -2.50484    
195 0.1940     -0.163802      -2.55379    
196 0.1950     -0.165435      -2.60505    
197 0.1960     -0.167069      -2.65872    
198 0.1970     -0.168706      -2.71484    
199 0.1980     -0.170345      -2.77337    
200 0.1990     -0.171988      -2.83421    
201 0.2000     -0.173633      -2.89718    
202 0.2010     -0.175280      -2.96203    
203 0.2020     -0.176930      -3.02849    
204 0.2030     -0.178582      -3.09624    
205 0.2040     -0.180236      -3.16502    
206 0.2050     -0.181893      -3.23453    
207 0.2060     -0.183554      -3.30457    
208 0.2070     -0.185219      -3.37498    
209 0.2080     -0.186890      -3.44571    
210 0.2090     -0.188567      -3.51678    
211 0.2100     -0.190253      -3.58829    
212 0.2110     -0.191948      -3.66037    
213 0.2120     -0.193654      -3.73321    
214 0.2130     -0.195372      -3.80702    
215 0.2140     -0.197102      -3.88198    
216 0.2150     -0.198845      -3.95828    
217 0.2160     -0.200601      -4.03606    
218 0.2170     -0.202370      -4.11543    
219 0.2180     -0.204151      -4.19650    
220 0.2190     -0.205945      -4.27930    
221 0.2200     -0.207752      -4.36385    
222 0.2210     -0.209570      -4.45015    
223 0.2220     -0.211401      -4.53816    
224 0.2230     -0.213244      -4.62782    
225 0.2240     -0.215099      -4.71902    
226 0.2250     -0.216968      -4.81167    
227 0.2260     -0.218851      -4.90565    
228 0.2270     -0.220747      -5.00083    
229 0.2280     -0.222657      -5.09706    
230 0.2290     -0.224580      -5.19422    
231 0.2300     -0.226517      -5.29217    
232 0.2310     -0.228466      -5.39077    
233 0.2320     -0.230426      -5.48990    
234 0.2330     -0.232396      -5.58947    
235 0.2340     -0.234374      -5.68939    
236 0.2350     -0.236358      -5.78961    
237 0.2360     -0.238347      -5.89011    
238 0.2370     -0.240339      -5.99090    
239 0.2380     -0.242332      -6.09207    
240 0.2390     -0.244326      -6.19371    
241 0.2400     -0.246318      -6.29597    
242 0.2410     -0.248309      -6.39903    
243 0.2420     -0.250296      -6.50308    
244 0.2430     -0.252280      -6.60833    
245 0.2440     -0.254259      -6.71491    
246 0.2450     -0.256233      -6.82297    
247 0.2460     -0.258201      -6.93258    
248 0.2470     -0.260162      -7.04375    
249 0.2480     -0.262114      -7.15641    
250 0.2490     -0.264057      -7.27048    
251 0.2500     -0.265988      -7.38577    
252 0.2510     -0.267908      -7.50208    
253 0.2520     -0.269814      -7.61917    
254 0.2530     -0.271706      -7.73678    
255 0.2540     -0.273582      -7.85467    
256 0.2550     -0.275441      -7.97262    
257 0.2560     -0.277284      -8.09044    
258 0.2570     -0.279110      -8.20800    
259 0.2580     -0.280917      -8.32521    
260 0.2590     -0.282707      -8.44201    
261 0.2600     -0.284479      -8.55842    
262 0.2610     -0.286233      -8.67453    
263 0.2620     -0.287968      -8.79042    
264 0.2630     -0.289684      -8.90625    
265 0.2640     -0.291382      -9.02217    
266 0.2650     -0.293059      -9.13834    
267 0.2660     -0.294716      -9.25493    
268 0.2670     -0.296353      -9.37207    
269 0.2680     -0.297967      -9.48991    
270 0.2690     -0.299558      -9.60857    
271 0.2700     -0.301127      -9.72811    
272 0.2710     -0.302671      -9.84861    
273 0.2720     -0.304190      -9.97009    
274 0.2730     -0.305685      -10.0926    
275 0.2740     -0.307154      -10.2161    
276 0.2750     -0.308598      -10.3405    
277 0.2760     -0.310016      -10.4659    
278 0.2770     -0.311408      -10.5921    
279 0.2780     -0.312775      -10.7189    
280 0.2790     -0.314115      -10.8463    
281 0.2800     -0.315428      -10.9741    
282 0.2810     -0.316715      -11.1021    
283 0.2820     -0.317975      -11.2300    
284 0.2830     -0.319206      -11.3577    
285 0.2840     -0.320410      -11.4849    
286 0.2850     -0.321584      -11.6114    
287 0.2860     -0.322728      -11.7370    
288 0.2870     -0.323842      -11.8615    
289 0.2880     -0.324925      -11.9847    
290 0.2890     -0.325977      -12.1066    
291 0.2900     -0.326998      -12.2271    
292 0.2910     -0.327987      -12.3461    
293 0.2920     -0.328945      -12.4636    
294 0.2930     -0.329871      -12.5796    
295 0.2940     -0.330766      -12.6941    
296 0.2950     -0.331631      -12.8072    
297 0.2960     -0.332464      -12.9190    
298 0.2970     -0.333267      -13.0294    
299 0.2980     -0.334040      -13.1386    
300 0.2990     -0.334782      -13.2466    
301 0.3000     -0.335495      -13.3533    
302 0.3010     -0.336177      -13.4588    
303 0.3020     -0.336829      -13.5629    
304 0.3030     -0.337452      -13.6658    
305 0.3040     -0.338044      -13.7672    
306 0.3050     -0.338607      -13.8672    
307 0.3060     -0.339141      -13.9655    
308 0.3070     -0.339645      -14.0622    
309 0.3080     -0.340121      -14.1573    
310 0.3090     -0.340568      -14.2505    
311 0.3100     -0.340988      -14.3420    
312 0.3110     -0.341381      -14.4316    
313 0.3120     -0.341747      -14.5194    
314 0.3130     -0.342087      -14.6055    
315 0.3140     -0.342401      -14.6897    
316 0.3150     -0.342691      -14.7723    
317 0.3160     -0.342956      -14.8531    
318 0.3170     -0.343196      -14.9324    
319 0.3180     -0.343413      -15.0100    
320 0.3190     -0.343607      -15.0862    
321 0.3200     -0.343777      -15.1609    
322 0.3210     -0.343924      -15.2341    
323 0.3220     -0.344048      -15.3059    
324 0.3230     -0.344150      -15.3762    
325 0.3240     -0.344229      -15.4452    
326 0.3250     -0.344287      -15.5127    
327 0.3260     -0.344323      -15.5787    
328 0.3270     -0.344339      -15.6432    
329 0.3280     -0.344334      -15.7060    
330 0.3290     -0.344309      -15.7673    
331 0.3300     -0.344266      -15.8268    
332 0.3310     -0.344204      -15.8844    
333 0.3320     -0.344123      -15.9402    
334 0.3330     -0.344025      -15.9939    
335 0.3340     -0.343911      -16.0455    
336 0.3350     -0.343779      -16.0949    
337 0.3360     -0.343632      -16.1419    
338 0.3370     -0.343468      -16.1864    
339 0.3380     -0.343289      -16.2283    
340 0.3390     -0.343096      -16.2675    
341 0.3400     -0.342887      -16.3039    
342 0.3410     -0.342665      -16.3375    
343 0.3420     -0.342429      -16.3681    
344 0.3430     -0.342179      -16.3958    
345 0.3440     -0.341918      -16.4204    
346 0.3450     -0.341644      -16.4421    
347 0.3460     -0.341360      -16.4607    
348 0.3470     -0.341065      -16.4763    
349 0.3480     -0.340761      -16.4890    
350 0.3490     -0.340448      -16.4988    
351 0.3500     -0.340127      -16.5057    
352 0.3510     -0.339798      -16.5099    
353 0.3520     -0.339463      -16.5113    
354 0.3530     -0.339121      -16.5102    
355 0.3540     -0.338775      -16.5064    
356 0.3550     -0.338423      -16.5001    
357 0.3560     -0.338067      -16.4914    
358 0.3570     -0.337707      -16.4801    
359 0.3580     -0.337344      -16.4665    
360 0.3590     -0.336978      -16.4504    
361 0.3600     -0.336610      -16.4318    
362 0.3610     -0.336241      -16.4109    
363 0.3620     -0.335870      -16.3874    
364 0.3630     -0.335500      -16.3614    
365 0.3640     -0.335130      -16.3329    
366 0.3650     -0.334760      -16.3019    
367 0.3660     -0.334393      -16.2683    
368 0.3670     -0.334027      -16.2322    
369 0.3680     -0.333664      -16.1934    
370 0.3690     -0.333303      -16.1521    
371 0.3700     -0.332946      -16.1081    
372 0.3710     -0.332592      -16.0616    
373 0.3720     -0.332242      -16.0124    
374 0.3730     -0.331896      -15.9606    
375 0.3740     -0.331553      -15.9062    
376 0.3750     -0.331214      -15.8491    
377 0.3760     -0.330878      -15.7894    
378 0.3770     -0.330546      -15.7270    
379 0.3780     -0.330218      -15.6619    
380 0.3790     -0.329894      -15.5941    
381 0.3800     -0.329572      -15.5236    
382 0.3810     -0.329255      -15.4504    
383 0.3820     -0.328940      -15.3745    
384 0.3830     -0.328629      -15.2958    
385 0.3840     -0.328321      -15.2145    
386 0.3850     -0.328016      -15.1304    
387 0.3860     -0.327713      -15.0437    
388 0.3870     -0.327413      -14.9543    
389 0.3880     -0.327115      -14.8624    
390 0.3890     -0.326818      -14.7679    
391 0.3900     -0.326523      -14.6709    
392 0.3910     -0.326228      -14.5714    
393 0.3920     -0.325932      -14.4694    
394 0.3930     -0.325637      -14.3652    
395 0.3940     -0.325340      -14.2586    
396 0.3950     -0.325041      -14.1499    
397 0.3960     -0.324740      -14.0391    
398 0.3970     -0.324437      -13.9263    
399 0.3980     -0.324130      -13.8116    
400 0.3990     -0.323820      -13.6952    
401 0.4000     -0.323505      -13.5773    
402 0.4010     -0.323186      -13.4581    
403 0.4020     -0.322862      -13.3377    
404 0.4030     -0.322532      -13.2164    
405 0.4040     -0.322196      -13.0943    
406 0.4050     -0.321853      -12.9717    
407 0.4060     -0.321502      -12.8488    
408 0.4070     -0.321143      -12.7258    
409 0.4080     -0.320775      -12.6029    
410 0.4090     -0.320397      -12.4803    
411 0.4100     -0.320009      -12.3581    
412 0.4110     -0.319609      -12.2366    
413 0.4120     -0.319198      -12.1158    
414 0.4130     -0.318773      -11.9961    
415 0.4140     -0.318335      -11.8775    
416 0.4150     -0.317883      -11.7602    
417 0.4160     -0.317417      -11.6443    
418 0.4170     -0.316935      -11.5300    
419 0.4180     -0.316438      -11.4175    
420 0.4190     -0.315924      -11.3069    
421 0.4200     -0.315393      -11.1983    
422 0.4210     -0.314844      -11.0918    
423 0.4220     -0.314278      -10.9876    
424 0.4230     -0.313693      -10.8858    
425 0.4240     -0.313089      -10.7864    
426 0.4250     -0.312465      -10.6894    
427 0.4260     -0.311822      -10.5950    
428 0.4270     -0.311157      -10.5033    
429 0.4280     -0.310471      -10.4141    
430 0.4290     -0.309765      -10.3277    
431 0.4300     -0.309036      -10.2439    
432 0.4310     -0.308286      -10.1628    
433 0.4320     -0.307514      -10.0846    
434 0.4330     -0.306721      -10.0091    
435 0.4340     -0.305907      -9.93647    
436 0.4350     -0.305072      -9.86667    
437 0.4360     -0.304216      -9.79976    
438 0.4370     -0.303341      -9.73574    
439 0.4380     -0.302446      -9.67463    
440 0.4390     -0.301533      -9.61643    
441 0.4400     -0.300602      -9.56113    
442 0.4410     -0.299655      -9.50870    
443 0.4420     -0.298691      -9.45911    
444 0.4430     -0.297712      -9.41233    
445 0.4440     -0.296720      -9.36830    
446 0.4450     -0.295715      -9.32697    
447 0.4460     -0.294699      -9.28828    
448 0.4470     -0.293673      -9.25218    
449 0.4480     -0.292639      -9.21861    
450 0.4490     -0.291599      -9.18752    
451 0.4500     -0.290554      -9.15884    
452 0.4510     -0.289507      -9.13249    
453 0.4520     -0.288459      -9.10842    
454 0.4530     -0.287412      -9.08653    
455 0.4540     -0.286369      -9.06674    
456 0.4550     -0.285331      -9.04893    
457 0.4560     -0.284301      -9.03297    
458 0.4570     -0.283280      -9.01872    
459 0.4580     -0.282271      -9.00601    
460 0.4590     -0.281274      -8.99466    
461 0.4600     -0.280292      -8.98445    
462 0.4610     -0.279327      -8.97517    
463 0.4620     -0.278380      -8.96659    
464 0.4630     -0.277453      -8.95844    
465 0.4640     -0.276546      -8.95047    
466 0.4650     -0.275662      -8.94239    
467 0.4660     -0.274802      -8.93394    
468 0.4670     -0.273966      -8.92483    
469 0.4680     -0.273156      -8.91479    
470 0.4690     -0.272372      -8.90353    
471 0.4700     -0.271616      -8.89076    
472 0.4710     -0.270887      -8.87622    
473 0.4720     -0.270187      -8.85965    
474 0.4730     -0.269514      -8.84080    
475 0.4740     -0.268870      -8.81943    
476 0.4750     -0.268254      -8.79532    
477 0.4760     -0.267667      -8.76828    
478 0.4770     -0.267106      -8.73812    
479 0.4780     -0.266572      -8.70469    
480 0.4790     -0.266065      -8.66788    
481 0.4800     -0.265584      -8.62759    
482 0.4810     -0.265127      -8.58379    
483 0.4820     -0.264694      -8.53642    
484 0.4830     -0.264284      -8.48553    
485 0.4840     -0.263897      -8.43116    
486 0.4850     -0.263532      -8.37339    
487 0.4860     -0.263187      -8.31233    
488 0.4870     -0.262862      -8.24816    
489 0.4880     -0.262556      -8.18104    
490 0.4890     -0.262268      -8.11119    
491 0.4900     -0.261997      -8.03886    
492 0.4910     -0.261742      -7.96428    
493 0.4920     -0.261503      -7.88775    
494 0.4930     -0.261278      -7.80956    
495 0.4940     -0.261066      -7.73002    
496 0.4950     -0.260868      -7.64948    
497 0.4960     -0.260681      -7.56827    
498 0.4970     -0.260505      -7.48677    
499 0.4980     -0.260339      -7.40537    
500 0.4990     -0.260184      -7.32447    
501 0.5000     -0.260037      -7.24447    
502 0.5010     -0.259898      -7.16582    
503 0.5020     -0.259768      -7.08895    
504 0.5030     -0.259645      -7.01431    
505 0.5040     -0.259529      -6.94235    
506 0.5050     -0.259418      -6.87351    
507 0.5060     -0.259314      -6.80822    
508 0.5070     -0.259214      -6.74691    
509 0.5080     -0.259119      -6.68995    
510 0.5090     -0.259028      -6.63770    
511 0.5100     -0.258939      -6.59049    
512 0.5110     -0.258853      -6.54858    
513 0.5120     -0.258768      -6.51222    
514 0.5130     -0.258685      -6.48159    
515 0.5140     -0.258601      -6.45681    
516 0.5150     -0.258517      -6.43797    
517 0.5160     -0.258433      -6.42507    
518 0.5170     -0.258346      -6.41809    
519 0.5180     -0.258259      -6.41690    
520 0.5190     -0.258169      -6.42138    
521 0.5200     -0.258078      -6.43130    
522 0.5210     -0.257984      -6.44641    
523 0.5220     -0.257889      -6.46641    
524 0.5230     -0.257791      -6.49096    
525 0.5240     -0.257693      -6.51969    
526 0.5250     -0.257593      -6.55220    
527 0.5260     -0.257493      -6.58809    
528 0.5270     -0.257393      -6.62696    
529 0.5280     -0.257294      -6.66839    
530 0.5290     -0.257197      -6.71202    
531 0.5300     -0.257104      -6.75748    
532 0.5310     -0.257015      -6.80446    
533 0.5320     -0.256932      -6.85267    
534 0.5330     -0.256857      -6.90186    
535 0.5340     -0.256792      -6.95184    
536 0.5350     -0.256737      -7.00241    
537 0.5360     -0.256696      -7.05345    
538 0.5370     -0.256671      -7.10486    
539 0.5380     -0.256662      -7.15653    
540 0.5390     -0.256673      -7.20841    
541 0.5400     -0.256706      -7.26044    
542 0.5410     -0.256761      -7.31256    
543 0.5420     -0.256842      -7.36471    
544 0.5430     -0.256950      -7.41682    
545 0.5440     -0.257086      -7.46880    
546 0.5450     -0.257253      -7.52056    
547 0.5460     -0.257450      -7.57198    
548 0.5470     -0.257679      -7.62294    
549 0.5480     -0.257941      -7.67327    
550 0.5490     -0.258236      -7.72282    
551 0.5500     -0.258565      -7.77137    
552 0.5510     -0.258927      -7.81876    
553 0.5520     -0.259322      -7.86478    
554 0.5530     -0.259750      -7.90923    
555 0.5540     -0.260210      -7.95191    
556 0.5550     -0.260701      -7.99262    
557 0.5560     -0.261221      -8.03117    
558 0.5570     -0.261770      -8.06738    
559 0.5580     -0.262345      -8.10111    
560 0.5590     -0.262944      -8.13221    
561 0.5600     -0.263567      -8.16057    
562 0.5610     -0.264210      -8.18611    
563 0.5620     -0.264871      -8.20877    
564 0.5630     -0.265549      -8.22854    
565 0.5640     -0.266241      -8.24540    
566 0.5650     -0.266946      -8.25939    
567 0.5660     -0.267660      -8.27058    
568 0.5670     -0.268383      -8.27907    
569 0.5680     -0.269112      -8.28497    
570 0.5690     -0.269846      -8.28844    
571 0.5700     -0.270583      -8.28964    
572 0.5710     -0.271322      -8.28876    
573 0.5720     -0.272060      -8.28601    
574 0.5730     -0.272798      -8.28160    
575 0.5740     -0.273534      -8.27578    
576 0.5750     -0.274267      -8.26879    
577 0.5760     -0.274996      -8.26090    
578 0.5770     -0.275721      -8.25237    
579 0.5780     -0.276441      -8.24349    
580 0.5790     -0.277155      -8.23454    
581 0.5800     -0.277864      -8.22583    
582 0.5810     -0.278566      -8.21769    
583 0.5820     -0.279262      -8.21045    
584 0.5830     -0.279951      -8.20445    
585 0.5840     -0.280634      -8.20005    
586 0.5850     -0.281311      -8.19760    
587 0.5860     -0.281981      -8.19749    
588 0.5870     -0.282644      -8.20005    
589 0.5880     -0.283301      -8.20567    
590 0.5890     -0.283952      -8.21467    
591 0.5900     -0.284596      -8.22736    
592 0.5910     -0.285232      -8.24406    
593 0.5920     -0.285862      -8.26499    
594 0.5930     -0.286484      -8.29038    
595 0.5940     -0.287099      -8.32038    
596 0.5950     -0.287706      -8.35510    
597 0.5960     -0.288304      -8.39458    
598 0.5970     -0.288893      -8.43882    
599 0.5980     -0.289472      -8.48773    
600 0.5990     -0.290041      -8.54117    
601 0.6000     -0.290599      -8.59897    
602 0.6010     -0.291146      -8.66085    
603 0.6020     -0.291681      -8.72651    
604 0.6030     -0.292204      -8.79560    
605 0.6040     -0.292714      -8.86774    
606 0.6050     -0.293211      -8.94251    
607 0.6060     -0.293695      -9.01947    
608 0.6070     -0.294165      -9.09818    
609 0.6080     -0.294621      -9.17818    
610 0.6090     -0.295063      -9.25904    
611 0.6100     -0.295490      -9.34034    
612 0.6110     -0.295904      -9.42169    
613 0.6120     -0.296305      -9.50273    
614 0.6130     -0.296691      -9.58317    
615 0.6140     -0.297065      -9.66272    
616 0.6150     -0.297426      -9.74117    
617 0.6160     -0.297775      -9.81836    
618 0.6170     -0.298113      -9.89417    
619 0.6180     -0.298441      -9.96853    
620 0.6190     -0.298760      -10.0414    
621 0.6200     -0.299070      -10.1129    
622 0.6210     -0.299373      -10.1829    
623 0.6220     -0.299671      -10.2515    
624 0.6230     -0.299963      -10.3189    
625 0.6240     -0.300253      -10.3851    
626 0.6250     -0.300540      -10.4502    
627 0.6260     -0.300826      -10.5143    
628 0.6270     -0.301113      -10.5774    
629 0.6280     -0.301402      -10.6397    
630 0.6290     -0.301693      -10.7013    
631 0.6300     -0.301989      -10.7620    
632 0.6310     -0.302289      -10.8220    
633 0.6320     -0.302594      -10.8813    
634 0.6330     -0.302907      -10.9398    
635 0.6340     -0.303226      -10.9975    
636 0.6350     -0.303553      -11.0543    
637 0.6360     -0.303888      -11.1103    
638 0.6370     -0.304231      -11.1652    
639 0.6380     -0.304583      -11.2190    
640 0.6390     -0.304943      -11.2717    
641 0.6400     -0.305311      -11.3231    
642 0.6410     -0.305687      -11.3731    
643 0.6420     -0.306070      -11.4216    
644 0.6430     -0.306460      -11.4685    
645 0.6440     -0.306856      -11.5136    
646 0.6450     -0.307258      -11.5568    
647 0.6460     -0.307663      -11.5980    
648 0.6470     -0.308072      -11.6370    
649 0.6480     -0.308484      -11.6738    
650 0.6490     -0.308897      -11.7081    
651 0.6500     -0.309310      -11.7399    
652 0.6510     -0.309723      -11.7691    
653 0.6520     -0.310134      -11.7954    
654 0.6530     -0.310543      -11.8188    
655 0.6540     -0.310948      -11.8393    
656 0.6550     -0.311349      -11.8567    
657 0.6560     -0.311744      -11.8710    
658 0.6570     -0.312134      -11.8821    
659 0.6580     -0.312516      -11.8900    
660 0.6590     -0.312891      -11.8948    
661 0.6600     -0.313258      -11.8964    
662 0.6610     -0.313617      -11.8950    
663 0.6620     -0.313966      -11.8906    
664 0.6630     -0.314306      -11.8833    
665 0.6640     -0.314635      -11.8734    
666 0.6650     -0.314955      -11.8610    
667 0.6660     -0.315263      -11.8462    
668 0.6670     -0.315561      -11.8294    
669 0.6680     -0.315848      -11.8107    
670 0.6690     -0.316125      -11.7906    
671 0.6700     -0.316390      -11.7691    
672 0.6710     -0.316644      -11.7468    
673 0.6720     -0.316886      -11.7238    
674 0.6730     -0.317118      -11.7005    
675 0.6740     -0.317339      -11.6772    
676 0.6750     -0.317548      -11.6542    
677 0.6760     -0.317747      -11.6319    
678 0.6770     -0.317934      -11.6105    
679 0.6780     -0.318111      -11.5902    
680 0.6790     -0.318276      -11.5714    
681 0.6800     -0.318430      -11.5543    
682 0.6810     -0.318572      -11.5390    
683 0.6820     -0.318702      -11.5257    
684 0.6830     -0.318821      -11.5145    
685 0.6840     -0.318927      -11.5055    
686 0.6850     -0.319020      -11.4987    
687 0.6860     -0.319100      -11.4942    
688 0.6870     -0.319167      -11.4919    
689 0.6880     -0.319220      -11.4918    
690 0.6890     -0.319258      -11.4937    
691 0.6900     -0.319281      -11.4976    
692 0.6910     -0.319289      -11.5032    
693 0.6920     -0.319282      -11.5105    
694 0.6930     -0.319257      -11.5192    
695 0.6940     -0.319217      -11.5291    
696 0.6950     -0.319159      -11.5400    
697 0.6960     -0.319084      -11.5516    
698 0.6970     -0.318991      -11.5638    
699 0.6980     -0.318880      -11.5762    
700 0.6990     -0.318751      -11.5887    
701 0.7000     -0.318604      -11.6011    
702 0.7010     -0.318439      -11.6131    
703 0.7020     -0.318255      -11.6247    
704 0.7030     -0.318054      -11.6356    
705 0.7040     -0.317836      -11.6458    
706 0.7050     -0.317600      -11.6551    
707 0.7060     -0.317348      -11.6636    
708 0.7070     -0.317080      -11.6711    
709 0.7080     -0.316797      -11.6777    
710 0.7090     -0.316499      -11.6834    
711 0.7100     -0.316189      -11.6882    
712 0.7110     -0.315865      -11.6922    
713 0.7120     -0.315530      -11.6955    
714 0.7130     -0.315185      -11.6982    
715 0.7140     -0.314831      -11.7004    
716 0.7150     -0.314470      -11.7023    
717 0.7160     -0.314102      -11.7038    
718 0.7170     -0.313728      -11.7051    
719 0.7180     -0.313352      -11.7064    
720 0.7190     -0.312972      -11.7077    
721 0.7200     -0.312592      -11.7091    
722 0.7210     -0.312212      -11.7107    
723 0.7220     -0.311834      -11.7126    
724 0.7230     -0.311458      -11.7148    
725 0.7240     -0.311087      -11.7174    
726 0.7250     -0.310721      -11.7202    
727 0.7260     -0.310360      -11.7234    
728 0.7270     -0.310007      -11.7268    
729 0.7280     -0.309662      -11.7305    
730 0.7290     -0.309325      -11.7342    
731 0.7300     -0.308997      -11.7380    
732 0.7310     -0.308678      -11.7416    
733 0.7320     -0.308369      -11.7450    
734 0.7330     -0.308070      -11.7479    
735 0.7340     -0.307781      -11.7502    
736 0.7350     -0.307502      -11.7516    
737 0.7360     -0.307232      -11.7519    
738 0.7370     -0.306972      -11.7509    
739 0.7380     -0.306721      -11.7484    
740 0.7390     -0.306480      -11.7441    
741 0.7400     -0.306246      -11.7378    
742 0.7410     -0.306021      -11.7292    
743 0.7420     -0.305803      -11.7181    
744 0.7430     -0.305592      -11.7044    
745 0.7440     -0.305387      -11.6879    
746 0.7450     -0.305189      -11.6684    
747 0.7460     -0.304996      -11.6458    
748 0.7470     -0.304808      -11.6200    
749 0.7480     -0.304625      -11.5909    
750 0.7490     -0.304446      -11.5585    
751 0.7500     -0.304271      -11.5228    
752 0.7510     -0.304099      -11.4839    
753 0.7520     -0.303930      -11.4418    
754 0.7530     -0.303764      -11.3966    
755 0.7540     -0.303601      -11.3485    
756 0.7550     -0.303440      -11.2976    
757 0.7560     -0.303281      -11.2440    
758 0.7570     -0.303125      -11.1881    
759 0.7580     -0.302971      -11.1301    
760 0.7590     -0.302819      -11.0702    
761 0.7600     -0.302670      -11.0086    
762 0.7610     -0.302522      -10.9456    
763 0.7620     -0.302378      -10.8816    
764 0.7630     -0.302235      -10.8168    
765 0.7640     -0.302096      -10.7515    
766 0.7650     -0.301958      -10.6860    
767 0.7660     -0.301824      -10.6205    
768 0.7670     -0.301691      -10.5554    
769 0.7680     -0.301562      -10.4910    
770 0.7690     -0.301434      -10.4274    
771 0.7700     -0.301309      -10.3649    
772 0.7710     -0.301185      -10.3039    
773 0.7720     -0.301062      -10.2444    
774 0.7730     -0.300941      -10.1868    
775 0.7740     -0.300820      -10.1311    
776 0.7750     -0.300699      -10.0776    
777 0.7760     -0.300577      -10.0264    
778 0.7770     -0.300454      -9.97760    
779 0.7780     -0.300328      -9.93130    
780 0.7790     -0.300200      -9.88756    
781 0.7800     -0.300067      -9.84643    
782 0.7810     -0.299929      -9.80789    
783 0.7820     -0.299785      -9.77193    
784 0.7830     -0.299635      -9.73848    
785 0.7840     -0.299477      -9.70748    
786 0.7850     -0.299310      -9.67882    
787 0.7860     -0.299134      -9.65239    
788 0.7870     -0.298948      -9.62804    
789 0.7880     -0.298751      -9.60562    
790 0.7890     -0.298542      -9.58497    
791 0.7900     -0.298321      -9.56596    
792 0.7910     -0.298087      -9.54840    
793 0.7920     -0.297841      -9.53216    
794 0.7930     -0.297581      -9.51708    
795 0.7940     -0.297309      -9.50306    
796 0.7950     -0.297023      -9.48997    
797 0.7960     -0.296725      -9.47774    
798 0.7970     -0.296414      -9.46630    
799 0.7980     -0.296091      -9.45562    
800 0.7990     -0.295757      -9.44570    
801 0.8000     -0.295413      -9.43654    
802 0.8010     -0.295059      -9.42817    
803 0.8020     -0.294696      -9.42066    
804 0.8030     -0.294326      -9.41408    
805 0.8040     -0.293950      -9.40852    
806 0.8050     -0.293568      -9.40409    
807 0.8060     -0.293184      -9.40089    
808 0.8070     -0.292798      -9.39903    
809 0.8080     -0.292411      -9.39864    
810 0.8090     -0.292026      -9.39981    
811 0.8100     -0.291645      -9.40264    
812 0.8110     -0.291267      -9.40720    
813 0.8120     -0.290896      -9.41357    
814 0.8130     -0.290533      -9.42176    
815 0.8140     -0.290180      -9.43180    
816 0.8150     -0.289837      -9.44367    
817 0.8160     -0.289507      -9.45734    
818 0.8170     -0.289190      -9.47273    
819 0.8180     -0.288887      -9.48975    
820 0.8190     -0.288600      -9.50828    
821 0.8200     -0.288330      -9.52815    
822 0.8210     -0.288076      -9.54917    
823 0.8220     -0.287839      -9.57113    
824 0.8230     -0.287620      -9.59380    
825 0.8240     -0.287419      -9.61694    
826 0.8250     -0.287237      -9.64026    
827 0.8260     -0.287071      -9.66348    
828 0.8270     -0.286924      -9.68631    
829 0.8280     -0.286794      -9.70845    
830 0.8290     -0.286680      -9.72961    
831 0.8300     -0.286584      -9.74949    
832 0.8310     -0.286502      -9.76782    
833 0.8320     -0.286436      -9.78430    
834 0.8330     -0.286385      -9.79870    
835 0.8340     -0.286347      -9.81077    
836 0.8350     -0.286322      -9.82032    
837 0.8360     -0.286310      -9.82716    
838 0.8370     -0.286309      -9.83113    
839 0.8380     -0.286319      -9.83213    
840 0.8390     -0.286340      -9.83008    
841 0.8400     -0.286371      -9.82493    
842 0.8410     -0.286411      -9.81668    
843 0.8420     -0.286460      -9.80536    
844 0.8430     -0.286517      -9.79104    
845 0.8440     -0.286583      -9.77380    
846 0.8450     -0.286656      -9.75377    
847 0.8460     -0.286738      -9.73111    
848 0.8470     -0.286827      -9.70601    
849 0.8480     -0.286923      -9.67867    
850 0.8490     -0.287028      -9.64930    
851 0.8500     -0.287139      -9.61816    
852 0.8510     -0.287259      -9.58549    
853 0.8520     -0.287385      -9.55158    
854 0.8530     -0.287520      -9.51669    
855 0.8540     -0.287662      -9.48112    
856 0.8550     -0.287812      -9.44517    
857 0.8560     -0.287970      -9.40912    
858 0.8570     -0.288135      -9.37328    
859 0.8580     -0.288308      -9.33795    
860 0.8590     -0.288489      -9.30340    
861 0.8600     -0.288677      -9.26993    
862 0.8610     -0.288872      -9.23783    
863 0.8620     -0.289073      -9.20735    
864 0.8630     -0.289280      -9.17876    
865 0.8640     -0.289493      -9.15228    
866 0.8650     -0.289711      -9.12814    
867 0.8660     -0.289933      -9.10651    
868 0.8670     -0.290158      -9.08756    
869 0.8680     -0.290385      -9.07141    
870 0.8690     -0.290614      -9.05818    
871 0.8700     -0.290843      -9.04792    
872 0.8710     -0.291071      -9.04066    
873 0.8720     -0.291297      -9.03638    
874 0.8730     -0.291520      -9.03506    
875 0.8740     -0.291739      -9.03660    
876 0.8750     -0.291953      -9.04089    
877 0.8760     -0.292160      -9.04780    
878 0.8770     -0.292360      -9.05715    
879 0.8780     -0.292552      -9.06877    
880 0.8790     -0.292735      -9.08243    
881 0.8800     -0.292908      -9.09793    
882 0.8810     -0.293070      -9.11506    
883 0.8820     -0.293222      -9.13359    
884 0.8830     -0.293362      -9.15332    
885 0.8840     -0.293491      -9.17406    
886 0.8850     -0.293608      -9.19562    
887 0.8860     -0.293714      -9.21786    
888 0.8870     -0.293808      -9.24065    
889 0.8880     -0.293890      -9.26390    
890 0.8890     -0.293963      -9.28755    
891 0.8900     -0.294025      -9.31155    
892 0.8910     -0.294077      -9.33592    
893 0.8920     -0.294121      -9.36066    
894 0.8930     -0.294158      -9.38585    
895 0.8940     -0.294187      -9.41155    
896 0.8950     -0.294212      -9.43789    
897 0.8960     -0.294232      -9.46495    
898 0.8970     -0.294250      -9.49285    
899 0.8980     -0.294266      -9.52173    
900 0.8990     -0.294282      -9.55169    
901 0.9000     -0.294300      -9.58286    
902 0.9010     -0.294321      -9.61532    
903 0.9020     -0.294345      -9.64917    
904 0.9030     -0.294375      -9.68447    
905 0.9040     -0.294412      -9.72128    
906 0.9050     -0.294457      -9.75959    
907 0.9060     -0.294511      -9.79942    
908 0.9070     -0.294576      -9.84072    
909 0.9080     -0.294651      -9.88343    
910 0.9090     -0.294737      -9.92745    
911 0.9100     -0.294836      -9.97266    
912 0.9110     -0.294948      -10.0189    
913 0.9120     -0.295072      -10.0661    
914 0.9130     -0.295209      -10.1139    
915 0.9140     -0.295360      -10.1622    
916 0.9150     -0.295523      -10.2107    
917 0.9160     -0.295699      -10.2592    
918 0.9170     -0.295887      -10.3074    
919 0.9180     -0.296086      -10.3551    
920 0.9190     -0.296297      -10.4020    
921 0.9200     -0.296519      -10.4477    
922 0.9210     -0.296750      -10.4921    
923 0.9220     -0.296990      -10.5349    
924 0.9230     -0.297239      -10.5758    
925 0.9240     -0.297495      -10.6145    
926 0.9250     -0.297758      -10.6509    
927 0.9260     -0.298027      -10.6847    
928 0.9270     -0.298301      -10.7158    
929 0.9280     -0.298581      -10.7440    
930 0.9290     -0.298864      -10.7693    
931 0.9300     -0.299151      -10.7914    
932 0.9310     -0.299441      -10.8105    
933 0.9320     -0.299733      -10.8264    
934 0.9330     -0.300028      -10.8392    
935 0.9340     -0.300325      -10.8490    
936 0.9350     -0.300624      -10.8558    
937 0.9360     -0.300924      -10.8597    
938 0.9370     -0.301226      -10.8609    
939 0.9380     -0.301529      -10.8596    
940 0.9390     -0.301834      -10.8559    
941 0.9400     -0.302140      -10.8501    
942 0.9410     -0.302447      -10.8423    
943 0.9420     -0.302756      -10.8329    
944 0.9430     -0.303067      -10.8221    
945 0.9440     -0.303379      -10.8101    
946 0.9450     -0.303693      -10.7973    
947 0.9460     -0.304009      -10.7839    
948 0.9470     -0.304327      -10.7701    
949 0.9480     -0.304647      -10.7564    
950 0.9490     -0.304969      -10.7429    
951 0.9500     -0.305292      -10.7298    
952 0.9510     -0.305618      -10.7176    
953 0.9520     -0.305944      -10.7063    
954 0.9530     -0.306272      -10.6963    
955 0.9540     -0.306600      -10.6877    
956 0.9550     -0.306928      -10.6806    
957 0.9560     -0.307255      -10.6754    
958 0.9570     -0.307582      -10.6720    
959 0.9580     -0.307906      -10.6706    
960 0.9590     -0.308227      -10.6712    
961 0.9600     -0.308545      -10.6739    
962 0.9610     -0.308858      -10.6787    
963 0.9620     -0.309165      -10.6855    
964 0.9630     -0.309466      -10.6943    
965 0.9640     -0.309759      -10.7050    
966 0.9650     -0.310044      -10.7174    
967 0.9660     -0.310318      -10.7314    
968 0.9670     -0.310583      -10.7469    
969 0.9680     -0.310836      -10.7636    
970 0.9690     -0.311076      -10.7814    
971 0.9700     -0.311304      -10.8000    
972 0.9710     -0.311518      -10.8193    
973 0.9720     -0.311717      -10.8390    
974 0.9730     -0.311901      -10.8590    
975 0.9740     -0.312071      -10.8791    
976 0.9750     -0.312224      -10.8992    
977 0.9760     -0.312362      -10.9190    
978 0.9770     -0.312484      -10.9386    
979 0.9780     -0.312590      -10.9579    
980 0.9790     -0.312681      -10.9767    
981 0.9800     -0.312756      -10.9951    
982 0.9810     -0.312816      -11.0132    
983 0.9820     -0.312862      -11.0309    
984 0.9830     -0.312893      -11.0484    
985 0.9840     -0.312912      -11.0657    
986 0.9850     -0.312918      -11.0830    
987 0.9860     -0.312912      -11.1004    
988 0.9870     -0.312896      -11.1181    
989 0.9880     -0.312870      -11.1362    
990 0.9890     -0.312836      -11.1549    
991 0.9900     -0.312794      -11.1744    
992 0.9910     -0.312745      -11.1947    
993 0.9920     -0.312692      -11.2161    
994 0.9930     -0.312634      -11.2386    
995 0.9940     -0.312574      -11.2625    
996 0.9950     -0.312511      -11.2877    
997 0.9960     -0.312448      -11.3143    
998 0.9970     -0.312384      -11.3424    
999 0.9980     -0.312322      -11.3721    
