# Pazy Wing (simplified : constant stiffness properties)                          
# 
#   Op.Point     Eigenvalue
       1    0.93318345E-15     28.893226    
       1   -0.29823642E-14     183.18113    
       1    0.51171018E-14     272.99872    
       2    -6.1179290         0.0000000    
       2   -0.13081942         28.891773    
       2   -0.13524766         183.17753    
       2   -0.12299948         272.98965    
       3    -12.224543         0.0000000    
       3   -0.26016586         28.899973    
       3   -0.26632116         183.17084    
       3   -0.24661680         272.96149    
       4   -0.39685470         28.913270    
       4   -0.39379253         183.16347    
       4   -0.37086052         272.91284    
       5    -24.389570         0.0000000    
       5   -0.54073203         28.926207    
       5   -0.51833574         183.15652    
       5   -0.49582353         272.84189    
       6   -0.68956761         28.936413    
       6   -0.64061188         183.15071    
       6   -0.62162788         272.74600    
       7   -0.84144033         28.943369    
       7    -36.503174         0.0000000    
       7   -0.76124735         183.14633    
       7   -0.74839518         272.62170    
       8   -0.99512949         28.947316    
       8   -0.88082780         183.14358    
       8   -0.87622607         272.46477    
       9    -1.1499662         28.948693    
       9    -48.579250         0.0000000    
       9   -0.99989230         183.14244    
       9    -1.0051842         272.27017    
      10    -1.3056301         28.947923    
      10    -54.603901         0.0000000    
      10    -1.1189280         183.14280    
      10    -1.1352823         272.03194    
      11    -1.4620035         28.945383    
      11    -60.618996         0.0000000    
      11    -1.2383668         183.14439    
      11    -1.2664720         271.74330    
      12    -1.6190818         28.941357    
      12    -1.3585846         183.14697    
      12    -1.3986327         271.39651    
      13    -1.7769227         28.936058    
      13    -1.4799036         183.15019    
      13    -1.5315642         270.98289    
      14    -1.9356180         28.929675    
      14    -78.599953         0.0000000    
      14    -1.6025949         183.15361    
      14    -1.6649768         270.49274    
      15    -2.0952799         28.922344    
      15    -84.569550         0.0000000    
      15    -1.7268854         183.15682    
      15    -1.7984826         269.91533    
      16    -2.2560301         28.914179    
      16    -90.525810         0.0000000    
      16    -1.8529618         183.15937    
      16    -1.9315855         269.23874    
      17    -2.4179995         28.905281    
      17    -96.467918         0.0000000    
      17    -1.9809792         183.16077    
      17    -2.0636693         268.44999    
      18    -2.5813243         28.895729    
      18    -102.39509         0.0000000    
      18    -2.1110677         183.16055    
      18    -2.1939871         267.53478    
      19    -2.7461454         28.885601    
      19    -2.2433382         183.15821    
      19    -2.3216426         266.47757    
      20    -2.9126098         28.874961    
      20    -2.3778921         183.15327    
      20    -2.4455769         265.26153    
      21    -3.0808694         28.863870    
      21    -2.5148272         183.14523    
      21    -2.5645474         263.86854    
      22    -3.2510857         28.852387    
      22    -2.6542464         183.13360    
      22    -2.6771110         262.27922    
      23    -3.4234249         28.840557    
      23    -2.7962681         183.11791    
      23    -2.7816033         260.47313    
      24    -3.5980651         28.828427    
      24    -2.9410342         183.09771    
      24    -2.8761264         258.42880    
      25    -3.7751930         28.816038    
      25    -3.0887272         183.07257    
      25    -2.9585419         256.12436    
      26    -3.9550121         28.803423    
      26    -3.2395882         183.04213    
      26    -3.0264773         253.53791    
      27    -4.1377360         28.790601    
      27    -3.3939395         183.00610    
      27    -3.0773452         250.64830    
      28    -4.3235972         28.777592    
      28    -3.5522282         182.96429    
      28    -3.1083852         247.43598    
      29    -4.5128468         28.764391    
      29    -3.7150790         182.91672    
      29    -3.1167204         243.88421    
      30    -4.7057579         28.750978    
      30    -3.8833932         182.86367    
      30    -3.0994078         239.98043    
      31    -4.9026303         28.737319    
      31    -4.0585048         182.80592    
      31    -3.0534606         235.71730    
      32    -5.1037952         28.723340    
      32    -4.2424634         182.74487    
      32    -2.9757386         231.09399    
      33    -5.3096141         28.708942    
      33    -4.4385747         182.68320    
      33    -2.8625769         226.11671    
      34    -5.5204896         28.693979    
      34    -4.6525157         182.62563    
      34    -2.7087713         220.79847    
      35    -5.7368739         28.678254    
      35    -4.8948937         182.58057    
      35    -2.5050592         215.15724    
      36    -5.9592697         28.661501    
      36    -5.1879780         182.56341    
      36    -2.2313089         209.21202    
      37    -6.1882512         28.643375    
      37    -5.5870640         182.60169    
      37    -1.8350220         202.97591    
      38    -6.4244597         28.623427    
      38    -6.2642158         182.72099    
      38    -1.1473750         196.46860    
      38    -2.7923672         426.76332    
      39    -6.6686317         28.601078    
      39    -7.6864774         182.56146    
      39    0.29521193         190.09701    
      39    -3.0304207         419.70881    
      40    -6.9216093         28.575593    
      40    -9.1911161         180.94388    
      40     1.8265455         185.08732    
      40    -3.2787717         413.29470    
      41    -7.1843644         28.546038    
      41    -9.4326311         178.51402    
      41     2.0978302         180.83843    
      41    -3.5354379         407.46291    
      42    -7.4580152         28.511222    
      42    -8.0642868         176.12337    
      42    0.75934063         176.53948    
      42    -3.7990189         402.15393    
      43    -7.7438720         28.469634    
      43    -2.0215624         169.35801    
      43    -5.2560746         176.63991    
      43    -4.0687260         397.30978    
      44    -8.0434590         28.419356    
      44    -1.8692145         161.93024    
      44    -5.3858751         177.45700    
      44    -4.3443775         392.87426    
      45    -8.3585653         28.357942    
      45    -1.6084974         155.34572    
      45    -5.6306358         177.50856    
      45    -4.6263904         388.79480    
      46    -8.6913067         28.282239    
      46    -1.3671187         149.10953    
      46    -5.8640878         177.30665    
      46    -4.9157799         385.02199    
      47    -9.0441741         28.188202    
      47    -1.1462933         143.11934    
      47    -6.0860993         176.96478    
      47    -5.2141391         381.51018    
      48    -9.4201179         28.070538    
      48   -0.94300120         137.34107    
      48    -6.3004438         176.52238    
      48    -5.5236649         378.21705    
      49    -9.8226048         27.922299    
      49   -0.75490708         131.75927    
      49    -6.5098771         175.99481    
      49    -5.8471760         375.10345    
      50    -10.255670         27.734238    
      50   -0.58041130         126.36362    
      50    -6.7160818         175.38692    
      50    -6.1881537         372.13258    
      51    -10.723858         27.493907    
      51   -0.41842838         121.14467    
      51    -6.9198338         174.69766    
      51    -6.5507475         369.26975    
      52    -11.231957         27.184357    
      52   -0.26826833         116.09192    
      52    -7.1210014         173.92158    
      52    -6.9397231         366.48146    
      53    -11.784141         26.782300    
      53   -0.12969942         111.19353    
      53    -7.3182843         173.04897    
      53    -7.3601302         363.73486    
      54    -12.381644         26.255851    
      54   -0.32568160E-02     106.43650    
      54    -7.5085448         172.06483    
      54    -7.8162623         360.99752    
      55    -13.016781         25.562722    
      55    0.10892216         101.80839    
      55    -7.6854157         170.94677    
      55    -8.3087072         358.23783    
      56    -13.657967         24.653426    
      56    0.20110087         97.301110    
      56    -7.8366356         169.66091    
      56    -8.8263104         355.42862    
      57    -14.214275         23.495867    
      57    0.25940674         92.919659    
      57    -7.9394406         168.15543    
      57    -9.3248750         352.56065    
      58    -14.467996         22.166617    
      58    0.25359064         88.697649    
      58    -7.9561236         166.35322    
      58    -9.6768623         349.68816    
      59    -14.040488         21.031253    
      59    0.13430854         84.702614    
      59    -7.8458290         164.15532    
      59    -9.6029481         347.05463    
      60    -12.682254         20.636631    
      60   -0.12131658         80.969561    
      60    -7.6178463         161.47555    
      60    -8.8063491         345.24727    
      61    -10.741378         20.941693    
      61   -0.42994968         77.410621    
      61    -7.3265106         158.27704    
      61    -7.5281081         344.84111    
      62    -8.7452283         21.396573    
      62   -0.66891890         73.918986    
      62    -6.9259161         154.56826    
      62    -6.4412789         345.65779    
      63    -6.8662119         21.670119    
      63   -0.78456397         70.450187    
      63    -6.2825343         150.36465    
      63    -5.8527500         347.09515    
      64    -5.0804906         21.358389    
      64   -0.77099873         66.919159    
      64    -5.2833167         145.52928    
      64    -5.7532617         348.70182    
