# Pazy Wing (simplified : constant stiffness properties)                          
# 
#   Op.Point     Eigenvalue
       1    0.93318345E-15     28.893226    
       1   -0.29823642E-14     183.18113    
       1    0.51171018E-14     272.99872    
       2    -6.1131792         0.0000000    
       2   -0.13160301         28.891781    
       2   -0.13606659         183.17750    
       2   -0.12337397         272.98942    
       3   -0.26175209         28.900089    
       3   -0.26792125         183.17079    
       3   -0.24739366         272.96088    
       4    -18.300093         0.0000000    
       4   -0.39932611         28.913521    
       4   -0.39614558         183.16343    
       4   -0.37209177         272.91265    
       5   -0.54415050         28.926560    
       5   -0.52142302         183.15661    
       5   -0.49759692         272.84430    
       6   -0.69396770         28.936806    
       6    -30.425714         0.0000000    
       6   -0.64442300         183.15104    
       6   -0.62408188         272.75526    
       7   -0.84683611         28.943729    
       7   -0.76577878         183.14716    
       7   -0.75173869         272.64477    
       8    -1.0015214         28.947550    
       8    -42.507191         0.0000000    
       8   -0.88608174         183.14521    
       8   -0.88076184         272.51195    
       9    -1.1573449         28.948693    
       9    -48.533981         0.0000000    
       9    -1.0058751         183.14528    
       9    -1.0113359         272.35569    
      10    -1.3139790         28.947568    
      10    -54.551422         0.0000000    
      10    -1.1256491         183.14738    
      10    -1.1436272         272.17468    
      11    -1.4712994         28.944512    
      11    -60.559002         0.0000000    
      11    -1.2458371         183.15142    
      11    -1.2777748         271.96742    
      12    -1.6292950         28.939781    
      12    -66.556145         0.0000000    
      12    -1.3668155         183.15723    
      12    -1.4138874         271.73225    
      13    -1.7880177         28.933566    
      13    -72.542183         0.0000000    
      13    -1.4889059         183.16466    
      13    -1.5520382         271.46722    
      14    -1.9475512         28.926005    
      14    -78.516472         0.0000000    
      14    -1.6123769         183.17348    
      14    -1.6922606         271.17028    
      15    -2.1079983         28.917190    
      15    -84.478455         0.0000000    
      15    -1.7374520         183.18346    
      15    -1.8345481         270.83910    
      16    -2.2694720         28.907207    
      16    -90.427528         0.0000000    
      16    -1.8643126         183.19436    
      16    -1.9788498         270.47108    
      17    -2.4320899         28.896099    
      17    -96.363190         0.0000000    
      17    -1.9931058         183.20596    
      17    -2.1250705         270.06350    
      18    -2.5959747         28.883893    
      18    -102.28506         0.0000000    
      18    -2.1239509         183.21804    
      18    -2.2730685         269.61333    
      19    -2.7612507         28.870603    
      19    -108.19269         0.0000000    
      19    -2.2569444         183.23036    
      19    -2.4226532         269.11727    
      20    -2.9280453         28.856248    
      20    -2.3921657         183.24270    
      20    -2.5735835         268.57176    
      21    -3.0964899         28.840816    
      21    -2.5296838         183.25487    
      21    -2.7255676         267.97295    
      22    -3.2667171         28.824306    
      22    -2.6695605         183.26668    
      22    -2.8782551         267.31665    
      23    -3.4388650         28.806701    
      23    -2.8118554         183.27797    
      23    -3.0312386         266.59838    
      24    -3.6130754         28.787978    
      24    -2.9566316         183.28853    
      24    -3.1840472         265.81323    
      25    -3.7894973         28.768115    
      25    -3.1039579         183.29827    
      25    -3.3361411         264.95599    
      26    -3.9682803         28.747076    
      26    -3.2539128         183.30700    
      26    -3.4869021         264.02099    
      27    -4.1495864         28.724825    
      27    -3.4065911         183.31461    
      27    -3.6356312         263.00210    
      28    -4.3335834         28.701318    
      28    -3.5621073         183.32099    
      28    -3.7815351         261.89279    
      29    -4.5204458         28.676504    
      29    -3.7205992         183.32604    
      29    -3.9237133         260.68599    
      30    -4.7103580         28.650326    
      30    -3.8822376         183.32968    
      30    -4.0611475         259.37418    
      31    -4.9035184         28.622719    
      31    -4.0472310         183.33185    
      31    -4.1926847         257.94928    
      32    -5.1001323         28.593611    
      32    -4.2158374         183.33253    
      32    -4.3170176         256.40273    
      33    -5.3004205         28.562917    
      33    -4.3883750         183.33171    
      33    -4.4326629         254.72538    
      34    -5.5046190         28.530540    
      34    -4.5652415         183.32942    
      34    -4.5379402         252.90762    
      35    -5.7129781         28.496377    
      35    -4.7469320         183.32577    
      35    -4.6309350         250.93936    
      36    -5.9257671         28.460302    
      36    -4.9340734         183.32093    
      36    -4.7094757         248.81019    
      37    -6.1432772         28.422182    
      37    -5.1274659         183.31517    
      37    -4.7710840         246.50933    
      38    -6.3658192         28.381851    
      38    -5.3281430         183.30888    
      38    -4.8129211         244.02586    
      39    -6.5937346         28.339131    
      39    -5.5374638         183.30264    
      39    -4.8317181         241.34870    
      40    -6.8273884         28.293814    
      40    -5.7572472         183.29728    
      40    -4.8236691         238.46719    
      41    -7.0671828         28.245658    
      41    -5.9899783         183.29395    
      41    -4.7842547         235.37084    
      42    -7.3135520         28.194383    
      42    -6.2391500         183.29426    
      42    -4.7079643         232.04983    
      43    -7.5669786         28.139670    
      43    -6.5098331         183.30052    
      43    -4.5878010         228.49521    
      44    -7.8279922         28.081144    
      44    -6.8096690         183.31588    
      44    -4.4143520         224.69888    
      45    -8.0971739         28.018358    
      45    -7.1507225         183.34457    
      45    -4.1740364         220.65411    
      46    -8.3751736         27.950798    
      46    -7.5531590         183.39187    
      46    -3.8455180         216.35567    
      47    -8.6627209         27.877856    
      47    -8.0529153         183.46222    
      47    -3.3921225         211.80216    
      48    -8.9606176         27.798800    
      48    -8.7179364         183.54930    
      48    -2.7456495         207.00620    
      49    -9.2697807         27.712773    
      49    -9.6737445         183.59055    
      49    -1.7808508         202.03976    
      50    -9.5912424         27.618733    
      50    -11.052346         183.32411    
      50   -0.36654703         197.17720    
      51    -9.9261786         27.515433    
      51    -12.620265         182.30835    
      51     1.2624550         192.87562    
      52    -10.275940         27.401348    
      52    -13.816770         180.53793    
      52     2.5436556         189.15807    
      53    -10.642080         27.274622    
      53    -14.385030         178.32284    
      53     3.2180891         185.73412    
      53    -3.7457590         421.20936    
      54    -11.026401         27.132963    
      54    -14.258857         175.86731    
      54     3.2172087         182.42024    
      54    -3.9972837         414.85960    
      55    -11.431018         26.973513    
      55    -13.328174         173.25948    
      55     2.4284483         179.14941    
      56    -11.858418         26.792693    
      56    -11.238059         170.45029    
      56    0.49440729         175.99130    
      56    -4.5397577         403.25742    
      57    -12.311571         26.585939    
      57    -7.1205488         165.98598    
      57    -3.4552384         174.41917    
      57    -4.8287328         397.95438    
      58    -12.794055         26.347386    
      58    -4.9111387         158.79354    
      58    -5.4871604         175.52360    
      58    -5.1290004         392.94619    
      59    -13.310222         26.069372    
      59    -3.9111826         152.23549    
      59    -6.3018831         175.95716    
      59    -5.4408939         388.20289    
      60    -13.865444         25.741692    
      60    -3.1727306         146.01336    
      60    -6.8489087         176.03016    
      60    -5.7655011         383.69336    
      61    -14.466467         25.350495    
      61    -2.5386132         139.97758    
      61    -7.2865908         175.89993    
      61    -6.1048546         379.38497    
      62    -15.121900         24.876476    
      62    -1.9564530         134.06991    
      62    -7.6681194         175.62789    
      62    -6.4621819         375.24364    
      63    -15.843011         24.291870    
      63    -1.4019016         128.26165    
      63    -8.0183128         175.23997    
      63    -6.8423349         371.23294    
      64    -16.644946         23.555087    
      64   -0.86092816         122.53364    
      64    -8.3513665         174.74508    
      64    -7.2524518         367.31262    
      65    -17.548824         22.600428    
      65   -0.32390106         116.86709    
      65    -8.6769340         174.14140    
      65    -7.7031299         363.43656    
      66    -18.585634         21.316078    
      66    0.21689963         111.23728    
      66    -9.0029081         173.41772    
      66    -8.2105811         359.54810    
      67    -19.804019         19.489601    
      67    0.76850933         105.60527    
      67    -9.3372823         172.55105    
      67    -8.8009783         355.57132    
      68    -21.288766         16.635335    
      68     1.3379414         99.901913    
      68    -9.6903694         171.49859    
      68    -9.5205056         351.39193    
      69    -23.214700         11.085028    
      69     1.9326666         93.983382    
      69    -10.079593         170.17320    
      69    -10.463650         346.80393    
      70    -13.984374         0.0000000    
      70     2.5620472         87.445284    
      70    -10.547700         168.34222    
      70    -11.890142         341.29623    
      71    -7.0474873         0.0000000    
      71     3.1337115         82.021857    
      71    -11.041745         166.15999    
      71    -13.620101         335.27019    
