# Pazy Wing (simplified : constant stiffness properties)                          
# 
#   Op.Point     Eigenvalue
       1    0.93318345E-15     28.893226    
       1   -0.29823642E-14     183.18113    
       1    0.51171018E-14     272.99872    
       2   -0.13177958         28.891781    
       2   -0.13625173         183.17750    
       2   -0.12345765         272.98937    
       3    -12.218678         0.0000000    
       3   -0.26210794         28.900105    
       3   -0.26828271         183.17078    
       3   -0.24756721         272.96073    
       4    -18.305700         0.0000000    
       4   -0.39987616         28.913554    
       4   -0.39667640         183.16341    
       4   -0.37236676         272.91257    
       5   -0.54490386         28.926602    
       5   -0.52211817         183.15661    
       5   -0.49799289         272.84481    
       6   -0.69492711         28.936844    
       6   -0.64527903         183.15109    
       6   -0.62462988         272.75735    
       7   -0.84800052         28.943745    
       7    -36.482285         0.0000000    
       7   -0.76679379         183.14731    
       7   -0.75248557         272.65008    
       8    -1.0028875         28.947525    
       8    -42.520084         0.0000000    
       8   -0.88725472         183.14552    
       8   -0.88177590         272.52282    
       9    -1.1589076         28.948603    
       9    -48.548740         0.0000000    
       9    -1.0072060         183.14586    
       9    -1.0127131         272.37539    
      10    -1.3157322         28.947385    
      10    -1.1271380         183.14833    
      10    -1.1454978         272.20754    
      11    -1.4732357         28.944201    
      11    -1.2474847         183.15289    
      11    -1.2803123         272.01901    
      12    -1.6314058         28.939300    
      12    -1.3686224         183.15942    
      12    -1.4173166         271.80947    
      13    -1.7902917         28.932866    
      13    -72.565193         0.0000000    
      13    -1.4908715         183.16779    
      13    -1.5566450         271.57861    
      14    -1.9499761         28.925028    
      14    -78.541985         0.0000000    
      14    -1.6145006         183.17781    
      14    -1.6984035         271.32604    
      15    -2.1105594         28.915876    
      15    -84.506729         0.0000000    
      15    -1.7397315         183.18931    
      15    -1.8426687         271.05140    
      16    -2.2721510         28.905468    
      16    -1.8667440         183.20211    
      16    -1.9894874         270.75426    
      17    -2.4348661         28.893841    
      17    -96.398323         0.0000000    
      17    -1.9956834         183.21601    
      17    -2.1388756         270.43422    
      18    -2.5988229         28.881015    
      18    -102.32442         0.0000000    
      18    -2.1266655         183.23087    
      18    -2.2908188         270.09084    
      19    -2.7641417         28.866992    
      19    -2.2597828         183.24650    
      19    -2.4452729         269.72367    
      20    -2.9309452         28.851767    
      20    -2.3951102         183.26278    
      20    -2.6021637         269.33226    
      21    -3.0993572         28.835323    
      21    -2.5327085         183.27956    
      21    -2.7613885         268.91615    
      22    -3.2695047         28.817635    
      22    -2.6726309         183.29673    
      22    -2.9228167         268.47488    
      23    -3.4415175         28.798672    
      23    -2.8149249         183.31419    
      23    -3.0862895         268.00796    
      24    -3.6155277         28.778395    
      24    -2.9596358         183.33185    
      24    -3.2516231         267.51493    
      25    -3.7916721         28.756760    
      25    -3.1068110         183.34964    
      25    -3.4186055         266.99530    
      26    -3.9700911         28.733714    
      26    -3.2565011         183.36750    
      26    -3.5870011         266.44860    
      27    -4.1509302         28.709201    
      27    -3.4087630         183.38536    
      27    -3.7565467         265.87434    
      28    -4.3343399         28.683157    
      28    -3.5636608         183.40320    
      28    -3.9269568         265.27203    
      29    -4.5204775         28.655511    
      29    -3.7212696         183.42099    
      29    -4.0979193         264.64118    
      30    -4.7095045         28.626186    
      30    -3.8816739         183.43868    
      30    -4.2690970         263.98131    
      31    -4.9015917         28.595097    
      31    -4.0449730         183.45627    
      31    -4.4401273         263.29191    
      32    -5.0969168         28.562152    
      32    -4.2112800         183.47375    
      32    -4.6106219         262.57248    
      33    -5.2956658         28.527250    
      33    -4.3807244         183.49110    
      33    -4.7801633         261.82253    
      34    -5.4980344         28.490280    
      34    -4.5534537         183.50833    
      34    -4.9483080         261.04153    
      35    -5.7042277         28.451125    
      35    -4.7296357         183.52542    
      35    -5.1145789         260.22898    
      36    -5.9144616         28.409652    
      36    -4.9094590         183.54239    
      36    -5.2784702         259.38436    
      37    -6.1289643         28.365719    
      37    -5.0931373         183.55923    
      37    -5.4394371         258.50712    
      38    -6.3479770         28.319172    
      38    -5.2809115         183.57594    
      38    -5.5968997         257.59675    
      39    -6.5717531         28.269841    
      39    -5.4730505         183.59253    
      39    -5.7502380         256.65269    
      40    -6.8005624         28.217541    
      40    -5.6698587         183.60899    
      40    -5.8987804         255.67440    
      41    -7.0346911         28.162071    
      41    -5.8716763         183.62531    
      41    -6.0418110         254.66131    
      42    -7.2744429         28.103207    
      42    -6.0788867         183.64148    
      42    -6.1785537         253.61286    
      43    -7.5201405         28.040708    
      43    -6.2919196         183.65749    
      43    -6.3081689         252.52846    
      44    -7.7721283         27.974306    
      44    -6.5112594         183.67329    
      44    -6.4297480         251.40755    
      45    -8.0307737         27.903708    
      45    -6.7374520         183.68885    
      45    -6.5423002         250.24952    
      46    -8.2964677         27.828591    
      46    -6.9711122         183.70410    
      46    -6.6447453         249.05380    
      47    -8.5696297         27.748598    
      47    -7.2129373         183.71895    
      47    -6.7358960         247.81979    
      48    -8.8507095         27.663334    
      48    -7.4637165         183.73329    
      48    -6.8144485         246.54691    
      49    -9.1401889         27.572362    
      49    -7.7243476         183.74695    
      49    -6.8789603         245.23461    
      50    -9.4385853         27.475195    
      50    -7.9958524         183.75973    
      50    -6.9278363         243.88233    
      51    -9.7464564         27.371293    
      51    -8.2793988         183.77135    
      51    -6.9592963         242.48959    
      52    -10.064402         27.260052    
      52    -8.5763231         183.78142    
      52    -6.9713531         241.05595    
      53    -10.393071         27.140797    
      53    -8.8881578         183.78946    
      53    -6.9617833         239.58105    
      54    -10.733164         27.012768    
      54    -9.2166657         183.79482    
      54    -6.9280817         238.06467    
      55    -11.085437         26.875115    
      55    -9.5638686         183.79663    
      55    -6.8674287         236.50678    
      56    -11.450718         26.726872    
      56    -9.9320985         183.79373    
      56    -6.7766381         234.90757    
      57    -11.829895         26.566949    
      57    -10.324020         183.78458    
      57    -6.6521211         233.26760    
      58    -12.223941         26.394107    
      58    -10.742672         183.76712    
      58    -6.4898373         231.58792    
      59    -12.633919         26.206927    
      59    -11.191489         183.73858    
      59    -6.2852754         229.87022    
      60    -13.060981         26.003790    
      60    -11.674267         183.69526    
      60    -6.0334597         228.11711    
      61    -13.506398         25.782826    
      61    -12.195092         183.63221    
      61    -5.7290245         226.33238    
      62    -13.971550         25.541876    
      62    -12.758120         183.54282    
      62    -5.3664163         224.52147    
      63    -14.457964         25.278426    
      63    -13.367191         183.41846    
      63    -4.9402621         222.69177    
      64    -14.967307         24.989538    
      64    -14.025145         183.24807    
      64    -4.4460460         220.85311    
      65    -15.501425         24.671751    
      65    -14.732817         183.01794    
      65    -3.8810880         219.01788    
      66    -16.062347         24.320962    
      66    -15.487708         182.71206    
      66    -3.2458550         217.20079    
      67    -16.652314         23.932270    
      67    -16.282634         182.31311    
      67    -2.5452955         215.41784    
      68    -17.273812         23.499758    
      68    -17.104854         181.80436    
      68    -1.7896653         213.68442    
      69    -17.929587         23.016220    
      69    -17.936277         181.17207    
      69   -0.99432374         212.01297    
      70    -18.622691         22.472764    
      70    -18.755053         180.40752    
      70   -0.17807850         210.41089    
      71    -19.356500         21.858267    
      71    -19.538034         179.50795    
      71    0.63928722         208.87975    
      72    -20.134778         21.158557    
      72    -20.263188         178.47593    
      72     1.4394902         207.41584    
      73    -20.961683         20.355221    
      73    -20.911109         177.31783    
      73     2.2072577         206.01184    
      74    -21.841845         19.423628    
      74    -21.465447         176.04202    
      74     2.9308550         204.65858    
      75    -22.780379         18.329688    
      75    -21.912519         174.65748    
      75     3.6016873         203.34664    
      76    -23.782929         17.023851    
      76    -22.240549         173.17292    
      76     4.2135974         202.06722    
      77    -24.855710         15.428846    
      77    -22.438855         171.59637    
      77     4.7620928         200.81270    
      78    -26.005488         13.410388    
      78    -22.497163         169.93521    
      78     5.2436394         199.57683    
      79    -27.239605         10.685684    
      79    -22.405092         168.19620    
      79     5.6551623         198.35479    
      80    -28.565868         6.3190243    
      80    -22.151841         166.38579    
      80     5.9936349         197.14316    
      81    -23.339731         0.0000000    
      81    -36.645237         0.0000000    
      81    -21.726027         164.51032    
      81     6.2558462         195.93996    
      82    -19.699312         0.0000000    
      82    -43.356319         0.0000000    
      82    -21.115744         162.57621    
      82     6.4382176         194.74469    
      83    -20.308823         160.59008    
      83     6.5367503         193.55853    
      84    -15.650579         0.0000000    
      84    -54.263237         0.0000000    
      84    -19.293302         158.55873    
      84     6.5470921         192.38450    
      85    -14.195009         0.0000000    
      85    -59.534550         0.0000000    
      85    -18.058261         156.48889    
      85     6.4647458         191.22788    
      86    -12.936710         0.0000000    
      86    -64.879967         0.0000000    
      86    -16.594943         154.38673    
      86     6.2855521         190.09657    
      87    -14.898372         152.25723    
      87     6.0065103         189.00145    
      88    -12.969264         150.10339    
      88     5.6270294         187.95651    
      89    -10.816203         147.92581    
      89     5.1505993         186.97834    
      90    -9.0078011         0.0000000    
      90    -87.847916         0.0000000    
      90    -8.4575066         145.72314    
      90     4.5864876         186.08457    
      91    -5.9218469         143.49359    
      91     3.9507059         185.29108    
      92    -3.2467257         141.23741    
      92     3.2652032         184.60857    
      93   -0.47436858         138.95895    
      93     2.5549043         184.03977    
      94     2.3535881         136.66694    
      94     1.8435528         183.57901    
      95     5.2008890         134.37279    
      95     1.1501440         183.21412    
      96     8.0389996         132.08791    
      96    0.48738647         182.92976    
      97     10.847350         129.82154    
      97   -0.13793642         182.71029    
      98    -3.4222965         0.0000000    
      98     13.612129         127.57965    
      98    -139.71529         0.0000000    
      98   -0.72354641         182.54167    
