# Pazy Wing (simplified : constant stiffness properties)                          
# Operating point sequence...
# i     t     RX pos[ 1]    RZ pos[ 1]    RX pos[ 2]    RZ pos[ 2]    RZ pos[ 3]    Theta[ 3]    
  1  1.000     -0.500000E-01  0.550000      0.500000E-01  0.550000      0.550000     -0.254789E-11
  2  2.000     -0.500000E-01  0.550000      0.500000E-01  0.550000      0.550000     -0.374022E-07
  3  3.000     -0.500000E-01  0.550000      0.500000E-01  0.550000      0.550000     -0.155980E-06
  4  4.000     -0.500000E-01  0.550000      0.500000E-01  0.550000      0.550000     -0.374861E-06
  5  5.000     -0.500000E-01  0.550000      0.500000E-01  0.550000      0.550000     -0.726033E-06
  6  6.000     -0.500000E-01  0.550000      0.500000E-01  0.550000      0.550000     -0.125469E-05
  7  7.000     -0.500000E-01  0.550000      0.500000E-01  0.550000      0.550000     -0.201932E-05
  8  8.000     -0.500000E-01  0.550000      0.500000E-01  0.550000      0.550000     -0.309192E-05
  9  9.000     -0.500000E-01  0.550000      0.500000E-01  0.550000      0.550000     -0.455870E-05
 10  10.00     -0.500000E-01  0.550000      0.500000E-01  0.550000      0.550000     -0.652096E-05
 11  11.00     -0.500000E-01  0.550000      0.500000E-01  0.550000      0.550000     -0.909542E-05
 12  12.00     -0.500000E-01  0.549999      0.500000E-01  0.549999      0.549999     -0.124130E-04
 13  13.00     -0.500000E-01  0.549999      0.500000E-01  0.549999      0.549999     -0.166253E-04
 14  14.00     -0.500000E-01  0.549999      0.500000E-01  0.549999      0.549999     -0.218968E-04
 15  15.00     -0.500000E-01  0.549998      0.500000E-01  0.549998      0.549998     -0.284158E-04
 16  16.00     -0.499999E-01  0.549998      0.500001E-01  0.549998      0.549998     -0.363864E-04
 17  17.00     -0.499999E-01  0.549997      0.500001E-01  0.549997      0.549997     -0.460381E-04
 18  18.00     -0.499999E-01  0.549997      0.500001E-01  0.549997      0.549997     -0.576214E-04
 19  19.00     -0.499998E-01  0.549996      0.500002E-01  0.549996      0.549996     -0.714076E-04
 20  20.00     -0.499998E-01  0.549995      0.500002E-01  0.549995      0.549995     -0.877028E-04
 21  21.00     -0.499997E-01  0.549993      0.500003E-01  0.549994      0.549994     -0.106833E-03
 22  22.00     -0.499996E-01  0.549992      0.500003E-01  0.549992      0.549992     -0.129161E-03
 23  23.00     -0.499996E-01  0.549990      0.500004E-01  0.549991      0.549990     -0.155084E-03
 24  24.00     -0.499994E-01  0.549988      0.500005E-01  0.549989      0.549988     -0.185023E-03
 25  25.00     -0.499993E-01  0.549986      0.500007E-01  0.549986      0.549986     -0.219453E-03
 26  26.00     -0.499992E-01  0.549983      0.500008E-01  0.549984      0.549984     -0.258879E-03
 27  27.00     -0.499990E-01  0.549980      0.500010E-01  0.549981      0.549981     -0.303865E-03
 28  28.00     -0.499988E-01  0.549977      0.500011E-01  0.549977      0.549977     -0.355015E-03
 29  29.00     -0.499986E-01  0.549973      0.500014E-01  0.549974      0.549973     -0.412992E-03
 30  30.00     -0.499984E-01  0.549968      0.500016E-01  0.549969      0.549969     -0.478519E-03
 31  31.00     -0.499981E-01  0.549963      0.500019E-01  0.549964      0.549964     -0.552379E-03
 32  32.00     -0.499977E-01  0.549958      0.500022E-01  0.549959      0.549958     -0.635435E-03
 33  33.00     -0.499974E-01  0.549951      0.500025E-01  0.549953      0.549952     -0.728622E-03
 34  34.00     -0.499970E-01  0.549944      0.500029E-01  0.549946      0.549945     -0.832972E-03
 35  35.00     -0.499965E-01  0.549936      0.500034E-01  0.549938      0.549937     -0.949582E-03
 36  36.00     -0.499960E-01  0.549927      0.500039E-01  0.549929      0.549928     -0.107970E-02
 37  37.00     -0.499954E-01  0.549917      0.500044E-01  0.549919      0.549918     -0.122465E-02
 38  38.00     -0.499948E-01  0.549906      0.500051E-01  0.549908      0.549907     -0.138589E-02
 39  39.00     -0.499941E-01  0.549893      0.500058E-01  0.549896      0.549895     -0.156505E-02
 40  40.00     -0.499933E-01  0.549880      0.500065E-01  0.549883      0.549881     -0.176387E-02
 41  41.00     -0.499924E-01  0.549864      0.500074E-01  0.549868      0.549866     -0.198427E-02
 42  42.00     -0.499914E-01  0.549847      0.500083E-01  0.549851      0.549849     -0.222840E-02
 43  43.00     -0.499903E-01  0.549828      0.500094E-01  0.549833      0.549831     -0.249858E-02
 44  44.00     -0.499891E-01  0.549808      0.500106E-01  0.549812      0.549810     -0.279737E-02
 45  45.00     -0.499878E-01  0.549784      0.500119E-01  0.549790      0.549787     -0.312762E-02
 46  46.00     -0.499863E-01  0.549759      0.500133E-01  0.549765      0.549762     -0.349242E-02
 47  47.00     -0.499847E-01  0.549731      0.500149E-01  0.549737      0.549734     -0.389524E-02
 48  48.00     -0.499829E-01  0.549699      0.500166E-01  0.549707      0.549703     -0.433990E-02
 49  49.00     -0.499809E-01  0.549665      0.500186E-01  0.549673      0.549669     -0.483059E-02
 50  50.00     -0.499787E-01  0.549627      0.500207E-01  0.549636      0.549632     -0.537203E-02
 51  51.00     -0.499763E-01  0.549585      0.500230E-01  0.549595      0.549590     -0.596940E-02
 52  52.00     -0.499737E-01  0.549538      0.500256E-01  0.549550      0.549544     -0.662848E-02
 53  53.00     -0.499707E-01  0.549487      0.500285E-01  0.549500      0.549493     -0.735574E-02
 54  54.00     -0.499675E-01  0.549430      0.500317E-01  0.549444      0.549437     -0.815832E-02
 55  55.00     -0.499639E-01  0.549368      0.500351E-01  0.549383      0.549376     -0.904431E-02
 56  56.00     -0.499599E-01  0.549298      0.500390E-01  0.549316      0.549307     -0.100227E-01
 57  57.00     -0.499556E-01  0.549222      0.500432E-01  0.549241      0.549232     -0.111035E-01
 58  58.00     -0.499507E-01  0.549137      0.500479E-01  0.549159      0.549148     -0.122981E-01
 59  59.00     -0.499454E-01  0.549044      0.500531E-01  0.549067      0.549055     -0.136193E-01
 60  60.00     -0.499395E-01  0.548940      0.500589E-01  0.548966      0.548953     -0.150815E-01
 61  61.00     -0.499330E-01  0.548825      0.500652E-01  0.548854      0.548839     -0.167011E-01
 62  62.00     -0.499257E-01  0.548697      0.500723E-01  0.548729      0.548713     -0.184966E-01
 63  63.00     -0.499177E-01  0.548555      0.500801E-01  0.548591      0.548573     -0.204889E-01
 64  64.00     -0.499088E-01  0.548398      0.500888E-01  0.548437      0.548417     -0.227023E-01
 65  65.00     -0.498989E-01  0.548222      0.500984E-01  0.548266      0.548244     -0.251641E-01
 66  66.00     -0.498879E-01  0.548026      0.501091E-01  0.548075      0.548051     -0.279060E-01
 67  67.00     -0.498757E-01  0.547808      0.501210E-01  0.547862      0.547835     -0.309642E-01
 68  68.00     -0.498620E-01  0.547564      0.501344E-01  0.547624      0.547594     -0.343807E-01
 69  69.00     -0.498467E-01  0.547290      0.501492E-01  0.547357      0.547324     -0.382043E-01
 70  70.00     -0.498296E-01  0.546983      0.501659E-01  0.547057      0.547020     -0.424917E-01
 71  71.00     -0.498104E-01  0.546638      0.501846E-01  0.546720      0.546679     -0.473091E-01
 72  72.00     -0.497888E-01  0.546249      0.502056E-01  0.546341      0.546295     -0.527349E-01
 73  73.00     -0.497645E-01  0.545808      0.502293E-01  0.545911      0.545860     -0.588612E-01
 74  74.00     -0.497370E-01  0.545310      0.502561E-01  0.545425      0.545367     -0.657976E-01
 75  75.00     -0.497058E-01  0.544742      0.502864E-01  0.544871      0.544807     -0.736758E-01
 76  76.00     -0.496704E-01  0.544095      0.503209E-01  0.544240      0.544167     -0.826542E-01
 77  77.00     -0.496300E-01  0.543354      0.503603E-01  0.543516      0.543435     -0.929252E-01
 78  78.00     -0.495836E-01  0.542501      0.504054E-01  0.542684      0.542592     -0.104725    
 79  79.00     -0.495303E-01  0.541515      0.504573E-01  0.541721      0.541618     -0.118348    
 80  80.00     -0.494686E-01  0.540368      0.505174E-01  0.540602      0.540485     -0.134161    
 81  81.00     -0.493967E-01  0.539026      0.505874E-01  0.539292      0.539159     -0.152635    
 82  82.00     -0.493125E-01  0.537443      0.506694E-01  0.537747      0.537595     -0.174381    
 83  83.00     -0.492129E-01  0.535558      0.507664E-01  0.535908      0.535733     -0.200208    
 84  84.00     -0.490938E-01  0.533289      0.508824E-01  0.533692      0.533490     -0.231226    
 85  85.00     -0.489496E-01  0.530516      0.510228E-01  0.530985      0.530750     -0.269008    
 86  86.00     -0.487719E-01  0.527061      0.511959E-01  0.527612      0.527336     -0.315905    
 87  87.00     -0.485471E-01  0.522635      0.514149E-01  0.523291      0.522963     -0.375704    
 88  88.00     -0.482510E-01  0.516715      0.517033E-01  0.517510      0.517112     -0.455252    
 89  89.00     -0.478304E-01  0.508122      0.521130E-01  0.509117      0.508619     -0.569821    
 90  90.00     -0.470845E-01  0.492355      0.528395E-01  0.493712      0.493033     -0.777437    
 91  91.00     -0.459200E-01  0.467505      0.539709E-01  0.469516      0.468511      -1.15236    
