# FFWT Removed                                                                    
# Operating point sequence...
# i     t     Mc` mom[ 1]  
  1  0.000      0.732178    
  2 0.3200E-02  0.732178    
  3 0.6400E-02  0.732178    
  4 0.9600E-02  0.732177    
  5 0.1280E-01  0.732178    
  6 0.1600E-01  0.732178    
  7 0.1920E-01  0.732178    
  8 0.2240E-01  0.732178    
  9 0.2560E-01  0.732178    
 10 0.2880E-01  0.732178    
 11 0.3200E-01  0.732178    
 12 0.3520E-01  0.732178    
 13 0.3840E-01  0.732178    
 14 0.4160E-01  0.732178    
 15 0.4480E-01  0.732178    
 16 0.4800E-01  0.732178    
 17 0.5120E-01  0.732177    
 18 0.5440E-01  0.732177    
 19 0.5760E-01  0.732177    
 20 0.6080E-01  0.732176    
 21 0.6400E-01  0.732175    
 22 0.6720E-01  0.732175    
 23 0.7040E-01  0.732174    
 24 0.7360E-01  0.732173    
 25 0.7680E-01  0.732172    
 26 0.8000E-01  0.732170    
 27 0.8320E-01  0.732169    
 28 0.8640E-01  0.732167    
 29 0.8960E-01  0.732165    
 30 0.9280E-01  0.732163    
 31 0.9600E-01  0.732161    
 32 0.9920E-01  0.732159    
 33 0.1024      0.732157    
 34 0.1056      0.732155    
 35 0.1088      0.732211    
 36 0.1120      0.732559    
 37 0.1152      0.733482    
 38 0.1184      0.735251    
 39 0.1216      0.738126    
 40 0.1248      0.742388    
 41 0.1280      0.748385    
 42 0.1312      0.756524    
 43 0.1344      0.767224    
 44 0.1376      0.780854    
 45 0.1408      0.797702    
 46 0.1440      0.817975    
 47 0.1472      0.841801    
 48 0.1504      0.869217    
 49 0.1536      0.900146    
 50 0.1568      0.934386    
 51 0.1600      0.971600    
 52 0.1632       1.01134    
 53 0.1664       1.05305    
 54 0.1696       1.09612    
 55 0.1728       1.13983    
 56 0.1760       1.18345    
 57 0.1792       1.22620    
 58 0.1824       1.26733    
 59 0.1856       1.30608    
 60 0.1888       1.34178    
 61 0.1920       1.37382    
 62 0.1952       1.40167    
 63 0.1984       1.42492    
 64 0.2016       1.44327    
 65 0.2048       1.45654    
 66 0.2080       1.46466    
 67 0.2112       1.46770    
 68 0.2144       1.46582    
 69 0.2176       1.45930    
 70 0.2208       1.44846    
 71 0.2240       1.43374    
 72 0.2272       1.41558    
 73 0.2304       1.39447    
 74 0.2336       1.37090    
 75 0.2368       1.34535    
 76 0.2400       1.31827    
 77 0.2432       1.29008    
 78 0.2464       1.26113    
 79 0.2496       1.23174    
 80 0.2528       1.20214    
 81 0.2560       1.17251    
 82 0.2592       1.14299    
 83 0.2624       1.11364    
 84 0.2656       1.08449    
 85 0.2688       1.05554    
 86 0.2720       1.02678    
 87 0.2752      0.998192    
 88 0.2784      0.969754    
 89 0.2816      0.941478    
 90 0.2848      0.913403    
 91 0.2880      0.885611    
 92 0.2912      0.858228    
 93 0.2944      0.831434    
 94 0.2976      0.805455    
 95 0.3008      0.780567    
 96 0.3040      0.757086    
 97 0.3072      0.735363    
 98 0.3104      0.715771    
 99 0.3136      0.698694    
100 0.3168      0.684510    
101 0.3200      0.673579    
102 0.3232      0.666089    
103 0.3264      0.662058    
104 0.3296      0.661431    
105 0.3328      0.664099    
106 0.3360      0.669878    
107 0.3392      0.678459    
108 0.3424      0.689377    
109 0.3456      0.702041    
110 0.3488      0.715792    
111 0.3520      0.729964    
112 0.3552      0.743908    
113 0.3584      0.756996    
114 0.3616      0.768640    
115 0.3648      0.778322    
116 0.3680      0.785629    
117 0.3712      0.790276    
118 0.3744      0.792117    
119 0.3776      0.791135    
120 0.3808      0.787442    
121 0.3840      0.781266    
122 0.3872      0.772948    
123 0.3904      0.762925    
124 0.3936      0.751706    
125 0.3968      0.739840    
126 0.4000      0.727892    
127 0.4032      0.716418    
128 0.4064      0.705939    
129 0.4096      0.696920    
130 0.4128      0.689747    
131 0.4160      0.684711    
132 0.4192      0.681996    
133 0.4224      0.681676    
134 0.4256      0.683709    
135 0.4288      0.687947    
136 0.4320      0.694143    
137 0.4352      0.701967    
138 0.4384      0.711014    
139 0.4416      0.720838    
140 0.4448      0.730966    
141 0.4480      0.740919    
142 0.4512      0.750240    
143 0.4544      0.758511    
144 0.4576      0.765372    
145 0.4608      0.770539    
146 0.4640      0.773808    
147 0.4672      0.775073    
148 0.4704      0.774321    
149 0.4736      0.771635    
150 0.4768      0.767183    
151 0.4800      0.761213    
152 0.4832      0.754038    
153 0.4864      0.746020    
154 0.4896      0.737549    
155 0.4928      0.729029    
156 0.4960      0.720859    
157 0.4992      0.713409    
158 0.5024      0.707009    
159 0.5056      0.701933    
160 0.5088      0.698385    
161 0.5120      0.696497    
162 0.5152      0.696317    
163 0.5184      0.697815    
164 0.5216      0.700882    
165 0.5248      0.705342    
166 0.5280      0.710953    
167 0.5312      0.717431    
168 0.5344      0.724455    
169 0.5376      0.731685    
170 0.5408      0.738782    
171 0.5440      0.745420    
172 0.5472      0.751301    
173 0.5504      0.756170    
174 0.5536      0.759825    
175 0.5568      0.762124    
176 0.5600      0.762992    
177 0.5632      0.762422    
178 0.5664      0.760474    
179 0.5696      0.757271    
180 0.5728      0.752989    
181 0.5760      0.747855    
182 0.5792      0.742126    
183 0.5824      0.736081    
184 0.5856      0.730011    
185 0.5888      0.724196    
186 0.5920      0.718903    
187 0.5952      0.714364    
188 0.5984      0.710775    
189 0.6016      0.708279    
190 0.6048      0.706968    
191 0.6080      0.706878    
192 0.6112      0.707982    
193 0.6144      0.710203    
194 0.6176      0.713414    
195 0.6208      0.717442    
196 0.6240      0.722082    
197 0.6272      0.727105    
198 0.6304      0.732270    
199 0.6336      0.737333    
200 0.6368      0.742063    
