# FFWT Removed                                                                    
# Operating point sequence...
# i     t     Mc` mom[ 1]  
  1  0.000      0.732178    
  2 0.4000E-02  0.732178    
  3 0.8000E-02  0.732178    
  4 0.1200E-01  0.732178    
  5 0.1600E-01  0.732178    
  6 0.2000E-01  0.732177    
  7 0.2400E-01  0.732177    
  8 0.2800E-01  0.732177    
  9 0.3200E-01  0.732177    
 10 0.3600E-01  0.732176    
 11 0.4000E-01  0.732176    
 12 0.4400E-01  0.732175    
 13 0.4800E-01  0.732175    
 14 0.5200E-01  0.732174    
 15 0.5600E-01  0.732173    
 16 0.6000E-01  0.732172    
 17 0.6400E-01  0.732171    
 18 0.6800E-01  0.732171    
 19 0.7200E-01  0.732170    
 20 0.7600E-01  0.732170    
 21 0.8000E-01  0.732170    
 22 0.8400E-01  0.732170    
 23 0.8800E-01  0.732170    
 24 0.9200E-01  0.732171    
 25 0.9600E-01  0.732172    
 26 0.1000      0.732173    
 27 0.1040      0.732175    
 28 0.1080      0.732176    
 29 0.1120      0.732178    
 30 0.1160      0.732180    
 31 0.1200      0.732182    
 32 0.1240      0.732184    
 33 0.1280      0.732185    
 34 0.1320      0.732187    
 35 0.1360      0.732278    
 36 0.1400      0.732747    
 37 0.1440      0.733921    
 38 0.1480      0.736132    
 39 0.1520      0.739738    
 40 0.1560      0.745168    
 41 0.1600      0.752907    
 42 0.1640      0.763439    
 43 0.1680      0.777169    
 44 0.1720      0.794395    
 45 0.1760      0.815289    
 46 0.1800      0.839884    
 47 0.1840      0.868062    
 48 0.1880      0.899535    
 49 0.1920      0.933859    
 50 0.1960      0.970454    
 51 0.2000       1.00864    
 52 0.2040       1.04765    
 53 0.2080       1.08671    
 54 0.2120       1.12502    
 55 0.2160       1.16185    
 56 0.2200       1.19650    
 57 0.2240       1.22844    
 58 0.2280       1.25721    
 59 0.2320       1.28250    
 60 0.2360       1.30417    
 61 0.2400       1.32217    
 62 0.2440       1.33661    
 63 0.2480       1.34765    
 64 0.2520       1.35557    
 65 0.2560       1.36066    
 66 0.2600       1.36325    
 67 0.2640       1.36363    
 68 0.2680       1.36207    
 69 0.2720       1.35877    
 70 0.2760       1.35387    
 71 0.2800       1.34742    
 72 0.2840       1.33939    
 73 0.2880       1.32971    
 74 0.2920       1.31823    
 75 0.2960       1.30477    
 76 0.3000       1.28916    
 77 0.3040       1.27120    
 78 0.3080       1.25077    
 79 0.3120       1.22780    
 80 0.3160       1.20227    
 81 0.3200       1.17428    
 82 0.3240       1.14401    
 83 0.3280       1.11175    
 84 0.3320       1.07787    
 85 0.3360       1.04283    
 86 0.3400       1.00714    
 87 0.3440      0.971381    
 88 0.3480      0.936119    
 89 0.3520      0.901936    
 90 0.3560      0.869380    
 91 0.3600      0.838950    
 92 0.3640      0.811077    
 93 0.3680      0.786110    
 94 0.3720      0.764308    
 95 0.3760      0.745836    
 96 0.3800      0.730769    
 97 0.3840      0.719099    
 98 0.3880      0.710747    
 99 0.3920      0.705578    
100 0.3960      0.703415    
101 0.4000      0.704036    
102 0.4040      0.707003    
103 0.4080      0.711804    
104 0.4120      0.717940    
105 0.4160      0.724933    
106 0.4200      0.732278    
107 0.4240      0.739441    
108 0.4280      0.745892    
109 0.4320      0.751181    
110 0.4360      0.754973    
111 0.4400      0.757054    
112 0.4440      0.757328    
113 0.4480      0.755824    
114 0.4520      0.752697    
115 0.4560      0.748217    
116 0.4600      0.742745    
117 0.4640      0.736701    
118 0.4680      0.730529    
119 0.4720      0.724670    
120 0.4760      0.719532    
121 0.4800      0.715459    
122 0.4840      0.712710    
123 0.4880      0.711443    
124 0.4920      0.711704    
125 0.4960      0.713430    
126 0.5000      0.716456    
127 0.5040      0.720531    
128 0.5080      0.725336    
129 0.5120      0.730508    
130 0.5160      0.735669    
131 0.5200      0.740455    
132 0.5240      0.744537    
133 0.5280      0.747646    
134 0.5320      0.749591    
135 0.5360      0.750268    
136 0.5400      0.749667    
137 0.5440      0.747868    
138 0.5480      0.745035    
139 0.5520      0.741399    
140 0.5560      0.737242    
141 0.5600      0.732877    
142 0.5640      0.728617    
143 0.5680      0.724766    
144 0.5720      0.721584    
145 0.5760      0.719278    
146 0.5800      0.717987    
147 0.5840      0.717773    
148 0.5880      0.718622    
149 0.5920      0.720443    
150 0.5960      0.723078    
151 0.6000      0.726317    
152 0.6040      0.729914    
153 0.6080      0.733603    
154 0.6120      0.737122    
155 0.6160      0.740223    
156 0.6200      0.742703    
157 0.6240      0.744401    
158 0.6280      0.745223    
159 0.6320      0.745134    
160 0.6360      0.744170    
161 0.6400      0.742425    
162 0.6440      0.740045    
163 0.6480      0.737220    
164 0.6520      0.734163    
165 0.6560      0.731099    
166 0.6600      0.728247    
167 0.6640      0.725802    
168 0.6680      0.723929    
169 0.6720      0.722743    
170 0.6760      0.722310    
171 0.6800      0.722639    
172 0.6840      0.723686    
173 0.6880      0.725354    
174 0.6920      0.727511    
175 0.6960      0.729987    
176 0.7000      0.732599    
177 0.7040      0.735159    
178 0.7080      0.737487    
179 0.7120      0.739424    
180 0.7160      0.740847    
181 0.7200      0.741670    
182 0.7240      0.741852    
183 0.7280      0.741400    
184 0.7320      0.740366    
185 0.7360      0.738841    
186 0.7400      0.736948    
187 0.7440      0.734833    
188 0.7480      0.732654    
189 0.7520      0.730567    
190 0.7560      0.728721    
191 0.7600      0.727239    
192 0.7640      0.726216    
193 0.7680      0.725713    
194 0.7720      0.725752    
195 0.7760      0.726313    
196 0.7800      0.727345    
197 0.7840      0.728759    
198 0.7880      0.730446    
199 0.7920      0.732279    
200 0.7960      0.734123    
