# Mowe_temp                                                                       
# Operating point sequence...
# i     t     dWx ang.acc.  Wx rot.rate   Phi   (bank)  Phi[ 2]       Phi[ 3]      
  1  2.000       103.676       108.931      -203.895       156.105       156.105    
  2  2.010       104.035       109.971      -204.995       155.005       155.005    
  3  2.020       104.418       111.014      -206.101       153.899       153.899    
  4  2.030       104.770       112.060      -207.217       152.783       152.783    
  5  2.040       105.237       113.111      -208.343       151.657       151.657    
  6  2.050       105.741       114.166      -209.480       150.520       150.520    
  7  2.060       106.367       115.227      -210.627       149.373       149.373    
  8  2.070       107.131       116.294      -211.784       148.216       148.216    
  9  2.080       107.966       117.370      -212.953       147.047       147.047    
 10  2.090       108.934       118.455      -214.132       145.868       145.868    
 11  2.100       110.000       119.550      -215.322       144.678       144.678    
 12  2.110       111.162       120.656      -216.523       143.477       143.477    
 13  2.120       112.398       121.774      -217.735       142.265       142.265    
 14  2.130       113.740       122.905      -218.958       141.042       141.042    
 15  2.140       115.116       124.049      -220.193       139.807       139.807    
 16  2.150       116.587       125.208      -221.439       138.561       138.561    
 17  2.160       118.107       126.382      -222.697       137.303       137.303    
 18  2.170       119.639       127.570      -223.967       136.033       136.033    
 19  2.180       121.202       128.775      -225.249       134.751       134.751    
 20  2.190       122.716       129.994      -226.543       133.457       133.457    
 21  2.200       124.159       131.228      -227.849       132.151       132.151    
 22  2.210       125.501       132.476      -229.167       130.833       130.833    
 23  2.220       126.638       133.737      -230.499       129.501       129.501    
 24  2.230       127.622       135.008      -231.842       128.158       128.158    
 25  2.240       128.351       136.287      -233.199       126.801       126.801    
 26  2.250       128.769       137.572      -234.568       125.432       125.432    
 27  2.260       128.961       138.860      -235.950       124.050       124.050    
 28  2.270       128.774       140.148      -237.345       122.655       122.655    
 29  2.280       128.338       141.433      -238.753       121.247       121.247    
 30  2.290       127.510       142.711      -240.174       119.826       119.826    
 31  2.300       126.423       143.980      -241.607       118.393       118.393    
 32  2.310       124.942       145.236      -243.053       116.947       116.947    
 33  2.320       123.188       146.476      -244.512       115.488       115.488    
 34  2.330       121.067       147.696      -245.983       114.017       114.017    
 35  2.340       118.612       148.894      -247.465       112.535       112.535    
 36  2.350       115.845       150.065      -248.960       111.040       111.040    
 37  2.360       112.738       151.207      -250.466       109.534       109.534    
 38  2.370       109.339       152.317      -251.984       108.016       108.016    
 39  2.380       105.620       153.391      -253.512       106.488       106.488    
 40  2.390       101.654       154.426      -255.051       104.949       104.949    
 41  2.400       97.4082       155.421      -256.601       103.399       103.399    
 42  2.410       92.9593       156.372      -258.159       101.841       101.841    
 43  2.420       88.2615       157.278      -259.728       100.272       100.272    
 44  2.430       83.3976       158.136      -261.305       98.6955       98.6955    
 45  2.440       78.2791       158.943      -262.890       97.1103       97.1103    
 46  2.450       72.9856       159.699      -264.483       95.5172       95.5172    
 47  2.460       67.4201       160.401      -266.083       93.9168       93.9168    
 48  2.470       61.5879       161.045      -267.690       92.3097       92.3097    
 49  2.480       55.4251       161.629      -269.303       90.6965       90.6965    
 50  2.490       48.9275       162.150      -270.922       89.0778       89.0778    
 51  2.500       41.9349       162.603      -272.546       87.4542       87.4542    
 52  2.510       34.4994       162.984      -274.174       85.8264       85.8264    
 53  2.520       26.4988       163.288      -275.805       84.1953       84.1953    
 54  2.530       17.9051       163.509      -277.439       82.5615       82.5615    
 55  2.540       8.65009       163.640      -279.074       80.9260       80.9260    
 56  2.550      -1.31271       163.675      -280.710       79.2896       79.2896    
 57  2.560      -11.9848       163.607      -282.347       77.6534       77.6534    
 58  2.570      -23.4611       163.428      -283.981       76.0186       76.0186    
 59  2.580      -35.6648       163.130      -285.614       74.3861       74.3861    
 60  2.590      -48.6403       162.707      -287.243       72.7572       72.7572    
 61  2.600      -62.3540       162.150      -288.867       71.1333       71.1333    
 62  2.610      -76.7370       161.453      -290.484       69.5156       69.5156    
 63  2.620      -91.7040       160.609      -292.094       67.9057       67.9057    
 64  2.630      -107.156       159.613      -293.695       66.3050       66.3050    
 65  2.640      -122.888       158.462      -295.285       64.7149       64.7149    
 66  2.650      -138.708       157.154      -296.863       63.1372       63.1372    
 67  2.660      -154.343       155.689      -298.427       61.5734       61.5734    
 68  2.670      -169.494       154.070      -299.975       60.0250       60.0250    
 69  2.680      -183.731       152.306      -301.506       58.4935       58.4935    
 70  2.690      -196.704       150.406      -303.020       56.9803       56.9803    
 71  2.700      -207.981       148.387      -304.513       55.4867       55.4867    
 72  2.710      -217.160       146.266      -305.986       54.0137       54.0137    
 73  2.720      -223.954       144.066      -307.438       52.5623       52.5623    
 74  2.730      -228.222       141.811      -308.867       51.1331       51.1331    
 75  2.740      -229.938       139.526      -310.273       49.7265       49.7265    
 76  2.750      -229.481       137.235      -311.657       48.3428       48.3428    
 77  2.760      -227.272       134.956      -313.018       46.9818       46.9818    
 78  2.770      -224.033       132.703      -314.357       45.6435       45.6435    
 79  2.780      -220.634       130.481      -315.672       44.3275       44.3275    
 80  2.790      -217.808       128.288      -316.966       43.0336       43.0336    
 81  2.800      -216.213       126.116      -318.238       41.7615       41.7615    
 82  2.810      -216.067       123.951      -319.489       40.5112       40.5112    
 83  2.820      -217.360       121.781      -320.717       39.2826       39.2826    
 84  2.830      -219.541       119.594      -321.924       38.0758       38.0758    
 85  2.840      -221.649       117.387      -323.109       36.8909       36.8909    
 86  2.850      -222.649       115.167      -324.272       35.7282       35.7282    
 87  2.860      -221.375       112.951      -325.412       34.5877       34.5877    
 88  2.870      -217.044       110.766      -326.531       33.4690       33.4690    
 89  2.880      -209.210       108.642      -327.628       32.3719       32.3719    
 90  2.890      -197.986       106.615      -328.705       31.2954       31.2954    
 91  2.900      -183.949       104.712      -329.761       30.2385       30.2385    
 92  2.910      -168.036       102.958      -330.800       29.1999       29.1999    
 93  2.920      -151.236       101.365      -331.822       28.1779       28.1779    
 94  2.930      -134.451       99.9378      -332.829       27.1710       27.1710    
 95  2.940      -118.407       98.6726      -333.822       26.1775       26.1775    
 96  2.950      -103.519       97.5608      -334.804       25.1960       25.1960    
 97  2.960      -89.9085       96.5908      -335.775       24.2249       24.2249    
 98  2.970      -77.5058       95.7507      -336.737       23.2629       23.2629    
 99  2.980      -66.2347       95.0292      -337.691       22.3087       22.3087    
100  2.990      -55.8276       94.4164      -338.639       21.3612       21.3612    
101  3.000      -46.1663       93.9044      -339.581       20.4193       20.4193    
102  3.010      -37.0787       93.4866      -340.518       19.4821       19.4821    
103  3.020      -28.6281       93.1564      -341.451       18.5487       18.5487    
104  3.030      -20.7499       92.9080      -342.382       17.6182       17.6182    
105  3.040      -13.5608       92.7348      -343.310       16.6898       16.6898    
106  3.050      -7.18646       92.6292      -344.237       15.7628       15.7628    
107  3.060      -1.62290       92.5831      -345.163       14.8366       14.8366    
108  3.070       3.04362       92.5881      -346.089       13.9106       13.9106    
109  3.080       6.79301       92.6350      -347.016       12.9844       12.9844    
110  3.090       9.67408       92.7151      -347.942       12.0576       12.0576    
111  3.100       11.8574       92.8209      -348.870       11.1298       11.1298    
112  3.110       13.4040       92.9455      -349.799       10.2010       10.2010    
113  3.120       14.5141       93.0838      -350.729       9.27080       9.27080    
114  3.130       15.3752       93.2324      -351.661       8.33919       8.33919    
115  3.140       16.1305       93.3895      -352.594       7.40605       7.40605    
116  3.150       16.8811       93.5544      -353.529       6.47135       6.47135    
117  3.160       17.7417       93.7276      -354.465       5.53493       5.53493    
118  3.170       18.7146       93.9101      -355.403       4.59674       4.59674    
119  3.180       19.8141       94.1030      -356.343       3.65665       3.65665    
120  3.190       20.9403       94.3069      -357.285       2.71461       2.71461    
121  3.200       22.1590       94.5226      -358.230       1.77046       1.77046    
122  3.210       23.2670       94.7496      -359.176      0.824066      0.824066    
123  3.220       24.3985       94.9880      -360.125     -0.124620     -0.124620    
124  3.230       25.5883       95.2380      -361.076      -1.07579      -1.07579    
125  3.240       26.8107       95.5001      -362.030      -2.02951      -2.02951    
126  3.250       28.3259       95.7763      -362.986      -2.98592      -2.98592    
127  3.260       30.1847       96.0695      -363.945      -3.94518      -3.94518    
128  3.270       32.5655       96.3844      -364.907      -4.90747      -4.90747    
129  3.280       35.5551       96.7264      -365.873      -5.87310      -5.87310    
130  3.290       39.1010       97.1011      -366.842      -6.84228      -6.84228    
131  3.300       43.3523       97.5150      -367.815      -7.81541      -7.81541    
132  3.310       48.0663       97.9734      -368.793      -8.79295      -8.79295    
133  3.320       53.2209       98.4810      -369.775      -9.77535      -9.77535    
134  3.330       58.5687       99.0406      -370.763      -10.7631      -10.7631    
135  3.340       64.0079       99.6539      -371.757      -11.7567      -11.7567    
136  3.350       69.3787       100.321      -372.757      -12.7567      -12.7567    
137  3.360       74.4818       101.040      -373.764      -13.7636      -13.7636    
138  3.370       79.3697       101.808      -374.778      -14.7779      -14.7779    
139  3.380       83.8468       102.624      -375.800      -15.8002      -15.8002    
140  3.390       87.9903       103.482      -376.831      -16.8308      -16.8308    
141  3.400       91.7100       104.379      -377.870      -17.8702      -17.8702    
142  3.410       95.1219       105.313      -378.919      -18.9187      -18.9187    
143  3.420       98.1325       106.278      -379.977      -19.9767      -19.9767    
144  3.430       100.821       107.272      -381.044      -21.0445      -21.0445    
145  3.440       103.142       108.291      -382.122      -22.1223      -22.1223    
146  3.450       105.130       109.331      -383.210      -23.2105      -23.2105    
147  3.460       106.762       110.390      -384.309      -24.3091      -24.3091    
148  3.470       108.015       111.463      -385.418      -25.4184      -25.4184    
149  3.480       108.943       112.547      -386.538      -26.5384      -26.5384    
150  3.490       109.552       113.639      -387.669      -27.6693      -27.6693    
151  3.500       109.865       114.735      -388.811      -28.8112      -28.8112    
152  3.510       109.985       115.834      -389.964      -29.9640      -29.9640    
153  3.520       109.890       116.932      -391.128      -31.1278      -31.1278    
154  3.530       109.751       118.030      -392.303      -32.3027      -32.3027    
155  3.540       109.582       119.127      -393.488      -33.4885      -33.4885    
156  3.550       109.446       120.222      -394.685      -34.6852      -34.6852    
157  3.560       109.421       121.317      -395.893      -35.8929      -35.8929    
158  3.570       109.521       122.412      -397.112      -37.1115      -37.1115    
159  3.580       109.789       123.508      -398.341      -38.3411      -38.3411    
160  3.590       110.196       124.609      -399.582      -39.5816      -39.5816    
161  3.600       110.783       125.714      -400.833      -40.8332      -40.8332    
162  3.610       111.473       126.826      -402.096      -42.0959      -42.0959    
163  3.620       112.323       127.945      -403.370      -43.3698      -43.3698    
164  3.630       113.264       129.073      -404.655      -44.6549      -44.6549    
165  3.640       114.293       130.211      -405.951      -45.9513      -45.9513    
166  3.650       115.420       131.360      -407.259      -47.2591      -47.2591    
167  3.660       116.587       132.520      -408.579      -48.5786      -48.5786    
168  3.670       117.826       133.692      -409.910      -49.9096      -49.9096    
169  3.680       119.049       134.877      -411.252      -51.2525      -51.2525    
170  3.690       120.305       136.074      -412.607      -52.6072      -52.6072    
171  3.700       121.499       137.283      -413.974      -53.9741      -53.9741    
172  3.710       122.592       138.503      -415.353      -55.3530      -55.3530    
173  3.720       123.543       139.733      -416.744      -56.7442      -56.7442    
174  3.730       124.298       140.972      -418.148      -58.1478      -58.1478    
175  3.740       124.810       142.217      -419.564      -59.5637      -59.5637    
176  3.750       125.049       143.466      -420.992      -60.9921      -60.9921    
177  3.760       124.932       144.715      -422.433      -62.4330      -62.4330    
178  3.770       124.474       145.961      -423.886      -63.8864      -63.8864    
179  3.780       123.660       147.201      -425.352      -65.3521      -65.3521    
180  3.790       122.448       148.430      -426.830      -66.8302      -66.8302    
181  3.800       120.829       149.646      -428.321      -68.3205      -68.3205    
182  3.810       118.810       150.843      -429.823      -69.8229      -69.8229    
183  3.820       116.387       152.018      -431.337      -71.3372      -71.3372    
184  3.830       113.477       153.166      -432.863      -72.8631      -72.8631    
185  3.840       110.172       154.283      -434.400      -74.4002      -74.4002    
186  3.850       106.375       155.365      -435.948      -75.9484      -75.9484    
187  3.860       102.111       156.406      -437.507      -77.5071      -77.5071    
188  3.870       97.3783       157.402      -439.076      -79.0760      -79.0760    
189  3.880       92.1865       158.349      -440.655      -80.6546      -80.6546    
190  3.890       86.5068       159.241      -442.242      -82.2424      -82.2424    
191  3.900       80.4363       160.075      -443.839      -83.8388      -83.8388    
192  3.910       73.9081       160.845      -445.443      -85.4432      -85.4432    
193  3.920       67.0534       161.549      -447.055      -87.0551      -87.0551    
194  3.930       59.7796       162.182      -448.674      -88.6736      -88.6736    
195  3.940       52.1893       162.741      -450.298      -90.2980      -90.2980    
196  3.950       44.2353       163.223      -451.928      -91.9276      -91.9276    
197  3.960       35.8806       163.622      -453.562      -93.5616      -93.5616    
198  3.970       27.2003       163.937      -455.199      -95.1992      -95.1992    
199  3.980       18.0110       164.162      -456.839      -96.8394      -96.8394    
200  3.990       8.37476       164.292      -458.482      -98.4815      -98.4815    
201  4.000      -1.85121       164.324      -460.124      -100.124      -100.124    
202  4.010      -12.6040       164.250      -461.767      -101.767      -101.767    
203  4.020      -24.0905       164.065      -463.408      -103.408      -103.408    
204  4.030      -36.1917       163.762      -465.047      -105.047      -105.047    
205  4.040      -49.0564       163.334      -466.682      -106.682      -106.682    
206  4.050      -62.5837       162.774      -468.313      -108.313      -108.313    
207  4.060      -76.8045       162.075      -469.937      -109.937      -109.937    
208  4.070      -91.6303       161.232      -471.553      -111.553      -111.553    
209  4.080      -106.927       160.237      -473.160      -113.160      -113.160    
210  4.090      -122.565       159.089      -474.756      -114.756      -114.756    
211  4.100      -138.286       157.784      -476.340      -116.340      -116.340    
212  4.110      -153.868       156.323      -477.910      -117.910      -117.910    
213  4.120      -168.946       154.710      -479.465      -119.465      -119.465    
214  4.130      -183.134       152.951      -481.003      -121.003      -121.003    
215  4.140      -196.035       151.058      -482.523      -122.523      -122.523    
216  4.150      -207.220       149.046      -484.023      -124.023      -124.023    
217  4.160      -216.330       146.933      -485.503      -125.503      -125.503    
218  4.170      -223.058       144.741      -486.961      -126.961      -126.961    
219  4.180      -227.267       142.496      -488.397      -128.397      -128.397    
220  4.190      -229.020       140.220      -489.810      -129.810      -129.810    
221  4.200      -228.587       137.938      -491.201      -131.201      -131.201    
222  4.210      -226.507       135.667      -492.569      -132.569      -132.569    
223  4.220      -223.434       133.420      -493.915      -133.915      -133.915    
224  4.230      -220.252       131.203      -495.238      -135.238      -135.238    
225  4.240      -217.653       129.013      -496.539      -136.539      -136.539    
226  4.250      -216.302       126.841      -497.818      -137.818      -137.818    
227  4.260      -216.433       124.674      -499.076      -139.076      -139.076    
228  4.270      -217.994       122.498      -500.312      -140.312      -140.312    
229  4.280      -220.475       120.303      -501.526      -141.526      -141.526    
230  4.290      -222.926       118.085      -502.718      -142.718      -142.718    
231  4.300      -224.340       115.850      -503.887      -143.887      -143.887    
232  4.310      -223.528       113.615      -505.035      -145.035      -145.035    
233  4.320      -219.727       111.405      -506.160      -146.160      -146.160    
234  4.330      -212.420       109.252      -507.263      -147.263      -147.263    
235  4.340      -201.718       107.190      -508.346      -148.346      -148.346    
236  4.350      -188.169       105.248      -509.408      -149.408      -149.408    
237  4.360      -172.607       103.450      -510.452      -150.452      -150.452    
238  4.370      -156.099       101.810      -511.479      -151.479      -151.479    
239  4.380      -139.462       100.334      -512.490      -152.490      -152.490    
240  4.390      -123.490       99.0181      -513.487      -153.487      -153.487    
241  4.400      -108.572       97.8558      -514.472      -154.472      -154.472    
242  4.410      -94.8275       96.8362      -515.446      -155.446      -155.446    
243  4.420      -82.3499       95.9473      -516.410      -156.410      -156.410    
244  4.430      -70.8603       95.1786      -517.366      -157.366      -157.366    
245  4.440      -60.2645       94.5205      -518.315      -158.315      -158.315    
246  4.450      -50.4007       93.9652      -519.257      -159.257      -159.257    
247  4.460      -41.0635       93.5063      -520.195      -160.195      -160.195    
248  4.470      -32.3750       93.1375      -521.129      -161.129      -161.129    
249  4.480      -24.2037       92.8532      -522.059      -162.059      -162.059    
250  4.490      -16.7051       92.6471      -522.987      -162.986      -162.986    
251  4.500      -9.94482       92.5121      -523.913      -163.913      -163.913    
252  4.510      -3.96072       92.4407      -524.837      -164.837      -164.837    
253  4.520       1.12595       92.4244      -525.762      -165.762      -165.762    
254  4.530       5.37638       92.4548      -526.687      -166.687      -166.687    
255  4.540       8.79672       92.5236      -527.612      -167.612      -167.612    
256  4.550       11.4606       92.6229      -528.537      -168.537      -168.537    
257  4.560       13.5079       92.7461      -529.464      -169.464      -169.464    
258  4.570       15.1077       92.8878      -530.393      -170.393      -170.393    
259  4.580       16.3299       93.0440      -531.322      -171.322      -171.322    
260  4.590       17.3797       93.2119      -532.254      -172.254      -172.254    
261  4.600       18.3246       93.3900      -533.187      -173.187      -173.187    
262  4.610       19.2401       93.5777      -534.122      -174.122      -174.122    
263  4.620       20.1628       93.7746      -535.058      -175.058      -175.058    
264  4.630       21.1110       93.9810      -535.997      -175.997      -175.997    
265  4.640       21.9986       94.1965      -536.938      -176.938      -176.938    
266  4.650       22.8860       94.4209      -537.881      -177.881      -177.881    
267  4.660       23.6734       94.6535      -538.827      -178.827      -178.827    
268  4.670       24.4616       94.8941      -539.774      -179.774      -179.774    
269  4.680       25.2272       95.1425      -540.725       179.275       179.275    
270  4.690       26.1355       95.3996      -541.677       178.323       178.323    
271  4.700       27.3217       95.6674      -542.633       177.367       177.367    
272  4.710       28.8734       95.9492      -543.591       176.409       176.409    
273  4.720       30.9484       96.2494      -544.552       175.448       175.448    
274  4.730       33.6471       96.5738      -545.516       174.484       174.484    
275  4.740       37.0165       96.9287      -546.484       173.516       173.516    
276  4.750       41.0175       97.3205      -547.455       172.545       172.545    
277  4.760       45.5789       97.7550      -548.431       171.569       171.569    
278  4.770       50.5706       98.2369      -549.411       170.589       170.589    
279  4.780       55.8247       98.7697      -550.396       169.604       169.604    
280  4.790       61.2206       99.3555      -551.387       168.613       168.613    
281  4.800       66.5590       99.9945      -552.384       167.616       167.616    
282  4.810       71.7431       100.686      -553.387       166.613       166.613    
283  4.820       76.6749       101.427      -554.398       165.602       165.602    
284  4.830       81.3180       102.217      -555.416       164.584       164.584    
285  4.840       85.6173       103.051      -556.443       163.557       163.557    
286  4.850       89.5768       103.926      -557.478       162.522       162.522    
287  4.860       93.2538       104.839      -558.522       161.478       161.478    
288  4.870       96.5648       105.787      -559.575       160.425       160.425    
289  4.880       99.6065       106.768      -560.638       159.362       159.362    
290  4.890       102.299       107.776      -561.711       158.289       158.289    
291  4.900       104.679       108.810      -562.794       157.206       157.206    
292  4.910       106.725       109.867      -563.887       156.113       156.113    
293  4.920       108.390       110.941      -564.991       155.009       155.009    
294  4.930       109.738       112.031      -566.106       153.894       153.894    
295  4.940       110.684       113.132      -567.232       152.768       152.768    
296  4.950       111.349       114.242      -568.369       151.631       151.631    
297  4.960       111.665       115.356      -569.517       150.483       150.483    
298  4.970       111.805       116.473      -570.676       149.324       149.324    
299  4.980       111.740       117.590      -571.846       148.154       148.154    
300  4.990       111.561       118.706      -573.028       146.972       146.972    
301  5.000       111.374       119.821      -574.221       145.779       145.779    
302  5.010       111.172       120.933      -575.424       144.576       144.576    
303  5.020       111.054       122.045      -576.639       143.361       143.361    
304  5.030       111.042       123.155      -577.865       142.135       142.135    
305  5.040       111.136       124.267      -579.103       140.897       140.897    
306  5.050       111.368       125.379      -580.351       139.649       139.649    
307  5.060       111.730       126.495      -581.610       138.390       138.390    
308  5.070       112.218       127.615      -582.881       137.119       137.119    
309  5.080       112.833       128.741      -584.163       135.837       135.837    
310  5.090       113.548       129.873      -585.456       134.544       134.544    
311  5.100       114.379       131.013      -586.760       133.240       133.240    
312  5.110       115.300       132.162      -588.076       131.924       131.924    
313  5.120       116.291       133.320      -589.404       130.596       130.596    
314  5.130       117.353       134.488      -590.743       129.257       129.257    
315  5.140       118.437       135.667      -592.094       127.906       127.906    
316  5.150       119.528       136.857      -593.456       126.544       126.544    
317  5.160       120.561       138.058      -594.831       125.169       125.169    
318  5.170       121.501       139.268      -596.218       123.782       123.782    
319  5.180       122.330       140.487      -597.617       122.383       122.383    
320  5.190       122.938       141.713      -599.028       120.972       120.972    
321  5.200       123.313       142.944      -600.451       119.549       119.549    
322  5.210       123.447       144.177      -601.887       118.113       118.113    
323  5.220       123.256       145.410      -603.335       116.665       116.665    
324  5.230       122.765       146.639      -604.795       115.205       115.205    
325  5.240       121.927       147.862      -606.267       113.733       113.733    
326  5.250       120.698       149.074      -607.752       112.248       112.248    
327  5.260       119.144       150.272      -609.249       110.751       110.751    
328  5.270       117.129       151.453      -610.757       109.243       109.243    
329  5.280       114.764       152.611      -612.278       107.722       107.722    
330  5.290       111.881       153.743      -613.810       106.191       106.191    
331  5.300       108.616       154.845      -615.352       104.648       104.648    
332  5.310       104.820       155.911      -616.906       103.094       103.094    
333  5.320       100.564       156.936      -618.470       101.530       101.530    
334  5.330       95.8108       157.917      -620.045       99.9554       99.9554    
335  5.340       90.5826       158.848      -621.628       98.3716       98.3716    
336  5.350       84.9141       159.724      -623.221       96.7789       96.7789    
337  5.360       78.7583       160.541      -624.822       95.1776       95.1776    
338  5.370       72.2080       161.295      -626.431       93.5685       93.5685    
339  5.380       65.2432       161.982      -628.048       91.9523       91.9523    
340  5.390       57.8827       162.596      -629.670       90.3296       90.3296    
341  5.400       50.1362       163.135      -631.299       88.7011       88.7011    
342  5.410       41.9712       163.595      -632.932       87.0676       87.0676    
343  5.420       33.4039       163.971      -634.570       85.4300       85.4300    
344  5.430       24.3581       164.258      -636.211       83.7890       83.7890    
345  5.440       14.7893       164.453      -637.854       82.1457       82.1457    
346  5.450       4.69488       164.549      -639.499       80.5009       80.5009    
347  5.460      -6.02135       164.541      -641.144       78.8557       78.8557    
348  5.470      -17.4104       164.422      -642.789       77.2111       77.2111    
349  5.480      -29.4710       164.186      -644.432       75.5684       75.5684    
350  5.490      -42.2648       163.826      -646.071       73.9286       73.9286    
351  5.500      -55.7760       163.334      -647.707       72.2932       72.2932    
352  5.510      -69.9873       162.703      -649.337       70.6633       70.6633    
353  5.520      -84.8397       161.927      -650.960       69.0405       69.0405    
354  5.530      -100.226       161.000      -652.574       67.4262       67.4262    
355  5.540      -116.004       159.918      -654.178       65.8220       65.8220    
356  5.550      -131.997       158.677      -655.771       64.2293       64.2293    
357  5.560      -147.910       157.278      -657.350       62.6499       62.6499    
358  5.570      -163.457       155.721      -658.915       61.0853       61.0853    
359  5.580      -178.264       154.014      -660.463       59.5369       59.5369    
360  5.590      -191.915       152.165      -661.994       58.0064       58.0064    
361  5.600      -203.971       150.189      -663.505       56.4949       56.4949    
362  5.610      -214.054       148.104      -664.996       55.0038       55.0038    
363  5.620      -221.800       145.930      -666.466       53.5338       53.5338    
364  5.630      -227.023       143.692      -667.914       52.0859       52.0859    
365  5.640      -229.653       141.415      -669.340       50.6605       50.6605    
366  5.650      -229.958       139.122      -670.742       49.2578       49.2578    
367  5.660      -228.325       136.836      -672.122       47.8780       47.8780    
368  5.670      -225.413       134.571      -673.479       46.5209       46.5209    
369  5.680      -222.099       132.336      -674.814       45.1863       45.1863    
370  5.690      -219.089       130.130      -676.126       43.8738       43.8738    
371  5.700      -217.175       127.947      -677.417       42.5833       42.5833    
372  5.710      -216.767       125.774      -678.685       41.3146       41.3146    
373  5.720      -217.876       123.597      -679.932       40.0677       40.0677    
374  5.730      -220.204       121.403      -681.157       38.8428       38.8428    
375  5.740      -222.902       119.186      -682.360       37.6398       37.6398    
376  5.750      -224.907       116.947      -683.541       36.4592       36.4592    
377  5.760      -225.102       114.701      -684.699       35.3010       35.3010    
378  5.770      -222.457       112.469      -685.835       34.1651       34.1651    
379  5.780      -216.388       110.282      -686.949       33.0513       33.0513    
380  5.790      -206.748       108.175      -688.041       31.9588       31.9588    
381  5.800      -193.978       106.179      -689.113       30.8867       30.8867    
382  5.810      -178.832       104.322      -690.166       29.8339       29.8339    
383  5.820      -162.351       102.620      -691.201       28.7988       28.7988    
384  5.830      -145.524       101.083      -692.220       27.7799       27.7799    
385  5.840      -129.115       99.7095      -693.225       26.7755       26.7755    
386  5.850      -113.694       98.4938      -694.216       25.7841       25.7841    
387  5.860      -99.4756       97.4254      -695.196       24.8041       24.8041    
388  5.870      -86.5322       96.4924      -696.166       23.8342       23.8342    
389  5.880      -74.7007       95.6833      -697.127       22.8730       22.8730    
390  5.890      -63.8056       94.9883      -698.081       21.9193       21.9193    
391  5.900      -53.6672       94.3988      -699.028       20.9721       20.9721    
392  5.910      -44.1799       93.9078      -699.970       20.0304       20.0304    
393  5.920      -35.2381       93.5092      -700.907       19.0930       19.0930    
394  5.930      -26.8689       93.1972      -701.841       18.1592       18.1592    
395  5.940      -19.1222       92.9657      -702.772       17.2281       17.2281    
396  5.950      -12.1032       92.8079      -703.701       16.2990       16.2990    
397  5.960      -5.83425       92.7164      -704.629       15.3712       15.3712    
398  5.970     -0.472569       92.6827      -705.556       14.4440       14.4440    
399  5.980       4.04465       92.6985      -706.483       13.5170       13.5170    
400  5.990       7.72376       92.7552      -707.410       12.5897       12.5897    
401  6.000       10.5517       92.8445      -708.339       11.6615       11.6615    
402  6.010       12.7919       92.9595      -709.268       10.7324       10.7324    
403  6.020       14.4511       93.0942      -710.198       9.80207       9.80207    
404  6.030       15.7704       93.2442      -711.130       8.87032       8.87032    
405  6.040       16.8317       93.4065      -712.063       7.93693       7.93693    
406  6.050       17.8047       93.5792      -712.998       7.00191       7.00191    
407  6.060       18.7100       93.7616      -713.935       6.06513       6.06513    
408  6.070       19.6461       93.9533      -714.873       5.12656       5.12656    
409  6.080       20.6331       94.1548      -715.814       4.18596       4.18596    
410  6.090       21.5626       94.3657      -716.757       3.24328       3.24328    
411  6.100       22.4930       94.5860      -717.702       2.29848       2.29848    
412  6.110       23.3493       94.8150      -718.649       1.35143       1.35143    
413  6.120       24.1735       95.0526      -719.598      0.402087      0.402087    
414  6.130       24.9527       95.2981      -720.550     -0.549659     -0.549659    
415  6.140       25.8216       95.5521      -721.504      -1.50397      -1.50397    
416  6.150       26.9445       95.8164      -722.461      -2.46086      -2.46086    
417  6.160       28.3489       96.0935      -723.420      -3.42041      -3.42041    
418  6.170       30.2723       96.3876      -724.383      -4.38287      -4.38287    
419  6.180       32.7863       96.7043      -725.348      -5.34839      -5.34839    
420  6.190       35.9583       97.0496      -726.317      -6.31718      -6.31718    
421  6.200       39.8029       97.4300      -727.290      -7.28974      -7.28974    
422  6.210       44.2202       97.8516      -728.266      -8.26630      -8.26630    
423  6.220       49.1342       98.3197      -729.247      -9.24733      -9.24733    
424  6.230       54.3734       98.8383      -730.233      -10.2333      -10.2333    
425  6.240       59.7451       99.4094      -731.225      -11.2247      -11.2247    
426  6.250       65.1737       100.034      -732.222      -12.2220      -12.2220    
427  6.260       70.4038       100.712      -733.226      -13.2258      -13.2258    
428  6.270       75.4586       101.441      -734.237      -14.2367      -14.2367    
429  6.280       80.1883       102.219      -735.255      -15.2551      -15.2551    
430  6.290       84.5856       103.042      -736.282      -16.2816      -16.2816    
431  6.300       88.6561       103.907      -737.316      -17.3164      -17.3164    
432  6.310       92.4003       104.812      -738.360      -18.3601      -18.3601    
433  6.320       95.8133       105.752      -739.413      -19.4131      -19.4131    
434  6.330       98.8820       106.724      -740.476      -20.4756      -20.4756    
435  6.340       101.712       107.727      -741.548      -21.5480      -21.5480    
436  6.350       104.132       108.755      -742.630      -22.6305      -22.6305    
437  6.360       106.260       109.806      -743.723      -23.7233      -23.7233    
438  6.370       108.031       110.877      -744.827      -24.8269      -24.8269    
439  6.380       109.420       111.963      -745.941      -25.9411      -25.9411    
440  6.390       110.478       113.062      -747.066      -27.0663      -27.0663    
441  6.400       111.184       114.169      -748.203      -28.2025      -28.2025    
442  6.410       111.591       115.283      -749.350      -29.3498      -29.3498    
443  6.420       111.771       116.399      -750.508      -30.5082      -30.5082    
444  6.430       111.734       117.516      -751.678      -31.6778      -31.6778    
445  6.440       111.569       118.632      -752.858      -32.8585      -32.8585    
446  6.450       111.395       119.746      -754.050      -34.0504      -34.0504    
447  6.460       111.195       120.859      -755.253      -35.2534      -35.2534    
448  6.470       111.076       121.971      -756.468      -36.4675      -36.4675    
449  6.480       111.033       123.082      -757.693      -37.6928      -37.6928    
450  6.490       111.104       124.193      -758.929      -38.9292      -38.9292    
451  6.500       111.356       125.305      -760.177      -40.1767      -40.1767    
452  6.510       111.679       126.421      -761.435      -41.4353      -41.4353    
453  6.520       112.159       127.540      -762.705      -42.7052      -42.7052    
454  6.530       112.760       128.665      -763.986      -43.9862      -43.9862    
455  6.540       113.465       129.797      -765.279      -45.2785      -45.2785    
456  6.550       114.268       130.936      -766.582      -46.5822      -46.5822    
457  6.560       115.178       132.083      -767.897      -47.8974      -47.8974    
458  6.570       116.165       133.240      -769.224      -49.2240      -49.2240    
459  6.580       117.204       134.407      -770.562      -50.5624      -50.5624    
460  6.590       118.274       135.585      -771.912      -51.9124      -51.9124    
461  6.600       119.388       136.773      -773.274      -53.2742      -53.2742    
462  6.610       120.395       137.972      -774.648      -54.6479      -54.6479    
463  6.620       121.368       139.181      -776.034      -56.0337      -56.0337    
464  6.630       122.216       140.398      -777.432      -57.4317      -57.4317    
465  6.640       122.830       141.623      -778.842      -58.8418      -58.8418    
466  6.650       123.279       142.853      -780.264      -60.2643      -60.2643    
467  6.660       123.429       144.086      -781.699      -61.6990      -61.6990    
468  6.670       123.269       145.319      -783.146      -63.1460      -63.1460    
469  6.680       122.832       146.549      -784.605      -64.6054      -64.6054    
470  6.690       122.018       147.772      -786.077      -66.0770      -66.0770    
471  6.700       120.852       148.986      -787.561      -67.5608      -67.5608    
472  6.710       119.325       150.186      -789.057      -69.0567      -69.0567    
473  6.720       117.381       151.368      -790.565      -70.5645      -70.5645    
474  6.730       115.020       152.529      -792.084      -72.0840      -72.0840    
475  6.740       112.259       153.665      -793.615      -73.6149      -73.6149    
476  6.750       108.977       154.770      -795.157      -75.1570      -75.1570    
477  6.760       105.306       155.840      -796.710      -76.7099      -76.7099    
478  6.770       101.054       156.871      -798.273      -78.2734      -78.2734    
479  6.780       96.3843       157.857      -799.847      -79.8470      -79.8470    
480  6.790       91.2188       158.794      -801.430      -81.4302      -81.4302    
481  6.800       85.5726       159.676      -803.022      -83.0224      -83.0224    
482  6.810       79.4678       160.500      -804.623      -84.6232      -84.6232    
483  6.820       72.9607       161.261      -806.232      -86.2319      -86.2319    
484  6.830       66.0177       161.955      -807.848      -87.8478      -87.8478    
485  6.840       58.6961       162.578      -809.470      -89.4704      -89.4704    
486  6.850       50.9774       163.125      -811.099      -91.0988      -91.0988    
487  6.860       42.8428       163.593      -812.732      -92.7322      -92.7322    
488  6.870       34.3295       163.978      -814.370      -94.3698      -94.3698    
489  6.880       25.3186       164.275      -816.011      -96.0108      -96.0108    
490  6.890       15.8289       164.480      -817.654      -97.6544      -97.6544    
491  6.900       5.78037       164.587      -819.299      -99.2994      -99.2994    
492  6.910      -4.83243       164.590      -820.945      -100.945      -100.945    
493  6.920      -16.1597       164.483      -822.590      -102.590      -102.590    
494  6.930      -28.1151       164.260      -824.234      -104.234      -104.234    
495  6.940      -40.8323       163.914      -825.874      -105.874      -105.874    
496  6.950      -54.2406       163.437      -827.511      -107.511      -107.511    
497  6.960      -68.3752       162.822      -829.142      -109.142      -109.142    
498  6.970      -83.1562       162.062      -830.766      -110.766      -110.766    
499  6.980      -98.4823       161.153      -832.382      -112.381      -112.381    
500  6.990      -114.241       160.088      -833.987      -113.987      -113.987    
501  7.000      -130.232       158.865      -835.582      -115.582      -115.582    
502  7.010      -146.177       157.482      -837.163      -117.163      -117.163    
503  7.020      -161.810       155.943      -838.730      -118.730      -118.730    
504  7.030      -176.747       154.251      -840.281      -120.281      -120.281    
505  7.040      -190.588       152.417      -841.814      -121.814      -121.814    
506  7.050      -202.869       150.453      -843.328      -123.328      -123.328    
507  7.060      -213.237       148.377      -844.822      -124.822      -124.822    
508  7.070      -221.286       146.209      -846.294      -126.294      -126.294    
509  7.080      -226.829       143.975      -847.745      -127.745      -127.745    
510  7.090      -229.788       141.698      -849.173      -129.173      -129.173    
511  7.100      -230.354       139.403      -850.579      -130.579      -130.579    
512  7.110      -228.905       137.112      -851.961      -131.961      -131.961    
513  7.120      -226.139       134.841      -853.321      -133.321      -133.321    
514  7.130      -222.802       132.598      -854.658      -134.658      -134.658    
515  7.140      -219.723       130.386      -855.973      -135.973      -135.973    
516  7.150      -217.654       128.198      -857.266      -137.266      -137.266    
517  7.160      -217.059       126.021      -858.538      -138.538      -138.538    
518  7.170      -217.993       123.842      -859.787      -139.787      -139.787    
519  7.180      -220.217       121.648      -861.014      -141.014      -141.014    
520  7.190      -222.906       119.430      -862.220      -142.220      -142.220    
521  7.200      -225.051       117.191      -863.403      -143.403      -143.403    
522  7.210      -225.497       114.941      -864.563      -144.563      -144.563    
523  7.220      -223.209       112.703      -865.702      -145.702      -145.702    
524  7.230      -217.548       110.506      -866.818      -146.818      -146.818    
525  7.240      -208.267       108.386      -867.913      -147.913      -147.913    
526  7.250      -195.793       106.374      -868.987      -148.987      -148.987    
527  7.260      -180.850       104.497      -870.041      -150.041      -150.041    
528  7.270      -164.440       102.775      -871.078      -151.078      -151.078    
529  7.280      -147.595       101.217      -872.098      -152.098      -152.098    
530  7.290      -131.081       99.8242      -873.104      -153.104      -153.104    
531  7.300      -115.493       98.5899      -874.096      -154.096      -154.096    
532  7.310      -101.135       97.5042      -875.077      -155.077      -155.077    
533  7.320      -88.0097       96.5555      -876.048      -156.048      -156.048    
534  7.330      -76.0390       95.7324      -877.010      -157.010      -157.010    
535  7.340      -65.0340       95.0244      -877.964      -157.964      -157.964    
536  7.350      -54.8220       94.4229      -878.911      -158.911      -158.911    
537  7.360      -45.2269       93.9209      -879.853      -159.853      -159.853    
538  7.370      -36.2060       93.5122      -880.791      -160.791      -160.791    
539  7.380      -27.7657       93.1908      -881.724      -161.724      -161.724    
540  7.390      -19.9316       92.9508      -882.655      -162.655      -162.655    
541  7.400      -12.7990       92.7855      -883.584      -163.584      -163.584    
542  7.410      -6.48935       92.6871      -884.512      -164.512      -164.512    
543  7.420     -0.960243       92.6479      -885.439      -165.439      -165.439    
544  7.430       3.62870       92.6591      -886.365      -166.365      -166.365    
545  7.440       7.37821       92.7120      -887.292      -167.292      -167.292    
546  7.450       10.3432       92.7986      -888.220      -168.220      -168.220    
547  7.460       12.6143       92.9115      -889.149      -169.149      -169.149    
548  7.470       14.3498       93.0448      -890.078      -170.079      -170.079    
549  7.480       15.6841       93.1938      -891.010      -171.010      -171.010    
550  7.490       16.7740       93.3553      -891.943      -171.942      -171.942    
551  7.500       17.7420       93.5274      -892.877      -172.877      -172.877    
552  7.510       18.6621       93.7092      -893.813      -173.813      -173.813    
553  7.520       19.6072       93.9005      -894.751      -174.751      -174.751    
554  7.530       20.5442       94.1013      -895.691      -175.691      -175.691    
555  7.540       21.4991       94.3115      -896.633      -176.633      -176.633    
556  7.550       22.4048       94.5310      -897.577      -177.577      -177.577    
557  7.560       23.2785       94.7593      -898.524      -178.524      -178.524    
558  7.570       24.0829       94.9960      -899.473      -179.473      -179.473    
559  7.580       24.8414       95.2405      -900.424       179.576       179.576    
560  7.590       25.7194       95.4935      -901.378       178.622       178.622    
561  7.600       26.7838       95.7563      -902.334       177.666       177.666    
562  7.610       28.1644       96.0317      -903.293       176.707       176.707    
563  7.620       30.0322       96.3238      -904.255       175.745       175.745    
564  7.630       32.4730       96.6376      -905.220       174.780       174.780    
565  7.640       35.6082       96.9796      -906.188       173.812       173.812    
566  7.650       39.3957       97.3562      -907.160       172.840       172.840    
567  7.660       43.7587       97.7735      -908.136       171.864       171.864    
568  7.670       48.6537       98.2370      -909.116       170.884       170.884    
569  7.680       53.8502       98.7505      -910.101       169.899       169.899    
570  7.690       59.2538       99.3167      -911.091       168.909       168.909    
571  7.700       64.6719       99.9366      -912.088       167.912       167.912    
572  7.710       69.9399       100.609      -913.091       166.909       166.909    
573  7.720       75.0109       101.334      -914.100       165.900       165.900    
574  7.730       79.7891       102.107      -915.118       164.882       164.882    
575  7.740       84.2287       102.927      -916.143       163.857       163.857    
576  7.750       88.3375       103.789      -917.177       162.823       162.823    
577  7.760       92.0977       104.690      -918.219       161.781       161.781    
578  7.770       95.5610       105.628      -919.271       160.729       160.729    
579  7.780       98.6912       106.598      -920.332       159.668       159.668    
580  7.790       101.516       107.598      -921.403       158.597       158.597    
581  7.800       103.992       108.625      -922.484       157.516       157.516    
582  7.810       106.153       109.675      -923.576       156.424       156.424    
583  7.820       107.964       110.745      -924.678       155.322       155.322    
584  7.830       109.391       111.831      -925.791       154.209       154.209    
585  7.840       110.494       112.929      -926.915       153.085       153.085    
586  7.850       111.219       114.037      -928.050       151.950       151.950    
587  7.860       111.668       115.151      -929.196       150.804       150.804    
588  7.870       111.838       116.267      -930.353       149.647       149.647    
589  7.880       111.847       117.385      -931.521       148.479       148.479    
590  7.890       111.685       118.503      -932.701       147.299       147.299    
591  7.900       111.507       119.618      -933.891       146.109       146.109    
592  7.910       111.308       120.732      -935.093       144.907       144.907    
593  7.920       111.163       121.845      -936.306       143.694       143.694    
594  7.930       111.121       122.957      -937.530       142.470       142.470    
595  7.940       111.197       124.068      -938.765       141.235       141.235    
596  7.950       111.395       125.182      -940.012       139.988       139.988    
597  7.960       111.737       126.298      -941.269       138.731       138.731    
598  7.970       112.182       127.418      -942.538       137.462       137.462    
599  7.980       112.797       128.543      -943.817       136.183       136.183    
600  7.990       113.453       129.674      -945.108       134.892       134.892    
601  8.000       114.285       130.813      -946.411       133.589       133.589    
602  8.010       115.179       131.961      -947.725       132.275       132.275    
603  8.020       116.138       133.118      -949.050       130.950       130.950    
604  8.030       117.195       134.285      -950.387       129.613       129.613    
605  8.040       118.286       135.462      -951.736       128.264       128.264    
606  8.050       119.359       136.650      -953.097       126.903       126.903    
607  8.060       120.425       137.849      -954.469       125.531       125.531    
608  8.070       121.399       139.058      -955.854       124.146       124.146    
609  8.080       122.263       140.277      -957.251       122.749       122.749    
610  8.090       122.909       141.502      -958.659       121.341       121.341    
611  8.100       123.369       142.733      -960.081       119.919       119.919    
612  8.110       123.560       143.967      -961.514       118.486       118.486    
613  8.120       123.465       145.201      -962.960       117.040       117.040    
614  8.130       123.019       146.433      -964.418       115.582       115.582    
615  8.140       122.275       147.659      -965.889       114.111       114.111    
616  8.150       121.140       148.875      -967.371       112.629       112.629    
617  8.160       119.659       150.078      -968.866       111.134       111.134    
618  8.170       117.753       151.264      -970.373       109.627       109.627    
619  8.180       115.445       152.429      -971.891       108.109       108.109    
620  8.190       112.722       153.569      -973.421       106.579       106.579    
621  8.200       109.493       154.679      -974.962       105.038       105.038    
622  8.210       105.853       155.755      -976.514       103.486       103.486    
623  8.220       101.683       156.791      -978.077       101.923       101.923    
624  8.230       97.0463       157.784      -979.650       100.350       100.350    
625  8.240       91.9276       158.727      -981.232       98.7677       98.7677    
626  8.250       86.3258       159.617      -982.824       97.1761       97.1761    
627  8.260       80.2882       160.449      -984.424       95.5760       95.5760    
628  8.270       73.8005       161.219      -986.032       93.9678       93.9678    
629  8.280       66.9265       161.921      -987.648       92.3522       92.3522    
630  8.290       59.6287       162.553      -989.270       90.7300       90.7300    
631  8.300       51.9767       163.110      -990.898       89.1020       89.1020    
632  8.310       43.8861       163.588      -992.531       87.4686       87.4686    
633  8.320       35.4060       163.984      -994.169       85.8309       85.8309    
634  8.330       26.4494       164.292      -995.810       84.1897       84.1897    
635  8.340       17.0232       164.508      -997.454       82.5458       82.5458    
636  8.350       7.04720       164.627      -999.100       80.9004       80.9004    
637  8.360      -3.54769       164.643      -1000.75       79.2542       79.2542    
638  8.370      -14.7670       164.550      -1002.39       77.6084       77.6084    
639  8.380      -26.6829       164.341      -1004.04       75.9643       75.9643    
640  8.390      -39.3177       164.010      -1005.68       74.3228       74.3228    
641  8.400      -52.6911       163.548      -1007.31       72.6853       72.6853    
642  8.410      -66.7495       162.949      -1008.95       71.0532       71.0532    
643  8.420      -81.4944       162.206      -1010.57       69.4278       69.4278    
644  8.430      -96.7890       161.313      -1012.19       67.8106       67.8106    
645  8.440      -112.542       160.265      -1013.80       66.2030       66.2030    
646  8.450      -128.533       159.059      -1015.39       64.6068       64.6068    
647  8.460      -144.556       157.693      -1016.98       63.0234       63.0234    
648  8.470      -160.267       156.169      -1018.55       61.4545       61.4545    
649  8.480      -175.343       154.492      -1020.10       59.9015       59.9015    
650  8.490      -189.352       152.671      -1021.63       58.3660       58.3660    
651  8.500      -201.889       150.718      -1023.15       56.8494       56.8494    
652  8.510      -212.503       148.650      -1024.65       55.3528       55.3528    
653  8.520      -220.899       146.488      -1026.12       53.8774       53.8774    
654  8.530      -226.734       144.256      -1027.58       52.4239       52.4239    
655  8.540      -230.016       141.978      -1029.01       50.9929       50.9929    
656  8.550      -230.852       139.680      -1030.42       49.5845       49.5845    
657  8.560      -229.621       137.383      -1031.80       48.1992       48.1992    
658  8.570      -226.966       135.104      -1033.16       46.8366       46.8366    
659  8.580      -223.652       132.854      -1034.50       45.4968       45.4968    
660  8.590      -220.494       130.634      -1035.82       44.1793       44.1793    
661  8.600      -218.271       128.438      -1037.12       42.8839       42.8839    
662  8.610      -217.494       126.257      -1038.39       41.6103       41.6103    
663  8.620      -218.255       124.074      -1039.64       40.3585       40.3585    
664  8.630      -220.348       121.878      -1040.87       39.1288       39.1288    
665  8.640      -223.022       119.659      -1042.08       37.9211       37.9211    
666  8.650      -225.268       117.417      -1043.26       36.7358       36.7358    
667  8.660      -225.960       115.164      -1044.43       35.5729       35.5729    
668  8.670      -223.980       112.919      -1045.57       34.4325       34.4325    
669  8.680      -218.662       110.713      -1046.69       33.3142       33.3142    
670  8.690      -209.744       108.580      -1047.78       32.2175       32.2175    
671  8.700      -197.546       106.551      -1048.86       31.1416       31.1416    
672  8.710      -182.796       104.657      -1049.91       30.0853       30.0853    
673  8.720      -166.459       102.915      -1050.95       29.0471       29.0471    
674  8.730      -149.528       101.338      -1051.97       28.0254       28.0254    
675  8.740      -132.955       99.9259      -1052.98       27.0187       27.0187    
676  8.750      -117.199       98.6739      -1053.97       26.0253       26.0253    
677  8.760      -102.670       97.5720      -1054.96       25.0437       25.0437    
678  8.770      -89.4180       96.6086      -1055.93       24.0724       24.0724    
679  8.780      -77.2677       95.7724      -1056.89       23.1102       23.1102    
680  8.790      -66.1877       95.0523      -1057.84       22.1557       22.1557    
681  8.800      -55.8442       94.4400      -1058.79       21.2079       21.2079    
682  8.810      -46.1917       93.9280      -1059.73       20.2658       20.2658    
683  8.820      -37.1003       93.5099      -1060.67       19.3282       19.3282    
684  8.830      -28.5762       93.1801      -1061.61       18.3945       18.3945    
685  8.840      -20.6896       92.9322      -1062.54       17.4636       17.4636    
686  8.850      -13.4537       92.7599      -1063.47       16.5350       16.5350    
687  8.860      -7.03276       92.6556      -1064.39       15.6077       15.6077    
688  8.870      -1.47648       92.6109      -1065.32       14.6812       14.6812    
689  8.880       3.23332       92.6176      -1066.25       13.7548       13.7548    
690  8.890       7.07678       92.6670      -1067.17       12.8282       12.8282    
691  8.900       10.0836       92.7507      -1068.10       11.9010       11.9010    
692  8.910       12.4158       92.8614      -1069.03       10.9729       10.9729    
693  8.920       14.1972       92.9929      -1069.96       10.0435       10.0435    
694  8.930       15.5337       93.1403      -1070.89       9.11278       9.11278    
695  8.940       16.6724       93.3006      -1071.82       8.18049       8.18049    
696  8.950       17.5932       93.4713      -1072.75       7.24655       7.24655    
697  8.960       18.5406       93.6519      -1073.69       6.31087       6.31087    
698  8.970       19.4446       93.8417      -1074.63       5.37333       5.37333    
699  8.980       20.3849       94.0408      -1075.57       4.43394       4.43394    
700  8.990       21.3450       94.2495      -1076.51       3.49246       3.49246    
701  9.000       22.2555       94.4675      -1077.45       2.54881       2.54881    
702  9.010       23.1497       94.6945      -1078.40       1.60296       1.60296    
703  9.020       23.8908       94.9294      -1079.35      0.654712      0.654712    
704  9.030       24.7262       95.1725      -1080.30     -0.295832     -0.295832    
705  9.040       25.5588       95.4240      -1081.25      -1.24878      -1.24878    
706  9.050       26.6171       95.6853      -1082.20      -2.20435      -2.20435    
707  9.060       27.9514       95.9587      -1083.16      -3.16265      -3.16265    
708  9.070       29.8084       96.2486      -1084.12      -4.12380      -4.12380    
709  9.080       32.2036       96.5599      -1085.09      -5.08789      -5.08789    
710  9.090       35.2932       96.8990      -1086.06      -6.05527      -6.05527    
711  9.100       39.0013       97.2720      -1087.03      -7.02614      -7.02614    
712  9.110       43.3687       97.6855      -1088.00      -8.00094      -8.00094    
713  9.120       48.2163       98.1448      -1088.98      -8.98023      -8.98023    
714  9.130       53.4239       98.6540      -1089.96      -9.96443      -9.96443    
715  9.140       58.8116       99.2159      -1090.95      -10.9539      -10.9539    
716  9.150       64.2485       99.8315      -1091.95      -11.9492      -11.9492    
717  9.160       69.5472       100.500      -1092.95      -12.9510      -12.9510    
718  9.170       74.6410       101.221      -1093.96      -13.9598      -13.9598    
719  9.180       79.4545       101.991      -1094.98      -14.9760      -14.9760    
720  9.190       83.9274       102.807      -1096.00      -16.0001      -16.0001    
721  9.200       88.0704       103.666      -1097.03      -17.0326      -17.0326    
722  9.210       91.8592       104.565      -1098.07      -18.0739      -18.0739    
723  9.220       95.3569       105.500      -1099.12      -19.1244      -19.1244    
724  9.230       98.5024       106.469      -1100.18      -20.1844      -20.1844    
725  9.240       101.355       107.467      -1101.25      -21.2541      -21.2541    
726  9.250       103.867       108.493      -1102.33      -22.3340      -22.3340    
727  9.260       106.050       109.541      -1103.42      -23.4243      -23.4243    
728  9.270       107.872       110.610      -1104.53      -24.5251      -24.5251    
729  9.280       109.347       111.695      -1105.64      -25.6367      -25.6367    
730  9.290       110.434       112.793      -1106.76      -26.7593      -26.7593    
731  9.300       111.217       113.901      -1107.89      -27.8927      -27.8927    
732  9.310       111.651       115.014      -1109.04      -29.0374      -29.0374    
733  9.320       111.864       116.131      -1110.19      -30.1932      -30.1932    
734  9.330       111.846       117.249      -1111.36      -31.3602      -31.3602    
735  9.340       111.736       118.367      -1112.54      -32.5383      -32.5383    
736  9.350       111.525       119.483      -1113.73      -33.7276      -33.7276    
737  9.360       111.329       120.597      -1114.93      -34.9279      -34.9279    
738  9.370       111.193       121.710      -1116.14      -36.1395      -36.1395    
739  9.380       111.139       122.822      -1117.36      -37.3621      -37.3621    
740  9.390       111.206       123.934      -1118.60      -38.5959      -38.5959    
741  9.400       111.407       125.047      -1119.84      -39.8410      -39.8410    
742  9.410       111.748       126.163      -1121.10      -41.0971      -41.0971    
743  9.420       112.191       127.283      -1122.36      -42.3644      -42.3644    
744  9.430       112.781       128.408      -1123.64      -43.6431      -43.6431    
745  9.440       113.495       129.540      -1124.93      -44.9328      -44.9328    
746  9.450       114.285       130.679      -1126.23      -46.2340      -46.2340    
747  9.460       115.185       131.827      -1127.55      -47.5468      -47.5468    
748  9.470       116.189       132.984      -1128.87      -48.8708      -48.8708    
749  9.480       117.224       134.151      -1130.21      -50.2066      -50.2066    
750  9.490       118.318       135.329      -1131.55      -51.5541      -51.5541    
751  9.500       119.421       136.518      -1132.91      -52.9133      -52.9133    
752  9.510       120.495       137.718      -1134.28      -54.2845      -54.2845    
753  9.520       121.515       138.928      -1135.67      -55.6677      -55.6677    
754  9.530       122.352       140.147      -1137.06      -57.0630      -57.0630    
755  9.540       123.066       141.373      -1138.47      -58.4707      -58.4707    
756  9.550       123.545       142.606      -1139.89      -59.8907      -59.8907    
757  9.560       123.766       143.842      -1141.32      -61.3231      -61.3231    
758  9.570       123.678       145.079      -1142.77      -62.7677      -62.7677    
759  9.580       123.294       146.313      -1144.22      -64.2247      -64.2247    
760  9.590       122.571       147.541      -1145.69      -65.6940      -65.6940    
761  9.600       121.473       148.761      -1147.18      -67.1755      -67.1755    
762  9.610       120.009       149.967      -1148.67      -68.6692      -68.6692    
763  9.620       118.155       151.157      -1150.17      -70.1748      -70.1748    
764  9.630       115.877       152.326      -1151.69      -71.6922      -71.6922    
765  9.640       113.172       153.470      -1153.22      -73.2210      -73.2210    
766  9.650       110.001       154.585      -1154.76      -74.7612      -74.7612    
767  9.660       106.395       155.666      -1156.31      -76.3123      -76.3123    
768  9.670       102.241       156.708      -1157.87      -77.8741      -77.8741    
769  9.680       97.6618       157.706      -1159.45      -79.4460      -79.4460    
770  9.690       92.5684       158.656      -1161.03      -81.0277      -81.0277    
771  9.700       87.0150       159.553      -1162.62      -82.6186      -82.6186    
772  9.710       81.0091       160.392      -1164.22      -84.2182      -84.2182    
773  9.720       74.5778       161.169      -1165.83      -85.8259      -85.8259    
774  9.730       67.7126       161.879      -1167.44      -87.4408      -87.4408    
775  9.740       60.4982       162.520      -1169.06      -89.0626      -89.0626    
776  9.750       52.8525       163.085      -1170.69      -90.6905      -90.6905    
777  9.760       44.8370       163.573      -1172.32      -92.3236      -92.3236    
778  9.770       36.3927       163.978      -1173.96      -93.9612      -93.9612    
779  9.780       27.5120       164.296      -1175.60      -95.6024      -95.6024    
780  9.790       18.1256       164.523      -1177.25      -97.2464      -97.2464    
781  9.800       8.23449       164.654      -1178.89      -98.8921      -98.8921    
782  9.810      -2.31437       164.682      -1180.54      -100.539      -100.539    
783  9.820      -13.4440       164.602      -1182.18      -102.185      -102.185    
784  9.830      -25.2996       164.406      -1183.83      -103.829      -103.829    
785  9.840      -37.8438       164.089      -1185.47      -105.472      -105.472    
786  9.850      -51.1383       163.642      -1187.11      -107.110      -107.110    
787  9.860      -65.1406       163.059      -1188.74      -108.743      -108.743    
788  9.870      -79.8239       162.332      -1190.37      -110.370      -110.370    
789  9.880      -95.0781       161.456      -1191.99      -111.989      -111.989    
790  9.890      -110.799       160.426      -1193.60      -113.598      -113.598    
791  9.900      -126.805       159.237      -1195.20      -115.196      -115.196    
792  9.910      -142.840       157.888      -1196.78      -116.781      -116.781    
793  9.920      -158.645       156.381      -1198.35      -118.352      -118.352    
794  9.930      -173.833       154.720      -1199.91      -119.907      -119.907    
795  9.940      -188.015       152.912      -1201.44      -121.445      -121.445    
796  9.950      -200.780       150.971      -1202.96      -122.964      -122.964    
797  9.960      -211.679       148.913      -1204.46      -124.463      -124.463    
798  9.970      -220.364       146.758      -1205.94      -125.941      -125.941    
799  9.980      -226.545       144.529      -1207.40      -127.397      -127.397    
800  9.990      -230.169       142.252      -1208.83      -128.831      -128.831    
801  10.00      -231.263       139.951      -1210.24      -130.242      -130.242    
