# Mowe_temp                                                                       
# Operating point sequence...
# i     t     dWx ang.acc.  Wx rot.rate   Phi   (bank)  Phi[ 2]       Phi[ 3]      
  1  2.000      -69.7230       359.771      -690.892       44.9122       55.7532    
  2  2.010      -68.7318       359.084      -694.483       40.6199       52.3980    
  3  2.020      -68.9941       358.395      -698.069       36.3598       49.0392    
  4  2.030      -63.6563       357.741      -701.649       32.1488       45.6817    
  5  2.040      -58.5245       357.132      -705.224       27.9995       42.3326    
  6  2.050      -51.3106       356.588      -708.792       23.9222       38.9984    
  7  2.060      -42.4326       356.123      -712.356       19.9255       35.6840    
  8  2.070      -32.1695       355.754      -715.916       16.0166       32.3916    
  9  2.080      -20.7875       355.492      -719.472       12.2002       29.1212    
 10  2.090      -8.60500       355.347      -723.026       8.47900       25.8702    
 11  2.100       4.00549       355.326      -726.580       4.85277       22.6334    
 12  2.110       16.6396       355.430      -730.134       1.31877       19.4038    
 13  2.120       28.9773       355.657      -733.690      -2.12863       16.1728    
 14  2.130       40.5656       356.004      -737.248      -5.49748       12.9305    
 15  2.140       51.1189       356.460      -740.811      -8.79817       9.66698    
 16  2.150       60.2843       357.014      -744.379      -12.0429       6.37196    
 17  2.160       67.8384       357.651      -747.952      -15.2451       3.03605    
 18  2.170       73.5513       358.353      -751.532      -18.4189     -0.349219    
 19  2.180       77.3334       359.103      -755.120      -21.5785      -3.79090    
 20  2.190       79.1431       359.881      -758.715      -24.7372      -7.29432    
 21  2.200       78.9916       360.666      -762.318      -27.9069      -10.8630    
 22  2.210       77.0194       361.442      -765.928      -31.0975      -14.4989    
 23  2.220       73.4122       362.190      -769.546      -34.3166      -18.2019    
 24  2.230       68.3752       362.895      -773.171      -37.5690      -21.9709    
 25  2.240       62.2142       363.545      -776.803      -40.8565      -25.8033    
 26  2.250       55.2071       364.129      -780.442      -44.1776      -29.6952    
 27  2.260       47.6547       364.642      -784.085      -47.5288      -33.6427    
 28  2.270       39.8130       365.078      -787.734      -50.9035      -37.6409    
 29  2.280       31.9497       365.437      -791.386      -54.2937      -41.6851    
 30  2.290       24.2605       365.718      -795.041      -57.6900      -45.7705    
 31  2.300       16.8595       365.924      -798.699      -61.0825      -49.8929    
 32  2.310       9.89893       366.058      -802.359      -64.4616      -54.0483    
 33  2.320       3.34497       366.126      -806.020      -67.8185      -58.2332    
 34  2.330      -2.71442       366.130      -809.681      -71.1458      -62.4445    
 35  2.340      -8.37156       366.076      -813.342      -74.4383      -66.6800    
 36  2.350      -13.6796       365.966      -817.002      -77.6928      -70.9375    
 37  2.360      -18.6821       365.805      -820.660      -80.9086      -75.2153    
 38  2.370      -23.4560       365.595      -824.317      -84.0878      -79.5121    
 39  2.380      -28.0886       365.338      -827.972      -87.2342      -83.8264    
 40  2.390      -32.6047       365.035      -831.624      -90.3537      -88.1569    
 41  2.400      -37.0679       364.687      -835.272      -93.4536      -92.5020    
 42  2.410      -41.4375       364.294      -838.917      -96.5420      -96.8596    
 43  2.420      -45.7223       363.859      -842.557      -99.6275      -101.227    
 44  2.430      -49.8511       363.381      -846.194      -102.718      -105.602    
 45  2.440      -53.7327       362.864      -849.825      -105.821      -109.981    
 46  2.450      -57.2616       362.310      -853.450      -108.942      -114.358    
 47  2.460      -60.2589       361.723      -857.070      -112.086      -118.730    
 48  2.470      -62.6019       361.110      -860.685      -115.255      -123.089    
 49  2.480      -64.0909       360.479      -864.292      -118.450      -127.429    
 50  2.490      -64.5835       359.838      -867.894      -121.670      -131.744    
 51  2.500      -63.9298       359.198      -871.489      -124.913      -136.025    
 52  2.510      -61.9956       358.571      -875.078      -128.174      -140.265    
 53  2.520      -58.7334       357.971      -878.661      -131.449      -144.455    
 54  2.530      -54.0947       357.410      -882.238      -134.733      -148.589    
 55  2.540      -48.1073       356.902      -885.809      -138.022      -152.658    
 56  2.550      -40.8523       356.461      -889.376      -141.311      -156.657    
 57  2.560      -32.4564       356.097      -892.939      -144.599      -160.581    
 58  2.570      -23.0709       355.822      -896.499      -147.882      -164.425    
 59  2.580      -12.9625       355.644      -900.057      -151.161      -168.188    
 60  2.590      -2.31914       355.569      -903.613      -154.436      -171.870    
 61  2.600       8.54410       355.601      -907.169      -157.711      -175.471    
 62  2.610       19.3585       355.741      -910.726      -160.990      -178.996    
 63  2.620       29.8390       355.986      -914.285      -164.277       177.551    
 64  2.630       39.6975       356.333      -917.847      -167.579       174.161    
 65  2.640       48.6739       356.773      -921.412      -170.902       170.826    
 66  2.650       56.5281       357.296      -924.983      -174.254       167.537    
 67  2.660       63.0753       357.891      -928.559      -177.641       164.283    
 68  2.670       68.1514       358.544      -932.141       178.932       161.054    
 69  2.680       71.6560       359.239      -935.730       175.458       157.839    
 70  2.690       73.5800       359.961      -939.327       171.933       154.627    
 71  2.700       73.8845       360.695      -942.930       168.354       151.412    
 72  2.710       72.6913       361.424      -946.540       164.717       148.184    
 73  2.720       70.0764       362.134      -950.158       161.022       144.940    
 74  2.730       66.2377       362.812      -953.783       157.270       141.675    
 75  2.740       61.3182       363.447      -957.414       153.459       138.388    
 76  2.750       55.5688       364.029      -961.051       149.593       135.082    
 77  2.760       49.1588       364.551      -964.694       145.673       131.757    
 78  2.770       42.3163       365.007      -968.341       141.702       128.418    
 79  2.780       35.2190       365.394      -971.993       137.683       125.072    
 80  2.790       27.9958       365.709      -975.648       133.619       121.724    
 81  2.800       20.8160       365.953      -979.306       129.514       118.380    
 82  2.810       13.7326       366.126      -982.966       125.371       115.048    
 83  2.820       6.84326       366.229      -986.628       121.192       111.733    
 84  2.830      0.138575       366.265      -990.290       116.981       108.440    
 85  2.840      -6.32814       366.234      -993.953       112.739       105.172    
 86  2.850      -12.5885       366.140      -997.615       108.469       101.932    
 87  2.860      -18.6365       365.985      -1001.28       104.175       98.7178    
 88  2.870      -24.4823       365.770      -1004.93       99.8566       95.5296    
 89  2.880      -30.1604       365.497      -1008.59       95.5176       92.3639    
 90  2.890      -35.6254       365.168      -1012.24       91.1602       89.2165    
 91  2.900      -40.8742       364.786      -1015.89       86.7871       86.0824    
 92  2.910      -45.8734       364.353      -1019.54       82.4015       82.9560    
 93  2.920      -50.5500       363.872      -1023.18       78.0071       79.8316    
 94  2.930      -54.8206       363.346      -1026.82       73.6080       76.7037    
 95  2.940      -58.6106       362.780      -1030.45       69.2088       73.5675    
 96  2.950      -61.7629       362.180      -1034.07       64.8151       70.4190    
 97  2.960      -64.1908       361.551      -1037.69       60.4326       67.2555    
 98  2.970      -65.7288       360.904      -1041.30       56.0681       64.0754    
 99  2.980      -66.2702       360.246      -1044.91       51.7283       60.8783    
100  2.990      -65.7120       359.589      -1048.51       47.4208       57.6650    
101  3.000      -63.9574       358.943      -1052.10       43.1532       54.4372    
102  3.010      -60.9480       358.322      -1055.68       38.9327       51.1970    
103  3.020      -56.6516       357.737      -1059.27       34.7669       47.9473    
104  3.030      -51.1122       357.201      -1062.84       30.6625       44.6910    
105  3.040      -44.3708       356.727      -1066.41       26.6257       41.4305    
106  3.050      -36.5471       356.325      -1069.98       22.6615       38.1679    
107  3.060      -27.7910       356.006      -1073.54       18.7738       34.9044    
108  3.070      -18.2651       355.778      -1077.10       14.9648       31.6402    
109  3.080      -8.19948       355.647      -1080.65       11.2354       28.3744    
110  3.090       2.17571       355.618      -1084.21       7.58458       25.1054    
111  3.100       12.6161       355.692      -1087.77       4.00959       21.8302    
112  3.110       22.8479       355.869      -1091.32      0.505920       18.5448    
113  3.120       32.6315       356.146      -1094.88      -2.93277       15.2444    
114  3.130       41.7058       356.516      -1098.45      -6.31386       11.9242    
115  3.140       49.8715       356.972      -1102.02      -9.64612       8.57843    
116  3.150       56.9248       357.504      -1105.59      -12.9389       5.20185    
117  3.160       62.6994       358.099      -1109.17      -16.2021       1.78903    
118  3.170       67.0939       358.744      -1112.75      -19.4457      -1.66497    
119  3.180       70.0287       359.426      -1116.34      -22.6790      -5.16445    
120  3.190       71.5007       360.130      -1119.94      -25.9104      -8.71284    
121  3.200       71.5458       360.842      -1123.54      -29.1472      -12.3128    
122  3.210       70.1977       361.547      -1127.16      -32.3951      -15.9662    
123  3.220       67.6272       362.233      -1130.78      -35.6580      -19.6738    
124  3.230       63.9425       362.888      -1134.40      -38.9381      -23.4359    
125  3.240       59.3172       363.502      -1138.03      -42.2355      -27.2517    
126  3.250       53.9200       364.066      -1141.67      -45.5486      -31.1201    
127  3.260       47.9553       364.574      -1145.31      -48.8744      -35.0390    
128  3.270       41.5505       365.020      -1148.96      -52.2087      -39.0067    
129  3.280       34.8839       365.401      -1152.61      -55.5460      -43.0207    
130  3.290       28.0680       365.715      -1156.27      -58.8809      -47.0785    
131  3.300       21.1892       365.961      -1159.93      -62.2076      -51.1775    
132  3.310       14.3590       366.139      -1163.59      -65.5207      -55.3152    
133  3.320       7.58129       366.249      -1167.25      -68.8160      -59.4895    
134  3.330      0.929343       366.292      -1170.91      -72.0899      -63.6979    
135  3.340      -5.64136       366.268      -1174.57      -75.3401      -67.9380    
136  3.350      -12.0535       366.180      -1178.24      -78.5662      -72.2079    
137  3.360      -18.3628       366.028      -1181.90      -81.7689      -76.5052    
138  3.370      -24.5109       365.814      -1185.55      -84.9502      -80.8277    
139  3.380      -30.5473       365.539      -1189.21      -88.1135      -85.1729    
140  3.390      -36.3702       365.205      -1192.86      -91.2631      -89.5382    
141  3.400      -41.9706       364.814      -1196.51      -94.4036      -93.9204    
142  3.410      -47.3100       364.368      -1200.16      -97.5399      -98.3158    
143  3.420      -52.2417       363.871      -1203.80      -100.677      -102.721    
144  3.430      -56.7119       363.328      -1207.44      -103.820      -107.130    
145  3.440      -60.5851       362.742      -1211.07      -106.971      -111.538    
146  3.450      -63.7387       362.122      -1214.69      -110.135      -115.940    
147  3.460      -66.0482       361.475      -1218.31      -113.312      -120.329    
148  3.470      -67.3675       360.811      -1221.92      -116.504      -124.698    
149  3.480      -67.6019       360.138      -1225.53      -119.710      -129.039    
150  3.490      -66.6377       359.470      -1229.12      -122.929      -133.345    
151  3.500      -64.4117       358.818      -1232.72      -126.160      -137.609    
152  3.510      -60.8908       358.194      -1236.30      -129.399      -141.821    
153  3.520      -56.0788       357.613      -1239.88      -132.645      -145.976    
154  3.530      -50.0183       357.085      -1243.45      -135.895      -150.067    
155  3.540      -42.8040       356.624      -1247.02      -139.147      -154.087    
156  3.550      -34.5493       356.240      -1250.59      -142.400      -158.033    
157  3.560      -25.4235       355.943      -1254.15      -145.655      -161.900    
158  3.570      -15.6320       355.739      -1257.71      -148.910      -165.687    
159  3.580      -5.39513       355.636      -1261.26      -152.168      -169.395    
160  3.590       5.04265       355.635      -1264.82      -155.432      -173.024    
161  3.600       15.4555       355.737      -1268.38      -158.704      -176.579    
162  3.610       25.5353       355.942      -1271.93      -161.989       179.935    
163  3.620       35.0941       356.244      -1275.50      -165.292       176.513    
164  3.630       43.8627       356.637      -1279.06      -168.617       173.145    
165  3.640       51.6349       357.112      -1282.63      -171.971       169.822    
166  3.650       58.2742       357.659      -1286.20      -175.358       166.535    
167  3.660       63.5652       358.265      -1289.78      -178.784       163.274    
168  3.670       67.5071       358.917      -1293.37       177.748       160.030    
169  3.680       69.9942       359.601      -1296.96       174.234       156.792    
170  3.690       71.0477       360.303      -1300.56       170.670       153.554    
171  3.700       70.7077       361.008      -1304.17       167.055       150.308    
172  3.710       69.0843       361.704      -1307.78       163.387       147.051    
173  3.720       66.2600       362.377      -1311.40       159.666       143.777    
174  3.730       62.4352       363.018      -1315.03       155.891       140.487    
175  3.740       57.7148       363.616      -1318.66       152.064       137.181    
176  3.750       52.3462       364.165      -1322.30       148.187       133.860    
177  3.760       46.4164       364.657      -1325.94       144.260       130.529    
178  3.770       40.1360       365.089      -1329.59       140.286       127.192    
179  3.780       33.6026       365.457      -1333.24       136.267       123.855    
180  3.790       26.9506       365.759      -1336.90       132.205       120.523    
181  3.800       20.2592       365.995      -1340.56       128.103       117.201    
182  3.810       13.5801       366.164      -1344.22       123.963       113.895    
183  3.820       6.93148       366.266      -1347.88       119.787       110.609    
184  3.830      0.397752       366.303      -1351.54       115.578       107.345    
185  3.840      -6.09360       366.275      -1355.21       111.336       104.104    
186  3.850      -12.4637       366.182      -1358.87       107.064       100.888    
187  3.860      -18.7845       366.026      -1362.53       102.765       97.6935    
188  3.870      -24.9666       365.808      -1366.19       98.4401       94.5193    
189  3.880      -31.0451       365.528      -1369.84       94.0923       91.3612    
190  3.890      -36.9609       365.188      -1373.50       89.7241       88.2148    
191  3.900      -42.6494       364.791      -1377.15       85.3387       85.0751    
192  3.910      -48.0627       364.338      -1380.79       80.9400       81.9373    
193  3.920      -53.0687       363.833      -1384.43       76.5321       78.7966    
194  3.930      -57.5911       363.281      -1388.07       72.1200       75.6490    
195  3.940      -61.4800       362.687      -1391.70       67.7090       72.4909    
196  3.950      -64.5946       362.058      -1395.32       63.3054       69.3201    
197  3.960      -66.8354       361.403      -1398.94       58.9158       66.1353    
198  3.970      -68.0302       360.731      -1402.55       54.5476       62.9362    
199  3.980      -68.0778       360.053      -1406.15       50.2083       59.7236    
200  3.990      -66.9022       359.381      -1409.75       45.9056       56.4989    
201  4.000      -64.4197       358.728      -1413.34       41.6474       53.2642    
202  4.010      -60.6114       358.106      -1416.93       37.4417       50.0221    
203  4.020      -55.4871       357.529      -1420.50       33.2955       46.7749    
204  4.030      -49.1188       357.009      -1424.08       29.2154       43.5248    
205  4.040      -41.5951       356.558      -1427.65       25.2070       40.2734    
206  4.050      -33.0778       356.188      -1431.21       21.2749       37.0219    
207  4.060      -23.7117       355.906      -1434.77       17.4222       33.7703    
208  4.070      -13.7302       355.720      -1438.33       13.6500       30.5176    
209  4.080      -3.34561       355.636      -1441.89       9.95822       27.2618    
210  4.090       7.18100       355.656      -1445.44       6.34440       24.0001    
211  4.100       17.5976       355.780      -1449.00       2.80486       20.7287    
212  4.110       27.6468       356.006      -1452.56     -0.666271       17.4432    
213  4.120       37.0740       356.328      -1456.12      -4.07617       14.1383    
214  4.130       45.6791       356.740      -1459.69      -7.43344       10.8089    
215  4.140       53.2280       357.232      -1463.26      -10.7472       7.44963    
216  4.150       59.5777       357.793      -1466.83      -14.0275       4.05543    
217  4.160       64.5852       358.411      -1470.41      -17.2841      0.621513    
218  4.170       68.1868       359.072      -1474.00      -20.5267      -2.85613    
219  4.180       70.3510       359.761      -1477.60      -23.7644      -6.38131    
220  4.190       71.0589       360.464      -1481.20      -27.0047      -9.95648    
221  4.200       70.4285       361.168      -1484.81      -30.2539      -13.5836    
222  4.210       68.5064       361.860      -1488.42      -33.5168      -17.2637    
223  4.220       65.4499       362.526      -1492.04      -36.7956      -20.9968    
224  4.230       61.4094       363.158      -1495.67      -40.0916      -24.7828    
225  4.240       56.5612       363.746      -1499.31      -43.4036      -28.6206    
226  4.250       51.0584       364.282      -1502.95      -46.7291      -32.5087    
227  4.260       45.0824       364.761      -1506.59      -50.0642      -36.4452    
228  4.270       38.7871       365.180      -1510.24      -53.4037      -40.4280    
229  4.280       32.2629       365.534      -1513.89      -56.7423      -44.4550    
230  4.290       25.6596       365.823      -1517.55      -60.0741      -48.5239    
231  4.300       19.0136       366.047      -1521.21      -63.3937      -52.6323    
232  4.310       12.4093       366.204      -1524.87      -66.6964      -56.7782    
233  4.320       5.84480       366.295      -1528.53      -69.9784      -60.9593    
234  4.330     -0.646096       366.321      -1532.20      -73.2372      -65.1739    
235  4.340      -7.05941       366.283      -1535.86      -76.4716      -69.4199    
236  4.350      -13.3931       366.181      -1539.52      -79.6824      -73.6954    
237  4.360      -19.6550       366.016      -1543.18      -82.8709      -77.9985    
238  4.370      -25.8276       365.789      -1546.84      -86.0404      -82.3268    
239  4.380      -31.8796       365.500      -1550.50      -89.1946      -86.6779    
240  4.390      -37.7675       365.152      -1554.15      -92.3383      -91.0490    
241  4.400      -43.4634       364.747      -1557.80      -95.4764      -95.4367    
242  4.410      -48.8328       364.286      -1561.45      -98.6142      -99.8375    
243  4.420      -53.8193       363.773      -1565.09      -101.756      -104.247    
244  4.430      -58.2833       363.214      -1568.72      -104.906      -108.660    
245  4.440      -62.1051       362.614      -1572.35      -108.068      -113.071    
246  4.450      -65.1239       361.979      -1575.97      -111.242      -117.474    
247  4.460      -67.2317       361.320      -1579.59      -114.432      -121.862    
248  4.470      -68.2812       360.644      -1583.20      -117.635      -126.227    
249  4.480      -68.1481       359.965      -1586.80      -120.852      -130.562    
250  4.490      -66.7618       359.294      -1590.40      -124.081      -134.859    
251  4.500      -64.0480       358.643      -1593.99      -127.319      -139.110    
252  4.510      -60.0153       358.026      -1597.57      -130.564      -143.308    
253  4.520      -54.6536       357.456      -1601.15      -133.813      -147.444    
254  4.530      -48.0476       356.945      -1604.72      -137.064      -151.513    
255  4.540      -40.3049       356.506      -1608.29      -140.316      -155.509    
256  4.550      -31.5798       356.150      -1611.85      -143.567      -159.427    
257  4.560      -22.0515       355.884      -1615.41      -146.819      -163.266    
258  4.570      -11.9283       355.715      -1618.97      -150.071      -167.024    
259  4.580      -1.46379       355.650      -1622.53      -153.327      -170.702    
260  4.590       9.10501       355.688      -1626.09      -156.589      -174.302    
261  4.600       19.5158       355.831      -1629.64      -159.862      -177.828    
262  4.610       29.4934       356.076      -1633.20      -163.150       178.713    
263  4.620       38.8283       356.416      -1636.77      -166.458       175.314    
264  4.630       47.2556       356.845      -1640.33      -169.792       171.966    
265  4.640       54.6130       357.351      -1643.90      -173.156       168.660    
266  4.650       60.7338       357.925      -1647.48      -176.557       165.386    
267  4.660       65.4790       358.553      -1651.06      -179.999       162.133    
268  4.670       68.8098       359.221      -1654.65       176.515       158.892    
269  4.680       70.6726       359.915      -1658.25       172.980       155.655    
270  4.690       71.1297       360.620      -1661.85       169.395       152.413    
271  4.700       70.1984       361.324      -1665.46       165.758       149.161    
272  4.710       68.0472       362.012      -1669.08       162.067       145.895    
273  4.720       64.7705       362.673      -1672.70       158.323       142.613    
274  4.730       60.5486       363.297      -1676.33       154.527       139.313    
275  4.740       55.5381       363.875      -1679.97       150.679       135.997    
276  4.750       49.9307       364.401      -1683.61       146.781       132.668    
277  4.760       43.8769       364.868      -1687.25       142.835       129.331    
278  4.770       37.5129       365.274      -1690.91       138.843       125.990    
279  4.780       30.9950       365.616      -1694.56       134.808       122.651    
280  4.790       24.3666       365.893      -1698.22       130.731       119.320    
281  4.800       17.7452       366.103      -1701.88       126.616       116.003    
282  4.810       11.1656       366.248      -1705.54       122.463       112.703    
283  4.820       4.63072       366.327      -1709.20       118.275       109.425    
284  4.830      -1.82760       366.341      -1712.86       114.055       106.170    
285  4.840      -8.21006       366.291      -1716.53       109.804       102.940    
286  4.850      -14.5068       366.178      -1720.19       105.523       99.7341    
287  4.860      -20.7409       366.002      -1723.85       101.216       96.5498    
288  4.870      -26.8892       365.764      -1727.51       96.8832       93.3840    
289  4.880      -32.9021       365.465      -1731.17       92.5285       90.2327    
290  4.890      -38.7643       365.107      -1734.82       88.1544       87.0909    
291  4.900      -44.3934       364.692      -1738.47       83.7640       83.9536    
292  4.910      -49.7305       364.222      -1742.11       79.3613       80.8157    
293  4.920      -54.6219       363.701      -1745.75       74.9507       77.6727    
294  4.930      -59.0054       363.134      -1749.39       70.5374       74.5207    
295  4.940      -62.7023       362.527      -1753.01       66.1271       71.3569    
296  4.950      -65.5933       361.887      -1756.64       61.7263       68.1793    
297  4.960      -67.5270       361.224      -1760.25       57.3417       64.9869    
298  4.970      -68.3877       360.547      -1763.86       52.9809       61.7802    
299  4.980      -68.0544       359.867      -1767.46       48.6514       58.5601    
300  4.990      -66.4394       359.198      -1771.06       44.3615       55.3288    
301  5.000      -63.4933       358.552      -1774.65       40.1190       52.0886    
302  5.010      -59.2094       357.941      -1778.23       35.9315       48.8420    
303  5.020      -53.6361       357.380      -1781.81       31.8065       45.5919    
304  5.030      -46.7897       356.881      -1785.38       27.7499       42.3400    
305  5.040      -38.8687       356.456      -1788.94       23.7672       39.0878    
306  5.050      -29.9563       356.114      -1792.51       19.8621       35.8359    
307  5.060      -20.2904       355.865      -1796.07       16.0375       32.5841    
308  5.070      -10.0653       355.715      -1799.63       12.2941       29.3312    
309  5.080      0.446881       355.668      -1803.18       8.63061       26.0744    
310  5.090       11.0277       355.726      -1806.74       5.04452       22.8108    
311  5.100       21.4048       355.888      -1810.30       1.53067       19.5357    
312  5.110       31.2868       356.150      -1813.86      -1.91679       16.2446    
313  5.120       40.4862       356.508      -1817.42      -5.30562       12.9326    
314  5.130       48.7586       356.952      -1820.99      -8.64489       9.59379    
315  5.140       55.9027       357.473      -1824.56      -11.9444       6.22295    
316  5.150       61.7819       358.058      -1828.14      -15.2138       2.81524    
317  5.160       66.2664       358.695      -1831.72      -18.4634     -0.634118    
318  5.170       69.3451       359.370      -1835.32      -21.7027      -4.12918    
319  5.180       70.9321       360.068      -1838.91      -24.9401      -7.67293    
320  5.190       71.1163       360.774      -1842.52      -28.1830      -11.2678    
321  5.200       69.9538       361.476      -1846.13      -31.4370      -14.9153    
322  5.210       67.5627       362.161      -1849.75      -34.7062      -18.6162    
323  5.220       64.0932       362.816      -1853.37      -37.9924      -22.3702    
324  5.230       59.6945       363.433      -1857.00      -41.2957      -26.1769    
325  5.240       54.5589       364.002      -1860.64      -44.6143      -30.0345    
326  5.250       48.8328       364.517      -1864.28      -47.9455      -33.9421    
327  5.260       42.7206       364.974      -1867.93      -51.2844      -37.8972    
328  5.270       36.3009       365.368      -1871.58      -54.6258      -41.8975    
329  5.280       29.7502       365.698      -1875.24      -57.9640      -45.9411    
330  5.290       23.1314       365.962      -1878.90      -61.2932      -50.0254    
331  5.300       16.4986       366.160      -1882.56      -64.6080      -54.1482    
332  5.310       9.93459       366.292      -1886.22      -67.9042      -58.3076    
333  5.320       3.40974       366.359      -1889.88      -71.1785      -62.5016    
334  5.330      -3.01012       366.361      -1893.54      -74.4288      -66.7282    
335  5.340      -9.38755       366.299      -1897.21      -77.6544      -70.9852    
336  5.350      -15.6723       366.174      -1900.87      -80.8564      -75.2710    
337  5.360      -21.8778       365.987      -1904.53      -84.0370      -79.5834    
338  5.370      -27.9963       365.738      -1908.19      -87.1998      -83.9202    
339  5.380      -33.9816       365.428      -1911.84      -90.3489      -88.2787    
340  5.390      -39.8122       365.059      -1915.50      -93.4895      -92.6563    
341  5.400      -45.3961       364.634      -1919.15      -96.6264      -97.0493    
342  5.410      -50.6501       364.154      -1922.79      -99.7649      -101.454    
343  5.420      -55.4638       363.625      -1926.43      -102.909      -105.865    
344  5.430      -59.7402       363.050      -1930.06      -106.063      -110.279    
345  5.440      -63.2997       362.436      -1933.69      -109.230      -114.688    
346  5.450      -66.0277       361.792      -1937.31      -112.410      -119.087    
347  5.460      -67.7864       361.125      -1940.92      -115.606      -123.468    
348  5.470      -68.4325       360.446      -1944.53      -118.816      -127.824    
349  5.480      -67.8737       359.767      -1948.13      -122.038      -132.147    
350  5.490      -66.0173       359.101      -1951.73      -125.272      -136.429    
351  5.500      -62.8323       358.460      -1955.32      -128.514      -140.663    
352  5.510      -58.3144       357.858      -1958.90      -131.762      -144.839    
353  5.520      -52.4755       357.307      -1962.47      -135.013      -148.953    
354  5.530      -45.4357       356.821      -1966.04      -138.265      -152.996    
355  5.540      -37.2931       356.410      -1969.61      -141.518      -156.965    
356  5.550      -28.2489       356.085      -1973.17      -144.770      -160.856    
357  5.560      -18.4383       355.853      -1976.73      -148.022      -164.666    
358  5.570      -8.13222       355.722      -1980.29      -151.276      -168.395    
359  5.580       2.41642       355.694      -1983.85      -154.534      -172.044    
360  5.590       12.9941       355.772      -1987.41      -157.800      -175.616    
361  5.600       23.2903       355.953      -1990.97      -161.077      -179.117    
362  5.610       33.0907       356.234      -1994.53      -164.372       177.446    
363  5.620       42.1469       356.609      -1998.09      -167.689       174.067    
364  5.630       50.2074       357.068      -2001.66      -171.033       170.736    
365  5.640       57.1406       357.602      -2005.23      -174.411       167.443    
366  5.650       62.7778       358.199      -2008.81      -177.826       164.177    
367  5.660       67.0024       358.844      -2012.40       178.716       160.930    
368  5.670       69.7917       359.525      -2015.99       175.211       157.692    
369  5.680       71.1214       360.226      -2019.59       171.658       154.454    
370  5.690       71.0403       360.933      -2023.20       168.053       151.209    
371  5.700       69.6347       361.633      -2026.81       164.396       147.952    
372  5.710       67.0312       362.313      -2030.43       160.685       144.680    
373  5.720       63.3602       362.962      -2034.06       156.920       141.390    
374  5.730       58.8064       363.571      -2037.69       153.104       138.084    
375  5.740       53.5477       364.131      -2041.33       149.236       134.762    
376  5.750       47.7321       364.636      -2044.97       145.319       131.429    
377  5.760       41.5308       365.081      -2048.62       141.355       128.089    
378  5.770       35.0884       365.463      -2052.27       137.346       124.747    
379  5.780       28.5158       365.781      -2055.93       133.294       121.410    
380  5.790       21.8775       366.032      -2059.59       129.202       118.083    
381  5.800       15.2593       366.218      -2063.25       125.072       114.771    
382  5.810       8.69038       366.338      -2066.91       120.906       111.478    
383  5.820       2.20397       366.392      -2070.57       116.705       108.208    
384  5.830      -4.22625       366.382      -2074.24       112.472       104.962    
385  5.840      -10.5882       366.309      -2077.90       108.209       101.740    
386  5.850      -16.8310       366.172      -2081.56       103.918       98.5424    
387  5.860      -23.0661       365.972      -2085.22       99.6005       95.3652    
388  5.870      -29.1309       365.712      -2088.88       95.2592       92.2052    
389  5.880      -35.1059       365.391      -2092.54       90.8967       89.0580    
390  5.890      -40.8993       365.011      -2096.19       86.5157       85.9183    
391  5.900      -46.4185       364.575      -2099.84       82.1199       82.7812    
392  5.910      -51.6114       364.086      -2103.48       77.7135       79.6420    
393  5.920      -56.3370       363.547      -2107.12       73.3008       76.4957    
394  5.930      -60.4873       362.964      -2110.75       68.8874       73.3391    
395  5.940      -63.9069       362.344      -2114.38       64.4791       70.1696    
396  5.950      -66.4616       361.694      -2118.00       60.0827       66.9857    
397  5.960      -68.0243       361.024      -2121.61       55.7054       63.7873    
398  5.970      -68.4567       360.344      -2125.22       51.3548       60.5747    
399  5.980      -67.6461       359.666      -2128.82       47.0387       57.3496    
400  5.990      -65.5568       359.003      -2132.41       42.7647       54.1137    
401  6.000      -62.1063       358.368      -2136.00       38.5411       50.8700    
402  6.010      -57.3256       357.775      -2139.58       34.3753       47.6209    
403  6.020      -51.2649       357.235      -2143.16       30.2743       44.3690    
404  6.030      -43.9950       356.762      -2146.73       26.2440       41.1161    
405  6.040      -35.6557       356.366      -2150.29       22.2893       37.8634    
406  6.050      -26.4457       356.058      -2153.85       18.4137       34.6112    
407  6.060      -16.5179       355.845      -2157.41       14.6189       31.3587    
408  6.070      -6.14352       355.733      -2160.97       10.9051       28.1042    
409  6.080       4.44139       355.726      -2164.53       7.27056       24.8448    
410  6.090       14.9850       355.823      -2168.09       3.71179       21.5770    
411  6.100       25.2387       356.024      -2171.65      0.223388       18.2963    
412  6.110       34.8844       356.323      -2175.21      -3.20161       14.9975    
413  6.120       43.7873       356.715      -2178.78      -6.57135       11.6753    
414  6.130       51.6586       357.190      -2182.35      -9.89487       8.32469    
415  6.140       58.3489       357.737      -2185.92      -13.1821       4.94017    
416  6.150       63.7157       358.344      -2189.50      -16.4435       1.51663    
417  6.160       67.6778       358.998      -2193.09      -19.6884      -1.94999    
418  6.170       70.1906       359.684      -2196.68      -22.9265      -5.46361    
419  6.180       71.2451       360.387      -2200.28      -26.1657      -9.02710    
420  6.190       70.8975       361.095      -2203.89      -29.4127      -12.6424    
421  6.200       69.2570       361.792      -2207.50      -32.6727      -16.3107    
422  6.210       66.4172       362.467      -2211.13      -35.9486      -20.0324    
423  6.220       62.5810       363.110      -2214.75      -39.2417      -23.8070    
424  6.230       57.8719       363.710      -2218.39      -42.5517      -27.6338    
425  6.240       52.4858       364.259      -2222.03      -45.8761      -31.5113    
426  6.250       46.5816       364.753      -2225.67      -49.2113      -35.4377    
427  6.260       40.3230       365.187      -2229.32      -52.5524      -39.4108    
428  6.270       33.8551       365.557      -2232.98      -55.8937      -43.4284    
429  6.280       27.2433       365.862      -2236.63      -59.2297      -47.4883    
430  6.290       20.6153       366.101      -2240.29      -62.5546      -51.5881    
431  6.300       14.0051       366.274      -2243.95      -65.8635      -55.7258    
432  6.310       7.44485       366.381      -2247.62      -69.1522      -59.8992    
433  6.320      0.958188       366.424      -2251.28      -72.4178      -64.1061    
434  6.330      -5.44592       366.401      -2254.95      -75.6591      -68.3450    
435  6.340      -11.7938       366.315      -2258.61      -78.8758      -72.6137    
436  6.350      -18.0533       366.166      -2262.27      -82.0697      -76.9103    
437  6.360      -24.2288       365.955      -2265.93      -85.2435      -81.2327    
438  6.370      -30.3050       365.683      -2269.59      -88.4009      -85.5786    
439  6.380      -36.2505       365.350      -2273.25      -91.5469      -89.9455    
440  6.390      -41.9889       364.959      -2276.90      -94.6858      -94.3298    
441  6.400      -47.4701       364.513      -2280.54      -97.8231      -98.7282    
442  6.410      -52.5764       364.013      -2284.19      -100.964      -103.137    
443  6.420      -57.2182       363.465      -2287.82      -104.112      -107.550    
444  6.430      -61.2254       362.874      -2291.46      -107.271      -111.963    
445  6.440      -64.4886       362.247      -2295.08      -110.444      -116.370    
446  6.450      -66.8854       361.593      -2298.70      -113.630      -120.763    
447  6.460      -68.2186       360.919      -2302.31      -116.832      -125.136    
448  6.470      -68.4290       360.239      -2305.92      -120.048      -129.482    
449  6.480      -67.3888       359.563      -2309.52      -123.276      -133.791    
450  6.490      -65.0037       358.904      -2313.11      -126.513      -138.056    
451  6.500      -61.3181       358.276      -2316.70      -129.758      -142.269    
452  6.510      -56.2714       357.691      -2320.28      -133.008      -146.423    
453  6.520      -49.9614       357.163      -2323.85      -136.261      -150.511    
454  6.530      -42.4800       356.704      -2327.42      -139.514      -154.527    
455  6.540      -33.9448       356.325      -2330.99      -142.767      -158.467    
456  6.550      -24.5647       356.034      -2334.55      -146.019      -162.327    
457  6.560      -14.5469       355.841      -2338.11      -149.272      -166.107    
458  6.570      -4.08871       355.749      -2341.67      -152.527      -169.805    
459  6.580       6.51600       355.762      -2345.22      -155.788      -173.425    
460  6.590       17.0225       355.879      -2348.78      -159.058      -176.970    
461  6.600       27.1670       356.100      -2352.34      -162.342       179.555    
462  6.610       36.7154       356.418      -2355.91      -165.646       176.141    
463  6.620       45.4272       356.827      -2359.47      -168.973       172.781    
464  6.630       53.0789       357.317      -2363.04      -172.330       169.465    
465  6.640       59.5267       357.877      -2366.62      -175.722       166.183    
466  6.650       64.6267       358.495      -2370.20      -179.154       162.925    
467  6.660       68.3153       359.156      -2373.79       177.370       159.682    
468  6.670       70.5252       359.847      -2377.39       173.847       156.444    
469  6.680       71.3130       360.552      -2380.99       170.273       153.204    
470  6.690       70.6997       361.259      -2384.60       166.647       149.954    
471  6.700       68.8067       361.953      -2388.21       162.969       146.691    
472  6.710       65.7626       362.623      -2391.84       159.236       143.412    
473  6.720       61.7380       363.258      -2395.46       155.451       140.115    
474  6.730       56.8706       363.849      -2399.10       151.614       136.801    
475  6.740       51.3876       364.388      -2402.74       147.726       133.474    
476  6.750       45.3856       364.871      -2406.39       143.790       130.137    
477  6.760       39.0878       365.292      -2410.04       139.808       126.795    
478  6.770       32.5672       365.650      -2413.69       135.782       123.454    
479  6.780       25.9611       365.942      -2417.35       131.714       120.120    
480  6.790       19.3222       366.168      -2421.01       127.606       116.797    
481  6.800       12.7250       366.329      -2424.67       123.460       113.491    
482  6.810       6.18246       366.423      -2428.34       119.280       110.207    
483  6.820     -0.305713       366.453      -2432.00       115.067       106.946    
484  6.830      -6.69008       366.418      -2435.67       110.822       103.710    
485  6.840      -13.0158       366.320      -2439.33       106.547       100.497    
486  6.850      -19.2751       366.158      -2442.99       102.245       97.3074    
487  6.860      -25.4220       365.935      -2446.65       97.9175       94.1369    
488  6.870      -31.5029       365.651      -2450.31       93.5669       90.9818    
489  6.880      -37.3876       365.306      -2453.97       89.1961       87.8375    
490  6.890      -43.1142       364.904      -2457.62       84.8082       84.6987    
491  6.900      -48.5189       364.447      -2461.26       80.4071       81.5606    
492  6.910      -53.5570       363.937      -2464.91       75.9968       78.4183    
493  6.920      -58.0802       363.380      -2468.54       71.5824       75.2677    
494  6.930      -61.9591       362.781      -2472.17       67.1699       72.1060    
495  6.940      -65.0805       362.148      -2475.80       62.7652       68.9308    
496  6.950      -67.2606       361.488      -2479.42       58.3748       65.7407    
497  6.960      -68.3975       360.812      -2483.03       54.0064       62.5360    
498  6.970      -68.3638       360.131      -2486.63       49.6675       59.3176    
499  6.980      -67.0552       359.457      -2490.23       45.3660       56.0871    
500  6.990      -64.4302       358.803      -2493.82       41.1101       52.8474    
501  7.000      -60.4582       358.182      -2497.41       36.9076       49.6008    
502  7.010      -55.1526       357.607      -2500.99       32.7657       46.3498    
503  7.020      -48.6032       357.092      -2504.56       28.6913       43.0971    
504  7.030      -40.8830       356.647      -2508.13       24.6895       39.8437    
505  7.040      -32.1708       356.285      -2511.69       20.7650       36.5910    
506  7.050      -22.6435       356.013      -2515.25       16.9203       33.3384    
507  7.060      -12.4949       355.839      -2518.81       13.1568       30.0850    
508  7.070      -1.99261       355.768      -2522.37       9.47375       26.8285    
509  7.080       8.61516       355.801      -2525.93       5.86905       23.5661    
510  7.090       19.0886       355.940      -2529.49       2.33798       20.2932    
511  7.100       29.1304       356.180      -2533.05      -1.12527       17.0055    
512  7.110       38.5496       356.517      -2536.61      -4.52780       13.6979    
513  7.120       47.0416       356.943      -2540.18      -7.87869       10.3648    
514  7.130       54.4963       357.449      -2543.75      -11.1873       7.00096    
515  7.140       60.6677       358.022      -2547.33      -14.4638       3.60103    
516  7.150       65.5063       358.649      -2550.92      -17.7181      0.160487    
517  7.160       68.8890       359.318      -2554.51      -20.9600      -3.32495    
518  7.170       70.8206       360.013      -2558.10      -24.1981      -6.85831    
519  7.180       71.3168       360.720      -2561.71      -27.4401      -10.4424    
520  7.190       70.4416       361.425      -2565.32      -30.6921      -14.0788    
521  7.200       68.3065       362.116      -2568.93      -33.9586      -17.7686    
522  7.210       65.0478       362.779      -2572.56      -37.2418      -21.5118    
523  7.220       60.8399       363.406      -2576.19      -40.5424      -25.3077    
524  7.230       55.8515       363.988      -2579.83      -43.8590      -29.1552    
525  7.240       50.2274       364.516      -2583.47      -47.1889      -33.0529    
526  7.250       44.1643       364.987      -2587.12      -50.5278      -36.9987    
527  7.260       37.8171       365.396      -2590.77      -53.8702      -40.9901    
528  7.270       31.2667       365.741      -2594.42      -57.2107      -45.0253    
529  7.280       24.6497       366.020      -2598.08      -60.5435      -49.1018    
530  7.290       18.0254       366.233      -2601.74      -63.8628      -53.2170    
531  7.300       11.4188       366.380      -2605.41      -67.1644      -57.3694    
532  7.310       4.89351       366.462      -2609.07      -70.4447      -61.5569    
533  7.320      -1.57156       366.479      -2612.74      -73.7012      -65.7773    
534  7.330      -7.94999       366.432      -2616.40      -76.9330      -70.0286    
535  7.340      -14.2618       366.321      -2620.06      -80.1408      -74.3090    
536  7.350      -20.5030       366.147      -2623.73      -83.3264      -78.6164    
537  7.360      -26.6541       365.911      -2627.39      -86.4937      -82.9490    
538  7.370      -32.6776       365.615      -2631.04      -89.6465      -87.3042    
539  7.380      -38.5782       365.259      -2634.70      -92.7895      -91.6789    
540  7.390      -44.2159       364.846      -2638.35      -95.9279      -96.0700    
541  7.400      -49.5936       364.377      -2642.00      -99.0667      -100.474    
542  7.410      -54.5113       363.858      -2645.64      -102.211      -104.885    
543  7.420      -58.9467       363.291      -2649.27      -105.363      -109.300    
544  7.430      -62.6864       362.685      -2652.90      -108.528      -113.712    
545  7.440      -65.6303       362.045      -2656.53      -111.707      -118.115    
546  7.450      -67.6159       361.381      -2660.14      -114.900      -122.502    
547  7.460      -68.5322       360.703      -2663.75      -118.108      -126.866    
548  7.470      -68.2439       360.022      -2667.36      -121.330      -131.198    
549  7.480      -66.6770       359.350      -2670.95      -124.562      -135.491    
550  7.490      -63.7745       358.701      -2674.54      -127.804      -139.738    
551  7.500      -59.5308       358.088      -2678.13      -131.052      -143.929    
552  7.510      -53.9800       357.524      -2681.71      -134.304      -148.058    
553  7.520      -47.1476       357.021      -2685.28      -137.557      -152.119    
554  7.530      -39.2382       356.592      -2688.85      -140.810      -156.106    
555  7.540      -30.3233       356.247      -2692.41      -144.064      -160.015    
556  7.550      -20.6400       355.994      -2695.97      -147.316      -163.844    
557  7.560      -10.3963       355.841      -2699.53      -150.570      -167.591    
558  7.570      0.139734       355.790      -2703.09      -153.828      -171.259    
559  7.580       10.7747       355.845      -2706.65      -157.092      -174.848    
560  7.590       21.1672       356.005      -2710.21      -160.367      -178.365    
561  7.600       31.1205       356.266      -2713.77      -163.659       178.185    
562  7.610       40.3610       356.622      -2717.34      -166.971       174.793    
563  7.620       48.6817       357.065      -2720.91      -170.310       171.451    
564  7.630       55.8694       357.585      -2724.48      -173.681       168.150    
565  7.640       61.7979       358.170      -2728.06      -177.089       164.878    
566  7.650       66.3378       358.808      -2731.64       179.461       161.627    
567  7.660       69.4277       359.483      -2735.23       175.966       158.386    
568  7.670       71.0755       360.182      -2738.83       172.422       155.148    
569  7.680       71.2675       360.890      -2742.44       168.827       151.903    
570  7.690       70.1382       361.594      -2746.05       165.179       148.648    
571  7.700       67.7549       362.280      -2749.67       161.478       145.378    
572  7.710       64.2948       362.937      -2753.30       157.723       142.090    
573  7.720       59.9019       363.556      -2756.93       153.916       138.786    
574  7.730       54.7732       364.127      -2760.57       150.058       135.466    
575  7.740       49.0442       364.645      -2764.21       146.150       132.134    
576  7.750       42.9240       365.103      -2767.86       142.195       128.793    
577  7.760       36.5134       365.499      -2771.51       138.194       125.451    
578  7.770       29.9346       365.831      -2775.17       134.150       122.111    
579  7.780       23.3214       366.097      -2778.83       130.065       118.780    
580  7.790       16.6788       366.297      -2782.49       125.942       115.464    
581  7.800       10.1120       366.431      -2786.16       121.782       112.166    
582  7.810       3.57588       366.500      -2789.82       117.587       108.891    
583  7.820      -2.86190       366.503      -2793.49       113.360       105.639    
584  7.830      -9.23995       366.443      -2797.15       109.103       102.412    
585  7.840      -15.5287       366.319      -2800.81       104.816       99.2089    
586  7.850      -21.7651       366.133      -2804.48       100.503       96.0271    
587  7.860      -27.9005       365.885      -2808.14       96.1655       92.8630    
588  7.870      -33.9103       365.576      -2811.79       91.8061       89.7127    
589  7.880      -39.7545       365.208      -2815.45       87.4273       86.5708    
590  7.890      -45.3604       364.783      -2819.10       83.0329       83.4323    
591  7.900      -50.6564       364.304      -2822.74       78.6268       80.2924    
592  7.910      -55.5097       363.774      -2826.38       74.2138       77.1468    
593  7.920      -59.8080       363.198      -2830.02       69.7987       73.9914    
594  7.930      -63.3928       362.584      -2833.65       65.3876       70.8235    
595  7.940      -66.1661       361.938      -2837.27       60.9867       67.6413    
596  7.950      -67.9486       361.270      -2840.89       56.6034       64.4445    
597  7.960      -68.6099       360.590      -2844.49       52.2452       61.2335    
598  7.970      -68.0864       359.909      -2848.10       47.9197       58.0093    
599  7.980      -66.2353       359.241      -2851.69       43.6350       54.7743    
600  7.990      -63.0731       358.597      -2855.28       39.3990       51.5308    
601  8.000      -58.5406       357.993      -2858.87       35.2197       48.2819    
602  8.010      -52.6911       357.440      -2862.44       31.1038       45.0297    
603  8.020      -45.6728       356.951      -2866.02       27.0574       41.7760    
604  8.030      -37.4955       356.538      -2869.58       23.0861       38.5228    
605  8.040      -28.4096       356.211      -2873.15       19.1929       35.2697    
606  8.050      -18.5747       355.978      -2876.71       15.3808       32.0168    
607  8.060      -8.25636       355.846      -2880.27       11.6496       28.7621    
608  8.070       2.34036       355.817      -2883.83       7.99828       25.5033    
609  8.080       12.9452       355.894      -2887.39       4.42366       22.2368    
610  8.090       23.2919       356.075      -2890.95      0.920675       18.9583    
611  8.100       33.1057       356.356      -2894.51      -2.51712       15.6628    
612  8.110       42.1876       356.730      -2898.07      -5.89810       12.3449    
613  8.120       50.2875       357.191      -2901.64      -9.23088       8.99957    
614  8.130       57.2410       357.726      -2905.22      -12.5256       5.62111    
615  8.140       62.8819       358.323      -2908.80      -15.7922       2.20460    
616  8.150       67.1315       358.970      -2912.39      -19.0407      -1.25431    
617  8.160       69.9201       359.652      -2915.98      -22.2805      -4.75947    
618  8.170       71.2607       360.354      -2919.58      -25.5202      -8.31428    
619  8.180       71.1721       361.063      -2923.19      -28.7663      -11.9204    
620  8.190       69.7672       361.764      -2926.80      -32.0245      -15.5793    
621  8.200       67.1466       362.445      -2930.42      -35.2984      -19.2917    
622  8.210       63.4776       363.096      -2934.05      -38.5893      -23.0571    
623  8.220       58.9150       363.705      -2937.68      -41.8970      -26.8746    
624  8.230       53.6466       364.266      -2941.32      -45.2198      -30.7432    
625  8.240       47.8193       364.772      -2944.97      -48.5543      -34.6611    
626  8.250       41.6230       365.218      -2948.62      -51.8956      -38.6262    
627  8.260       35.1696       365.601      -2952.27      -55.2384      -42.6363    
628  8.270       28.5884       365.919      -2955.93      -58.5765      -46.6887    
629  8.280       21.9485       366.172      -2959.59      -61.9050      -50.7820    
630  8.290       15.3235       366.358      -2963.25      -65.2182      -54.9135    
631  8.300       8.76640       366.479      -2966.92      -68.5119      -59.0811    
632  8.310       2.24632       366.534      -2970.58      -71.7827      -63.2825    
633  8.320      -4.17229       366.524      -2974.25      -75.0295      -67.5164    
634  8.330      -10.5440       366.451      -2977.91      -78.2514      -71.7803    
635  8.340      -16.8288       366.314      -2981.57      -81.4501      -76.0725    
636  8.350      -23.0202       366.115      -2985.24      -84.6279      -80.3909    
637  8.360      -29.1647       365.854      -2988.90      -87.7889      -84.7337    
638  8.370      -35.1291       365.533      -2992.55      -90.9375      -89.0979    
639  8.380      -40.9465       365.153      -2996.21      -94.0783      -93.4804    
640  8.390      -46.5031       364.716      -2999.86      -97.2167      -97.8776    
641  8.400      -51.7166       364.226      -3003.50      -100.358      -102.286    
642  8.410      -56.4694       363.686      -3007.14      -103.505      -106.700    
643  8.420      -60.6380       363.102      -3010.77      -106.664      -111.115    
644  8.430      -64.0699       362.480      -3014.40      -109.835      -115.525    
645  8.440      -66.6616       361.828      -3018.02      -113.020      -119.923    
646  8.450      -68.2111       361.156      -3021.64      -116.221      -124.303    
647  8.460      -68.6556       360.475      -3025.25      -119.435      -128.655    
648  8.470      -67.8430       359.795      -3028.85      -122.662      -132.973    
649  8.480      -65.7336       359.130      -3032.44      -125.899      -137.249    
650  8.490      -62.2646       358.494      -3036.03      -129.144      -141.474    
651  8.500      -57.4657       357.898      -3039.61      -132.395      -145.641    
652  8.510      -51.3687       357.357      -3043.19      -135.647      -149.744    
653  8.520      -44.0558       356.883      -3046.76      -138.901      -153.775    
654  8.530      -35.6888       356.487      -3050.33      -142.155      -157.731    
655  8.540      -26.4347       356.179      -3053.89      -145.408      -161.607    
656  8.550      -16.4570       355.967      -3057.45      -148.661      -165.403    
657  8.560      -6.05697       355.856      -3061.01      -151.916      -169.117    
658  8.570       4.57064       355.849      -3064.57      -155.176      -172.752    
659  8.580       15.1597       355.948      -3068.13      -158.445      -176.311    
660  8.590       25.4062       356.150      -3071.69      -161.727      -179.800    
661  8.600       35.1022       356.452      -3075.25      -165.027       176.774    
662  8.610       43.9951       356.845      -3078.82      -168.350       173.404    
663  8.620       51.8739       357.323      -3082.39      -171.702       170.079    
664  8.630       58.5635       357.872      -3085.97      -175.089       166.791    
665  8.640       63.9188       358.481      -3089.55      -178.514       163.529    
666  8.650       67.8633       359.137      -3093.14       178.017       160.282    
667  8.660       70.3547       359.824      -3096.73       174.501       157.043    
668  8.670       71.3702       360.529      -3100.34       170.936       153.802    
669  8.680       71.0190       361.238      -3103.95       167.318       150.554    
670  8.690       69.3151       361.936      -3107.56       163.648       147.292    
671  8.700       66.4947       362.612      -3111.18       159.925       144.015    
672  8.710       62.5906       363.255      -3114.81       156.148       140.720    
673  8.720       57.8740       363.855      -3118.45       152.319       137.408    
674  8.730       52.4731       364.405      -3122.09       148.439       134.082    
675  8.740       46.5538       364.898      -3125.74       144.511       130.745    
676  8.750       40.2880       365.331      -3129.39       140.536       127.403    
677  8.760       33.8041       365.701      -3133.04       136.516       124.060    
678  8.770       27.1975       366.006      -3136.70       132.454       120.723    
679  8.780       20.5692       366.244      -3140.36       128.353       117.397    
680  8.790       13.9532       366.417      -3144.03       124.213       114.088    
681  8.800       7.38023       366.524      -3147.69       120.038       110.799    
682  8.810      0.904178       366.565      -3151.36       115.830       107.533    
683  8.820      -5.50931       366.542      -3155.02       111.590       104.291    
684  8.830      -11.8724       366.456      -3158.69       107.319       101.075    
685  8.840      -18.1338       366.306      -3162.35       103.021       97.8804    
686  8.850      -24.3354       366.094      -3166.01       98.6970       94.7059    
687  8.860      -30.4216       365.820      -3169.67       94.3490       91.5474    
688  8.870      -36.3880       365.486      -3173.33       89.9806       88.4009    
689  8.880      -42.1510       365.094      -3176.98       85.5942       85.2604    
690  8.890      -47.6422       364.646      -3180.63       81.1938       82.1215    
691  8.900      -52.7856       364.144      -3184.27       76.7833       78.9789    
692  8.910      -57.4237       363.594      -3187.91       72.3680       75.8288    
693  8.920      -61.4582       363.001      -3191.54       67.9532       72.6679    
694  8.930      -64.7373       362.372      -3195.17       63.5447       69.4934    
695  8.940      -67.1021       361.715      -3198.79       59.1497       66.3045    
696  8.950      -68.4422       361.040      -3202.41       54.7754       63.1010    
697  8.960      -68.6218       360.357      -3206.01       50.4291       59.8835    
698  8.970      -67.5595       359.679      -3209.61       46.1190       56.6539    
699  8.980      -65.1421       359.019      -3213.21       41.8530       53.4145    
700  8.990      -61.4019       358.389      -3216.79       37.6390       50.1677    
701  9.000      -56.3081       357.804      -3220.37       33.4846       46.9164    
702  9.010      -49.9494       357.276      -3223.95       29.3963       43.6627    
703  9.020      -42.3901       356.817      -3227.52       25.3802       40.4086    
704  9.030      -33.8085       356.439      -3231.09       21.4409       37.1551    
705  9.040      -24.3733       356.151      -3234.65       17.5812       33.9020    
706  9.050      -14.2873       355.959      -3238.21       13.8030       30.6487    
707  9.060      -3.80591       355.870      -3241.77       10.1052       27.3923    
708  9.070       6.84640       355.886      -3245.33       6.48606       24.1302    
709  9.080       17.3737       356.007      -3248.89       2.94191       20.8589    
710  9.090       27.5406       356.231      -3252.45     -0.532943       17.5737    
711  9.100       37.0999       356.553      -3256.02      -3.94628       14.2690    
712  9.110       45.7864       356.966      -3259.58      -7.30634       10.9396    
713  9.120       53.4265       357.459      -3263.16      -10.6226       7.58007    
714  9.130       59.8467       358.023      -3266.73      -13.9052       4.18518    
715  9.140       64.9134       358.643      -3270.32      -17.1635      0.750691    
716  9.150       68.5548       359.307      -3273.91      -20.4076      -2.72773    
717  9.160       70.7028       360.000      -3277.50      -23.6468      -6.25411    
718  9.170       71.4501       360.707      -3281.11      -26.8888      -9.83067    
719  9.180       70.7747       361.415      -3284.72      -30.1399      -13.4594    
720  9.190       68.8359       362.110      -3288.34      -33.4048      -17.1413    
721  9.200       65.7478       362.779      -3291.96      -36.6867      -20.8771    
722  9.210       61.6775       363.414      -3295.59      -39.9860      -24.6658    
723  9.220       56.7791       364.004      -3299.23      -43.3013      -28.5059    
724  9.230       51.2641       364.542      -3302.87      -46.6302      -32.3963    
725  9.240       45.2473       365.024      -3306.52      -49.9690      -36.3352    
726  9.250       38.9288       365.443      -3310.17      -53.3122      -40.3202    
727  9.260       32.4121       365.800      -3313.83      -56.6545      -44.3494    
728  9.270       25.7800       366.090      -3317.49      -59.9898      -48.4201    
729  9.280       19.1553       366.315      -3321.15      -63.3127      -52.5303    
730  9.290       12.5514       366.473      -3324.81      -66.6184      -56.6778    
731  9.300       6.00435       366.566      -3328.48      -69.9027      -60.8602    
732  9.310     -0.474912       366.594      -3332.14      -73.1638      -65.0762    
733  9.320      -6.87995       366.557      -3335.81      -76.4001      -69.3233    
734  9.330      -13.2060       366.457      -3339.47      -79.6122      -73.6000    
735  9.340      -19.4731       366.294      -3343.14      -82.8020      -77.9042    
736  9.350      -25.6521       366.068      -3346.80      -85.9725      -82.2337    
737  9.360      -31.7161       365.782      -3350.46      -89.1282      -86.5866    
738  9.370      -37.6555       365.435      -3354.12      -92.2734      -90.9595    
739  9.380      -43.3705       365.031      -3357.77      -95.4131      -95.3493    
740  9.390      -48.8084       364.570      -3361.42      -98.5528      -99.7526    
741  9.400      -53.8377       364.058      -3365.06      -101.697      -104.165    
742  9.410      -58.3858       363.498      -3368.70      -104.850      -108.581    
743  9.420      -62.2456       362.896      -3372.33      -108.014      -112.996    
744  9.430      -65.3673       362.260      -3375.95      -111.192      -117.402    
745  9.440      -67.5187       361.598      -3379.57      -114.384      -121.794    
746  9.450      -68.6178       360.919      -3383.19      -117.591      -126.163    
747  9.460      -68.5414       360.236      -3386.79      -120.812      -130.503    
748  9.470      -67.1801       359.561      -3390.39      -124.044      -134.804    
749  9.480      -64.4864       358.906      -3393.98      -127.285      -139.060    
750  9.490      -60.4424       358.284      -3397.57      -130.533      -143.261    
751  9.500      -55.0656       357.710      -3401.15      -133.785      -147.402    
752  9.510      -48.4314       357.196      -3404.72      -137.039      -151.475    
753  9.520      -40.6341       356.754      -3408.29      -140.293      -155.475    
754  9.530      -31.8546       356.394      -3411.86      -143.547      -159.398    
755  9.540      -22.2393       356.126      -3415.42      -146.801      -163.241    
756  9.550      -12.0453       355.956      -3418.98      -150.055      -167.002    
757  9.560      -1.50198       355.889      -3422.54      -153.313      -170.683    
758  9.570       9.16096       355.928      -3426.10      -156.576      -174.286    
759  9.580       19.6353       356.072      -3429.66      -159.850      -177.815    
760  9.590       29.6921       356.318      -3433.23      -163.140       178.724    
761  9.600       39.0822       356.661      -3436.79      -166.450       175.323    
762  9.610       47.5686       357.092      -3440.36      -169.785       171.973    
763  9.620       54.9491       357.602      -3443.93      -173.151       168.665    
764  9.630       61.0997       358.179      -3447.51      -176.555       165.389    
765  9.640       65.8450       358.811      -3451.10      -179.999       162.134    
766  9.650       69.1663       359.482      -3454.69       176.512       158.891    
767  9.660       71.0160       360.180      -3458.29       172.974       155.651    
768  9.670       71.4371       360.889      -3461.89       169.386       152.407    
769  9.680       70.4700       361.595      -3465.51       165.746       149.153    
770  9.690       68.2816       362.285      -3469.13       162.052       145.884    
771  9.700       64.9526       362.948      -3472.75       158.304       142.598    
772  9.710       60.6799       363.574      -3476.39       154.504       139.295    
773  9.720       55.6405       364.153      -3480.02       150.652       135.976    
774  9.730       49.9933       364.680      -3483.67       146.751       132.645    
775  9.740       43.9075       365.148      -3487.32       142.802       129.304    
776  9.750       37.5256       365.554      -3490.97       138.807       125.960    
777  9.760       30.9773       365.896      -3494.63       134.768       122.619    
778  9.770       24.3624       366.173      -3498.29       130.688       119.286    
779  9.780       17.7116       366.383      -3501.95       126.570       115.966    
780  9.790       11.1241       366.527      -3505.61       122.415       112.665    
781  9.800       4.59571       366.606      -3509.28       118.225       109.386    
782  9.810      -1.86986       366.620      -3512.95       114.002       106.130    
783  9.820      -8.25466       366.569      -3516.61       109.748       102.899    
784  9.830      -14.5745       366.455      -3520.28       105.464       99.6911    
785  9.840      -20.8243       366.278      -3523.94       101.155       96.5060    
786  9.850      -26.9906       366.040      -3527.60       96.8197       93.3390    
787  9.860      -33.0352       365.740      -3531.26       92.4622       90.1860    
788  9.870      -38.9257       365.380      -3534.92       88.0849       87.0421    
789  9.880      -44.5999       364.963      -3538.57       83.6912       83.9022    
790  9.890      -49.9587       364.491      -3542.22       79.2855       80.7618    
791  9.900      -54.9020       363.967      -3545.86       74.8718       77.6160    
792  9.910      -59.3131       363.398      -3549.49       70.4553       74.4609    
793  9.920      -63.0444       362.787      -3553.12       66.0418       71.2936    
794  9.930      -65.9425       362.144      -3556.75       61.6375       68.1121    
795  9.940      -67.8957       361.477      -3560.37       57.2497       64.9159    
796  9.950      -68.7512       360.797      -3563.98       52.8859       61.7056    
797  9.960      -68.3800       360.114      -3567.58       48.5536       58.4819    
798  9.970      -66.7480       359.441      -3571.18       44.2610       55.2472    
799  9.980      -63.7502       358.792      -3574.77       40.0161       52.0037    
800  9.990      -59.4177       358.179      -3578.36       35.8269       48.7546    
801  10.00      -53.7430       357.617      -3581.94       31.7000       45.5017    
