# Mowe_temp                                                                       
# Operating point sequence...
# i     t     dWx ang.acc.  Wx rot.rate   Phi   (bank)  Phi[ 2]       Phi[ 3]      
  1  2.000       16.0051       275.988      -542.096      -150.289      -177.302    
  2  2.010       28.1929       276.270      -544.859      -152.617      -179.749    
  3  2.020       37.7404       276.615      -547.624      -154.973       177.856    
  4  2.030       49.4123       277.060      -550.393      -157.368       175.518    
  5  2.040       58.4214       277.598      -553.166      -159.808       173.231    
  6  2.050       66.5296       278.220      -555.946      -162.296       170.980    
  7  2.060       73.4279       278.918      -558.732      -164.833       168.751    
  8  2.070       79.0210       279.677      -561.525      -167.418       166.527    
  9  2.080       83.3761       280.486      -564.326      -170.052       164.294    
 10  2.090       86.4714       281.332      -567.135      -172.733       162.039    
 11  2.100       88.3492       282.203      -569.953      -175.460       159.749    
 12  2.110       89.1317       283.087      -572.779      -178.229       157.415    
 13  2.120       88.8693       283.975      -575.614       178.961       155.031    
 14  2.130       87.7435       284.855      -578.458       176.113       152.593    
 15  2.140       85.8533       285.721      -581.311       173.228       150.100    
 16  2.150       83.3611       286.566      -584.173       170.308       147.553    
 17  2.160       80.4157       287.383      -587.042       167.354       144.958    
 18  2.170       77.1624       288.170      -589.920       164.368       142.320    
 19  2.180       73.6856       288.924      -592.805       161.350       139.649    
 20  2.190       70.1520       289.642      -595.698       158.300       136.955    
 21  2.200       66.5563       290.326      -598.598       155.219       134.249    
 22  2.210       63.0017       290.973      -601.504       152.105       131.543    
 23  2.220       59.4542       291.586      -604.417       148.958       128.848    
 24  2.230       55.9197       292.163      -607.335       145.777       126.174    
 25  2.240       52.3514       292.704      -610.260       142.561       123.532    
 26  2.250       48.6971       293.209      -613.189       139.308       120.928    
 27  2.260       44.8581       293.676      -616.124       136.017       118.367    
 28  2.270       40.8058       294.104      -619.062       132.688       115.854    
 29  2.280       36.3988       294.490      -622.005       129.317       113.387    
 30  2.290       31.5912       294.829      -624.952       125.905       110.966    
 31  2.300       26.3245       295.117      -627.901       122.449       108.585    
 32  2.310       20.5120       295.350      -630.853       118.949       106.240    
 33  2.320       14.1217       295.522      -633.808       115.402       103.922    
 34  2.330       7.10985       295.626      -636.763       111.810       101.622    
 35  2.340     -0.504929       295.658      -639.719       108.170       99.3301    
 36  2.350      -8.73715       295.610      -642.675       104.483       97.0374    
 37  2.360      -17.5150       295.477      -645.631       100.749       94.7342    
 38  2.370      -26.7988       295.254      -648.584       96.9683       92.4120    
 39  2.380      -36.4623       294.937      -651.535       93.1423       90.0636    
 40  2.390      -46.3902       294.522      -654.482       89.2729       87.6837    
 41  2.400      -56.4275       294.007      -657.424       85.3626       85.2685    
 42  2.410      -66.3535       293.394      -660.361       81.4148       82.8167    
 43  2.420      -75.9927       292.682      -663.291       77.4337       80.3290    
 44  2.430      -85.0813       291.878      -666.213       73.4247       77.8080    
 45  2.440      -93.4163       290.987      -669.127       69.3940       75.2581    
 46  2.450      -100.762       290.018      -672.032       65.3488       72.6854    
 47  2.460      -106.873       288.983      -674.927       61.2978       70.0972    
 48  2.470      -111.600       287.894      -677.811       57.2502       67.5012    
 49  2.480      -114.746       286.766      -680.684       53.2167       64.9060    
 50  2.490      -116.210       285.615      -683.546       49.2085       62.3197    
 51  2.500      -115.924       284.459      -686.397       45.2377       59.7500    
 52  2.510      -113.842       283.314      -689.235       41.3168       57.2037    
 53  2.520      -109.969       282.200      -692.063       37.4584       54.6862    
 54  2.530      -104.410       281.132      -694.880       33.6752       52.2018    
 55  2.540      -97.2012       280.128      -697.686       29.9792       49.7526    
 56  2.550      -88.5359       279.203      -700.483       26.3819       47.3395    
 57  2.560      -78.5124       278.372      -703.271       22.8932       44.9614    
 58  2.570      -67.3354       277.645      -706.051       19.5215       42.6153    
 59  2.580      -55.2191       277.035      -708.825       16.2734       40.2972    
 60  2.590      -42.3629       276.549      -711.593       13.1530       38.0013    
 61  2.600      -28.9802       276.194      -714.357       10.1618       35.7208    
 62  2.610      -15.3130       275.974      -717.118       7.29887       33.4484    
 63  2.620      -1.62938       275.889      -719.878       4.56011       31.1758    
 64  2.630       11.8957       275.941      -722.637       1.93879       28.8951    
 65  2.640       24.9642       276.124      -725.398     -0.574506       26.5980    
 66  2.650       37.3782       276.434      -728.161      -2.99174       24.2767    
 67  2.660       48.9405       276.864      -730.928      -5.32684       21.9243    
 68  2.670       59.4465       277.404      -733.699      -7.59543       19.5344    
 69  2.680       68.7440       278.042      -736.477      -9.81456       17.1016    
 70  2.690       76.7173       278.766      -739.261      -12.0016       14.6217    
 71  2.700       83.2734       279.562      -742.053      -14.1741       12.0916    
 72  2.710       88.3592       280.417      -744.853      -16.3492       9.50907    
 73  2.720       91.9737       281.315      -747.662      -18.5424       6.87322    
 74  2.730       94.1538       282.242      -750.480      -20.7680       4.18385    
 75  2.740       94.9498       283.184      -753.307      -23.0377       1.44171    
 76  2.750       94.4870       284.128      -756.143      -25.3609      -1.35185    
 77  2.760       92.8838       285.062      -758.989      -27.7438      -4.19491    
 78  2.770       90.3271       285.975      -761.844      -30.1897      -7.08538    
 79  2.780       86.9661       286.860      -764.708      -32.6985      -10.0208    
 80  2.790       83.0221       287.708      -767.581      -35.2674      -12.9990    
 81  2.800       78.6660       288.515      -770.462      -37.8902      -16.0174    
 82  2.810       74.0563       289.278      -773.351      -40.5586      -19.0738    
 83  2.820       69.3758       289.994      -776.247      -43.2622      -22.1666    
 84  2.830       64.7091       290.665      -779.150      -45.9889      -25.2939    
 85  2.840       60.1714       291.289      -782.060      -48.7258      -28.4546    
 86  2.850       55.7886       291.869      -784.975      -51.4600      -31.6479    
 87  2.860       51.5644       292.407      -787.897      -54.1789      -34.8733    
 88  2.870       47.4981       292.902      -790.823      -56.8708      -38.1307    
 89  2.880       43.5121       293.358      -793.754      -59.5259      -41.4203    
 90  2.890       39.5623       293.773      -796.689      -62.1362      -44.7429    
 91  2.900       35.5180       294.148      -799.629      -64.6967      -48.0994    
 92  2.910       31.3367       294.482      -802.572      -67.2043      -51.4906    
 93  2.920       26.8889       294.773      -805.518      -69.6593      -54.9182    
 94  2.930       22.0863       295.017      -808.467      -72.0645      -58.3834    
 95  2.940       16.8461       295.211      -811.418      -74.4249      -61.8878    
 96  2.950       11.1118       295.349      -814.371      -76.7481      -65.4328    
 97  2.960       4.81220       295.428      -817.324      -79.0429      -69.0197    
 98  2.970      -2.08125       295.440      -820.278      -81.3195      -72.6497    
 99  2.980      -9.57252       295.380      -823.232      -83.5889      -76.3238    
100  2.990      -17.6556       295.242      -826.185      -85.8616      -80.0422    
101  3.000      -26.2876       295.021      -829.136      -88.1479      -83.8052    
102  3.010      -35.3699       294.712      -832.085      -90.4569      -87.6121    
103  3.020      -44.8122       294.310      -835.029      -92.7962      -91.4616    
104  3.030      -54.4724       293.813      -837.970      -95.1713      -95.3520    
105  3.040      -64.1323       293.219      -840.905      -97.5857      -99.2803    
106  3.050      -73.6319       292.531      -843.833      -100.040      -103.243    
107  3.060      -82.7071       291.750      -846.754      -102.534      -107.234    
108  3.070      -91.1371       290.882      -849.667      -105.063      -111.249    
109  3.080      -98.6393       289.935      -852.571      -107.623      -115.280    
110  3.090      -105.030       288.919      -855.465      -110.206      -119.319    
111  3.100      -110.047       287.847      -858.349      -112.804      -123.356    
112  3.110      -113.528       286.733      -861.221      -115.409      -127.382    
113  3.120      -115.334       285.592      -864.083      -118.011      -131.385    
114  3.130      -115.354       284.443      -866.933      -120.602      -135.352    
115  3.140      -113.559       283.303      -869.772      -123.173      -139.271    
116  3.150      -109.934       282.190      -872.599      -125.717      -143.129    
117  3.160      -104.548       281.122      -875.416      -128.230      -146.914    
118  3.170      -97.4737       280.116      -878.222      -130.707      -150.612    
119  3.180      -88.8509       279.189      -881.019      -133.146      -154.211    
120  3.190      -78.8303       278.354      -883.806      -135.547      -157.702    
121  3.200      -67.6008       277.625      -886.586      -137.912      -161.076    
122  3.210      -55.3492       277.013      -889.360      -140.246      -164.326    
123  3.220      -42.3341       276.527      -892.128      -142.552      -167.446    
124  3.230      -28.7228       276.173      -894.891      -144.838      -170.436    
125  3.240      -14.8381       275.956      -897.652      -147.111      -173.296    
126  3.250     -0.857938       275.878      -900.412      -149.380      -176.030    
127  3.260       12.9122       275.939      -903.171      -151.653      -178.644    
128  3.270       26.2821       276.134      -905.932      -153.940       178.851    
129  3.280       38.9352       276.458      -908.695      -156.249       176.445    
130  3.290       50.7506       276.905      -911.462      -158.587       174.122    
131  3.300       61.4177       277.463      -914.234      -160.964       171.868    
132  3.310       70.8674       278.122      -917.012      -163.384       169.663    
133  3.320       78.9147       278.867      -919.798      -165.852       167.492    
134  3.330       85.4749       279.686      -922.591      -168.373       165.335    
135  3.340       90.5007       280.562      -925.392      -170.950       163.175    
136  3.350       93.9823       281.480      -928.202      -173.583       160.996    
137  3.360       95.9613       282.426      -931.022      -176.273       158.783    
138  3.370       96.5047       283.385      -933.851      -179.020       156.524    
139  3.380       95.7266       284.343      -936.689       178.179       154.210    
140  3.390       93.7836       285.287      -939.537       175.325       151.833    
141  3.400       90.8483       286.208      -942.395       172.420       149.391    
142  3.410       87.0987       287.095      -945.261       169.468       146.883    
143  3.420       82.7667       287.943      -948.136       166.472       144.313    
144  3.430       78.0431       288.746      -951.020       163.435       141.686    
145  3.440       73.0923       289.500      -953.911       160.358       139.010    
146  3.450       68.0965       290.206      -956.809       157.246       136.298    
147  3.460       63.1853       290.862      -959.714       154.099       133.562    
148  3.470       58.4280       291.471      -962.626       150.919       130.814    
149  3.480       53.8813       292.033      -965.543       147.708       128.068    
150  3.490       49.5661       292.550      -968.466       144.467       125.338    
151  3.500       45.4419       293.026      -971.394       141.195       122.636    
152  3.510       41.4458       293.461      -974.326       137.892       119.972    
153  3.520       37.5221       293.856      -977.263       134.559       117.354    
154  3.530       33.5629       294.211      -980.203       131.193       114.788    
155  3.540       29.4531       294.526      -983.146       127.794       112.276    
156  3.550       25.1154       294.798      -986.093       124.361       109.820    
157  3.560       20.4446       295.026      -989.042       120.891       107.416    
158  3.570       15.3457       295.204      -991.993       117.383       105.058    
159  3.580       9.72710       295.328      -994.945       113.836       102.740    
160  3.590       3.56553       295.393      -997.899       110.248       100.452    
161  3.600      -3.22236       295.393      -1000.85       106.616       98.1829    
162  3.610      -10.5791       295.323      -1003.81       102.942       95.9220    
163  3.620      -18.5864       295.175      -1006.76       99.2229       93.6580    
164  3.630      -27.1244       294.945      -1009.71       95.4597       91.3801    
165  3.640      -36.1368       294.628      -1012.66       91.6525       89.0789    
166  3.650      -45.5424       294.218      -1015.60       87.8026       86.7465    
167  3.660      -55.1435       293.714      -1018.54       83.9118       84.3770    
168  3.670      -64.7934       293.114      -1021.47       79.9830       81.9668    
169  3.680      -74.2468       292.419      -1024.40       76.0203       79.5148    
170  3.690      -83.3079       291.632      -1027.32       72.0284       77.0220    
171  3.700      -91.6831       290.758      -1030.23       68.0135       74.4920    
172  3.710      -99.1617       289.806      -1033.13       63.9828       71.9303    
173  3.720      -105.468       288.786      -1036.03       59.9446       69.3440    
174  3.730      -110.397       287.709      -1038.91       55.9085       66.7415    
175  3.740      -113.776       286.592      -1041.78       51.8852       64.1318    
176  3.750      -115.428       285.450      -1044.64       47.8863       61.5246    
177  3.760      -115.301       284.301      -1047.49       43.9238       58.9287    
178  3.770      -113.316       283.162      -1050.33       40.0109       56.3526    
179  3.780      -109.500       282.053      -1053.15       36.1607       53.8035    
180  3.790      -103.900       280.990      -1055.97       32.3860       51.2871    
181  3.800      -96.6068       279.992      -1058.77       28.6996       48.8074    
182  3.810      -87.7582       279.074      -1061.57       25.1128       46.3663    
183  3.820      -77.5313       278.251      -1064.36       21.6364       43.9639    
184  3.830      -66.0804       277.537      -1067.14       18.2789       41.5984    
185  3.840      -53.6556       276.941      -1069.91       15.0472       39.2659    
186  3.850      -40.4339       276.472      -1072.68       11.9453       36.9610    
187  3.860      -26.7027       276.138      -1075.44       8.97491       34.6771    
188  3.870      -12.6702       275.943      -1078.20       6.13480       32.4059    
189  3.880       1.38862       275.886      -1080.96       3.42070       30.1390    
190  3.890       15.2346       275.969      -1083.72      0.825600       27.8673    
191  3.900       28.5943       276.188      -1086.48      -1.66035       25.5818    
192  3.910       41.2599       276.535      -1089.24      -4.04977       23.2733    
193  3.920       52.9519       277.004      -1092.01      -6.35710       20.9337    
194  3.930       63.5576       277.584      -1094.78      -8.59861       18.5558    
195  3.940       72.8267       278.263      -1097.56      -10.7919       16.1331    
196  3.950       80.6796       279.027      -1100.35      -12.9552       13.6603    
197  3.960       87.0191       279.862      -1103.15      -15.1065       11.1335    
198  3.970       91.7891       280.752      -1105.95      -17.2636       8.55010    
199  3.980       94.9978       281.682      -1108.76      -19.4425       5.90880    
200  3.990       96.6806       282.637      -1111.58      -21.6578       3.20936    
201  4.000       96.9396       283.601      -1114.41      -23.9214      0.452670    
202  4.010       95.8736       284.562      -1117.25      -26.2427      -2.35981    
203  4.020       93.6458       285.507      -1120.10      -28.6280      -5.22563    
204  4.030       90.4757       286.425      -1122.96      -31.0800      -8.14201    
205  4.040       86.5033       287.307      -1125.83      -33.5984      -11.1059    
206  4.050       81.9710       288.148      -1128.71      -36.1796      -14.1140    
207  4.060       77.0997       288.942      -1131.60      -38.8169      -17.1634    
208  4.070       72.0268       289.687      -1134.49      -41.5012      -20.2513    
209  4.080       66.9498       290.382      -1137.39      -44.2214      -23.3751    
210  4.090       61.9910       291.027      -1140.30      -46.9645      -26.5327    
211  4.100       57.2140       291.623      -1143.21      -49.7170      -29.7222    
212  4.110       52.6608       292.173      -1146.13      -52.4650      -32.9427    
213  4.120       48.3677       292.679      -1149.05      -55.1954      -36.1932    
214  4.130       44.2586       293.142      -1151.98      -57.8961      -39.4736    
215  4.140       40.3082       293.566      -1154.91      -60.5568      -42.7840    
216  4.150       36.3933       293.949      -1157.85      -63.1695      -46.1250    
217  4.160       32.4577       294.294      -1160.79      -65.7288      -49.4976    
218  4.170       28.3541       294.597      -1163.74      -68.2324      -52.9032    
219  4.180       24.0273       294.859      -1166.69      -70.6805      -56.3434    
220  4.190       19.3387       295.075      -1169.63      -73.0765      -59.8197    
221  4.200       14.1988       295.242      -1172.59      -75.4260      -63.3340    
222  4.210       8.55619       295.354      -1175.54      -77.7371      -66.8879    
223  4.220       2.34912       295.407      -1178.49      -80.0194      -70.4830    
224  4.230      -4.51215       295.395      -1181.45      -82.2838      -74.1206    
225  4.240      -11.9344       295.311      -1184.40      -84.5417      -77.8020    
226  4.250      -20.0019       295.150      -1187.35      -86.8046      -81.5277    
227  4.260      -28.6076       294.906      -1190.30      -89.0830      -85.2978    
228  4.270      -37.6904       294.573      -1193.25      -91.3865      -89.1120    
229  4.280      -47.1288       294.148      -1196.19      -93.7224      -92.9685    
230  4.290      -56.7520       293.628      -1199.13      -96.0966      -96.8655    
231  4.300      -66.4038       293.012      -1202.06      -98.5125      -100.800    
232  4.310      -75.8279       292.301      -1204.99      -100.971      -104.768    
233  4.320      -84.8004       291.499      -1207.91      -103.470      -108.765    
234  4.330      -93.0865       290.610      -1210.82      -106.006      -112.783    
235  4.340      -100.380       289.645      -1213.72      -108.574      -116.816    
236  4.350      -106.504       288.613      -1216.61      -111.165      -120.855    
237  4.360      -111.193       287.528      -1219.49      -113.771      -124.891    
238  4.370      -114.287       286.405      -1222.36      -116.383      -128.911    
239  4.380      -115.657       285.259      -1225.22      -118.992      -132.905    
240  4.390      -115.200       284.109      -1228.07      -121.587      -136.861    
241  4.400      -112.888       282.973      -1230.90      -124.162      -140.764    
242  4.410      -108.727       281.870      -1233.73      -126.708      -144.602    
243  4.420      -102.811       280.816      -1236.54      -129.220      -148.363    
244  4.430      -95.2007       279.831      -1239.35      -131.695      -152.032    
245  4.440      -86.0708       278.928      -1242.14      -134.130      -155.600    
246  4.450      -75.5621       278.124      -1244.92      -136.527      -159.055    
247  4.460      -63.8961       277.430      -1247.70      -138.887      -162.390    
248  4.470      -51.2493       276.857      -1250.47      -141.215      -165.598    
249  4.480      -37.8880       276.413      -1253.24      -143.515      -168.676    
250  4.490      -24.0448       276.105      -1256.00      -145.796      -171.621    
251  4.500      -9.92679       275.936      -1258.77      -148.065      -174.437    
252  4.510       4.13671       275.907      -1261.52      -150.332      -177.127    
253  4.520       17.9458       276.017      -1264.28      -152.604      -179.699    
254  4.530       31.2412       276.262      -1267.05      -154.893       177.835    
255  4.540       43.7568       276.636      -1269.81      -157.205       175.464    
256  4.550       55.2926       277.129      -1272.58      -159.550       173.172    
257  4.560       65.6721       277.731      -1275.36      -161.936       170.942    
258  4.570       74.6793       278.429      -1278.14      -164.367       168.758    
259  4.580       82.2691       279.211      -1280.93      -166.849       166.599    
260  4.590       88.2884       280.060      -1283.72      -169.387       164.450    
261  4.600       92.7687       280.961      -1286.53      -171.981       162.291    
262  4.610       95.6384       281.899      -1289.34      -174.634       160.107    
263  4.620       97.0230       282.859      -1292.17      -177.346       157.884    
264  4.630       96.9895       283.825      -1295.00       179.886       155.610    
265  4.640       95.6415       284.785      -1297.84       177.062       153.277    
266  4.650       93.1863       285.726      -1300.69       174.184       150.879    
267  4.660       89.7963       286.639      -1303.56       171.257       148.414    
268  4.670       85.6625       287.514      -1306.43       168.283       145.883    
269  4.680       81.0259       288.346      -1309.31       165.265       143.289    
270  4.690       76.0510       289.130      -1312.19       162.206       140.640    
271  4.700       70.9474       289.865      -1315.09       159.109       137.947    
272  4.710       65.8716       290.549      -1317.99       155.977       135.220    
273  4.720       60.9075       291.183      -1320.90       152.811       132.472    
274  4.730       56.1770       291.768      -1323.81       149.614       129.718    
275  4.740       51.6664       292.308      -1326.73       146.387       126.971    
276  4.750       47.4096       292.804      -1329.66       143.129       124.245    
277  4.760       43.3444       293.258      -1332.59       139.842       121.550    
278  4.770       39.4108       293.673      -1335.52       136.525       118.897    
279  4.780       35.5142       294.047      -1338.46       133.177       116.294    
280  4.790       31.5664       294.383      -1341.41       129.798       113.745    
281  4.800       27.4449       294.678      -1344.35       126.385       111.253    
282  4.810       23.0597       294.930      -1347.30       122.938       108.815    
283  4.820       18.3097       295.136      -1350.25       119.454       106.429    
284  4.830       13.0863       295.292      -1353.20       115.932       104.088    
285  4.840       7.34140       295.393      -1356.15       112.370       101.784    
286  4.850       1.01685       295.433      -1359.11       108.766       99.5072    
287  4.860      -5.93715       295.407      -1362.06       105.120       97.2456    
288  4.870      -13.4999       295.308      -1365.02       101.430       94.9883    
289  4.880      -21.6831       295.131      -1367.97       97.6952       92.7239    
290  4.890      -30.3831       294.869      -1370.92       93.9161       90.4418    
291  4.900      -39.5603       294.518      -1373.86       90.0933       88.1330    
292  4.910      -49.0577       294.074      -1376.81       86.2282       85.7901    
293  4.920      -58.7127       293.535      -1379.75       82.3230       83.4078    
294  4.930      -68.3522       292.899      -1382.68       78.3809       80.9833    
295  4.940      -77.7193       292.169      -1385.60       74.4063       78.5163    
296  4.950      -86.5940       291.348      -1388.52       70.4046       76.0090    
297  4.960      -94.6984       290.444      -1391.43       66.3821       73.4656    
298  4.970      -101.804       289.463      -1394.33       62.3466       70.8921    
299  4.980      -107.669       288.419      -1397.22       58.3068       68.2962    
300  4.990      -112.040       287.324      -1400.10       54.2731       65.6872    
301  5.000      -114.822       286.193      -1402.96       50.2562       63.0742    
302  5.010      -115.811       285.044      -1405.82       46.2684       60.4670    
303  5.020      -114.985       283.895      -1408.66       42.3220       57.8743    
304  5.030      -112.292       282.763      -1411.50       38.4303       55.3045    
305  5.040      -107.764       281.667      -1414.32       34.6063       52.7642    
306  5.050      -101.472       280.625      -1417.13       30.8629       50.2586    
307  5.060      -93.5287       279.654      -1419.93       27.2127       47.7912    
308  5.070      -84.0848       278.770      -1422.73       23.6668       45.3633    
309  5.080      -73.3066       277.987      -1425.51       20.2351       42.9741    
310  5.090      -61.4058       277.316      -1428.29       16.9258       40.6211    
311  5.100      -48.5750       276.769      -1431.06       13.7443       38.2996    
312  5.110      -35.0752       276.353      -1433.82       10.6941       36.0037    
313  5.120      -21.1153       276.073      -1436.59       7.77560       33.7261    
314  5.130      -7.00297       275.933      -1439.35       4.98658       31.4585    
315  5.140       7.08234       275.934      -1442.11       2.32162       29.1920    
316  5.150       20.8025       276.073      -1444.87     -0.227684       26.9171    
317  5.160       33.9698       276.345      -1447.63      -2.67206       24.6249    
318  5.170       46.3239       276.745      -1450.40      -5.02524       22.3064    
319  5.180       57.6428       277.263      -1453.17      -7.30254       19.9536    
320  5.190       67.7414       277.887      -1455.94      -9.52088       17.5594    
321  5.200       76.4906       278.605      -1458.72      -11.6981       15.1179    
322  5.210       83.7472       279.403      -1461.51      -13.8527       12.6242    
323  5.220       89.4504       280.265      -1464.31      -16.0027       10.0750    
324  5.230       93.5792       281.176      -1467.12      -18.1652       7.46812    
325  5.240       96.1438       282.121      -1469.94      -20.3560       4.80263    
326  5.250       97.1955       283.084      -1472.76      -22.5887       2.07870    
327  5.260       96.8784       284.051      -1475.60      -24.8743     -0.702308    
328  5.270       95.2819       285.008      -1478.44      -27.2208      -3.53832    
329  5.280       92.5835       285.944      -1481.30      -29.6332      -6.42691    
330  5.290       89.0188       286.850      -1484.16      -32.1131      -9.36502    
331  5.300       84.7639       287.717      -1487.04      -34.6585      -12.3494    
332  5.310       80.0275       288.540      -1489.92      -37.2647      -15.3768    
333  5.320       74.9793       289.314      -1492.81      -39.9240      -18.4444    
334  5.330       69.8959       290.038      -1495.70      -42.6261      -21.5493    
335  5.340       64.8140       290.711      -1498.61      -45.3591      -24.6890    
336  5.350       59.8998       291.335      -1501.52      -48.1095      -27.8616    
337  5.360       55.2033       291.911      -1504.43      -50.8637      -31.0654    
338  5.370       50.7505       292.441      -1507.36      -53.6077      -34.2995    
339  5.380       46.5441       292.928      -1510.28      -56.3289      -37.5634    
340  5.390       42.5117       293.374      -1513.21      -59.0157      -40.8570    
341  5.400       38.5995       293.780      -1516.15      -61.6586      -44.1806    
342  5.410       34.7075       294.147      -1519.09      -64.2506      -47.5350    
343  5.420       30.7236       294.474      -1522.03      -66.7876      -50.9214    
344  5.430       26.5708       294.760      -1524.98      -69.2684      -54.3413    
345  5.440       22.1200       295.003      -1527.93      -71.6944      -57.7963    
346  5.450       17.2590       295.199      -1530.88      -74.0701      -61.2882    
347  5.460       11.9550       295.344      -1533.83      -76.4020      -64.8185    
348  5.470       6.07341       295.433      -1536.78      -78.6992      -68.3892    
349  5.480     -0.366549       295.460      -1539.74      -80.9720      -72.0018    
350  5.490      -7.47288       295.419      -1542.69      -83.2317      -75.6576    
351  5.500      -15.1698       295.304      -1545.65      -85.4897      -79.3575    
352  5.510      -23.4646       295.110      -1548.60      -87.7571      -83.1018    
353  5.520      -32.2964       294.830      -1551.55      -90.0444      -86.8906    
354  5.530      -41.5522       294.459      -1554.49      -92.3602      -90.7228    
355  5.540      -51.1144       293.995      -1557.44      -94.7116      -94.5971    
356  5.550      -60.8010       293.435      -1560.37      -97.1031      -98.5109    
357  5.560      -70.3971       292.779      -1563.30      -99.5370      -102.461    
358  5.570      -79.7029       292.029      -1566.23      -102.013      -106.442    
359  5.580      -88.4392       291.189      -1569.14      -104.529      -110.449    
360  5.590      -96.3743       290.267      -1572.05      -107.080      -114.476    
361  5.600      -103.228       289.271      -1574.95      -109.660      -118.514    
362  5.610      -108.803       288.214      -1577.84      -112.260      -122.553    
363  5.620      -112.845       287.109      -1580.71      -114.871      -126.585    
364  5.630      -115.267       285.972      -1583.58      -117.484      -130.597    
365  5.640      -115.870       284.821      -1586.43      -120.089      -134.578    
366  5.650      -114.637       283.673      -1589.28      -122.678      -138.514    
367  5.660      -111.538       282.547      -1592.11      -125.242      -142.393    
368  5.670      -106.645       281.460      -1594.93      -127.776      -146.201    
369  5.680      -99.9488       280.432      -1597.74      -130.273      -149.926    
370  5.690      -91.6849       279.478      -1600.54      -132.732      -153.555    
371  5.700      -81.9200       278.614      -1603.33      -135.152      -157.078    
372  5.710      -70.8754       277.853      -1606.11      -137.533      -160.484    
373  5.720      -58.7392       277.208      -1608.88      -139.879      -163.767    
374  5.730      -45.7385       276.688      -1611.65      -142.194      -166.920    
375  5.740      -32.1056       276.301      -1614.42      -144.485      -169.942    
376  5.750      -18.0801       276.051      -1617.18      -146.760      -172.833    
377  5.760      -3.93997       275.941      -1619.94      -149.027      -175.594    
378  5.770       10.0884       275.972      -1622.70      -151.294      -178.234    
379  5.780       23.7417       276.141      -1625.46      -153.572       179.240    
380  5.790       36.7419       276.442      -1628.23      -155.870       176.817    
381  5.800       48.8994       276.868      -1630.99      -158.195       174.481    
382  5.810       59.9722       277.410      -1633.77      -160.557       172.218    
383  5.820       69.8094       278.056      -1636.54      -162.961       170.010    
384  5.830       78.2309       278.793      -1639.33      -165.414       167.839    
385  5.840       85.1567       279.606      -1642.12      -167.920       165.687    
386  5.850       90.5327       280.481      -1644.92      -170.482       163.535    
387  5.860       94.3137       281.401      -1647.73      -173.102       161.367    
388  5.870       96.5337       282.352      -1650.55      -175.780       159.168    
389  5.880       97.2949       283.317      -1653.38      -178.517       156.924    
390  5.890       96.6673       284.284      -1656.22       178.690       154.626    
391  5.900       94.8071       285.238      -1659.06       175.842       152.265    
392  5.910       91.9327       286.169      -1661.92       172.942       149.838    
393  5.920       88.1632       287.067      -1664.79       169.994       147.343    
394  5.930       83.7961       287.925      -1667.66       167.000       144.784    
395  5.940       78.9732       288.737      -1670.54       163.963       142.165    
396  5.950       73.9091       289.501      -1673.44       160.887       139.495    
397  5.960       68.8093       290.214      -1676.33       157.774       136.784    
398  5.970       63.7512       290.877      -1679.24       154.627       134.046    
399  5.980       58.8795       291.490      -1682.15       151.447       131.293    
400  5.990       54.2474       292.057      -1685.07       148.237       128.540    
401  6.000       49.8481       292.578      -1687.99       144.996       125.800    
402  6.010       45.6861       293.056      -1690.92       141.726       123.085    
403  6.020       41.6885       293.493      -1693.85       138.426       120.407    
404  6.030       37.7835       293.891      -1696.79       135.095       117.775    
405  6.040       33.8825       294.249      -1699.73       131.734       115.195    
406  6.050       29.8816       294.568      -1702.67       128.340       112.670    
407  6.060       25.6576       294.845      -1705.62       124.912       110.201    
408  6.070       21.1217       295.079      -1708.57       121.449       107.787    
409  6.080       16.1804       295.264      -1711.52       117.949       105.422    
410  6.090       10.7463       295.398      -1714.48       114.410       103.098    
411  6.100       4.73588       295.474      -1717.43       110.830       100.807    
412  6.110      -1.86171       295.487      -1720.39       107.207       98.5378    
413  6.120      -9.08820       295.431      -1723.34       103.542       96.2792    
414  6.130      -16.9338       295.299      -1726.29       99.8318       94.0198    
415  6.140      -25.3703       295.086      -1729.25       96.0773       91.7485    
416  6.150      -34.3123       294.786      -1732.19       92.2788       89.4553    
417  6.160      -43.6522       294.395      -1735.14       88.4370       87.1319    
418  6.170      -53.2666       293.910      -1738.08       84.5535       84.7716    
419  6.180      -62.9550       293.328      -1741.02       80.6311       82.3702    
420  6.190      -72.5350       292.651      -1743.95       76.6737       79.9263    
421  6.200      -81.7281       291.880      -1746.87       72.6859       77.4406    
422  6.210      -90.3329       291.021      -1749.78       68.6735       74.9159    
423  6.220      -98.0372       290.081      -1752.69       64.6435       72.3575    
424  6.230      -104.655       289.070      -1755.58       60.6043       69.7726    
425  6.240      -109.887       288.000      -1758.47       56.5651       67.1692    
426  6.250      -113.616       286.886      -1761.34       52.5364       64.5565    
427  6.260      -115.609       285.744      -1764.21       48.5298       61.9443    
428  6.270      -115.836       284.591      -1767.06       44.5574       59.3417    
429  6.280      -114.173       283.446      -1769.90       40.6323       56.7577    
430  6.290      -110.685       282.326      -1772.73       36.7674       54.1996    
431  6.300      -105.358       281.250      -1775.55       32.9761       51.6737    
432  6.310      -98.3200       280.236      -1778.35       29.2712       49.1845    
433  6.320      -89.6804       279.301      -1781.15       25.6645       46.7344    
434  6.330      -79.6190       278.458      -1783.94       22.1666       44.3235    
435  6.340      -68.3096       277.721      -1786.72       18.7867       41.9505    
436  6.350      -55.9474       277.103      -1789.50       15.5318       39.6118    
437  6.360      -42.7794       276.612      -1792.27       12.4071       37.3026    
438  6.370      -29.0308       276.254      -1795.03       9.41411       35.0156    
439  6.380      -14.9501       276.036      -1797.79       6.55235       32.7434    
440  6.390     -0.804472       275.957      -1800.55       3.81807       30.4773    
441  6.400       13.1772       276.019      -1803.31       1.20435       28.2078    
442  6.410       26.6858       276.218      -1806.07      -1.29812       25.9258    
443  6.420       39.5556       276.547      -1808.84      -3.70132       23.6226    
444  6.430       51.4729       277.001      -1811.61      -6.01976       21.2893    
445  6.440       62.2984       277.567      -1814.38      -8.26965       18.9184    
446  6.450       71.8262       278.234      -1817.16      -10.4685       16.5032    
447  6.460       79.9303       278.990      -1819.95      -12.6343       14.0385    
448  6.470       86.5143       279.819      -1822.74      -14.7855       11.5199    
449  6.480       91.5304       280.705      -1825.54      -16.9398       8.94466    
450  6.490       94.9659       281.634      -1828.35      -19.1138       6.31124    
451  6.500       96.8587       282.589      -1831.18      -21.3224       3.61927    
452  6.510       97.2856       283.556      -1834.01      -23.5780      0.869437    
453  6.520       96.3811       284.521      -1836.85      -25.8902      -1.93629    
454  6.530       94.2738       285.471      -1839.70      -28.2662      -4.79624    
455  6.540       91.1835       286.395      -1842.56      -30.7090      -7.70719    
456  6.550       87.2690       287.285      -1845.43      -33.2187      -10.6661    
457  6.560       82.7783       288.134      -1848.30      -35.7924      -13.6700    
458  6.570       77.8908       288.936      -1851.19      -38.4238      -16.7156    
459  6.580       72.8083       289.689      -1854.08      -41.1038      -19.8000    
460  6.590       67.6971       290.391      -1856.98      -43.8217      -22.9206    
461  6.600       62.6962       291.043      -1859.89      -46.5645      -26.0752    
462  6.610       57.8670       291.646      -1862.80      -49.3185      -29.2616    
463  6.620       53.2813       292.203      -1865.72      -52.0700      -32.4790    
464  6.630       48.9498       292.714      -1868.64      -54.8056      -35.7265    
465  6.640       44.8279       293.184      -1871.57      -57.5128      -39.0036    
466  6.650       40.8617       293.613      -1874.51      -60.1809      -42.3103    
467  6.660       36.9589       294.002      -1877.45      -62.8020      -45.6477    
468  6.670       33.0524       294.352      -1880.39      -65.3698      -49.0163    
469  6.680       29.0011       294.662      -1883.33      -67.8817      -52.4176    
470  6.690       24.7091       294.930      -1886.28      -70.3376      -55.8530    
471  6.700       20.1000       295.154      -1889.23      -72.7406      -59.3245    
472  6.710       15.0364       295.328      -1892.18      -75.0961      -62.8337    
473  6.720       9.47677       295.450      -1895.14      -77.4116      -66.3822    
474  6.730       3.32767       295.512      -1898.09      -79.6969      -69.9717    
475  6.740      -3.40935       295.511      -1901.05      -81.9629      -73.6039    
476  6.750      -10.8006       295.438      -1904.00      -84.2210      -77.2796    
477  6.760      -18.7800       295.288      -1906.95      -86.4826      -80.9998    
478  6.770      -27.3509       295.056      -1909.91      -88.7585      -84.7645    
479  6.780      -36.3911       294.736      -1912.86      -91.0585      -88.5735    
480  6.790      -45.8349       294.324      -1915.80      -93.3905      -92.4253    
481  6.800      -55.4830       293.817      -1918.74      -95.7605      -96.3183    
482  6.810      -65.1784       293.213      -1921.68      -98.1719      -100.249    
483  6.820      -74.6969       292.514      -1924.60      -100.626      -104.214    
484  6.830      -83.7864       291.722      -1927.53      -103.122      -108.209    
485  6.840      -92.2087       290.844      -1930.44      -105.655      -112.226    
486  6.850      -99.7170       289.886      -1933.34      -108.221      -116.260    
487  6.860      -106.021       288.860      -1936.24      -110.811      -120.301    
488  6.870      -110.939       287.778      -1939.12      -113.418      -124.339    
489  6.880      -114.276       286.656      -1941.99      -116.031      -128.364    
490  6.890      -115.895       285.509      -1944.85      -118.642      -132.364    
491  6.900      -115.676       284.356      -1947.70      -121.241      -136.328    
492  6.910      -113.612       283.214      -1950.54      -123.820      -140.240    
493  6.920      -109.678       282.102      -1953.37      -126.371      -144.090    
494  6.930      -103.965       281.038      -1956.18      -128.889      -147.863    
495  6.940      -96.5359       280.040      -1958.99      -131.370      -151.547    
496  6.950      -87.5625       279.124      -1961.78      -133.811      -155.131    
497  6.960      -77.1872       278.303      -1964.57      -136.213      -158.603    
498  6.970      -65.6038       277.593      -1967.35      -138.578      -161.955    
499  6.980      -53.0490       277.002      -1970.12      -140.909      -165.181    
500  6.990      -39.6992       276.541      -1972.89      -143.213      -168.277    
501  7.000      -25.8692       276.214      -1975.66      -145.496      -171.240    
502  7.010      -11.7235       276.027      -1978.42      -147.766      -174.073    
503  7.020       2.40353       275.981      -1981.18      -150.033      -176.779    
504  7.030       16.2980       276.074      -1983.94      -152.304      -179.367    
505  7.040       29.7051       276.303      -1986.70      -154.591       178.154    
506  7.050       42.3637       276.662      -1989.47      -156.901       175.771    
507  7.060       54.0690       277.142      -1992.24      -159.242       173.469    
508  7.070       64.5955       277.733      -1995.01      -161.623       171.232    
509  7.080       73.8274       278.422      -1997.79      -164.049       169.042    
510  7.090       81.5819       279.196      -2000.58      -166.526       166.881    
511  7.100       87.8178       280.039      -2003.38      -169.058       164.730    
512  7.110       92.4775       280.937      -2006.18      -171.647       162.573    
513  7.120       95.5435       281.873      -2009.00      -174.294       160.391    
514  7.130       97.1053       282.832      -2011.82      -176.999       158.173    
515  7.140       97.2136       283.800      -2014.65      -179.762       155.904    
516  7.150       96.0181       284.763      -2017.50       177.419       153.577    
517  7.160       93.6738       285.708      -2020.35       174.547       151.186    
518  7.170       90.3808       286.626      -2023.21       171.625       148.727    
519  7.180       86.3127       287.507      -2026.08       168.655       146.202    
520  7.190       81.7174       288.346      -2028.96       165.641       143.614    
521  7.200       76.7711       289.137      -2031.85       162.586       140.970    
522  7.210       71.6687       289.879      -2034.74       159.493       138.280    
523  7.220       66.5800       290.570      -2037.64       156.365       135.555    
524  7.230       61.6085       291.211      -2040.55       153.203       132.809    
525  7.240       56.8413       291.804      -2043.47       150.010       130.054    
526  7.250       52.3198       292.350      -2046.39       146.785       127.305    
527  7.260       48.0292       292.852      -2049.31       143.531       124.575    
528  7.270       43.9528       293.313      -2052.25       140.247       121.876    
529  7.280       40.0165       293.733      -2055.18       136.934       119.218    
530  7.290       36.1108       294.114      -2058.12       133.589       116.609    
531  7.300       32.1934       294.456      -2061.06       130.213       114.054    
532  7.310       28.0764       294.757      -2064.01       126.804       111.555    
533  7.320       23.7322       295.015      -2066.96       123.360       109.112    
534  7.330       19.0088       295.228      -2069.91       119.879       106.720    
535  7.340       13.8385       295.391      -2072.86       116.361       104.374    
536  7.350       8.13784       295.500      -2075.82       112.803       102.066    
537  7.360       1.85347       295.549      -2078.77       109.203       99.7861    
538  7.370      -5.05511       295.531      -2081.73       105.561       97.5226    
539  7.380      -12.5783       295.441      -2084.68       101.874       95.2645    
540  7.390      -20.7221       295.273      -2087.63       98.1437       93.0002    
541  7.400      -29.4086       295.021      -2090.59       94.3683       90.7190    
542  7.410      -38.5798       294.680      -2093.53       90.5491       88.4118    
543  7.420      -48.0838       294.246      -2096.48       86.6872       86.0710    
544  7.430      -57.7651       293.716      -2099.42       82.7847       83.6911    
545  7.440      -67.4672       293.089      -2102.35       78.8448       81.2689    
546  7.450      -76.8973       292.368      -2105.28       74.8720       78.8045    
547  7.460      -85.8838       291.555      -2108.20       70.8710       76.2990    
548  7.470      -94.1006       290.657      -2111.11       66.8487       73.7572    
549  7.480      -101.370       289.681      -2114.01       62.8123       71.1846    
550  7.490      -107.360       288.641      -2116.90       58.7710       68.5895    
551  7.500      -111.944       287.547      -2119.78       54.7342       65.9801    
552  7.510      -114.885       286.417      -2122.65       50.7133       63.3661    
553  7.520      -116.092       285.266      -2125.51       46.7200       60.7571    
554  7.530      -115.431       284.113      -2128.36       42.7667       58.1619    
555  7.540      -112.930       282.976      -2131.19       38.8667       55.5889    
556  7.550      -108.573       281.873      -2134.02       35.0331       53.0450    
557  7.560      -102.445       280.822      -2136.83       31.2789       50.5355    
558  7.570      -94.6252       279.841      -2139.64       27.6169       48.0642    
559  7.580      -85.3166       278.945      -2142.43       24.0579       45.6322    
560  7.590      -74.6272       278.149      -2145.22       20.6125       43.2392    
561  7.600      -62.7973       277.465      -2148.00       17.2887       40.8827    
562  7.610      -50.0158       276.904      -2150.77       14.0928       38.5584    
563  7.620      -36.5344       276.473      -2153.53       11.0278       36.2601    
564  7.630      -22.5915       276.179      -2156.30       8.09496       33.9808    
565  7.640      -8.43002       276.025      -2159.06       5.29164       31.7119    
566  7.650       5.67912       276.011      -2161.82       2.61310       29.4447    
567  7.660       19.4911       276.136      -2164.58      0.514015E-01   27.1701    
568  7.670       32.7483       276.397      -2167.34      -2.40437       24.8787    
569  7.680       45.2042       276.785      -2170.11      -4.76719       22.5619    
570  7.690       56.6476       277.292      -2172.88      -7.05264       20.2113    
571  7.700       66.9115       277.907      -2175.66      -9.27732       17.8200    
572  7.710       75.7835       278.617      -2178.44      -11.4594       15.3817    
573  7.720       83.2135       279.408      -2181.23      -13.6169       12.8918    
574  7.730       89.0748       280.266      -2184.03      -15.7683       10.3465    
575  7.740       93.3571       281.174      -2186.84      -17.9305       7.74390    
576  7.750       96.0815       282.118      -2189.65      -20.1197       5.08277    
577  7.760       97.2738       283.081      -2192.48      -22.3494       2.36350    
578  7.770       97.0806       284.049      -2195.32      -24.6311     -0.412850    
579  7.780       95.5967       285.009      -2198.16      -26.9731      -3.24434    
580  7.790       93.0218       285.949      -2201.02      -29.3807      -6.12857    
581  7.800       89.5137       286.859      -2203.88      -31.8554      -9.06219    
582  7.810       85.3190       287.732      -2206.75      -34.3961      -12.0424    
583  7.820       80.6209       288.560      -2209.63      -36.9981      -15.0659    
584  7.830       75.6245       289.340      -2212.52      -39.6538      -18.1298    
585  7.840       70.5145       290.070      -2215.42      -42.3533      -21.2313    
586  7.850       65.4581       290.750      -2218.32      -45.0844      -24.3676    
587  7.860       60.5092       291.380      -2221.23      -47.8341      -27.5369    
588  7.870       55.8130       291.962      -2224.15      -50.5886      -30.7377    
589  7.880       51.3482       292.499      -2227.07      -53.3341      -33.9689    
590  7.890       47.1203       292.991      -2230.00      -56.0578      -37.2301    
591  7.900       43.0612       293.443      -2232.93      -58.7477      -40.5209    
592  7.910       39.1664       293.854      -2235.87      -61.3948      -43.8421    
593  7.920       35.2507       294.227      -2238.81      -63.9913      -47.1939    
594  7.930       31.2916       294.559      -2241.75      -66.5331      -50.5778    
595  7.940       27.1316       294.851      -2244.70      -69.0188      -53.9953    
596  7.950       22.7017       295.100      -2247.65      -71.4494      -57.4476    
597  7.960       17.8771       295.302      -2250.60      -73.8295      -60.9369    
598  7.970       12.5730       295.453      -2253.56      -76.1655      -64.4647    
599  7.980       6.73557       295.548      -2256.51      -78.4660      -68.0327    
600  7.990      0.303314       295.582      -2259.47      -80.7414      -71.6427    
601  8.000      -6.78016       295.548      -2262.42      -83.0030      -75.2957    
602  8.010      -14.4302       295.441      -2265.38      -85.2619      -78.9928    
603  8.020      -22.7512       295.253      -2268.33      -87.5301      -82.7348    
604  8.030      -31.5602       294.980      -2271.28      -89.8171      -86.5210    
605  8.040      -40.8279       294.617      -2274.23      -92.1324      -90.3510    
606  8.050      -50.4021       294.160      -2277.17      -94.4826      -94.2232    
607  8.060      -60.1224       293.607      -2280.11      -96.8731      -98.1355    
608  8.070      -69.7839       292.957      -2283.04      -99.3058      -102.084    
609  8.080      -79.1401       292.213      -2285.97      -101.781      -106.065    
610  8.090      -87.9807       291.378      -2288.89      -104.296      -110.072    
611  8.100      -95.9992       290.460      -2291.80      -106.846      -114.099    
612  8.110      -102.981       289.467      -2294.70      -109.425      -118.138    
613  8.120      -108.676       288.412      -2297.58      -112.025      -122.179    
614  8.130      -112.875       287.308      -2300.46      -114.636      -126.214    
615  8.140      -115.413       286.170      -2303.33      -117.250      -130.230    
616  8.150      -116.180       285.016      -2306.19      -119.857      -134.216    
617  8.160      -115.084       283.865      -2309.03      -122.447      -138.158    
618  8.170      -112.127       282.733      -2311.86      -125.014      -142.044    
619  8.180      -107.337       281.640      -2314.69      -127.549      -145.860    
620  8.190      -100.796       280.604      -2317.50      -130.050      -149.593    
621  8.200      -92.5908       279.641      -2320.30      -132.512      -153.232    
622  8.210      -82.9354       278.768      -2323.09      -134.934      -156.765    
623  8.220      -71.9455       277.997      -2325.88      -137.318      -160.182    
624  8.230      -59.8535       277.341      -2328.65      -139.666      -163.476    
625  8.240      -46.8861       276.809      -2331.42      -141.984      -166.642    
626  8.250      -33.2601       276.411      -2334.19      -144.277      -169.675    
627  8.260      -19.2287       276.149      -2336.95      -146.553      -172.577    
628  8.270      -5.05459       276.029      -2339.71      -148.821      -175.351    
629  8.280       9.02734       276.049      -2342.48      -151.089      -178.001    
630  8.290       22.7184       276.207      -2345.24      -153.367       179.464    
631  8.300       35.8224       276.498      -2348.00      -155.664       177.032    
632  8.310       48.0557       276.916      -2350.77      -157.989       174.688    
633  8.320       59.2393       277.450      -2353.54      -160.349       172.419    
634  8.330       69.1855       278.089      -2356.32      -162.752       170.205    
635  8.340       77.7260       278.820      -2359.10      -165.202       168.030    
636  8.350       84.7828       279.630      -2361.90      -167.706       165.876    
637  8.360       90.2774       280.501      -2364.70      -170.265       163.723    
638  8.370       94.1834       281.419      -2367.51      -172.882       161.555    
639  8.380       96.5160       282.369      -2370.33      -175.557       159.357    
640  8.390       97.4013       283.335      -2373.15      -178.291       157.115    
641  8.400       96.8607       284.303      -2375.99       178.920       154.819    
642  8.410       95.1035       285.259      -2378.84       176.075       152.461    
643  8.420       92.2943       286.194      -2381.70       173.179       150.037    
644  8.430       88.6041       287.096      -2384.56       170.234       147.546    
645  8.440       84.2544       287.958      -2387.44       167.243       144.990    
646  8.450       79.4882       288.776      -2390.32       164.209       142.374    
647  8.460       74.4402       289.544      -2393.21       161.136       139.706    
648  8.470       69.3434       290.263      -2396.11       158.026       136.998    
649  8.480       64.2814       290.931      -2399.02       154.882       134.261    
650  8.490       59.4241       291.550      -2401.93       151.704       131.508    
651  8.500       54.7589       292.121      -2404.85       148.496       128.755    
652  8.510       50.3637       292.647      -2407.77       145.258       126.013    
653  8.520       46.1756       293.131      -2410.70       141.989       123.297    
654  8.530       42.1823       293.573      -2413.64       138.691       120.617    
655  8.540       38.2604       293.975      -2416.57       135.363       117.982    
656  8.550       34.3657       294.339      -2419.51       132.004       115.399    
657  8.560       30.3580       294.662      -2422.46       128.612       112.870    
658  8.570       26.1299       294.944      -2425.41       125.186       110.399    
659  8.580       21.6193       295.182      -2428.36       121.725       107.980    
660  8.590       16.6767       295.373      -2431.31       118.226       105.612    
661  8.600       11.2523       295.511      -2434.27       114.688       103.285    
662  8.610       5.25344       295.593      -2437.22       111.110       100.991    
663  8.620      -1.33670       295.611      -2440.18       107.489       98.7198    
664  8.630      -8.54736       295.560      -2443.13       103.825       96.4595    
665  8.640      -16.4106       295.433      -2446.09       100.117       94.1988    
666  8.650      -24.8236       295.226      -2449.04       96.3639       91.9266    
667  8.660      -33.7928       294.931      -2451.99       92.5665       89.6328    
668  8.670      -43.1388       294.546      -2454.94       88.7257       87.3091    
669  8.680      -52.7965       294.065      -2457.88       84.8433       84.9489    
670  8.690      -62.5219       293.488      -2460.82       80.9215       82.5477    
671  8.700      -72.1269       292.815      -2463.75       76.9645       80.1042    
672  8.710      -81.4085       292.048      -2466.67       72.9767       77.6188    
673  8.720      -90.0652       291.191      -2469.59       68.9637       75.0942    
674  8.730      -97.8694       290.254      -2472.50       64.9326       72.5359    
675  8.740      -104.555       289.244      -2475.39       60.8918       69.9508    
676  8.750      -109.909       288.175      -2478.28       56.8504       67.3470    
677  8.760      -113.723       287.060      -2481.16       52.8192       64.7341    
678  8.770      -115.824       285.916      -2484.02       48.8090       62.1210    
679  8.780      -116.164       284.761      -2486.88       44.8325       59.5175    
680  8.790      -114.587       283.611      -2489.72       40.9026       56.9323    
681  8.800      -111.203       282.487      -2492.55       37.0322       54.3727    
682  8.810      -105.951       281.406      -2495.37       33.2345       51.8451    
683  8.820      -98.9941       280.385      -2498.18       29.5226       49.3541    
684  8.830      -90.4190       279.443      -2500.98       25.9080       46.9017    
685  8.840      -80.4058       278.592      -2503.77       22.4023       44.4892    
686  8.850      -69.1210       277.848      -2506.55       19.0139       42.1143    
687  8.860      -56.7968       277.221      -2509.32       15.7506       39.7741    
688  8.870      -43.6298       276.721      -2512.09       12.6170       37.4632    
689  8.880      -29.8825       276.356      -2514.86       9.61520       35.1748    
690  8.890      -15.7777       276.128      -2517.62       6.74462       32.9012    
691  8.900      -1.60117       276.042      -2520.38       4.00198       30.6341    
692  8.910       12.4053       276.096      -2523.15       1.38062       28.3641    
693  8.920       25.9939       276.287      -2525.91      -1.12898       26.0819    
694  8.930       38.9057       276.610      -2528.67      -3.53855       23.7787    
695  8.940       50.9006       277.057      -2531.44      -5.86285       21.4456    
696  8.950       61.8076       277.618      -2534.21      -8.11788       19.0749    
697  8.960       71.4075       278.282      -2536.99      -10.3207       16.6605    
698  8.970       79.6255       279.033      -2539.78      -12.4896       14.1968    
699  8.980       86.2734       279.859      -2542.58      -14.6427       11.6797    
700  8.990       91.3997       280.744      -2545.38      -16.7983       9.10599    
701  9.000       94.9128       281.671      -2548.19      -18.9728       6.47435    
702  9.010       96.8936       282.627      -2551.01      -21.1811       3.78434    
703  9.020       97.4009       283.594      -2553.84      -23.4360       1.03660    
704  9.030       96.5691       284.561      -2556.69      -25.7471      -1.76724    
705  9.040       94.5304       285.513      -2559.54      -28.1213      -4.62477    
706  9.050       91.4842       286.441      -2562.40      -30.5622      -7.53345    
707  9.060       87.6171       287.334      -2565.26      -33.0702      -10.4903    
708  9.070       83.1675       288.186      -2568.14      -35.6420      -13.4918    
709  9.080       78.2870       288.992      -2571.03      -38.2716      -16.5352    
710  9.090       73.2411       289.749      -2573.92      -40.9503      -19.6174    
711  9.100       68.1292       290.455      -2576.82      -43.6671      -22.7360    
712  9.110       63.1204       291.112      -2579.73      -46.4092      -25.8886    
713  9.120       58.3046       291.719      -2582.64      -49.1631      -29.0734    
714  9.130       53.7133       292.280      -2585.56      -51.9150      -32.2892    
715  9.140       49.3605       292.796      -2588.49      -54.6512      -35.5349    
716  9.150       45.2432       293.269      -2591.42      -57.3595      -38.8105    
717  9.160       41.2594       293.702      -2594.35      -60.0293      -42.1160    
718  9.170       37.3680       294.096      -2597.29      -62.6520      -45.4519    
719  9.180       33.4377       294.450      -2600.24      -65.2220      -48.8196    
720  9.190       29.3972       294.764      -2603.18      -67.7361      -52.2197    
721  9.200       25.1014       295.036      -2606.13      -70.1946      -55.6544    
722  9.210       20.4787       295.263      -2609.08      -72.6000      -59.1251    
723  9.220       15.4366       295.442      -2612.04      -74.9580      -62.6336    
724  9.230       9.84552       295.567      -2614.99      -77.2757      -66.1813    
725  9.240       3.71430       295.633      -2617.95      -79.5633      -69.7703    
726  9.250      -3.04661       295.635      -2620.90      -81.8311      -73.4018    
727  9.260      -10.4177       295.566      -2623.86      -84.0907      -77.0769    
728  9.270      -18.4415       295.420      -2626.81      -86.3539      -80.7967    
729  9.280      -27.0072       295.192      -2629.77      -88.6311      -84.5611    
730  9.290      -36.0884       294.875      -2632.72      -90.9324      -88.3700    
731  9.300      -45.5403       294.466      -2635.66      -93.2655      -92.2219    
732  9.310      -55.2351       293.961      -2638.61      -95.6362      -96.1148    
733  9.320      -64.9632       293.360      -2641.54      -98.0485      -100.046    
734  9.330      -74.5259       292.662      -2644.47      -100.503      -104.012    
735  9.340      -83.6768       291.872      -2647.40      -102.999      -108.007    
736  9.350      -92.1512       290.994      -2650.31      -105.533      -112.026    
737  9.360      -99.7055       290.037      -2653.21      -108.099      -116.060    
738  9.370      -106.088       289.011      -2656.11      -110.690      -120.103    
739  9.380      -111.076       287.928      -2658.99      -113.298      -124.143    
740  9.390      -114.467       286.804      -2661.87      -115.912      -128.171    
741  9.400      -116.167       285.655      -2664.73      -118.523      -132.174    
742  9.410      -115.998       284.499      -2667.58      -121.123      -136.141    
743  9.420      -113.986       283.353      -2670.42      -123.703      -140.058    
744  9.430      -110.116       282.237      -2673.25      -126.255      -143.912    
745  9.440      -104.436       281.169      -2676.07      -128.773      -147.689    
746  9.450      -97.0433       280.166      -2678.87      -131.255      -151.379    
747  9.460      -88.1009       279.244      -2681.67      -133.697      -154.967    
748  9.470      -77.7332       278.419      -2684.46      -136.100      -158.445    
749  9.480      -66.1736       277.703      -2687.24      -138.466      -161.804    
750  9.490      -53.5945       277.106      -2690.01      -140.799      -165.035    
751  9.500      -40.2648       276.639      -2692.78      -143.104      -168.137    
752  9.510      -26.3938       276.308      -2695.55      -145.388      -171.106    
753  9.520      -12.2381       276.116      -2698.31      -147.659      -173.945    
754  9.530       1.92013       276.064      -2701.07      -149.927      -176.656    
755  9.540       15.8624       276.153      -2703.83      -152.199      -179.249    
756  9.550       29.3033       276.378      -2706.60      -154.487       178.267    
757  9.560       42.0094       276.733      -2709.36      -156.797       175.879    
758  9.570       53.7556       277.210      -2712.13      -159.139       173.574    
759  9.580       64.3575       277.798      -2714.91      -161.520       171.333    
760  9.590       73.6352       278.484      -2717.69      -163.947       169.141    
761  9.600       81.4421       279.256      -2720.48      -166.424       166.977    
762  9.610       87.7315       280.099      -2723.28      -168.956       164.824    
763  9.620       92.4547       280.996      -2726.08      -171.544       162.665    
764  9.630       95.5707       281.932      -2728.90      -174.191       160.482    
765  9.640       97.1837       282.892      -2731.72      -176.896       158.263    
766  9.650       97.3372       283.861      -2734.55      -179.658       155.995    
767  9.660       96.1869       284.825      -2737.40       177.525       153.668    
768  9.670       93.8864       285.772      -2740.25       174.654       151.277    
769  9.680       90.6117       286.692      -2743.11       171.733       148.818    
770  9.690       86.5759       287.576      -2745.98       168.764       146.293    
771  9.700       82.0008       288.417      -2748.86       165.752       143.706    
772  9.710       77.0762       289.212      -2751.75       162.698       141.062    
773  9.720       71.9836       289.956      -2754.65       159.606       138.373    
774  9.730       66.8992       290.650      -2757.55       156.479       135.648    
775  9.740       61.9313       291.295      -2760.46       153.318       132.902    
776  9.750       57.1636       291.891      -2763.38       150.125       130.147    
777  9.760       52.6452       292.440      -2766.30       146.902       127.398    
778  9.770       48.3623       292.946      -2769.23       143.649       124.668    
779  9.780       44.2564       293.409      -2772.16       140.366       121.968    
780  9.790       40.3348       293.833      -2775.09       137.053       119.310    
781  9.800       36.4213       294.217      -2778.03       133.709       116.700    
782  9.810       32.4822       294.561      -2780.98       130.333       114.144    
783  9.820       28.3717       294.865      -2783.93       126.923       111.644    
784  9.830       24.0069       295.127      -2786.88       123.479       109.199    
785  9.840       19.2784       295.342      -2789.83       119.999       106.806    
786  9.850       14.0977       295.508      -2792.78       116.480       104.459    
787  9.860       8.37476       295.619      -2795.74       112.922       102.150    
788  9.870       2.08817       295.670      -2798.69       109.322       99.8678    
789  9.880      -4.85636       295.655      -2801.65       105.679       97.6026    
790  9.890      -12.4002       295.567      -2804.61       101.992       95.3424    
791  9.900      -20.5642       295.401      -2807.56       98.2604       93.0761    
792  9.910      -29.2907       295.150      -2810.51       94.4841       90.7929    
793  9.920      -38.4792       294.810      -2813.46       90.6638       88.4837    
794  9.930      -48.0184       294.377      -2816.41       86.8008       86.1410    
795  9.940      -57.7574       293.847      -2819.35       82.8976       83.7596    
796  9.950      -67.4608       293.221      -2822.29       78.9570       81.3363    
797  9.960      -76.9696       292.499      -2825.21       74.9829       78.8704    
798  9.970      -85.9609       291.685      -2828.14       70.9806       76.3636    
799  9.980      -94.2290       290.786      -2831.05       66.9568       73.8205    
800  9.990      -101.530       289.809      -2833.95       62.9189       71.2470    
801  10.00      -107.554       288.766      -2836.84       58.8758       68.6509    
