# Mowe_temp                                                                       
# Operating point sequence...
# i     t     dWx ang.acc.  Wx rot.rate   Phi   (bank)  Phi[ 2]       Phi[ 3]      
  1  2.000      -9.67096       40.8981      -148.329      -148.329      -148.329    
  2  2.010      -9.29567       40.8051      -148.737      -148.737      -148.737    
  3  2.020      -7.98001       40.7209      -149.144      -149.144      -149.144    
  4  2.030      -7.17163       40.6451      -149.551      -149.551      -149.551    
  5  2.040      -5.41695       40.5837      -149.957      -149.957      -149.957    
  6  2.050      -3.37282       40.5407      -150.363      -150.363      -150.363    
  7  2.060     -0.923075       40.5202      -150.768      -150.768      -150.768    
  8  2.070       1.77283       40.5252      -151.173      -151.173      -151.173    
  9  2.080       4.77445       40.5587      -151.579      -151.579      -151.579    
 10  2.090       7.94183       40.6228      -151.985      -151.985      -151.985    
 11  2.100       11.2654       40.7193      -152.392      -152.392      -152.392    
 12  2.110       14.6441       40.8491      -152.800      -152.800      -152.800    
 13  2.120       18.0642       41.0128      -153.209      -153.209      -153.209    
 14  2.130       21.4329       41.2102      -153.620      -153.620      -153.620    
 15  2.140       24.7209       41.4408      -154.033      -154.033      -154.033    
 16  2.150       27.8741       41.7035      -154.449      -154.449      -154.449    
 17  2.160       30.8399       41.9967      -154.868      -154.868      -154.868    
 18  2.170       33.6034       42.3184      -155.289      -155.289      -155.289    
 19  2.180       36.0956       42.6663      -155.714      -155.714      -155.714    
 20  2.190       38.3392       43.0379      -156.143      -156.143      -156.143    
 21  2.200       40.2878       43.4303      -156.575      -156.575      -156.575    
 22  2.210       41.9180       43.8406      -157.012      -157.012      -157.012    
 23  2.220       43.2709       44.2658      -157.452      -157.452      -157.452    
 24  2.230       44.2823       44.7028      -157.897      -157.897      -157.897    
 25  2.240       45.0205       45.1485      -158.346      -158.346      -158.346    
 26  2.250       45.4810       45.6003      -158.800      -158.800      -158.800    
 27  2.260       45.6255       46.0551      -159.259      -159.259      -159.259    
 28  2.270       45.5707       46.5105      -159.721      -159.721      -159.721    
 29  2.280       45.2712       46.9641      -160.189      -160.189      -160.189    
 30  2.290       44.7686       47.4138      -160.661      -160.661      -160.661    
 31  2.300       44.1268       47.8578      -161.137      -161.137      -161.137    
 32  2.310       43.3180       48.2946      -161.618      -161.618      -161.618    
 33  2.320       42.4556       48.7233      -162.103      -162.103      -162.103    
 34  2.330       41.5010       49.1428      -162.592      -162.592      -162.592    
 35  2.340       40.5264       49.5528      -163.086      -163.086      -163.086    
 36  2.350       39.5608       49.9533      -163.583      -163.583      -163.583    
 37  2.360       38.6089       50.3441      -164.084      -164.084      -164.084    
 38  2.370       37.7442       50.7260      -164.590      -164.590      -164.590    
 39  2.380       36.9571       51.0997      -165.099      -165.099      -165.099    
 40  2.390       36.2920       51.4662      -165.612      -165.612      -165.612    
 41  2.400       35.7352       51.8266      -166.128      -166.128      -166.128    
 42  2.410       35.3525       52.1824      -166.648      -166.648      -166.648    
 43  2.420       35.1068       52.5351      -167.172      -167.172      -167.172    
 44  2.430       35.0537       52.8863      -167.699      -167.699      -167.699    
 45  2.440       35.1553       53.2378      -168.229      -168.229      -168.229    
 46  2.450       35.4193       53.5911      -168.764      -168.764      -168.764    
 47  2.460       35.8947       53.9481      -169.301      -169.301      -169.301    
 48  2.470       36.4938       54.3104      -169.843      -169.843      -169.843    
 49  2.480       37.2672       54.6796      -170.388      -170.388      -170.388    
 50  2.490       38.1715       55.0572      -170.936      -170.936      -170.936    
 51  2.500       39.2241       55.4445      -171.489      -171.489      -171.489    
 52  2.510       40.3685       55.8428      -172.045      -172.045      -172.045    
 53  2.520       41.6194       56.2530      -172.606      -172.606      -172.606    
 54  2.530       42.9189       56.6758      -173.170      -173.170      -173.170    
 55  2.540       44.3158       57.1122      -173.739      -173.739      -173.739    
 56  2.550       45.7016       57.5624      -174.313      -174.313      -174.313    
 57  2.560       47.1184       58.0265      -174.891      -174.891      -174.891    
 58  2.570       48.5141       58.5047      -175.473      -175.473      -175.473    
 59  2.580       49.9123       58.9968      -176.061      -176.061      -176.061    
 60  2.590       51.2381       59.5024      -176.653      -176.653      -176.653    
 61  2.600       52.5154       60.0211      -177.251      -177.251      -177.251    
 62  2.610       53.7332       60.5522      -177.854      -177.854      -177.854    
 63  2.620       54.8428       61.0948      -178.462      -178.462      -178.462    
 64  2.630       55.8882       61.6483      -179.076      -179.076      -179.076    
 65  2.640       56.8219       62.2116      -179.695      -179.695      -179.695    
 66  2.650       57.6691       62.7838      -180.320       179.680       179.680    
 67  2.660       58.3974       63.3639      -180.951       179.049       179.049    
 68  2.670       59.0437       63.9509      -181.588       178.412       178.412    
 69  2.680       59.5803       64.5437      -182.230       177.770       177.770    
 70  2.690       60.0314       65.1416      -182.879       177.121       177.121    
 71  2.700       60.4020       65.7435      -183.533       176.467       176.467    
 72  2.710       60.6949       66.3488      -184.193       175.807       175.807    
 73  2.720       60.9207       66.9567      -184.860       175.140       175.140    
 74  2.730       61.0902       67.5666      -185.533       174.467       174.467    
 75  2.740       61.2294       68.1781      -186.211       173.789       173.789    
 76  2.750       61.3188       68.7907      -186.896       173.104       173.104    
 77  2.760       61.4072       69.4043      -187.587       172.413       172.413    
 78  2.770       61.4748       70.0187      -188.284       171.716       171.716    
 79  2.780       61.5621       70.6339      -188.987       171.013       171.013    
 80  2.790       61.6520       71.2500      -189.697       170.303       170.303    
 81  2.800       61.7762       71.8671      -190.412       169.588       169.588    
 82  2.810       61.9293       72.4857      -191.134       168.866       168.866    
 83  2.820       62.1187       73.1061      -191.862       168.138       168.138    
 84  2.830       62.3764       73.7287      -192.596       167.404       167.404    
 85  2.840       62.6659       74.3540      -193.337       166.663       166.663    
 86  2.850       63.0076       74.9825      -194.083       165.917       165.917    
 87  2.860       63.4212       75.6148      -194.836       165.164       165.164    
 88  2.870       63.8736       76.2513      -195.596       164.404       164.404    
 89  2.880       64.3895       76.8928      -196.361       163.639       163.639    
 90  2.890       64.9594       77.5397      -197.134       162.866       162.866    
 91  2.900       65.5682       78.1924      -197.912       162.088       162.088    
 92  2.910       66.2126       78.8514      -198.698       161.302       161.302    
 93  2.920       66.9023       79.5171      -199.489       160.511       160.511    
 94  2.930       67.6111       80.1897      -200.288       159.712       159.712    
 95  2.940       68.3385       80.8695      -201.093       158.907       158.907    
 96  2.950       69.0876       81.5567      -201.905       158.095       158.095    
 97  2.960       69.8209       82.2512      -202.724       157.276       157.276    
 98  2.970       70.5500       82.9530      -203.550       156.450       156.450    
 99  2.980       71.2807       83.6622      -204.383       155.617       155.617    
100  2.990       71.9652       84.3783      -205.224       154.776       154.776    
101  3.000       72.6338       85.1013      -206.071       153.929       153.929    
102  3.010       73.2550       85.8306      -206.926       153.074       153.074    
103  3.020       73.8296       86.5660      -207.788       152.212       152.212    
104  3.030       74.3656       87.3068      -208.657       151.343       151.343    
105  3.040       74.8384       88.0527      -209.534       150.466       150.466    
106  3.050       75.2571       88.8030      -210.418       149.582       149.582    
107  3.060       75.6078       89.5572      -211.310       148.690       148.690    
108  3.070       75.9064       90.3146      -212.209       147.791       147.791    
109  3.080       76.1324       91.0747      -213.116       146.884       146.884    
110  3.090       76.3014       91.8367      -214.031       145.969       145.969    
111  3.100       76.4075       92.6001      -214.953       145.047       145.047    
112  3.110       76.4436       93.3642      -215.883       144.117       144.117    
113  3.120       76.4361       94.1284      -216.820       143.180       143.180    
114  3.130       76.3733       94.8923      -217.765       142.235       142.235    
115  3.140       76.2406       95.6552      -218.718       141.282       141.282    
116  3.150       76.0829       96.4167      -219.678       140.322       140.322    
117  3.160       75.8546       97.1763      -220.646       139.354       139.354    
118  3.170       75.6071       97.9335      -221.622       138.378       138.378    
119  3.180       75.3059       98.6879      -222.605       137.395       137.395    
120  3.190       74.9769       99.4393      -223.596       136.404       136.404    
121  3.200       74.6041       100.187      -224.594       135.406       135.406    
122  3.210       74.2119       100.931      -225.599       134.401       134.401    
123  3.220       73.7739       101.671      -226.612       133.388       133.388    
124  3.230       73.3187       102.406      -227.633       132.367       132.367    
125  3.240       72.8234       103.137      -228.660       131.340       131.340    
126  3.250       72.3016       103.862      -229.695       130.305       130.305    
127  3.260       71.7458       104.583      -230.738       129.262       129.262    
128  3.270       71.1474       105.297      -231.787       128.213       128.213    
129  3.280       70.5144       106.005      -232.843       127.157       127.157    
130  3.290       69.8351       106.707      -233.907       126.093       126.093    
131  3.300       69.1269       107.402      -234.977       125.023       125.023    
132  3.310       68.3201       108.089      -236.055       123.945       123.945    
133  3.320       67.4989       108.768      -237.139       122.861       122.861    
134  3.330       66.5855       109.438      -238.230       121.770       121.770    
135  3.340       65.6162       110.099      -239.328       120.672       120.672    
136  3.350       64.5445       110.749      -240.432       119.568       119.568    
137  3.360       63.4119       111.389      -241.543       118.457       118.457    
138  3.370       62.1760       112.017      -242.660       117.340       117.340    
139  3.380       60.8179       112.631      -243.783       116.217       116.217    
140  3.390       59.3865       113.232      -244.912       115.088       115.088    
141  3.400       57.8116       113.818      -246.047       113.953       113.953    
142  3.410       56.1255       114.387      -247.188       112.812       112.812    
143  3.420       54.3012       114.939      -248.335       111.665       111.665    
144  3.430       52.3420       115.472      -249.487       110.513       110.513    
145  3.440       50.2542       115.984      -250.644       109.356       109.356    
146  3.450       47.9937       116.475      -251.806       108.194       108.194    
147  3.460       45.5875       116.943      -252.973       107.027       107.027    
148  3.470       43.0108       117.385      -254.145       105.855       105.855    
149  3.480       40.2812       117.801      -255.321       104.679       104.679    
150  3.490       37.3594       118.189      -256.501       103.499       103.499    
151  3.500       34.2739       118.547      -257.684       102.316       102.316    
152  3.510       30.9907       118.873      -258.871       101.129       101.129    
153  3.520       27.5129       119.165      -260.061       99.9386       99.9386    
154  3.530       23.8483       119.421      -261.254       98.7458       98.7458    
155  3.540       19.9795       119.640      -262.449       97.5506       97.5506    
156  3.550       15.8996       119.819      -263.647       96.3534       96.3534    
157  3.560       11.5858       119.955      -264.845       95.1547       95.1547    
158  3.570       7.07448       120.048      -266.045       93.9548       93.9548    
159  3.580       2.31913       120.095      -267.246       92.7542       92.7542    
160  3.590      -2.67450       120.092      -268.447       91.5533       91.5533    
161  3.600      -7.90774       120.039      -269.647       90.3528       90.3528    
162  3.610      -13.3959       119.932      -270.847       89.1531       89.1531    
163  3.620      -19.1478       119.768      -272.045       87.9548       87.9548    
164  3.630      -25.1662       119.546      -273.242       86.7584       86.7584    
165  3.640      -31.4690       119.262      -274.436       85.5645       85.5645    
166  3.650      -38.0252       118.914      -275.626       84.3737       84.3737    
167  3.660      -44.9164       118.499      -276.813       83.1869       83.1869    
168  3.670      -52.0628       118.013      -277.995       82.0045       82.0045    
169  3.680      -59.5317       117.454      -279.173       80.8274       80.8274    
170  3.690      -67.2818       116.819      -280.344       79.6562       79.6562    
171  3.700      -75.3575       116.105      -281.508       78.4917       78.4917    
172  3.710      -83.7084       115.309      -282.665       77.3349       77.3349    
173  3.720      -92.3512       114.428      -283.814       76.1864       76.1864    
174  3.730      -101.283       113.460      -284.953       75.0472       75.0472    
175  3.740      -110.460       112.400      -286.082       73.9181       73.9181    
176  3.750      -119.884       111.248      -287.200       72.8001       72.8001    
177  3.760      -129.509       110.000      -288.306       71.6941       71.6941    
178  3.770      -139.291       108.656      -289.399       70.6011       70.6011    
179  3.780      -149.204       107.213      -290.478       69.5220       69.5220    
180  3.790      -159.169       105.671      -291.542       68.4579       68.4579    
181  3.800      -169.120       104.029      -292.590       67.4096       67.4096    
182  3.810      -178.990       102.289      -293.622       66.3783       66.3783    
183  3.820      -188.672       100.451      -294.635       65.3648       65.3648    
184  3.830      -198.085       98.5178      -295.630       64.3702       64.3702    
185  3.840      -207.122       96.4926      -296.605       63.3954       63.3954    
186  3.850      -215.656       94.3798      -297.559       62.4413       62.4413    
187  3.860      -223.605       92.1848      -298.491       61.5087       61.5087    
188  3.870      -230.842       89.9142      -299.402       60.5985       60.5985    
189  3.880      -237.272       87.5756      -300.289       59.7112       59.7112    
190  3.890      -242.815       85.1772      -301.152       58.8476       58.8476    
191  3.900      -247.398       82.7285      -301.992       58.0082       58.0082    
192  3.910      -250.958       80.2392      -302.806       57.1935       57.1935    
193  3.920      -253.466       77.7196      -303.596       56.4039       56.4039    
194  3.930      -254.913       75.1804      -304.361       55.6395       55.6395    
195  3.940      -255.277       72.6321      -305.100       54.9004       54.9004    
196  3.950      -254.604       70.0853      -305.813       54.1869       54.1869    
197  3.960      -252.832       67.5508      -306.501       53.4987       53.4987    
198  3.970      -250.051       65.0390      -307.164       52.8357       52.8357    
199  3.980      -246.197       62.5604      -307.802       52.1977       52.1977    
200  3.990      -241.282       60.1257      -308.416       51.5841       51.5841    
201  4.000      -235.274       57.7456      -309.005       50.9947       50.9947    
202  4.010      -228.148       55.4312      -309.571       50.4286       50.4286    
203  4.020      -219.884       53.1938      -310.115       49.8853       49.8853    
204  4.030      -210.464       51.0449      -310.636       49.3638       49.3638    
205  4.040      -199.898       48.9959      -311.137       48.8634       48.8634    
206  4.050      -188.248       47.0579      -311.617       48.3828       48.3828    
207  4.060      -175.585       45.2413      -312.079       47.9210       47.9210    
208  4.070      -162.013       43.5556      -312.523       47.4767       47.4767    
209  4.080      -147.735       42.0088      -312.951       47.0485       47.0485    
210  4.090      -132.892       40.6073      -313.365       46.6351       46.6351    
211  4.100      -117.720       39.3553      -313.765       46.2349       46.2349    
212  4.110      -102.406       38.2552      -314.154       45.8465       45.8465    
213  4.120      -87.1643       37.3074      -314.532       45.4683       45.4683    
214  4.130      -72.1768       36.5103      -314.901       45.0988       45.0988    
215  4.140      -57.6171       35.8605      -315.263       44.7366       44.7366    
216  4.150      -43.6666       35.3527      -315.620       44.3802       44.3802    
217  4.160      -30.3779       34.9810      -315.972       44.0282       44.0282    
218  4.170      -17.9577       34.7373      -316.321       43.6792       43.6792    
219  4.180      -6.39462       34.6135      -316.668       43.3322       43.3322    
220  4.190       4.15920       34.5999      -317.014       42.9858       42.9858    
221  4.200       13.6960       34.6867      -317.361       42.6391       42.6391    
222  4.210       22.1591       34.8634      -317.709       42.2911       42.2911    
223  4.220       29.5090       35.1190      -318.059       41.9410       41.9410    
224  4.230       35.7448       35.4425      -318.412       41.5880       41.5880    
225  4.240       40.8352       35.8226      -318.769       41.2315       41.2315    
226  4.250       44.8185       36.2481      -319.129       40.8710       40.8710    
227  4.260       47.6745       36.7077      -319.494       40.5061       40.5061    
228  4.270       49.4883       37.1909      -319.863       40.1365       40.1365    
229  4.280       50.2289       37.6868      -320.238       39.7621       39.7621    
230  4.290       50.0496       38.1858      -320.617       39.3827       39.3827    
231  4.300       48.9382       38.6784      -321.002       38.9984       38.9984    
232  4.310       47.0530       39.1563      -321.391       38.6092       38.6092    
233  4.320       44.4147       39.6117      -321.785       38.2154       38.2154    
234  4.330       41.1889       40.0381      -322.183       37.8171       37.8171    
235  4.340       37.4468       40.4299      -322.585       37.4149       37.4149    
236  4.350       33.3176       40.7826      -322.991       37.0089       37.0089    
237  4.360       28.8954       41.0928      -323.400       36.5996       36.5996    
238  4.370       24.3123       41.3583      -323.813       36.1874       36.1874    
239  4.380       19.6711       41.5779      -324.227       35.7728       35.7728    
240  4.390       15.0658       41.7516      -324.644       35.3563       35.3563    
241  4.400       10.6186       41.8802      -325.062       34.9382       34.9382    
242  4.410       6.35853       41.9655      -325.481       34.5191       34.5191    
243  4.420       2.44852       42.0103      -325.901       34.0993       34.0993    
244  4.430      -1.13079       42.0177      -326.321       33.6792       33.6792    
245  4.440      -4.25236       41.9918      -326.741       33.2593       33.2593    
246  4.450      -6.90246       41.9371      -327.160       32.8397       32.8397    
247  4.460      -9.04946       41.8586      -327.579       32.4208       32.4208    
248  4.470      -10.6356       41.7615      -327.997       32.0027       32.0027    
249  4.480      -11.6810       41.6512      -328.414       31.5856       31.5856    
250  4.490      -12.1447       41.5335      -328.830       31.1698       31.1698    
251  4.500      -12.0480       41.4140      -329.245       30.7550       30.7550    
252  4.510      -11.3820       41.2982      -329.659       30.3414       30.3414    
253  4.520      -10.2197       41.1915      -330.071       29.9290       29.9290    
254  4.530      -8.49543       41.0993      -330.483       29.5175       29.5175    
255  4.540      -6.37151       41.0261      -330.893       29.1068       29.1068    
256  4.550      -3.78711       40.9765      -331.303       28.6968       28.6968    
257  4.560     -0.860783       40.9542      -331.713       28.2870       28.2870    
258  4.570       2.37376       40.9626      -332.123       27.8773       27.8773    
259  4.580       5.85589       41.0044      -332.533       27.4674       27.4674    
260  4.590       9.48716       41.0816      -332.943       27.0569       27.0569    
261  4.600       13.2389       41.1956      -333.355       26.6454       26.6454    
262  4.610       17.0105       41.3470      -333.767       26.2326       26.2326    
263  4.620       20.7793       41.5360      -334.182       25.8181       25.8181    
264  4.630       24.4357       41.7619      -334.598       25.4016       25.4016    
265  4.640       27.9629       42.0236      -335.017       24.9825       24.9825    
266  4.650       31.2927       42.3195      -335.439       24.5607       24.5607    
267  4.660       34.3725       42.6473      -335.864       24.1358       24.1358    
268  4.670       37.2016       43.0045      -336.293       23.7074       23.7074    
269  4.680       39.7002       43.3883      -336.725       23.2754       23.2754    
270  4.690       41.8913       43.7955      -337.161       22.8394       22.8394    
271  4.700       43.7329       44.2228      -337.601       22.3992       22.3992    
272  4.710       45.2388       44.6668      -338.045       21.9547       21.9547    
273  4.720       46.3828       45.1241      -338.494       21.5057       21.5057    
274  4.730       47.1860       45.5911      -338.948       21.0521       21.0521    
275  4.740       47.6723       46.0645      -339.406       20.5938       20.5938    
276  4.750       47.8297       46.5413      -339.869       20.1307       20.1307    
277  4.760       47.7192       47.0183      -340.337       19.6629       19.6629    
278  4.770       47.3332       47.4929      -340.810       19.1904       19.1904    
279  4.780       46.7338       47.9626      -341.287       18.7131       18.7131    
280  4.790       45.9434       48.4255      -341.769       18.2312       18.2312    
281  4.800       44.9922       48.8797      -342.255       17.7446       17.7446    
282  4.810       43.9390       49.3241      -342.746       17.2536       17.2536    
283  4.820       42.7982       49.7575      -343.242       16.7582       16.7582    
284  4.830       41.6360       50.1796      -343.741       16.2585       16.2585    
285  4.840       40.4614       50.5900      -344.245       15.7547       15.7547    
286  4.850       39.3396       50.9891      -344.753       15.2468       15.2468    
287  4.860       38.2689       51.3773      -345.265       14.7350       14.7350    
288  4.870       37.3263       51.7555      -345.781       14.2193       14.2193    
289  4.880       36.4945       52.1249      -346.300       13.6999       13.6999    
290  4.890       35.8067       52.4867      -346.823       13.1769       13.1769    
291  4.900       35.2972       52.8427      -347.350       12.6502       12.6502    
292  4.910       34.9753       53.1945      -347.880       12.1200       12.1200    
293  4.920       34.8281       53.5440      -348.414       11.5863       11.5863    
294  4.930       34.8893       53.8931      -348.951       11.0491       11.0491    
295  4.940       35.1537       54.2438      -349.492       10.5084       10.5084    
296  4.950       35.5931       54.5980      -350.036       9.96420       9.96420    
297  4.960       36.2402       54.9577      -350.584       9.41639       9.41639    
298  4.970       37.0592       55.3246      -351.135       8.86495       8.86495    
299  4.980       38.0256       55.7004      -351.690       8.30976       8.30976    
300  4.990       39.1562       56.0868      -352.249       7.75081       7.75081    
301  5.000       40.4107       56.4850      -352.812       7.18792       7.18792    
302  5.010       41.7493       56.8960      -353.379       6.62096       6.62096    
303  5.020       43.2028       57.3211      -353.950       6.04984       6.04984    
304  5.030       44.6809       57.7606      -354.526       5.47439       5.47439    
305  5.040       46.2214       58.2153      -355.106       4.89445       4.89445    
306  5.050       47.7394       58.6851      -355.690       4.30992       4.30992    
307  5.060       49.2816       59.1703      -356.279       3.72059       3.72059    
308  5.070       50.7732       59.6705      -356.874       3.12630       3.12630    
309  5.080       52.2105       60.1853      -357.473       2.52697       2.52697    
310  5.090       53.5809       60.7141      -358.078       1.92242       1.92242    
311  5.100       54.8809       61.2563      -358.688       1.31251       1.31251    
312  5.110       56.0566       61.8107      -359.303      0.697134      0.697134    
313  5.120       57.1655       62.3767      -359.924      0.761329E-01  0.761329E-01
314  5.130       58.1225       62.9528      -360.551     -0.550551     -0.550551    
315  5.140       58.9927       63.5381      -361.183      -1.18305      -1.18305    
316  5.150       59.7307       64.1315      -361.821      -1.82143      -1.82143    
317  5.160       60.3798       64.7318      -362.466      -2.46579      -2.46579    
318  5.170       60.8789       65.3377      -363.116      -3.11616      -3.11616    
319  5.180       61.3046       65.9484      -363.773      -3.77260      -3.77260    
320  5.190       61.6214       66.5628      -364.435      -4.43518      -4.43518    
321  5.200       61.8720       67.1801      -365.104      -5.10388      -5.10388    
322  5.210       62.0250       67.7994      -365.779      -5.77881      -5.77881    
323  5.220       62.1392       68.4201      -366.460      -6.45992      -6.45992    
324  5.230       62.1922       69.0416      -367.147      -7.14723      -7.14723    
325  5.240       62.2306       69.6637      -367.841      -7.84077      -7.84077    
326  5.250       62.2309       70.2859      -368.540      -8.54051      -8.54051    
327  5.260       62.2285       70.9082      -369.246      -9.24647      -9.24647    
328  5.270       62.2576       71.5306      -369.959      -9.95867      -9.95867    
329  5.280       62.2744       72.1533      -370.677      -10.6771      -10.6771    
330  5.290       62.3616       72.7766      -371.402      -11.4018      -11.4018    
331  5.300       62.4373       73.4007      -372.133      -12.1327      -12.1327    
332  5.310       62.6220       74.0262      -372.870      -12.8699      -12.8699    
333  5.320       62.8180       74.6535      -373.613      -13.6133      -13.6133    
334  5.330       63.0897       75.2832      -374.363      -14.3630      -14.3630    
335  5.340       63.4234       75.9159      -375.119      -15.1190      -15.1190    
336  5.350       63.8265       76.5523      -375.881      -15.8813      -15.8813    
337  5.360       64.2832       77.1930      -376.650      -16.6501      -16.6501    
338  5.370       64.8068       77.8387      -377.425      -17.4253      -17.4253    
339  5.380       65.3831       78.4898      -378.207      -18.2070      -18.2070    
340  5.390       66.0099       79.1469      -378.995      -18.9952      -18.9952    
341  5.400       66.6893       79.8105      -379.790      -19.7900      -19.7900    
342  5.410       67.3984       80.4811      -380.591      -20.5914      -20.5914    
343  5.420       68.1309       81.1588      -381.400      -21.3997      -21.3997    
344  5.430       68.9030       81.8441      -382.215      -22.2147      -22.2147    
345  5.440       69.6603       82.5369      -383.037      -23.0367      -23.0367    
346  5.450       70.4278       83.2374      -383.866      -23.8656      -23.8656    
347  5.460       71.1951       83.9455      -384.702      -24.7016      -24.7016    
348  5.470       71.9203       84.6610      -385.545      -25.5446      -25.5446    
349  5.480       72.6301       85.3838      -386.395      -26.3949      -26.3949    
350  5.490       73.3048       86.1134      -387.252      -27.2524      -27.2524    
351  5.500       73.9245       86.8494      -388.117      -28.1173      -28.1173    
352  5.510       74.5080       87.5915      -388.990      -28.9895      -28.9895    
353  5.520       75.0156       88.3390      -389.869      -29.8692      -29.8692    
354  5.530       75.4747       89.0913      -390.756      -30.7564      -30.7564    
355  5.540       75.8604       89.8479      -391.651      -31.6512      -31.6512    
356  5.550       76.1829       90.6079      -392.554      -32.5535      -32.5535    
357  5.560       76.4324       91.3709      -393.463      -33.4634      -33.4634    
358  5.570       76.6105       92.1359      -394.381      -34.3810      -34.3810    
359  5.580       76.7244       92.9024      -395.306      -35.3062      -35.3062    
360  5.590       76.7629       93.6697      -396.239      -36.2390      -36.2390    
361  5.600       76.7469       94.4371      -397.180      -37.1796      -37.1796    
362  5.610       76.6546       95.2040      -398.128      -38.1279      -38.1279    
363  5.620       76.5179       95.9697      -399.084      -39.0838      -39.0838    
364  5.630       76.3144       96.7337      -400.047      -40.0473      -40.0473    
365  5.640       76.0625       97.4955      -401.019      -41.0185      -41.0185    
366  5.650       75.7666       98.2545      -401.997      -41.9973      -41.9973    
367  5.660       75.4249       99.0104      -402.984      -42.9837      -42.9837    
368  5.670       75.0581       99.7628      -403.978      -43.9776      -43.9776    
369  5.680       74.6218       100.511      -404.979      -44.9789      -44.9789    
370  5.690       74.1784       101.255      -405.988      -45.9878      -45.9878    
371  5.700       73.6981       101.994      -407.004      -47.0041      -47.0041    
372  5.710       73.1820       102.729      -408.028      -48.0277      -48.0277    
373  5.720       72.6386       103.458      -409.059      -49.0587      -49.0587    
374  5.730       72.0581       104.181      -410.097      -50.0969      -50.0969    
375  5.740       71.4656       104.899      -411.142      -51.1424      -51.1424    
376  5.750       70.8117       105.610      -412.195      -52.1949      -52.1949    
377  5.760       70.1367       106.315      -413.255      -53.2546      -53.2546    
378  5.770       69.4318       107.012      -414.321      -54.3212      -54.3212    
379  5.780       68.6574       107.703      -415.395      -55.3948      -55.3948    
380  5.790       67.8396       108.385      -416.475      -56.4753      -56.4753    
381  5.800       66.9785       109.059      -417.563      -57.5626      -57.5626    
382  5.810       66.0347       109.724      -418.657      -58.6565      -58.6565    
383  5.820       65.0432       110.379      -419.757      -59.7571      -59.7571    
384  5.830       63.9392       111.024      -420.864      -60.8641      -60.8641    
385  5.840       62.7878       111.657      -421.978      -61.9775      -61.9775    
386  5.850       61.5207       112.279      -423.097      -63.0972      -63.0972    
387  5.860       60.1561       112.887      -424.223      -64.2230      -64.2230    
388  5.870       58.6826       113.481      -425.355      -65.3548      -65.3548    
389  5.880       57.0933       114.060      -426.492      -66.4925      -66.4925    
390  5.890       55.3817       114.622      -427.636      -67.6359      -67.6359    
391  5.900       53.5201       115.166      -428.785      -68.7848      -68.7848    
392  5.910       51.5473       115.691      -429.939      -69.9391      -69.9391    
393  5.920       49.4072       116.195      -431.099      -71.0985      -71.0985    
394  5.930       47.1088       116.677      -432.263      -72.2629      -72.2629    
395  5.940       44.6634       117.136      -433.432      -73.4319      -73.4319    
396  5.950       42.0449       117.569      -434.605      -74.6054      -74.6054    
397  5.960       39.2416       117.975      -435.783      -75.7830      -75.7830    
398  5.970       36.2852       118.352      -436.965      -76.9646      -76.9646    
399  5.980       33.1087       118.699      -438.150      -78.1498      -78.1498    
400  5.990       29.7675       119.013      -439.338      -79.3383      -79.3383    
401  6.000       26.2199       119.292      -440.530      -80.5298      -80.5298    
402  6.010       22.4656       119.535      -441.724      -81.7238      -81.7238    
403  6.020       18.5044       119.739      -442.920      -82.9202      -82.9202    
404  6.030       14.3244       119.903      -444.118      -84.1184      -84.1184    
405  6.040       9.93466       120.024      -445.318      -85.3179      -85.3179    
406  6.050       5.29357       120.099      -446.518      -86.5185      -86.5185    
407  6.060      0.444303       120.127      -447.720      -87.7195      -87.7195    
408  6.070      -4.67182       120.106      -448.921      -88.9206      -88.9206    
409  6.080      -10.0173       120.032      -450.121      -90.1212      -90.1212    
410  6.090      -15.6391       119.903      -451.321      -91.3208      -91.3208    
411  6.100      -21.5071       119.716      -452.519      -92.5188      -92.5188    
412  6.110      -27.6638       119.470      -453.715      -93.7146      -93.7146    
413  6.120      -34.0854       119.160      -454.908      -94.9076      -94.9076    
414  6.130      -40.8046       118.785      -456.097      -96.0972      -96.0972    
415  6.140      -47.8087       118.341      -457.283      -97.2827      -97.2827    
416  6.150      -55.1048       117.826      -458.463      -98.4633      -98.4633    
417  6.160      -62.7126       117.236      -459.638      -99.6385      -99.6385    
418  6.170      -70.6068       116.569      -460.807      -100.807      -100.807    
419  6.180      -78.8106       115.821      -461.969      -101.969      -101.969    
420  6.190      -87.2992       114.990      -463.123      -103.123      -103.123    
421  6.200      -96.0795       114.072      -464.268      -104.268      -104.268    
422  6.210      -105.123       113.065      -465.404      -105.404      -105.404    
423  6.220      -114.420       111.967      -466.529      -106.529      -106.529    
424  6.230      -123.949       110.775      -467.642      -107.642      -107.642    
425  6.240      -133.658       109.486      -468.743      -108.743      -108.743    
426  6.250      -143.510       108.100      -469.831      -109.831      -109.831    
427  6.260      -153.468       106.614      -470.904      -110.904      -110.904    
428  6.270      -163.454       105.030      -471.962      -111.962      -111.962    
429  6.280      -173.398       103.345      -473.004      -113.004      -113.004    
430  6.290      -183.211       101.563      -474.028      -114.028      -114.028    
431  6.300      -192.826       99.6827      -475.034      -115.034      -115.034    
432  6.310      -202.100       97.7088      -476.021      -116.021      -116.021    
433  6.320      -210.967       95.6443      -476.988      -116.988      -116.988    
434  6.330      -219.290       93.4942      -477.933      -117.933      -117.933    
435  6.340      -226.975       91.2643      -478.857      -118.857      -118.857    
436  6.350      -233.906       88.9615      -479.758      -119.758      -119.758    
437  6.360      -239.999       86.5939      -480.635      -120.635      -120.635    
438  6.370      -245.162       84.1703      -481.489      -121.489      -121.489    
439  6.380      -249.338       81.7001      -482.318      -122.318      -122.318    
440  6.390      -252.477       79.1935      -483.123      -123.123      -123.123    
441  6.400      -254.550       76.6609      -483.902      -123.902      -123.902    
442  6.410      -255.561       74.1130      -484.656      -124.656      -124.656    
443  6.420      -255.480       71.5604      -485.384      -125.384      -125.384    
444  6.430      -254.349       69.0138      -486.087      -126.087      -126.087    
445  6.440      -252.153       66.4839      -486.764      -126.764      -126.764    
446  6.450      -248.914       63.9812      -487.417      -127.417      -127.417    
447  6.460      -244.601       61.5162      -488.044      -128.044      -128.044    
448  6.470      -239.216       59.0997      -488.648      -128.648      -128.648    
449  6.480      -232.715       56.7428      -489.227      -129.227      -129.227    
450  6.490      -225.108       54.4563      -489.783      -129.783      -129.783    
451  6.500      -216.318       52.2521      -490.317      -130.317      -130.317    
452  6.510      -206.379       50.1414      -490.829      -130.829      -130.829    
453  6.520      -195.327       48.1356      -491.321      -131.321      -131.321    
454  6.530      -183.195       46.2457      -491.793      -131.793      -131.793    
455  6.540      -170.100       44.4817      -492.247      -132.247      -132.247    
456  6.550      -156.167       42.8526      -492.684      -132.684      -132.684    
457  6.560      -141.596       41.3656      -493.105      -133.105      -133.105    
458  6.570      -126.560       40.0261      -493.513      -133.513      -133.513    
459  6.580      -111.246       38.8380      -493.907      -133.907      -133.907    
460  6.590      -95.9123       37.8025      -494.291      -134.291      -134.291    
461  6.600      -80.7292       36.9191      -494.665      -134.665      -134.665    
462  6.610      -65.8614       36.1856      -495.031      -135.031      -135.031    
463  6.620      -51.5243       35.5976      -495.390      -135.390      -135.390    
464  6.630      -37.8109       35.1495      -495.744      -135.744      -135.744    
465  6.640      -24.8565       34.8344      -496.094      -136.094      -136.094    
466  6.650      -12.7728       34.6442      -496.442      -136.442      -136.442    
467  6.660      -1.61767       34.5701      -496.789      -136.789      -136.789    
468  6.670       8.52034       34.6021      -497.135      -137.135      -137.135    
469  6.680       17.6171       34.7303      -497.482      -137.482      -137.482    
470  6.690       25.6072       34.9437      -497.830      -137.830      -137.830    
471  6.700       32.4805       35.2314      -498.181      -138.181      -138.181    
472  6.710       38.2281       35.5821      -498.536      -138.536      -138.536    
473  6.720       42.8366       35.9846      -498.894      -138.894      -138.894    
474  6.730       46.3177       36.4276      -499.256      -139.256      -139.256    
475  6.740       48.7193       36.9001      -499.622      -139.622      -139.622    
476  6.750       50.0365       37.3911      -499.994      -139.994      -139.994    
477  6.760       50.3770       37.8907      -500.370      -140.370      -140.370    
478  6.770       49.7486       38.3889      -500.752      -140.752      -140.752    
479  6.780       48.3007       38.8769      -501.138      -141.138      -141.138    
480  6.790       46.0307       39.3465      -501.529      -141.529      -141.529    
481  6.800       43.1298       39.7906      -501.925      -141.925      -141.925    
482  6.810       39.6403       40.2029      -502.325      -142.325      -142.325    
483  6.820       35.6925       40.5782      -502.729      -142.729      -142.729    
484  6.830       31.4183       40.9128      -503.136      -143.136      -143.136    
485  6.840       26.8904       41.2036      -503.546      -143.546      -143.546    
486  6.850       22.2581       41.4490      -503.960      -143.960      -143.960    
487  6.860       17.6159       41.6482      -504.375      -144.375      -144.375    
488  6.870       13.0435       41.8015      -504.792      -144.792      -144.792    
489  6.880       8.66858       41.9104      -505.210      -145.210      -145.210    
490  6.890       4.55192       41.9771      -505.630      -145.630      -145.630    
491  6.900      0.767928       42.0044      -506.050      -146.050      -146.050    
492  6.910      -2.61831       41.9961      -506.470      -146.470      -146.470    
493  6.920      -5.53162       41.9564      -506.889      -146.889      -146.889    
494  6.930      -7.96145       41.8901      -507.308      -147.308      -147.308    
495  6.940      -9.86558       41.8023      -507.727      -147.727      -147.727    
496  6.950      -11.2119       41.6982      -508.144      -148.144      -148.144    
497  6.960      -11.9780       41.5837      -508.561      -148.561      -148.561    
498  6.970      -12.1942       41.4642      -508.976      -148.976      -148.976    
499  6.980      -11.8421       41.3454      -509.390      -149.390      -149.390    
500  6.990      -10.9286       41.2330      -509.803      -149.803      -149.803    
501  7.000      -9.51487       41.1321      -510.215      -150.215      -150.215    
502  7.010      -7.60487       41.0477      -510.625      -150.625      -150.625    
503  7.020      -5.24205       40.9847      -511.036      -151.036      -151.036    
504  7.030      -2.49535       40.9470      -511.445      -151.445      -151.445    
505  7.040      0.575096       40.9383      -511.855      -151.855      -151.855    
506  7.050       3.94071       40.9617      -512.264      -152.264      -152.264    
507  7.060       7.50424       41.0195      -512.674      -152.674      -152.674    
508  7.070       11.2010       41.1134      -513.085      -153.085      -153.085    
509  7.080       14.9844       41.2446      -513.497      -153.497      -153.497    
510  7.090       18.7513       41.4134      -513.910      -153.910      -153.910    
511  7.100       22.4801       41.6195      -514.326      -154.326      -154.326    
512  7.110       26.0829       41.8621      -514.743      -154.743      -154.743    
513  7.120       29.5355       42.1399      -515.163      -155.163      -155.163    
514  7.130       32.7483       42.4508      -515.586      -155.587      -155.587    
515  7.140       35.7079       42.7925      -516.013      -156.013      -156.013    
516  7.150       38.3885       43.1623      -516.443      -156.443      -156.443    
517  7.160       40.7558       43.5573      -516.876      -156.876      -156.876    
518  7.170       42.7748       43.9742      -517.314      -157.314      -157.314    
519  7.180       44.4623       44.4095      -517.756      -157.756      -157.756    
520  7.190       45.7812       44.8599      -518.202      -158.202      -158.202    
521  7.200       46.7776       45.3218      -518.653      -158.653      -158.653    
522  7.210       47.4132       45.7919      -519.109      -159.109      -159.109    
523  7.220       47.7577       46.2670      -519.569      -159.569      -159.569    
524  7.230       47.7588       46.7438      -520.034      -160.034      -160.034    
525  7.240       47.5381       47.2196      -520.504      -160.504      -160.504    
526  7.250       47.0263       47.6918      -520.979      -160.979      -160.979    
527  7.260       46.3449       48.1581      -521.458      -161.458      -161.458    
528  7.270       45.4553       48.6166      -521.942      -161.942      -161.942    
529  7.280       44.4554       49.0658      -522.430      -162.430      -162.430    
530  7.290       43.3614       49.5046      -522.923      -162.923      -162.923    
531  7.300       42.1976       49.9322      -523.420      -163.420      -163.420    
532  7.310       41.0288       50.3483      -523.922      -163.922      -163.922    
533  7.320       39.8677       50.7528      -524.427      -164.427      -164.427    
534  7.330       38.7881       51.1462      -524.936      -164.936      -164.936    
535  7.340       37.7544       51.5290      -525.450      -165.450      -165.450    
536  7.350       36.8661       51.9024      -525.967      -165.967      -165.967    
537  7.360       36.1094       52.2676      -526.488      -166.488      -166.488    
538  7.370       35.4951       52.6260      -527.012      -167.012      -167.012    
539  7.380       35.0948       52.9794      -527.540      -167.540      -167.540    
540  7.390       34.8341       53.3295      -528.072      -168.072      -168.072    
541  7.400       34.8109       53.6782      -528.607      -168.607      -168.607    
542  7.410       34.9586       54.0275      -529.145      -169.145      -169.145    
543  7.420       35.3208       54.3794      -529.687      -169.687      -169.687    
544  7.430       35.8538       54.7358      -530.233      -170.233      -170.233    
545  7.440       36.5859       55.0985      -530.782      -170.782      -170.782    
546  7.450       37.4888       55.4693      -531.335      -171.335      -171.335    
547  7.460       38.5394       55.8498      -531.892      -171.892      -171.892    
548  7.470       39.7262       56.2415      -532.452      -172.452      -172.452    
549  7.480       41.0246       56.6456      -533.016      -173.016      -173.016    
550  7.490       42.4325       57.0632      -533.585      -173.585      -173.585    
551  7.500       43.8817       57.4949      -534.158      -174.158      -174.158    
552  7.510       45.4153       57.9416      -534.735      -174.735      -174.735    
553  7.520       46.9260       58.4034      -535.317      -175.317      -175.317    
554  7.530       48.4789       58.8805      -535.903      -175.903      -175.903    
555  7.540       49.9748       59.3727      -536.495      -176.495      -176.495    
556  7.550       51.4653       59.8799      -537.091      -177.091      -177.091    
557  7.560       52.8442       60.4012      -537.693      -177.692      -177.692    
558  7.570       54.2023       60.9364      -538.299      -178.299      -178.299    
559  7.580       55.4250       61.4843      -538.911      -178.911      -178.911    
560  7.590       56.5774       62.0441      -539.529      -179.529      -179.529    
561  7.600       57.5945       62.6147      -540.152       179.848       179.848    
562  7.610       58.5295       63.1951      -540.782       179.218       179.218    
563  7.620       59.3238       63.7840      -541.417       178.584       178.584    
564  7.630       60.0059       64.3804      -542.057       177.943       177.943    
565  7.640       60.5791       64.9831      -542.704       177.296       177.296    
566  7.650       61.0596       65.5910      -543.357       176.643       176.643    
567  7.660       61.4118       66.2031      -544.016       175.984       175.984    
568  7.670       61.6996       66.8185      -544.681       175.319       175.319    
569  7.680       61.8963       67.4362      -545.352       174.648       174.648    
570  7.690       62.0370       68.0557      -546.030       173.970       173.970    
571  7.700       62.1048       68.6763      -546.714       173.287       173.287    
572  7.710       62.1635       69.2976      -547.403       172.597       172.597    
573  7.720       62.1756       69.9192      -548.099       171.901       171.901    
574  7.730       62.1740       70.5409      -548.802       171.198       171.198    
575  7.740       62.1959       71.1628      -549.510       170.490       170.490    
576  7.750       62.2151       71.7848      -550.225       169.775       169.775    
577  7.760       62.2654       72.4073      -550.946       169.054       169.054    
578  7.770       62.3510       73.0305      -551.673       168.327       168.327    
579  7.780       62.4838       73.6548      -552.407       167.593       167.593    
580  7.790       62.6769       74.2807      -553.146       166.854       166.854    
581  7.800       62.9113       74.9088      -553.892       166.108       166.108    
582  7.810       63.2204       75.5396      -554.645       165.355       165.355    
583  7.820       63.5922       76.1738      -555.403       164.597       164.597    
584  7.830       64.0156       76.8120      -556.168       163.832       163.832    
585  7.840       64.5167       77.4549      -556.939       163.061       163.061    
586  7.850       65.0737       78.1030      -557.717       162.283       162.283    
587  7.860       65.6747       78.7569      -558.502       161.498       161.498    
588  7.870       66.3282       79.4171      -559.292       160.707       160.707    
589  7.880       67.0334       80.0840      -560.090       159.910       159.910    
590  7.890       67.7501       80.7580      -560.894       159.106       159.106    
591  7.900       68.5211       81.4395      -561.705       158.295       158.295    
592  7.910       69.2643       82.1284      -562.523       157.477       157.477    
593  7.920       70.0565       82.8251      -563.348       156.652       156.652    
594  7.930       70.8013       83.5294      -564.180       155.820       155.820    
595  7.940       71.5654       84.2412      -565.019       154.981       154.981    
596  7.950       72.2764       84.9604      -565.865       154.135       154.135    
597  7.960       72.9736       85.6866      -566.718       153.282       153.282    
598  7.970       73.6276       86.4195      -567.579       152.421       152.421    
599  7.980       74.2282       87.1587      -568.447       151.553       151.553    
600  7.990       74.7662       87.9035      -569.322       150.678       150.678    
601  8.000       75.2548       88.6535      -570.205       149.795       149.795    
602  8.010       75.6907       89.4081      -571.095       148.905       148.905    
603  8.020       76.0320       90.1665      -571.993       148.007       148.007    
604  8.030       76.3136       90.9281      -572.899       147.101       147.101    
605  8.040       76.5487       91.6923      -573.812       146.188       146.188    
606  8.050       76.6823       92.4583      -574.733       145.267       145.267    
607  8.060       76.7622       93.2253      -575.661       144.339       144.339    
608  8.070       76.7800       93.9929      -576.597       143.403       143.403    
609  8.080       76.7247       94.7603      -577.541       142.459       142.459    
610  8.090       76.6108       95.5268      -578.492       141.508       141.508    
611  8.100       76.4540       96.2920      -579.452       140.548       140.548    
612  8.110       76.2183       97.0552      -580.418       139.582       139.582    
613  8.120       75.9565       97.8160      -581.393       138.607       138.607    
614  8.130       75.6428       98.5739      -582.375       137.625       137.625    
615  8.140       75.2821       99.3285      -583.364       136.636       136.636    
616  8.150       74.8913       100.079      -584.361       135.639       135.639    
617  8.160       74.4727       100.826      -585.366       134.634       134.634    
618  8.170       73.9964       101.568      -586.378       133.622       133.622    
619  8.180       73.5117       102.306      -587.397       132.603       132.603    
620  8.190       72.9924       103.038      -588.424       131.576       131.576    
621  8.200       72.4449       103.765      -589.458       130.542       130.542    
622  8.210       71.8496       104.487      -590.499       129.501       129.501    
623  8.220       71.2471       105.202      -591.548       128.452       128.452    
624  8.230       70.5995       105.911      -592.603       127.397       127.397    
625  8.240       69.9028       106.614      -593.666       126.334       126.334    
626  8.250       69.1734       107.309      -594.735       125.265       125.265    
627  8.260       68.3943       107.997      -595.812       124.188       124.188    
628  8.270       67.5563       108.676      -596.895       123.105       123.105    
629  8.280       66.6737       109.347      -597.985       122.015       122.015    
630  8.290       65.7020       110.009      -599.082       120.918       120.918    
631  8.300       64.6740       110.661      -600.186       119.814       119.814    
632  8.310       63.5529       111.302      -601.295       118.705       118.705    
633  8.320       62.3517       111.931      -602.412       117.588       117.588    
634  8.330       61.0487       112.548      -603.534       116.466       116.466    
635  8.340       59.6384       113.151      -604.663       115.337       115.337    
636  8.350       58.1240       113.740      -605.797       114.203       114.203    
637  8.360       56.4637       114.312      -606.937       113.063       113.063    
638  8.370       54.6990       114.868      -608.083       111.917       111.917    
639  8.380       52.7983       115.405      -609.234       110.765       110.765    
640  8.390       50.7404       115.922      -610.391       109.609       109.609    
641  8.400       48.5338       116.418      -611.553       108.447       108.447    
642  8.410       46.1813       116.892      -612.719       107.281       107.281    
643  8.420       43.6533       117.340      -613.891       106.109       106.109    
644  8.430       40.9621       117.763      -615.066       104.934       104.934    
645  8.440       38.0776       118.158      -616.246       103.754       103.754    
646  8.450       35.0351       118.523      -617.429       102.571       102.571    
647  8.460       31.7992       118.857      -618.616       101.384       101.384    
648  8.470       28.3594       119.157      -619.806       100.194       100.194    
649  8.480       24.7189       119.422      -620.999       99.0014       99.0014    
650  8.490       20.8820       119.649      -622.194       97.8062       97.8062    
651  8.500       16.8196       119.837      -623.391       96.6089       96.6089    
652  8.510       12.5638       119.984      -624.590       95.4098       95.4098    
653  8.520       8.06116       120.086      -625.790       94.2095       94.2095    
654  8.530       3.33747       120.143      -626.992       93.0084       93.0084    
655  8.540      -1.63170       120.151      -628.193       91.8070       91.8070    
656  8.550      -6.84460       120.108      -629.394       90.6058       90.6058    
657  8.560      -12.2976       120.011      -630.595       89.4053       89.4053    
658  8.570      -18.0325       119.859      -631.794       88.2060       88.2060    
659  8.580      -24.0131       119.648      -632.991       87.0086       87.0086    
660  8.590      -30.2893       119.376      -634.186       85.8137       85.8137    
661  8.600      -36.8298       119.040      -635.378       84.6218       84.6218    
662  8.610      -43.6687       118.637      -636.566       83.4336       83.4336    
663  8.620      -50.8078       118.163      -637.750       82.2498       82.2498    
664  8.630      -58.2288       117.617      -638.929       81.0711       81.0711    
665  8.640      -65.9636       116.996      -640.102       79.8982       79.8982    
666  8.650      -73.9862       116.295      -641.268       78.7318       78.7318    
667  8.660      -82.3223       115.513      -642.427       77.5729       77.5729    
668  8.670      -90.9424       114.646      -643.578       76.4222       76.4222    
669  8.680      -99.8294       113.691      -644.719       75.2807       75.2807    
670  8.690      -109.005       112.646      -645.851       74.1492       74.1492    
671  8.700      -118.404       111.509      -646.971       73.0287       73.0287    
672  8.710      -128.024       110.276      -648.080       71.9200       71.9200    
673  8.720      -137.811       108.946      -649.176       70.8241       70.8241    
674  8.730      -147.729       107.518      -650.258       69.7420       69.7420    
675  8.740      -157.716       105.991      -651.325       68.6747       68.6747    
676  8.750      -167.721       104.363      -652.377       67.6232       67.6232    
677  8.760      -177.625       102.637      -653.412       66.5884       66.5884    
678  8.770      -187.393       100.812      -654.429       65.5714       65.5714    
679  8.780      -196.894       98.8909      -655.427       64.5732       64.5732    
680  8.790      -206.037       96.8770      -656.405       63.5946       63.5946    
681  8.800      -214.704       94.7743      -657.364       62.6365       62.6365    
682  8.810      -222.802       92.5880      -658.300       61.6998       61.6998    
683  8.820      -230.199       90.3245      -659.215       60.7854       60.7854    
684  8.830      -236.816       87.9912      -660.106       59.8939       59.8939    
685  8.840      -242.544       85.5965      -660.974       59.0261       59.0261    
686  8.850      -247.320       83.1494      -661.817       58.1825       58.1825    
687  8.860      -251.082       80.6597      -662.636       57.3636       57.3636    
688  8.870      -253.795       78.1379      -663.430       56.5696       56.5696    
689  8.880      -255.426       75.5944      -664.199       55.8010       55.8010    
690  8.890      -255.980       73.0399      -664.942       55.0578       55.0578    
691  8.900      -255.475       70.4853      -665.660       54.3402       54.3402    
692  8.910      -253.885       67.9411      -666.352       53.6481       53.6481    
693  8.920      -251.244       65.4181      -667.019       52.9812       52.9812    
694  8.930      -247.550       62.9267      -667.661       52.3394       52.3394    
695  8.940      -242.775       60.4777      -668.278       51.7223       51.7223    
696  8.950      -236.910       58.0819      -668.871       51.1293       51.1293    
697  8.960      -229.929       55.7505      -669.440       50.5599       50.5599    
698  8.970      -221.788       53.4947      -669.987       50.0135       50.0135    
699  8.980      -212.507       51.3260      -670.511       49.4892       49.4892    
700  8.990      -202.065       49.2560      -671.014       48.9861       48.9861    
701  9.000      -190.515       47.2958      -671.497       48.5030       48.5030    
702  9.010      -177.936       45.4562      -671.961       48.0389       48.0389    
703  9.020      -164.433       43.7467      -672.408       47.5925       47.5925    
704  9.030      -150.187       42.1756      -672.837       47.1625       47.1625    
705  9.040      -135.356       40.7496      -673.252       46.7475       46.7475    
706  9.050      -120.156       39.4731      -673.654       46.3461       46.3461    
707  9.060      -104.762       38.3492      -674.043       45.9566       45.9566    
708  9.070      -89.4515       37.3783      -674.422       45.5776       45.5776    
709  9.080      -74.3440       36.5589      -674.793       45.2075       45.2075    
710  9.090      -59.6633       35.8881      -675.155       44.8449       44.8449    
711  9.100      -45.5400       35.3609      -675.512       44.4883       44.4883    
712  9.110      -32.1225       34.9710      -675.864       44.1363       44.1363    
713  9.120      -19.5152       34.7109      -676.212       43.7876       43.7876    
714  9.130      -7.78453       34.5723      -676.559       43.4409       43.4409    
715  9.140       2.95306       34.5458      -676.905       43.0950       43.0950    
716  9.150       12.6492       34.6213      -677.251       42.7489       42.7489    
717  9.160       21.2951       34.7884      -677.598       42.4017       42.4017    
718  9.170       28.8143       35.0362      -677.948       42.0524       42.0524    
719  9.180       35.2055       35.3535      -678.300       41.7003       41.7003    
720  9.190       40.4621       35.7291      -678.655       41.3446       41.3446    
721  9.200       44.5810       36.1515      -679.015       40.9851       40.9851    
722  9.210       47.5839       36.6095      -679.379       40.6212       40.6212    
723  9.220       49.5138       37.0923      -679.747       40.2526       40.2526    
724  9.230       50.3772       37.5890      -680.121       39.8792       39.8792    
725  9.240       50.3011       38.0900      -680.499       39.5008       39.5008    
726  9.250       49.2737       38.5855      -680.883       39.1173       39.1173    
727  9.260       47.4658       39.0671      -681.271       38.7292       38.7292    
728  9.270       44.8792       39.5268      -681.664       38.3363       38.3363    
729  9.280       41.7093       39.9581      -682.061       37.9390       37.9390    
730  9.290       37.9896       40.3551      -682.463       37.5375       37.5375    
731  9.300       33.8721       40.7133      -682.868       37.1323       37.1323    
732  9.310       29.4582       41.0291      -683.276       36.7237       36.7237    
733  9.320       24.8690       41.3002      -683.688       36.3121       36.3121    
734  9.330       20.1974       41.5252      -684.102       35.8981       35.8981    
735  9.340       15.5764       41.7040      -684.518       35.4820       35.4820    
736  9.350       11.0694       41.8374      -684.936       35.0643       35.0643    
737  9.360       6.79397       41.9272      -685.354       34.6456       34.6456    
738  9.370       2.80005       41.9758      -685.774       34.2261       34.2261    
739  9.380     -0.797450       41.9867      -686.194       33.8064       33.8064    
740  9.390      -4.00216       41.9636      -686.613       33.3868       33.3868    
741  9.400      -6.70790       41.9112      -687.033       32.9674       32.9674    
742  9.410      -8.89378       41.8344      -687.451       32.5488       32.5488    
743  9.420      -10.5604       41.7385      -687.869       32.1309       32.1309    
744  9.430      -11.6450       41.6288      -688.286       31.7141       31.7141    
745  9.440      -12.1657       41.5112      -688.702       31.2985       31.2985    
746  9.450      -12.1228       41.3911      -689.116       30.8840       30.8840    
747  9.460      -11.5098       41.2744      -689.529       30.4707       30.4707    
748  9.470      -10.3628       41.1664      -689.942       30.0585       30.0585    
749  9.480      -8.72864       41.0722      -690.353       29.6472       29.6472    
750  9.490      -6.58142       40.9969      -690.763       29.2368       29.2368    
751  9.500      -4.04726       40.9448      -691.173       28.8270       28.8270    
752  9.510      -1.14990       40.9198      -691.582       28.4176       28.4176    
753  9.520       2.08028       40.9253      -691.992       28.0082       28.0082    
754  9.530       5.54137       40.9641      -692.401       27.5987       27.5987    
755  9.540       9.17608       41.0382      -692.811       27.1886       27.1886    
756  9.550       12.9203       41.1491      -693.222       26.7776       26.7776    
757  9.560       16.7101       41.2974      -693.635       26.3652       26.3652    
758  9.570       20.4712       41.4834      -694.049       25.9511       25.9511    
759  9.580       24.1515       41.7063      -694.465       25.5351       25.5351    
760  9.590       27.6839       41.9652      -694.883       25.1166       25.1166    
761  9.600       31.0203       42.2583      -695.305       24.6954       24.6954    
762  9.610       34.1435       42.5837      -695.729       24.2711       24.2711    
763  9.620       36.9650       42.9385      -696.157       23.8434       23.8434    
764  9.630       39.5009       43.3202      -696.588       23.4120       23.4120    
765  9.640       41.7061       43.7255      -697.023       22.9766       22.9766    
766  9.650       43.5712       44.1510      -697.463       22.5371       22.5371    
767  9.660       45.0906       44.5935      -697.907       22.0934       22.0934    
768  9.670       46.2450       45.0493      -698.355       21.6451       21.6451    
769  9.680       47.0749       45.5151      -698.808       21.1923       21.1923    
770  9.690       47.5776       45.9875      -699.265       20.7347       20.7347    
771  9.700       47.7377       46.4632      -699.728       20.2724       20.2724    
772  9.710       47.6485       46.9395      -700.195       19.8053       19.8053    
773  9.720       47.2678       47.4134      -700.667       19.3335       19.3335    
774  9.730       46.6794       47.8825      -701.143       18.8570       18.8570    
775  9.740       45.8888       48.3448      -701.624       18.3759       18.3759    
776  9.750       44.9447       48.7986      -702.110       17.8902       17.8902    
777  9.760       43.8996       49.2425      -702.600       17.4001       17.4001    
778  9.770       42.7543       49.6755      -703.094       16.9055       16.9055    
779  9.780       41.5877       50.0971      -703.593       16.4067       16.4067    
780  9.790       40.4259       50.5072      -704.096       15.9037       15.9037    
781  9.800       39.2911       50.9058      -704.603       15.3967       15.3967    
782  9.810       38.2393       51.2936      -705.114       14.8857       14.8857    
783  9.820       37.2599       51.6713      -705.629       14.3709       14.3709    
784  9.830       36.4432       52.0401      -706.148       13.8524       13.8524    
785  9.840       35.7610       52.4015      -706.670       13.3302       13.3302    
786  9.850       35.2370       52.7569      -707.196       12.8044       12.8044    
787  9.860       34.8990       53.1080      -707.725       12.2751       12.2751    
788  9.870       34.7685       53.4568      -708.258       11.7423       11.7423    
789  9.880       34.8262       53.8053      -708.794       11.2060       11.2060    
790  9.890       35.0692       54.1552      -709.334       10.6662       10.6662    
791  9.900       35.5274       54.5087      -709.877       10.1229       10.1229    
792  9.910       36.1559       54.8676      -710.424       9.57596       9.57596    
793  9.920       36.9775       55.2338      -710.975       9.02539       9.02539    
794  9.930       37.9499       55.6088      -711.529       8.47116       8.47116    
795  9.940       39.0704       55.9943      -712.087       7.91316       7.91316    
796  9.950       40.3261       56.3917      -712.649       7.35123       7.35123    
797  9.960       41.6654       56.8019      -713.215       6.78520       6.78520    
798  9.970       43.1054       57.2260      -713.785       6.21507       6.21507    
799  9.980       44.5941       57.6647      -714.359       5.64057       5.64057    
800  9.990       46.1252       58.1184      -714.938       5.06153       5.06153    
801  10.00       47.6491       58.5873      -715.522       4.47796       4.47796    
