# Mowe_temp                                                                       
# Operating point sequence...
# i     t     dWx ang.acc.  Wx rot.rate   Phi   (bank)  Phi[ 2]       Phi[ 3]      
  1  2.000      -71.0758       176.634      -289.685       70.3147       70.3147    
  2  2.010      -77.6284       175.857      -291.444       68.5562       68.5562    
  3  2.020      -95.2838       174.963      -293.196       66.8036       66.8036    
  4  2.030      -98.4922       174.009      -294.941       65.0593       65.0593    
  5  2.040      -109.832       172.958      -296.675       63.3249       63.3249    
  6  2.050      -119.996       171.808      -298.399       61.6013       61.6013    
  7  2.060      -130.195       170.557      -300.110       59.8897       59.8897    
  8  2.070      -140.355       169.204      -301.809       58.1912       58.1912    
  9  2.080      -150.328       167.751      -303.493       56.5067       56.5067    
 10  2.090      -159.993       166.200      -305.163       54.8372       54.8372    
 11  2.100      -169.182       164.555      -306.816       53.1837       53.1837    
 12  2.110      -177.749       162.822      -308.453       51.5470       51.5470    
 13  2.120      -185.506       161.007      -310.072       49.9282       49.9282    
 14  2.130      -192.293       159.120      -311.672       48.3277       48.3277    
 15  2.140      -197.996       157.172      -313.254       46.7465       46.7465    
 16  2.150      -202.443       155.172      -314.815       45.1849       45.1849    
 17  2.160      -205.572       153.135      -316.357       43.6435       43.6435    
 18  2.170      -207.306       151.074      -317.878       42.1225       42.1225    
 19  2.180      -207.632       149.003      -319.378       40.6222       40.6222    
 20  2.190      -206.555       146.936      -320.858       39.1425       39.1425    
 21  2.200      -204.096       144.886      -322.317       37.6833       37.6833    
 22  2.210      -200.358       142.867      -323.756       36.2445       36.2445    
 23  2.220      -195.377       140.891      -325.174       34.8256       34.8256    
 24  2.230      -189.232       138.971      -326.574       33.4261       33.4261    
 25  2.240      -181.991       137.118      -327.954       32.0455       32.0455    
 26  2.250      -173.696       135.342      -329.317       30.6831       30.6831    
 27  2.260      -164.405       133.654      -330.662       29.3378       29.3378    
 28  2.270      -154.076       132.065      -331.991       28.0090       28.0090    
 29  2.280      -142.849       130.582      -333.304       26.6955       26.6955    
 30  2.290      -130.655       129.217      -334.604       25.3962       25.3962    
 31  2.300      -117.605       127.978      -335.890       24.1100       24.1100    
 32  2.310      -103.789       126.873      -337.165       22.8354       22.8354    
 33  2.320      -89.3110       125.909      -338.429       21.5711       21.5711    
 34  2.330      -74.3209       125.093      -339.684       20.3158       20.3158    
 35  2.340      -58.9994       124.427      -340.932       19.0678       19.0678    
 36  2.350      -43.5457       123.915      -342.174       17.8257       17.8257    
 37  2.360      -28.1639       123.557      -343.412       16.5880       16.5880    
 38  2.370      -13.0202       123.350      -344.647       15.3531       15.3531    
 39  2.380       1.64127       123.292      -345.881       14.1195       14.1195    
 40  2.390       15.6960       123.378      -347.114       12.8858       12.8858    
 41  2.400       28.9539       123.599      -348.349       11.6505       11.6505    
 42  2.410       41.3377       123.949      -349.588       10.4125       10.4125    
 43  2.420       52.6880       124.416      -350.830       9.17037       9.17037    
 44  2.430       62.9556       124.992      -352.077       7.92304       7.92304    
 45  2.440       72.0732       125.664      -353.331       6.66951       6.66951    
 46  2.450       79.9701       126.422      -354.591       5.40887       5.40887    
 47  2.460       86.6591       127.252      -355.860       4.14029       4.14029    
 48  2.470       92.0970       128.142      -357.137       2.86318       2.86318    
 49  2.480       96.3294       129.082      -358.423       1.57694       1.57694    
 50  2.490       99.3564       130.057      -359.719      0.281148      0.281148    
 51  2.500       101.265       131.057      -361.024      -1.02446      -1.02446    
 52  2.510       102.126       132.071      -362.340      -2.34014      -2.34014    
 53  2.520       102.013       133.090      -363.666      -3.66599      -3.66599    
 54  2.530       101.090       134.103      -365.002      -5.00195      -5.00195    
 55  2.540       99.4595       135.104      -366.348      -6.34793      -6.34793    
 56  2.550       97.2820       136.086      -367.704      -7.70381      -7.70381    
 57  2.560       94.7126       137.045      -369.069      -9.06938      -9.06938    
 58  2.570       91.9015       137.977      -370.444      -10.4444      -10.4444    
 59  2.580       89.0001       138.881      -371.829      -11.8286      -11.8286    
 60  2.590       86.1750       139.757      -373.222      -13.2218      -13.2218    
 61  2.600       83.4917       140.605      -374.624      -14.6235      -14.6235    
 62  2.610       81.1312       141.429      -376.034      -16.0336      -16.0336    
 63  2.620       79.1296       142.231      -377.452      -17.4518      -17.4518    
 64  2.630       77.5571       143.016      -378.878      -18.8780      -18.8780    
 65  2.640       76.4936       143.787      -380.312      -20.3119      -20.3119    
 66  2.650       75.9161       144.550      -381.754      -21.7536      -21.7536    
 67  2.660       75.8680       145.311      -383.203      -23.2029      -23.2029    
 68  2.670       76.3458       146.073      -384.660      -24.6598      -24.6598    
 69  2.680       77.2893       146.842      -386.124      -26.1244      -26.1244    
 70  2.690       78.7441       147.624      -387.597      -27.5967      -27.5967    
 71  2.700       80.5916       148.421      -389.077      -29.0770      -29.0770    
 72  2.710       82.8408       149.240      -390.565      -30.5653      -30.5653    
 73  2.720       85.3822       150.082      -392.062      -32.0620      -32.0620    
 74  2.730       88.1999       150.950      -393.567      -33.5672      -33.5672    
 75  2.740       91.1705       151.848      -395.081      -35.0812      -35.0812    
 76  2.750       94.2661       152.775      -396.604      -36.6044      -36.6044    
 77  2.760       97.3277       153.733      -398.137      -38.1370      -38.1370    
 78  2.770       100.363       154.721      -399.679      -39.6793      -39.6793    
 79  2.780       103.207       155.739      -401.232      -41.2317      -41.2317    
 80  2.790       105.822       156.784      -402.794      -42.7943      -42.7943    
 81  2.800       108.131       157.853      -404.368      -44.3676      -44.3676    
 82  2.810       110.062       158.943      -405.952      -45.9516      -45.9516    
 83  2.820       111.534       160.050      -407.547      -47.5466      -47.5466    
 84  2.830       112.541       161.169      -409.153      -49.1527      -49.1527    
 85  2.840       113.017       162.296      -410.770      -50.7700      -50.7700    
 86  2.850       112.909       163.424      -412.399      -52.3986      -52.3986    
 87  2.860       112.249       164.548      -414.038      -54.0384      -54.0384    
 88  2.870       110.985       165.663      -415.689      -55.6895      -55.6895    
 89  2.880       109.136       166.762      -417.352      -57.3515      -57.3515    
 90  2.890       106.702       167.840      -419.024      -59.0245      -59.0245    
 91  2.900       103.712       168.890      -420.708      -60.7080      -60.7080    
 92  2.910       100.231       169.909      -422.402      -62.4019      -62.4019    
 93  2.920       96.2391       170.890      -424.106      -64.1059      -64.1059    
 94  2.930       91.8567       171.829      -425.819      -65.8194      -65.8194    
 95  2.940       87.0923       172.723      -427.542      -67.5420      -67.5420    
 96  2.950       82.0623       173.568      -429.273      -69.2733      -69.2733    
 97  2.960       76.7645       174.361      -431.013      -71.0128      -71.0128    
 98  2.970       71.2979       175.101      -432.760      -72.7600      -72.7600    
 99  2.980       65.7238       175.786      -434.514      -74.5142      -74.5142    
100  2.990       60.0405       176.414      -436.275      -76.2751      -76.2751    
101  3.000       54.3243       176.986      -438.042      -78.0419      -78.0419    
102  3.010       48.5450       177.500      -439.814      -79.8142      -79.8142    
103  3.020       42.7945       177.957      -441.591      -81.5913      -81.5913    
104  3.030       36.9900       178.356      -443.373      -83.3727      -83.3727    
105  3.040       31.1527       178.696      -445.158      -85.1578      -85.1578    
106  3.050       25.2659       178.978      -446.946      -86.9460      -86.9460    
107  3.060       19.2959       179.201      -448.737      -88.7367      -88.7367    
108  3.070       13.2236       179.363      -450.529      -90.5294      -90.5294    
109  3.080       6.98641       179.464      -452.323      -92.3233      -92.3233    
110  3.090      0.574489       179.501      -454.118      -94.1180      -94.1180    
111  3.100      -6.05653       179.474      -455.913      -95.9127      -95.9127    
112  3.110      -12.9385       179.378      -457.707      -97.7068      -97.7068    
113  3.120      -20.1234       179.212      -459.500      -99.4995      -99.4995    
114  3.130      -27.6346       178.972      -461.290      -101.290      -101.290    
115  3.140      -35.4641       178.656      -463.078      -103.078      -103.078    
116  3.150      -43.6895       178.259      -464.862      -104.862      -104.862    
117  3.160      -52.2776       177.779      -466.642      -106.642      -106.642    
118  3.170      -61.2503       177.210      -468.417      -108.417      -108.417    
119  3.180      -70.5958       176.550      -470.186      -110.186      -110.186    
120  3.190      -80.3042       175.794      -471.947      -111.947      -111.947    
121  3.200      -90.3443       174.940      -473.701      -113.701      -113.701    
122  3.210      -100.630       173.985      -475.445      -115.445      -115.445    
123  3.220      -111.170       172.925      -477.179      -117.179      -117.179    
124  3.230      -121.802       171.760      -478.902      -118.902      -118.902    
125  3.240      -132.473       170.488      -480.613      -120.613      -120.613    
126  3.250      -143.024       169.111      -482.311      -122.311      -122.311    
127  3.260      -153.350       167.629      -483.995      -123.995      -123.995    
128  3.270      -163.266       166.047      -485.663      -125.663      -125.663    
129  3.280      -172.605       164.369      -487.314      -127.314      -127.314    
130  3.290      -181.222       162.602      -488.949      -128.949      -128.949    
131  3.300      -188.907       160.753      -490.566      -130.566      -130.566    
132  3.310      -195.540       158.833      -492.163      -132.163      -132.163    
133  3.320      -200.948       156.854      -493.741      -133.741      -133.741    
134  3.330      -205.040       154.827      -495.300      -135.300      -135.300    
135  3.340      -207.742       152.766      -496.838      -136.838      -136.838    
136  3.350      -208.984       150.686      -498.355      -138.355      -138.355    
137  3.360      -208.781       148.601      -499.851      -139.851      -139.851    
138  3.370      -207.171       146.525      -501.327      -141.327      -141.327    
139  3.380      -204.199       144.471      -502.782      -142.782      -142.782    
140  3.390      -199.944       142.454      -504.216      -144.216      -144.216    
141  3.400      -194.495       140.485      -505.631      -145.631      -145.631    
142  3.410      -187.890       138.576      -507.027      -147.027      -147.027    
143  3.420      -180.257       136.738      -508.403      -148.403      -148.403    
144  3.430      -171.565       134.981      -509.762      -149.762      -149.762    
145  3.440      -161.910       133.317      -511.104      -151.104      -151.104    
146  3.450      -151.280       131.753      -512.430      -152.429      -152.429    
147  3.460      -139.707       130.301      -513.740      -153.740      -153.740    
148  3.470      -127.252       128.968      -515.037      -155.037      -155.037    
149  3.480      -113.931       127.764      -516.321      -156.321      -156.321    
150  3.490      -99.8893       126.697      -517.593      -157.593      -157.593    
151  3.500      -85.2240       125.773      -518.856      -158.856      -158.856    
152  3.510      -70.1148       124.998      -520.110      -160.110      -160.110    
153  3.520      -54.7113       124.375      -521.357      -161.357      -161.357    
154  3.530      -39.2490       123.905      -522.599      -162.599      -162.599    
155  3.540      -23.9222       123.589      -523.837      -163.837      -163.837    
156  3.550      -8.90534       123.425      -525.072      -165.072      -165.072    
157  3.560       5.59360       123.407      -526.307      -166.307      -166.307    
158  3.570       19.4052       123.530      -527.542      -167.542      -167.542    
159  3.580       32.4175       123.788      -528.779      -168.779      -168.779    
160  3.590       44.4968       124.170      -530.019      -170.019      -170.019    
161  3.600       55.5286       124.668      -531.263      -171.263      -171.263    
162  3.610       65.4702       125.270      -532.513      -172.513      -172.513    
163  3.620       74.2352       125.966      -533.770      -173.770      -173.770    
164  3.630       81.8141       126.743      -535.033      -175.033      -175.033    
165  3.640       88.1672       127.590      -536.305      -176.305      -176.305    
166  3.650       93.2993       128.494      -537.586      -177.586      -177.586    
167  3.660       97.2193       129.444      -538.875      -178.875      -178.875    
168  3.670       99.9809       130.427      -540.175       179.825       179.825    
169  3.680       101.639       131.432      -541.484       178.516       178.516    
170  3.690       102.270       132.449      -542.804       177.196       177.196    
171  3.700       101.968       133.468      -544.133       175.867       175.867    
172  3.710       100.889       134.480      -545.473       174.527       174.527    
173  3.720       99.1494       135.478      -546.823       173.177       173.177    
174  3.730       96.8674       136.457      -548.182       171.818       171.818    
175  3.740       94.2591       137.411      -549.551       170.449       170.449    
176  3.750       91.4331       138.339      -550.930       169.070       169.070    
177  3.760       88.5500       139.239      -552.318       167.682       167.682    
178  3.770       85.7642       140.110      -553.715       166.285       166.285    
179  3.780       83.1515       140.955      -555.120       164.880       164.880    
180  3.790       80.8663       141.776      -556.533       163.467       163.467    
181  3.800       78.9473       142.576      -557.955       162.045       162.045    
182  3.810       77.4797       143.359      -559.385       160.615       160.615    
183  3.820       76.5162       144.130      -560.822       159.178       159.178    
184  3.830       76.0180       144.894      -562.267       157.733       157.733    
185  3.840       76.0674       145.656      -563.720       156.280       156.280    
186  3.850       76.6259       146.420      -565.180       154.820       154.820    
187  3.860       77.6542       147.193      -566.648       153.352       153.352    
188  3.870       79.1449       147.978      -568.124       151.876       151.876    
189  3.880       81.0609       148.780      -569.608       150.392       150.392    
190  3.890       83.3326       149.603      -571.100       148.900       148.900    
191  3.900       85.9212       150.450      -572.600       147.400       147.400    
192  3.910       88.7338       151.324      -574.109       145.891       145.891    
193  3.920       91.7168       152.227      -575.627       144.373       144.373    
194  3.930       94.7762       153.160      -577.154       142.846       142.846    
195  3.940       97.8289       154.123      -578.690       141.310       141.310    
196  3.950       100.784       155.116      -580.237       139.763       139.763    
197  3.960       103.592       156.137      -581.793       138.207       138.207    
198  3.970       106.126       157.186      -583.360       136.640       136.640    
199  3.980       108.346       158.257      -584.937       135.063       135.063    
200  3.990       110.175       159.349      -586.525       133.475       133.475    
201  4.000       111.552       160.456      -588.124       131.876       131.876    
202  4.010       112.458       161.575      -589.734       130.266       130.266    
203  4.020       112.798       162.700      -591.356       128.644       128.644    
204  4.030       112.597       163.826      -592.988       127.012       127.012    
205  4.040       111.800       164.947      -594.632       125.368       125.368    
206  4.050       110.416       166.056      -596.287       123.713       123.713    
207  4.060       108.431       167.149      -597.953       122.047       122.047    
208  4.070       105.887       168.219      -599.630       120.370       120.370    
209  4.080       102.771       169.261      -601.317       118.683       118.683    
210  4.090       99.1614       170.269      -603.015       116.985       116.985    
211  4.100       95.0879       171.240      -604.722       115.278       115.278    
212  4.110       90.5837       172.167      -606.439       113.561       113.561    
213  4.120       85.7472       173.048      -608.165       111.835       111.835    
214  4.130       80.6271       173.879      -609.900       110.100       110.100    
215  4.140       75.2692       174.658      -611.642       108.358       108.358    
216  4.150       69.7439       175.382      -613.392       106.608       106.608    
217  4.160       64.0919       176.051      -615.150       104.850       104.850    
218  4.170       58.3901       176.663      -616.913       103.087       103.087    
219  4.180       52.5976       177.218      -618.682       101.318       101.318    
220  4.190       46.7863       177.715      -620.457       99.5431       99.5431    
221  4.200       40.9732       178.153      -622.236       97.7639       97.7639    
222  4.210       35.0897       178.534      -624.019       95.9805       95.9805    
223  4.220       29.1963       178.855      -625.806       94.1937       94.1937    
224  4.230       23.2095       179.117      -627.596       92.4040       92.4040    
225  4.240       17.1526       179.319      -629.388       90.6119       90.6119    
226  4.250       10.9557       179.459      -631.182       88.8181       88.8181    
227  4.260       4.61242       179.536      -632.977       87.0231       87.0231    
228  4.270      -1.92309       179.549      -634.772       85.2278       85.2278    
229  4.280      -8.71254       179.496      -636.567       83.4327       83.4327    
230  4.290      -15.7428       179.373      -638.362       81.6384       81.6384    
231  4.300      -23.0835       179.178      -640.154       79.8458       79.8458    
232  4.310      -30.7551       178.908      -641.944       78.0555       78.0555    
233  4.320      -38.7517       178.560      -643.732       76.2683       76.2683    
234  4.330      -47.1543       178.129      -645.515       74.4850       74.4850    
235  4.340      -55.8946       177.613      -647.294       72.7064       72.7064    
236  4.350      -65.0384       177.007      -649.067       70.9335       70.9335    
237  4.360      -74.5333       176.309      -650.833       69.1671       69.1671    
238  4.370      -84.3673       175.513      -652.592       67.4082       67.4082    
239  4.380      -94.5210       174.618      -654.342       65.6578       65.6578    
240  4.390      -104.915       173.620      -656.083       63.9169       63.9169    
241  4.400      -115.479       172.517      -657.814       62.1864       62.1864    
242  4.410      -126.145       171.309      -659.532       60.4675       60.4675    
243  4.420      -136.771       169.994      -661.239       58.7612       58.7612    
244  4.430      -147.243       168.574      -662.931       57.0686       57.0686    
245  4.440      -157.411       167.052      -664.609       55.3907       55.3907    
246  4.450      -167.120       165.430      -666.272       53.7284       53.7284    
247  4.460      -176.189       163.715      -667.917       52.0829       52.0829    
248  4.470      -184.453       161.913      -669.545       50.4549       50.4549    
249  4.480      -191.741       160.035      -671.155       48.8453       48.8453    
250  4.490      -197.910       158.089      -672.745       47.2548       47.2548    
251  4.500      -202.815       156.088      -674.316       45.6840       45.6840    
252  4.510      -206.374       154.045      -675.867       44.1334       44.1334    
253  4.520      -208.511       151.974      -677.397       42.6034       42.6034    
254  4.530      -209.192       149.889      -678.906       41.0941       41.0941    
255  4.540      -208.448       147.805      -680.394       39.6056       39.6056    
256  4.550      -206.297       145.734      -681.862       38.1379       38.1379    
257  4.560      -202.829       143.692      -683.309       36.6907       36.6907    
258  4.570      -198.077       141.691      -684.736       35.2636       35.2636    
259  4.580      -192.181       139.743      -686.144       33.8563       33.8563    
260  4.590      -185.182       137.858      -687.532       32.4681       32.4681    
261  4.600      -177.105       136.050      -688.902       31.0984       31.0984    
262  4.610      -168.046       134.327      -690.254       29.7463       29.7463    
263  4.620      -158.000       132.699      -691.589       28.4108       28.4108    
264  4.630      -146.998       131.176      -692.909       27.0911       27.0911    
265  4.640      -135.053       129.768      -694.214       25.7861       25.7861    
266  4.650      -122.272       128.484      -695.505       24.4945       24.4945    
267  4.660      -108.633       127.331      -696.785       23.2151       23.2151    
268  4.670      -94.3489       126.318      -698.054       21.9464       21.9464    
269  4.680      -79.4756       125.451      -699.313       20.6872       20.6872    
270  4.690      -64.2246       124.733      -700.564       19.4359       19.4359    
271  4.700      -48.7750       124.169      -701.809       18.1910       18.1910    
272  4.710      -33.3433       123.759      -703.049       16.9509       16.9509    
273  4.720      -18.1016       123.501      -704.286       15.7141       15.7141    
274  4.730      -3.27555       123.394      -705.521       14.4792       14.4792    
275  4.740       10.9856       123.431      -706.755       13.2446       13.2446    
276  4.750       24.5089       123.607      -707.991       12.0090       12.0090    
277  4.760       37.1701       123.913      -709.229       10.7711       10.7711    
278  4.770       48.8475       124.341      -710.471       9.52941       9.52941    
279  4.780       59.4825       124.880      -711.717       8.28303       8.28303    
280  4.790       68.9678       125.520      -712.969       7.03076       7.03076    
281  4.800       77.2843       126.248      -714.228       5.77160       5.77160    
282  4.810       84.3864       127.053      -715.495       4.50485       4.50485    
283  4.820       90.2688       127.924      -716.770       3.22973       3.22973    
284  4.830       94.9280       128.847      -718.054       1.94576       1.94576    
285  4.840       98.3968       129.810      -719.348      0.652345      0.652345    
286  4.850       100.725       130.803      -720.651     -0.650800     -0.650800    
287  4.860       101.980       131.814      -721.964      -1.96395      -1.96395    
288  4.870       102.227       132.832      -723.287      -3.28725      -3.28725    
289  4.880       101.637       133.849      -724.621      -4.62067      -4.62067    
290  4.890       100.262       134.857      -725.964      -5.96425      -5.96425    
291  4.900       98.3075       135.848      -727.318      -7.31783      -7.31783    
292  4.910       95.8941       136.818      -728.681      -8.68114      -8.68114    
293  4.920       93.1831       137.762      -730.054      -10.0540      -10.0540    
294  4.930       90.3226       138.679      -731.436      -11.4361      -11.4361    
295  4.940       87.4699       139.568      -732.827      -12.8273      -12.8273    
296  4.950       84.7384       140.429      -734.227      -14.2273      -14.2273    
297  4.960       82.2628       141.265      -735.636      -15.6357      -15.6357    
298  4.970       80.1065       142.077      -737.052      -17.0524      -17.0524    
299  4.980       78.3585       142.871      -738.477      -18.4772      -18.4772    
300  4.990       77.0993       143.649      -739.910      -19.9097      -19.9097    
301  5.000       76.3032       144.417      -741.350      -21.3501      -21.3501    
302  5.010       76.0386       145.180      -742.798      -22.7981      -22.7981    
303  5.020       76.2858       145.943      -744.254      -24.2537      -24.2537    
304  5.030       77.0311       146.711      -745.717      -25.7170      -25.7170    
305  5.040       78.2567       147.489      -747.188      -27.1881      -27.1881    
306  5.050       79.9098       148.281      -748.667      -28.6670      -28.6670    
307  5.060       81.9901       149.091      -750.154      -30.1539      -30.1539    
308  5.070       84.3741       149.924      -751.649      -31.6490      -31.6490    
309  5.080       87.0923       150.782      -753.153      -33.1526      -33.1526    
310  5.090       89.9544       151.668      -754.665      -34.6650      -34.6650    
311  5.100       92.9844       152.583      -756.186      -36.1864      -36.1864    
312  5.110       96.0524       153.529      -757.717      -37.7170      -37.7170    
313  5.120       99.0873       154.504      -759.257      -39.2573      -39.2573    
314  5.130       101.977       155.509      -760.807      -40.8075      -40.8075    
315  5.140       104.700       156.542      -762.368      -42.3679      -42.3679    
316  5.150       107.106       157.601      -763.939      -43.9387      -43.9387    
317  5.160       109.184       158.682      -765.520      -45.5202      -45.5202    
318  5.170       110.850       159.781      -767.113      -47.1127      -47.1127    
319  5.180       112.033       160.894      -768.716      -48.7162      -48.7162    
320  5.190       112.715       162.017      -770.331      -50.3309      -50.3309    
321  5.200       112.856       163.143      -771.957      -51.9567      -51.9567    
322  5.210       112.414       164.268      -773.594      -53.5938      -53.5938    
323  5.220       111.375       165.386      -775.242      -55.2420      -55.2420    
324  5.230       109.776       166.490      -776.901      -56.9014      -56.9014    
325  5.240       107.546       167.575      -778.572      -58.5717      -58.5717    
326  5.250       104.782       168.635      -780.253      -60.2527      -60.2527    
327  5.260       101.483       169.665      -781.944      -61.9442      -61.9442    
328  5.270       97.6722       170.660      -783.646      -63.6458      -63.6458    
329  5.280       93.4231       171.614      -785.357      -65.3571      -65.3571    
330  5.290       88.8056       172.524      -787.078      -67.0777      -67.0777    
331  5.300       83.8434       173.387      -788.807      -68.8072      -68.8072    
332  5.310       78.6259       174.198      -790.545      -70.5451      -70.5451    
333  5.320       73.2164       174.957      -792.291      -72.2908      -72.2908    
334  5.330       67.6258       175.661      -794.044      -74.0438      -74.0438    
335  5.340       61.9846       176.309      -795.804      -75.8035      -75.8035    
336  5.350       56.2193       176.899      -797.569      -77.5694      -77.5694    
337  5.360       50.4535       177.433      -799.341      -79.3410      -79.3410    
338  5.370       44.6508       177.908      -801.118      -81.1176      -81.1176    
339  5.380       38.7960       178.325      -802.899      -82.8987      -82.8987    
340  5.390       32.9274       178.684      -804.684      -84.6836      -84.6836    
341  5.400       27.0171       178.983      -806.472      -86.4718      -86.4718    
342  5.410       21.0177       179.223      -808.263      -88.2627      -88.2627    
343  5.420       14.9019       179.403      -810.056      -90.0557      -90.0557    
344  5.430       8.66462       179.520      -811.850      -91.8502      -91.8502    
345  5.440       2.25134       179.575      -813.646      -93.6455      -93.6455    
346  5.450      -4.37713       179.563      -815.441      -95.4412      -95.4412    
347  5.460      -11.2532       179.485      -817.236      -97.2362      -97.2362    
348  5.470      -18.3984       179.336      -819.030      -99.0301      -99.0301    
349  5.480      -25.8671       179.114      -820.822      -100.822      -100.822    
350  5.490      -33.6630       178.815      -822.612      -102.612      -102.612    
351  5.500      -41.8267       178.437      -824.398      -104.398      -104.398    
352  5.510      -50.3483       177.975      -826.180      -106.180      -106.180    
353  5.520      -59.2736       177.426      -827.957      -107.957      -107.957    
354  5.530      -68.5449       176.786      -829.727      -109.727      -109.727    
355  5.540      -78.2067       176.051      -831.491      -111.491      -111.491    
356  5.550      -88.1597       175.219      -833.247      -113.247      -113.247    
357  5.560      -98.4410       174.285      -834.995      -114.995      -114.995    
358  5.570      -108.925       173.247      -836.732      -116.732      -116.732    
359  5.580      -119.565       172.104      -838.459      -118.459      -118.459    
360  5.590      -130.234       170.855      -840.173      -120.173      -120.173    
361  5.600      -140.842       169.500      -841.875      -121.875      -121.875    
362  5.610      -151.241       168.040      -843.562      -123.562      -123.562    
363  5.620      -161.272       166.478      -845.235      -125.235      -125.235    
364  5.630      -170.775       164.819      -846.891      -126.891      -126.891    
365  5.640      -179.570       163.068      -848.530      -128.530      -128.530    
366  5.650      -187.500       161.235      -850.151      -130.151      -130.151    
367  5.660      -194.399       159.328      -851.754      -131.754      -131.754    
368  5.670      -200.111       157.358      -853.338      -133.338      -133.338    
369  5.680      -204.525       155.338      -854.901      -134.901      -134.901    
370  5.690      -207.556       153.281      -856.444      -136.444      -136.444    
371  5.700      -209.141       151.201      -857.966      -137.966      -137.966    
372  5.710      -209.291       149.112      -859.468      -139.468      -139.468    
373  5.720      -207.992       147.029      -860.948      -140.948      -140.948    
374  5.730      -205.328       144.966      -862.409      -142.408      -142.408    
375  5.740      -201.370       142.936      -863.848      -143.848      -143.848    
376  5.750      -196.168       140.951      -865.268      -145.268      -145.268    
377  5.760      -189.815       139.024      -866.668      -146.668      -146.668    
378  5.770      -182.402       137.166      -868.049      -148.049      -148.049    
379  5.780      -173.929       135.387      -869.412      -149.412      -149.412    
380  5.790      -164.490       133.697      -870.757      -150.757      -150.757    
381  5.800      -154.049       132.107      -872.087      -152.087      -152.087    
382  5.810      -142.682       130.626      -873.401      -153.401      -153.401    
383  5.820      -130.378       129.263      -874.701      -154.701      -154.701    
384  5.830      -117.253       128.027      -875.987      -155.987      -155.987    
385  5.840      -103.338       126.926      -877.262      -157.262      -157.262    
386  5.850      -88.7838       125.967      -878.527      -158.527      -158.527    
387  5.860      -73.7209       125.156      -879.783      -159.783      -159.783    
388  5.870      -58.3779       124.496      -881.032      -161.032      -161.032    
389  5.880      -42.8666       123.991      -882.275      -162.275      -162.275    
390  5.890      -27.4854       123.639      -883.513      -163.514      -163.514    
391  5.900      -12.3521       123.439      -884.749      -164.749      -164.749    
392  5.910       2.27888       123.388      -885.984      -165.984      -165.984    
393  5.920       16.3027       123.479      -887.219      -167.219      -167.219    
394  5.930       29.5032       123.707      -888.455      -168.455      -168.455    
395  5.940       41.8321       124.061      -889.694      -169.694      -169.694    
396  5.950       53.1152       124.534      -890.938      -170.937      -170.937    
397  5.960       63.3195       125.113      -892.186      -172.186      -172.186    
398  5.970       72.3747       125.789      -893.441      -173.441      -173.441    
399  5.980       80.2322       126.549      -894.703      -174.703      -174.703    
400  5.990       86.8567       127.381      -895.973      -175.973      -175.973    
401  6.000       92.2866       128.274      -897.251      -177.251      -177.251    
402  6.010       96.4750       129.215      -898.539      -178.539      -178.539    
403  6.020       99.4936       130.192      -899.836      -179.836      -179.836    
404  6.030       101.401       131.193      -901.143       178.857       178.857    
405  6.040       102.257       132.209      -902.460       177.540       177.540    
406  6.050       102.166       133.229      -903.787       176.213       176.213    
407  6.060       101.235       134.244      -905.125       174.875       174.875    
408  6.070       99.6341       135.246      -906.472       173.528       173.528    
409  6.080       97.4741       136.230      -907.829       172.171       172.171    
410  6.090       94.9129       137.191      -909.196       170.804       170.804    
411  6.100       92.1351       138.125      -910.573       169.427       169.427    
412  6.110       89.2479       139.032      -911.959       168.041       168.041    
413  6.120       86.4313       139.910      -913.353       166.647       166.647    
414  6.130       83.7806       140.762      -914.757       165.243       165.243    
415  6.140       81.4055       141.588      -916.169       163.831       163.831    
416  6.150       79.4148       142.393      -917.588       162.412       162.412    
417  6.160       77.8410       143.180      -919.016       160.984       160.984    
418  6.170       76.7584       143.954      -920.452       159.548       159.548    
419  6.180       76.1718       144.720      -921.895       158.105       158.105    
420  6.190       76.1034       145.483      -923.346       156.654       156.654    
421  6.200       76.5407       146.247      -924.805       155.195       155.195    
422  6.210       77.4941       147.019      -926.271       153.729       153.729    
423  6.220       78.8780       147.802      -927.745       152.255       152.255    
424  6.230       80.7143       148.601      -929.227       150.773       150.773    
425  6.240       82.9281       149.420      -930.718       149.282       149.282    
426  6.250       85.4466       150.263      -932.216       147.784       147.784    
427  6.260       88.2268       151.132      -933.723       146.277       146.277    
428  6.270       91.1843       152.030      -935.239       144.761       144.761    
429  6.280       94.2451       152.957      -936.764       143.236       143.236    
430  6.290       97.2865       153.915      -938.299       141.701       141.701    
431  6.300       100.306       154.903      -939.843       140.157       140.157    
432  6.310       103.127       155.920      -941.397       138.603       138.603    
433  6.320       105.744       156.964      -942.962       137.038       137.038    
434  6.330       108.031       158.032      -944.537       135.463       135.463    
435  6.340       109.956       159.121      -946.123       133.877       133.877    
436  6.350       111.434       160.227      -947.719       132.281       132.281    
437  6.360       112.429       161.345      -949.327       130.673       130.673    
438  6.370       112.911       162.471      -950.946       129.054       129.054    
439  6.380       112.808       163.598      -952.577       127.423       127.423    
440  6.390       112.141       164.721      -954.218       125.782       125.782    
441  6.400       110.883       165.835      -955.871       124.129       124.129    
442  6.410       109.020       166.933      -957.535       122.465       122.465    
443  6.420       106.590       168.010      -959.209       120.791       120.791    
444  6.430       103.603       169.059      -960.895       119.105       119.105    
445  6.440       100.088       170.076      -962.590       117.410       117.410    
446  6.450       96.1076       171.056      -964.296       115.704       115.704    
447  6.460       91.7034       171.994      -966.011       113.989       113.989    
448  6.470       86.9291       172.886      -967.735       112.265       112.265    
449  6.480       81.8748       173.730      -969.468       110.532       110.532    
450  6.490       76.5654       174.521      -971.210       108.790       108.790    
451  6.500       71.0876       175.259      -972.958       107.042       107.042    
452  6.510       65.4671       175.941      -974.714       105.286       105.286    
453  6.520       59.7774       176.567      -976.477       103.523       103.523    
454  6.530       54.0173       177.136      -978.245       101.755       101.755    
455  6.540       48.2342       177.647      -980.019       99.9812       99.9812    
456  6.550       42.4074       178.100      -981.798       98.2025       98.2025    
457  6.560       36.5761       178.495      -983.580       96.4195       96.4195    
458  6.570       30.6710       178.831      -985.367       94.6330       94.6330    
459  6.580       24.7369       179.108      -987.157       92.8434       92.8434    
460  6.590       18.7081       179.325      -988.949       91.0512       91.0512    
461  6.600       12.5469       179.481      -990.743       89.2572       89.2572    
462  6.610       6.24704       179.575      -992.538       87.4622       87.4622    
463  6.620     -0.249959       179.604      -994.334       85.6663       85.6663    
464  6.630      -6.95385       179.568      -996.129       83.8706       83.8706    
465  6.640      -13.9474       179.463      -997.924       82.0755       82.0755    
466  6.650      -21.2173       179.286      -999.718       80.2818       80.2818    
467  6.660      -28.8117       179.035      -1001.51       78.4903       78.4903    
468  6.670      -36.7499       178.707      -1003.30       76.7018       76.7018    
469  6.680      -45.0615       178.297      -1005.08       74.9170       74.9170    
470  6.690      -53.7505       177.802      -1006.86       73.1367       73.1367    
471  6.700      -62.8047       177.218      -1008.64       71.3617       71.3617    
472  6.710      -72.2566       176.542      -1010.41       69.5932       69.5932    
473  6.720      -82.0416       175.769      -1012.17       67.8318       67.8318    
474  6.730      -92.1488       174.898      -1013.92       66.0786       66.0786    
475  6.740      -102.515       173.924      -1015.67       64.3348       64.3348    
476  6.750      -113.096       172.845      -1017.40       62.6011       62.6011    
477  6.760      -123.771       171.660      -1019.12       60.8788       60.8788    
478  6.770      -134.447       170.369      -1020.83       59.1690       59.1690    
479  6.780      -145.010       168.972      -1022.53       57.4726       57.4726    
480  6.790      -155.299       167.471      -1024.21       55.7905       55.7905    
481  6.800      -165.159       165.869      -1025.88       54.1241       54.1241    
482  6.810      -174.419       164.173      -1027.53       52.4740       52.4740    
483  6.820      -182.921       162.388      -1029.16       50.8413       50.8413    
484  6.830      -190.474       160.523      -1030.77       49.2269       49.2269    
485  6.840      -196.928       158.588      -1032.37       47.6314       47.6314    
486  6.850      -202.173       156.595      -1033.94       46.0556       46.0556    
487  6.860      -206.058       154.557      -1035.50       44.4999       44.4999    
488  6.870      -208.527       152.488      -1037.04       42.9648       42.9648    
489  6.880      -209.568       150.401      -1038.55       41.4504       41.4504    
490  6.890      -209.131       148.311      -1040.04       39.9568       39.9568    
491  6.900      -207.305       146.232      -1041.52       38.4840       38.4840    
492  6.910      -204.119       144.179      -1042.97       37.0319       37.0319    
493  6.920      -199.644       142.163      -1044.40       35.6000       35.6000    
494  6.930      -193.995       140.198      -1045.81       34.1881       34.1881    
495  6.940      -187.205       138.295      -1047.20       32.7954       32.7954    
496  6.950      -179.356       136.465      -1048.58       31.4214       31.4214    
497  6.960      -170.490       134.718      -1049.93       30.0653       30.0653    
498  6.970      -160.637       133.065      -1051.27       28.7261       28.7261    
499  6.980      -149.812       131.515      -1052.60       27.4030       27.4030    
500  6.990      -138.070       130.078      -1053.91       26.0948       26.0948    
501  7.000      -125.407       128.763      -1055.20       24.8004       24.8004    
502  7.010      -111.948       127.578      -1056.48       23.5184       23.5184    
503  7.020      -97.7433       126.532      -1057.75       22.2475       22.2475    
504  7.030      -82.9586       125.630      -1059.01       20.9864       20.9864    
505  7.040      -67.7487       124.877      -1060.27       19.7335       19.7335    
506  7.050      -52.2886       124.278      -1061.51       18.4873       18.4873    
507  7.060      -36.8084       123.833      -1062.75       17.2464       17.2464    
508  7.070      -21.4633       123.541      -1063.99       16.0092       16.0092    
509  7.080      -6.51067       123.401      -1065.23       14.7741       14.7741    
510  7.090       7.92892       123.407      -1066.46       13.5396       13.5396    
511  7.100       21.6407       123.553      -1067.70       12.3044       12.3044    
512  7.110       34.5218       123.832      -1068.93       11.0671       11.0671    
513  7.120       46.4659       124.235      -1070.17       9.82640       9.82640    
514  7.130       57.3272       124.751      -1071.42       8.58112       8.58112    
515  7.140       67.1006       125.371      -1072.67       7.33016       7.33016    
516  7.150       75.6833       126.082      -1073.93       6.07253       6.07253    
517  7.160       83.0618       126.872      -1075.19       4.80747       4.80747    
518  7.170       89.2216       127.731      -1076.47       3.53432       3.53432    
519  7.180       94.1327       128.645      -1077.75       2.25221       2.25221    
520  7.190       97.8823       129.602      -1079.04      0.960814      0.960814    
521  7.200       100.433       130.590      -1080.34     -0.340310     -0.340310    
522  7.210       101.924       131.599      -1081.65      -1.65127      -1.65127    
523  7.220       102.367       132.618      -1082.97      -2.97250      -2.97250    
524  7.230       101.948       133.637      -1084.30      -4.30390      -4.30390    
525  7.240       100.713       134.649      -1085.65      -5.64535      -5.64535    
526  7.250       98.8776       135.645      -1087.00      -6.99685      -6.99685    
527  7.260       96.5405       136.621      -1088.36      -8.35819      -8.35819    
528  7.270       93.8621       137.572      -1089.73      -9.72914      -9.72914    
529  7.280       91.0279       138.495      -1091.11      -11.1094      -11.1094    
530  7.290       88.1389       139.391      -1092.50      -12.4988      -12.4988    
531  7.300       85.3805       140.259      -1093.90      -13.8970      -13.8970    
532  7.310       82.8249       141.100      -1095.30      -15.3038      -15.3038    
533  7.320       80.5955       141.918      -1096.72      -16.7188      -16.7188    
534  7.330       78.7587       142.716      -1098.14      -18.1420      -18.1420    
535  7.340       77.3752       143.497      -1099.57      -19.5730      -19.5730    
536  7.350       76.4957       144.268      -1101.01      -21.0119      -21.0119    
537  7.360       76.1133       145.032      -1102.46      -22.4584      -22.4584    
538  7.370       76.2535       145.795      -1103.91      -23.9125      -23.9125    
539  7.380       76.8923       146.562      -1105.37      -25.3743      -25.3743    
540  7.390       78.0329       147.338      -1106.84      -26.8438      -26.8438    
541  7.400       79.6069       148.128      -1108.32      -28.3212      -28.3212    
542  7.410       81.5984       148.935      -1109.81      -29.8066      -29.8066    
543  7.420       83.9521       149.763      -1111.30      -31.3002      -31.3002    
544  7.430       86.5720       150.617      -1112.80      -32.8021      -32.8021    
545  7.440       89.4648       151.498      -1114.31      -34.3127      -34.3127    
546  7.450       92.4414       152.408      -1115.83      -35.8323      -35.8323    
547  7.460       95.5265       153.348      -1117.36      -37.3610      -37.3610    
548  7.470       98.5864       154.318      -1118.90      -38.8994      -38.8994    
549  7.480       101.512       155.319      -1120.45      -40.4477      -40.4477    
550  7.490       104.274       156.347      -1122.01      -42.0062      -42.0062    
551  7.500       106.763       157.402      -1123.58      -43.5751      -43.5751    
552  7.510       108.922       158.480      -1125.15      -45.1547      -45.1547    
553  7.520       110.669       159.577      -1126.75      -46.7451      -46.7451    
554  7.530       111.959       160.689      -1128.35      -48.3465      -48.3465    
555  7.540       112.755       161.811      -1129.96      -49.9591      -49.9591    
556  7.550       112.986       162.939      -1131.58      -51.5829      -51.5829    
557  7.560       112.689       164.066      -1133.22      -53.2180      -53.2180    
558  7.570       111.749       165.186      -1134.86      -54.8643      -54.8643    
559  7.580       110.269       166.295      -1136.52      -56.5218      -56.5218    
560  7.590       108.161       167.386      -1138.19      -58.1903      -58.1903    
561  7.600       105.505       168.453      -1139.87      -59.8695      -59.8695    
562  7.610       102.299       169.490      -1141.56      -61.5592      -61.5592    
563  7.620       98.5757       170.494      -1143.26      -63.2591      -63.2591    
564  7.630       94.4504       171.458      -1144.97      -64.9689      -64.9689    
565  7.640       89.8489       172.378      -1146.69      -66.6880      -66.6880    
566  7.650       84.9706       173.251      -1148.42      -68.4160      -68.4160    
567  7.660       79.8172       174.074      -1150.15      -70.1525      -70.1525    
568  7.670       74.4182       174.845      -1151.90      -71.8970      -71.8970    
569  7.680       68.8848       175.561      -1153.65      -73.6489      -73.6489    
570  7.690       63.2344       176.221      -1155.41      -75.4077      -75.4077    
571  7.700       57.5180       176.825      -1157.17      -77.1728      -77.1728    
572  7.710       51.7475       177.371      -1158.94      -78.9437      -78.9437    
573  7.720       45.9470       177.859      -1160.72      -80.7197      -80.7197    
574  7.730       40.1267       178.290      -1162.50      -82.5004      -82.5004    
575  7.740       34.2640       178.662      -1164.29      -84.2851      -84.2851    
576  7.750       28.3665       178.975      -1166.07      -86.0731      -86.0731    
577  7.760       22.3859       179.228      -1167.86      -87.8640      -87.8640    
578  7.770       16.3147       179.422      -1169.66      -89.6571      -89.6571    
579  7.780       10.1084       179.553      -1171.45      -91.4519      -91.4519    
580  7.790       3.72587       179.622      -1173.25      -93.2476      -93.2476    
581  7.800      -2.84720       179.626      -1175.04      -95.0437      -95.0437    
582  7.810      -9.67300       179.563      -1176.84      -96.8395      -96.8395    
583  7.820      -16.7582       179.430      -1178.63      -98.6345      -98.6345    
584  7.830      -24.1724       179.225      -1180.43      -100.428      -100.428    
585  7.840      -31.8902       178.944      -1182.22      -102.218      -102.218    
586  7.850      -40.0075       178.583      -1184.01      -104.006      -104.006    
587  7.860      -48.4529       178.140      -1185.79      -105.789      -105.789    
588  7.870      -57.3184       177.610      -1187.57      -107.568      -107.568    
589  7.880      -66.5307       176.990      -1189.34      -109.341      -109.341    
590  7.890      -76.1300       176.276      -1191.11      -111.107      -111.107    
591  7.900      -86.0726       175.464      -1192.87      -112.865      -112.865    
592  7.910      -96.3008       174.551      -1194.62      -114.615      -114.615    
593  7.920      -106.778       173.535      -1196.36      -116.355      -116.355    
594  7.930      -117.416       172.414      -1198.09      -118.085      -118.085    
595  7.940      -128.133       171.186      -1199.80      -119.803      -119.803    
596  7.950      -138.799       169.851      -1201.51      -121.508      -121.508    
597  7.960      -149.283       168.411      -1203.20      -123.199      -123.199    
598  7.970      -159.433       166.868      -1204.87      -124.875      -124.875    
599  7.980      -169.097       165.226      -1206.54      -126.535      -126.535    
600  7.990      -178.086       163.492      -1208.18      -128.178      -128.178    
601  8.000      -186.248       161.672      -1209.80      -129.804      -129.804    
602  8.010      -193.375       159.776      -1211.41      -131.411      -131.411    
603  8.020      -199.396       157.815      -1213.00      -132.999      -132.999    
604  8.030      -204.095       155.800      -1214.57      -134.567      -134.567    
605  8.040      -207.437       153.746      -1216.11      -136.114      -136.114    
606  8.050      -209.329       151.666      -1217.64      -137.641      -137.641    
607  8.060      -209.784       149.574      -1219.15      -139.147      -139.147    
608  8.070      -208.783       147.484      -1220.63      -140.633      -140.633    
609  8.080      -206.387       145.412      -1222.10      -142.098      -142.098    
610  8.090      -202.676       143.370      -1223.54      -143.542      -143.542    
611  8.100      -197.706       141.371      -1224.97      -144.965      -144.965    
612  8.110      -191.584       139.428      -1226.37      -146.370      -146.370    
613  8.120      -184.349       137.551      -1227.75      -147.755      -147.755    
614  8.130      -176.059       135.751      -1229.12      -149.122      -149.122    
615  8.140      -166.791       134.040      -1230.47      -150.471      -150.471    
616  8.150      -156.522       132.426      -1231.80      -151.804      -151.804    
617  8.160      -145.300       130.919      -1233.12      -153.120      -153.120    
618  8.170      -133.166       129.529      -1234.42      -154.423      -154.423    
619  8.180      -120.160       128.264      -1235.71      -155.712      -155.712    
620  8.190      -106.352       127.134      -1236.99      -156.990      -156.990    
621  8.200      -91.8917       126.144      -1238.26      -158.257      -158.257    
622  8.210      -76.8749       125.302      -1239.51      -159.514      -159.514    
623  8.220      -61.5271       124.611      -1240.76      -160.764      -160.764    
624  8.230      -46.0291       124.074      -1242.01      -162.008      -162.008    
625  8.240      -30.5391       123.691      -1243.25      -163.248      -163.248    
626  8.250      -15.3328       123.462      -1244.48      -164.484      -164.484    
627  8.260     -0.543327       123.381      -1245.72      -165.718      -165.718    
628  8.270       13.6242       123.445      -1246.95      -166.953      -166.953    
629  8.280       27.0458       123.647      -1248.19      -168.189      -168.189    
630  8.290       39.5486       123.978      -1249.43      -169.427      -169.427    
631  8.300       51.0816       124.429      -1250.67      -170.669      -170.669    
632  8.310       61.5127       124.989      -1251.92      -171.917      -171.917    
633  8.320       70.8049       125.648      -1253.17      -173.170      -173.170    
634  8.330       78.9152       126.394      -1254.43      -174.430      -174.430    
635  8.340       85.7928       127.214      -1255.70      -175.699      -175.699    
636  8.350       91.4428       128.097      -1256.98      -176.976      -176.976    
637  8.360       95.8835       129.031      -1258.26      -178.261      -178.261    
638  8.370       99.1289       130.003      -1259.56      -179.557      -179.557    
639  8.380       101.230       131.002      -1260.86       179.138       179.138    
640  8.390       102.288       132.017      -1262.18       177.823       177.823    
641  8.400       102.362       133.038      -1263.50       176.498       176.498    
642  8.410       101.582       134.055      -1264.84       175.162       175.162    
643  8.420       100.078       135.061      -1266.18       173.816       173.816    
644  8.430       98.0199       136.050      -1267.54       172.461       172.461    
645  8.440       95.5081       137.017      -1268.90       171.095       171.095    
646  8.450       92.7612       137.957      -1270.28       169.721       169.721    
647  8.460       89.8736       138.870      -1271.66       168.337       168.337    
648  8.470       87.0193       139.754      -1273.06       166.943       166.943    
649  8.480       84.3341       140.611      -1274.46       165.542       165.542    
650  8.490       81.8927       141.443      -1275.87       164.131       164.131    
651  8.500       79.8243       142.252      -1277.29       162.713       162.713    
652  8.510       78.1624       143.043      -1278.71       161.287       161.287    
653  8.520       76.9881       143.820      -1280.15       159.852       159.852    
654  8.530       76.3040       144.588      -1281.59       158.410       158.410    
655  8.540       76.1431       145.351      -1283.04       156.961       156.961    
656  8.550       76.5040       146.116      -1284.50       155.503       155.503    
657  8.560       77.3462       146.886      -1285.96       154.038       154.038    
658  8.570       78.6751       147.668      -1287.43       152.565       152.565    
659  8.580       80.4239       148.464      -1288.92       151.085       151.085    
660  8.590       82.5874       149.281      -1290.40       149.596       149.596    
661  8.600       85.0628       150.120      -1291.90       148.099       148.099    
662  8.610       87.8020       150.985      -1293.41       146.593       146.593    
663  8.620       90.7421       151.878      -1294.92       145.079       145.079    
664  8.630       93.7914       152.801      -1296.44       143.555       143.555    
665  8.640       96.8693       153.755      -1297.98       142.022       142.022    
666  8.650       99.8841       154.738      -1299.52       140.480       140.480    
667  8.660       102.771       155.752      -1301.07       138.927       138.927    
668  8.670       105.414       156.792      -1302.64       137.364       137.364    
669  8.680       107.784       157.857      -1304.21       135.791       135.791    
670  8.690       109.764       158.944      -1305.79       134.207       134.207    
671  8.700       111.343       160.049      -1307.39       132.612       132.612    
672  8.710       112.429       161.167      -1308.99       131.006       131.006    
673  8.720       112.987       162.293      -1310.61       129.389       129.389    
674  8.730       113.003       163.421      -1312.24       127.760       127.760    
675  8.740       112.441       164.547      -1313.88       126.120       126.120    
676  8.750       111.266       165.664      -1315.53       124.469       124.469    
677  8.760       109.521       166.767      -1317.19       122.807       122.807    
678  8.770       107.187       167.849      -1318.87       121.134       121.134    
679  8.780       104.282       168.905      -1320.55       119.450       119.450    
680  8.790       100.863       169.929      -1322.24       117.756       117.756    
681  8.800       96.9589       170.917      -1323.95       116.052       116.052    
682  8.810       92.6230       171.864      -1325.66       114.338       114.338    
683  8.820       87.9120       172.765      -1327.39       112.615       112.615    
684  8.830       82.8950       173.619      -1329.12       110.883       110.883    
685  8.840       77.6309       174.421      -1330.86       109.143       109.143    
686  8.850       72.1834       175.169      -1332.60       107.395       107.395    
687  8.860       66.5888       175.863      -1334.36       105.640       105.640    
688  8.870       60.9172       176.500      -1336.12       103.878       103.878    
689  8.880       55.1716       177.080      -1337.89       102.110       102.110    
690  8.890       49.4017       177.603      -1339.66       100.337       100.337    
691  8.900       43.5847       178.068      -1341.44       98.5585       98.5585    
692  8.910       37.7575       178.474      -1343.22       96.7759       96.7759    
693  8.920       31.8955       178.823      -1345.01       94.9895       94.9895    
694  8.930       25.9533       179.112      -1346.80       93.2000       93.2000    
695  8.940       19.9498       179.341      -1348.59       91.4079       91.4079    
696  8.950       13.8274       179.510      -1350.39       89.6138       89.6138    
697  8.960       7.56303       179.616      -1352.18       87.8182       87.8182    
698  8.970       1.09594       179.659      -1353.98       86.0219       86.0219    
699  8.980      -5.56522       179.636      -1355.77       84.2255       84.2255    
700  8.990      -12.5158       179.545      -1357.57       82.4296       82.4296    
701  9.000      -19.7088       179.384      -1359.36       80.6351       80.6351    
702  9.010      -27.2716       179.148      -1361.16       78.8425       78.8425    
703  9.020      -35.1486       178.835      -1362.95       77.0528       77.0528    
704  9.030      -43.4045       178.441      -1364.73       75.2667       75.2667    
705  9.040      -52.0276       177.963      -1366.52       73.4848       73.4848    
706  9.050      -61.0473       177.397      -1368.29       71.7082       71.7082    
707  9.060      -70.4395       176.739      -1370.06       69.9378       69.9378    
708  9.070      -80.1882       175.984      -1371.83       68.1744       68.1744    
709  9.080      -90.2722       175.131      -1373.58       66.4191       66.4191    
710  9.090      -100.616       174.176      -1375.33       64.6729       64.6729    
711  9.100      -111.198       173.116      -1377.06       62.9366       62.9366    
712  9.110      -121.890       171.951      -1378.79       61.2115       61.2115    
713  9.120      -132.618       170.678      -1380.50       59.4984       59.4984    
714  9.130      -143.246       169.298      -1382.20       57.7989       57.7989    
715  9.140      -153.623       167.815      -1383.89       56.1135       56.1135    
716  9.150      -163.611       166.229      -1385.56       54.4436       54.4436    
717  9.160      -173.039       164.547      -1387.21       52.7900       52.7900    
718  9.170      -181.712       162.775      -1388.85       51.1536       51.1536    
719  9.180      -189.483       160.921      -1390.46       49.5353       49.5353    
720  9.190      -196.190       158.995      -1392.06       47.9359       47.9359    
721  9.200      -201.671       157.009      -1393.64       46.3560       46.3560    
722  9.210      -205.836       154.974      -1395.20       44.7962       44.7962    
723  9.220      -208.587       152.905      -1396.74       43.2568       43.2568    
724  9.230      -209.898       150.816      -1398.26       41.7383       41.7383    
725  9.240      -209.732       148.722      -1399.76       40.2407       40.2407    
726  9.250      -208.152       146.636      -1401.24       38.7640       38.7640    
727  9.260      -205.208       144.573      -1402.69       37.3079       37.3079    
728  9.270      -200.948       142.545      -1404.13       35.8722       35.8722    
729  9.280      -195.482       140.566      -1405.54       34.4566       34.4566    
730  9.290      -188.886       138.647      -1406.94       33.0605       33.0605    
731  9.300      -181.193       136.799      -1408.32       31.6831       31.6831    
732  9.310      -172.487       135.034      -1409.68       30.3238       30.3238    
733  9.320      -162.787       133.360      -1411.02       28.9816       28.9816    
734  9.330      -152.094       131.788      -1412.34       27.6556       27.6556    
735  9.340      -140.478       130.327      -1413.66       26.3446       26.3446    
736  9.350      -127.953       128.987      -1414.95       25.0477       25.0477    
737  9.360      -114.581       127.777      -1416.24       23.7637       23.7637    
738  9.370      -100.474       126.704      -1417.51       22.4908       22.4908    
739  9.380      -85.7418       125.774      -1418.77       21.2281       21.2281    
740  9.390      -70.5594       124.994      -1420.03       19.9738       19.9738    
741  9.400      -55.0943       124.367      -1421.27       18.7266       18.7266    
742  9.410      -39.5621       123.894      -1422.52       17.4849       17.4849    
743  9.420      -24.1525       123.575      -1423.75       16.2472       16.2472    
744  9.430      -9.07817       123.408      -1424.99       15.0118       15.0118    
745  9.440       5.48215       123.389      -1426.22       13.7775       13.7775    
746  9.450       19.3640       123.512      -1427.46       12.5426       12.5426    
747  9.460       32.4317       123.769      -1428.69       11.3058       11.3058    
748  9.470       44.5442       124.152      -1429.93       10.0659       10.0659    
749  9.480       55.6450       124.650      -1431.18       8.82150       8.82150    
750  9.490       65.6013       125.254      -1432.43       7.57163       7.57163    
751  9.500       74.4088       125.951      -1433.68       6.31521       6.31521    
752  9.510       82.0120       126.730      -1434.95       5.05146       5.05146    
753  9.520       88.3744       127.579      -1436.22       3.77962       3.77962    
754  9.530       93.5213       128.486      -1437.50       2.49904       2.49904    
755  9.540       97.4571       129.438      -1438.79       1.20940       1.20940    
756  9.550       100.202       130.423      -1440.09     -0.900893E-01 -0.900893E-01
757  9.560       101.864       131.430      -1441.40      -1.39941      -1.39941    
758  9.570       102.486       132.449      -1442.72      -2.71889      -2.71889    
759  9.580       102.185       133.470      -1444.05      -4.04865      -4.04865    
760  9.590       101.080       134.485      -1445.39      -5.38846      -5.38846    
761  9.600       99.3214       135.485      -1446.74      -6.73843      -6.73843    
762  9.610       97.0471       136.465      -1448.10      -8.09813      -8.09813    
763  9.620       94.4200       137.421      -1449.47      -9.46745      -9.46745    
764  9.630       91.5716       138.351      -1450.85      -10.8462      -10.8462    
765  9.640       88.6997       139.252      -1452.23      -12.2341      -12.2341    
766  9.650       85.8940       140.125      -1453.63      -13.6309      -13.6309    
767  9.660       83.2902       140.971      -1455.04      -15.0364      -15.0364    
768  9.670       81.0017       141.793      -1456.45      -16.4502      -16.4502    
769  9.680       79.0906       142.595      -1457.87      -17.8722      -17.8722    
770  9.690       77.6355       143.379      -1459.30      -19.3020      -19.3020    
771  9.700       76.6505       144.152      -1460.74      -20.7398      -20.7398    
772  9.710       76.2128       144.917      -1462.19      -22.1853      -22.1853    
773  9.720       76.2605       145.681      -1463.64      -23.6383      -23.6383    
774  9.730       76.8222       146.448      -1465.10      -25.0990      -25.0990    
775  9.740       77.8878       147.223      -1466.57      -26.5673      -26.5673    
776  9.750       79.4020       148.010      -1468.04      -28.0435      -28.0435    
777  9.760       81.3361       148.815      -1469.53      -29.5277      -29.5277    
778  9.770       83.6363       149.641      -1471.02      -31.0201      -31.0201    
779  9.780       86.2445       150.491      -1472.52      -32.5209      -32.5209    
780  9.790       89.0805       151.368      -1474.03      -34.0304      -34.0304    
781  9.800       92.0820       152.275      -1475.55      -35.5488      -35.5488    
782  9.810       95.1571       153.211      -1477.08      -37.0763      -37.0763    
783  9.820       98.2146       154.178      -1478.61      -38.6134      -38.6134    
784  9.830       101.197       155.175      -1480.16      -40.1604      -40.1604    
785  9.840       103.979       156.201      -1481.72      -41.7174      -41.7174    
786  9.850       106.544       157.253      -1483.28      -43.2849      -43.2849    
787  9.860       108.732       158.329      -1484.86      -44.8629      -44.8629    
788  9.870       110.561       159.424      -1486.45      -46.4518      -46.4518    
789  9.880       111.933       160.536      -1488.05      -48.0516      -48.0516    
790  9.890       112.804       161.658      -1489.66      -49.6626      -49.6626    
791  9.900       113.126       162.786      -1491.28      -51.2849      -51.2849    
792  9.910       112.899       163.915      -1492.92      -52.9185      -52.9185    
793  9.920       112.074       165.039      -1494.56      -54.5633      -54.5633    
794  9.930       110.656       166.151      -1496.22      -56.2193      -56.2193    
795  9.940       108.649       167.246      -1497.89      -57.8862      -57.8862    
796  9.950       106.072       168.318      -1499.56      -59.5639      -59.5639    
797  9.960       102.937       169.362      -1501.25      -61.2522      -61.2522    
798  9.970       99.2921       170.372      -1502.95      -62.9508      -62.9508    
799  9.980       95.2181       171.343      -1504.66      -64.6594      -64.6594    
800  9.990       90.6874       172.271      -1506.38      -66.3775      -66.3775    
801  10.00       85.8536       173.153      -1508.10      -68.1046      -68.1046    
