# Mowe_temp                                                                       
# Operating point sequence...
# i     t     dWx ang.acc.  Wx rot.rate   Phi   (bank)  Phi[ 2]       Phi[ 3]      
  1  2.000       4.23610       90.4852      -136.595      -136.595      -136.595    
  2  2.010       4.16003       90.5268      -137.501      -137.501      -137.501    
  3  2.020       4.08207       90.5679      -138.406      -138.406      -138.406    
  4  2.030       4.00790       90.6083      -139.312      -139.312      -139.312    
  5  2.040       3.93419       90.6480      -140.218      -140.218      -140.218    
  6  2.050       3.86197       90.6870      -141.125      -141.125      -141.125    
  7  2.060       3.79097       90.7252      -142.032      -142.032      -142.032    
  8  2.070       3.72147       90.7628      -142.940      -142.940      -142.940    
  9  2.080       3.65302       90.7997      -143.847      -143.847      -143.847    
 10  2.090       3.58574       90.8359      -144.756      -144.756      -144.756    
 11  2.100       3.52011       90.8714      -145.664      -145.664      -145.664    
 12  2.110       3.45538       90.9063      -146.573      -146.573      -146.573    
 13  2.120       3.39189       90.9405      -147.482      -147.482      -147.482    
 14  2.130       3.32984       90.9741      -148.392      -148.392      -148.392    
 15  2.140       3.26865       91.0071      -149.302      -149.302      -149.302    
 16  2.150       3.20863       91.0395      -150.212      -150.212      -150.212    
 17  2.160       3.14969       91.0713      -151.122      -151.122      -151.122    
 18  2.170       3.09188       91.1025      -152.033      -152.033      -152.033    
 19  2.180       3.03490       91.1331      -152.944      -152.944      -152.944    
 20  2.190       2.97948       91.1632      -153.856      -153.856      -153.856    
 21  2.200       2.92448       91.1927      -154.768      -154.768      -154.768    
 22  2.210       2.87089       91.2217      -155.680      -155.680      -155.680    
 23  2.220       2.81800       91.2501      -156.592      -156.592      -156.592    
 24  2.230       2.76617       91.2780      -157.505      -157.505      -157.505    
 25  2.240       2.71555       91.3054      -158.418      -158.418      -158.418    
 26  2.250       2.66577       91.3323      -159.331      -159.331      -159.331    
 27  2.260       2.61669       91.3587      -160.244      -160.244      -160.244    
 28  2.270       2.56885       91.3847      -161.158      -161.158      -161.158    
 29  2.280       2.52129       91.4101      -162.072      -162.072      -162.072    
 30  2.290       2.47516       91.4351      -162.986      -162.986      -162.986    
 31  2.300       2.42947       91.4596      -163.901      -163.901      -163.901    
 32  2.310       2.38504       91.4837      -164.815      -164.815      -164.815    
 33  2.320       2.34151       91.5073      -165.730      -165.730      -165.730    
 34  2.330       2.29824       91.5305      -166.645      -166.645      -166.645    
 35  2.340       2.25600       91.5533      -167.561      -167.561      -167.561    
 36  2.350       2.21460       91.5756      -168.477      -168.477      -168.477    
 37  2.360       2.17409       91.5976      -169.392      -169.392      -169.392    
 38  2.370       2.13419       91.6191      -170.308      -170.308      -170.308    
 39  2.380       2.09505       91.6403      -171.225      -171.225      -171.225    
 40  2.390       2.05637       91.6610      -172.141      -172.141      -172.141    
 41  2.400       2.01856       91.6814      -173.058      -173.058      -173.058    
 42  2.410       1.98156       91.7014      -173.975      -173.975      -173.975    
 43  2.420       1.94537       91.7210      -174.892      -174.892      -174.892    
 44  2.430       1.90932       91.7403      -175.809      -175.809      -175.809    
 45  2.440       1.87444       91.7592      -176.727      -176.727      -176.727    
 46  2.450       1.83978       91.7778      -177.644      -177.644      -177.644    
 47  2.460       1.80597       91.7960      -178.562      -178.562      -178.562    
 48  2.470       1.77317       91.8139      -179.480      -179.480      -179.480    
 49  2.480       1.74042       91.8315      -180.399       179.601       179.601    
 50  2.490       1.70843       91.8487      -181.317       178.683       178.683    
 51  2.500       1.67705       91.8656      -182.236       177.764       177.764    
 52  2.510       1.64640       91.8822      -183.154       176.846       176.846    
 53  2.520       1.61627       91.8986      -184.073       175.927       175.927    
 54  2.530       1.58660       91.9146      -184.992       175.008       175.008    
 55  2.540       1.55703       91.9303      -185.911       174.089       174.089    
 56  2.550       1.52866       91.9457      -186.831       173.169       173.169    
 57  2.560       1.50059       91.9608      -187.750       172.250       172.250    
 58  2.570       1.47285       91.9757      -188.670       171.330       171.330    
 59  2.580       1.44604       91.9903      -189.590       170.410       170.410    
 60  2.590       1.41948       92.0046      -190.510       169.490       169.490    
 61  2.600       1.39319       92.0187      -191.430       168.570       168.570    
 62  2.610       1.36755       92.0325      -192.350       167.650       167.650    
 63  2.620       1.34260       92.0461      -193.271       166.729       166.729    
 64  2.630       1.31794       92.0594      -194.191       165.809       165.809    
 65  2.640       1.29366       92.0724      -195.112       164.888       164.888    
 66  2.650       1.27016       92.0852      -196.033       163.967       163.967    
 67  2.660       1.24673       92.0978      -196.953       163.047       163.047    
 68  2.670       1.22388       92.1102      -197.874       162.126       162.126    
 69  2.680       1.20124       92.1223      -198.796       161.204       161.204    
 70  2.690       1.17903       92.1342      -199.717       160.283       160.283    
 71  2.700       1.15738       92.1459      -200.638       159.362       159.362    
 72  2.710       1.13638       92.1573      -201.560       158.440       158.440    
 73  2.720       1.11541       92.1686      -202.481       157.519       157.519    
 74  2.730       1.09529       92.1797      -203.403       156.597       156.597    
 75  2.740       1.07496       92.1905      -204.325       155.675       155.675    
 76  2.750       1.05533       92.2012      -205.247       154.753       154.753    
 77  2.760       1.03576       92.2116      -206.169       153.831       153.831    
 78  2.770       1.01680       92.2219      -207.091       152.909       152.909    
 79  2.780      0.998291       92.2319      -208.013       151.987       151.987    
 80  2.790      0.979723       92.2418      -208.936       151.064       151.064    
 81  2.800      0.961732       92.2515      -209.858       150.142       150.142    
 82  2.810      0.944021       92.2611      -210.781       149.219       149.219    
 83  2.820      0.926696       92.2704      -211.703       148.297       148.297    
 84  2.830      0.909905       92.2796      -212.626       147.374       147.374    
 85  2.840      0.893091       92.2886      -213.549       146.451       146.451    
 86  2.850      0.876802       92.2975      -214.472       145.528       145.528    
 87  2.860      0.860491       92.3061      -215.395       144.605       144.605    
 88  2.870      0.844683       92.3147      -216.318       143.682       143.682    
 89  2.880      0.829280       92.3230      -217.241       142.759       142.759    
 90  2.890      0.813994       92.3312      -218.165       141.835       141.835    
 91  2.900      0.799140       92.3393      -219.088       140.912       140.912    
 92  2.910      0.784451       92.3472      -220.011       139.989       139.989    
 93  2.920      0.769866       92.3550      -220.935       139.065       139.065    
 94  2.930      0.755912       92.3626      -221.858       138.142       138.142    
 95  2.940      0.742057       92.3701      -222.782       137.218       137.218    
 96  2.950      0.728352       92.3775      -223.706       136.294       136.294    
 97  2.960      0.715046       92.3847      -224.630       135.370       135.370    
 98  2.970      0.702022       92.3918      -225.553       134.447       134.447    
 99  2.980      0.688988       92.3987      -226.477       133.523       133.523    
100  2.990      0.676260       92.4055      -227.401       132.599       132.599    
101  3.000      0.663820       92.4122      -228.325       131.675       131.675    
102  3.010      0.651610       92.4188      -229.250       130.750       130.750    
103  3.020      0.639930       92.4252      -230.174       129.826       129.826    
104  3.030      0.627921       92.4316      -231.098       128.902       128.902    
105  3.040      0.616509       92.4378      -232.022       127.978       127.978    
106  3.050      0.605127       92.4439      -232.947       127.053       127.053    
107  3.060      0.593995       92.4499      -233.871       126.129       126.129    
108  3.070      0.583146       92.4558      -234.796       125.204       125.204    
109  3.080      0.572454       92.4615      -235.720       124.280       124.280    
110  3.090      0.561903       92.4672      -236.645       123.355       123.355    
111  3.100      0.551610       92.4728      -237.570       122.430       122.430    
112  3.110      0.541480       92.4782      -238.494       121.506       121.506    
113  3.120      0.531555       92.4836      -239.419       120.581       120.581    
114  3.130      0.521811       92.4889      -240.344       119.656       119.656    
115  3.140      0.512148       92.4940      -241.269       118.731       118.731    
116  3.150      0.502832       92.4991      -242.194       117.806       117.806    
117  3.160      0.493603       92.5041      -243.119       116.881       116.881    
118  3.170      0.484614       92.5090      -244.044       115.956       115.956    
119  3.180      0.475709       92.5138      -244.969       115.031       115.031    
120  3.190      0.466879       92.5185      -245.894       114.106       114.106    
121  3.200      0.458319       92.5231      -246.819       113.181       113.181    
122  3.210      0.449906       92.5276      -247.745       112.255       112.255    
123  3.220      0.441659       92.5321      -248.670       111.330       111.330    
124  3.230      0.433513       92.5365      -249.595       110.405       110.405    
125  3.240      0.425606       92.5408      -250.521       109.479       109.479    
126  3.250      0.417805       92.5450      -251.446       108.554       108.554    
127  3.260      0.410166       92.5491      -252.372       107.628       107.628    
128  3.270      0.402585       92.5532      -253.297       106.703       106.703    
129  3.280      0.395168       92.5572      -254.223       105.777       105.777    
130  3.290      0.387917       92.5611      -255.148       104.852       104.852    
131  3.300      0.380755       92.5649      -256.074       103.926       103.926    
132  3.310      0.373787       92.5687      -256.999       103.001       103.001    
133  3.320      0.366985       92.5724      -257.925       102.075       102.075    
134  3.330      0.360213       92.5760      -258.851       101.149       101.149    
135  3.340      0.353595       92.5796      -259.777       100.223       100.223    
136  3.350      0.347145       92.5831      -260.702       99.2977       99.2977    
137  3.360      0.340772       92.5865      -261.628       98.3718       98.3718    
138  3.370      0.334515       92.5899      -262.554       97.4459       97.4459    
139  3.380      0.328330       92.5932      -263.480       96.5200       96.5200    
140  3.390      0.322323       92.5965      -264.406       95.5941       95.5941    
141  3.400      0.316399       92.5996      -265.332       94.6681       94.6681    
142  3.410      0.310594       92.6028      -266.258       93.7421       93.7421    
143  3.420      0.304872       92.6059      -267.184       92.8160       92.8160    
144  3.430      0.299284       92.6089      -268.110       91.8900       91.8900    
145  3.440      0.293780       92.6118      -269.036       90.9639       90.9639    
146  3.450      0.288395       92.6148      -269.962       90.0378       90.0378    
147  3.460      0.283118       92.6176      -270.888       89.1116       89.1116    
148  3.470      0.277918       92.6204      -271.815       88.1854       88.1854    
149  3.480      0.272840       92.6231      -272.741       87.2592       87.2592    
150  3.490      0.267835       92.6258      -273.667       86.3330       86.3330    
151  3.500      0.262911       92.6285      -274.593       85.4067       85.4067    
152  3.510      0.258097       92.6311      -275.520       84.4804       84.4804    
153  3.520      0.253341       92.6336      -276.446       83.5541       83.5541    
154  3.530      0.248755       92.6361      -277.372       82.6278       82.6278    
155  3.540      0.244190       92.6386      -278.299       81.7015       81.7015    
156  3.550      0.239699       92.6410      -279.225       80.7751       80.7751    
157  3.560      0.235299       92.6434      -280.151       79.8487       79.8487    
158  3.570      0.230950       92.6457      -281.078       78.9223       78.9223    
159  3.580      0.226738       92.6480      -282.004       77.9958       77.9958    
160  3.590      0.222542       92.6502      -282.931       77.0693       77.0693    
161  3.600      0.218473       92.6524      -283.857       76.1428       76.1428    
162  3.610      0.214506       92.6546      -284.784       75.2163       75.2163    
163  3.620      0.210559       92.6567      -285.710       74.2898       74.2898    
164  3.630      0.206746       92.6588      -286.637       73.3632       73.3632    
165  3.640      0.202861       92.6608      -287.563       72.4366       72.4366    
166  3.650      0.199247       92.6628      -288.490       71.5100       71.5100    
167  3.660      0.195617       92.6648      -289.417       70.5834       70.5834    
168  3.670      0.192051       92.6667      -290.343       69.6567       69.6567    
169  3.680      0.188501       92.6686      -291.270       68.7301       68.7301    
170  3.690      0.184971       92.6705      -292.197       67.8034       67.8034    
171  3.700      0.181627       92.6723      -293.123       66.8767       66.8767    
172  3.710      0.178276       92.6741      -294.050       65.9500       65.9500    
173  3.720      0.175002       92.6759      -294.977       65.0233       65.0233    
174  3.730      0.171758       92.6776      -295.904       64.0965       64.0965    
175  3.740      0.168637       92.6793      -296.830       63.1697       63.1697    
176  3.750      0.165627       92.6810      -297.757       62.2429       62.2429    
177  3.760      0.162496       92.6826      -298.684       61.3161       61.3161    
178  3.770      0.159549       92.6842      -299.611       60.3893       60.3893    
179  3.780      0.156675       92.6858      -300.538       59.4624       59.4624    
180  3.790      0.153675       92.6873      -301.464       58.5356       58.5356    
181  3.800      0.150901       92.6889      -302.391       57.6087       57.6087    
182  3.810      0.148183       92.6904      -303.318       56.6818       56.6818    
183  3.820      0.145475       92.6918      -304.245       55.7549       55.7549    
184  3.830      0.142821       92.6933      -305.172       54.8280       54.8280    
185  3.840      0.140218       92.6947      -306.099       53.9011       53.9011    
186  3.850      0.137572       92.6961      -307.026       52.9741       52.9741    
187  3.860      0.134910       92.6974      -307.953       52.0472       52.0472    
188  3.870      0.132639       92.6988      -308.880       51.1202       51.1202    
189  3.880      0.130252       92.7001      -309.807       50.1932       50.1932    
190  3.890      0.127678       92.7013      -310.734       49.2662       49.2662    
191  3.900      0.125414       92.7026      -311.661       48.3392       48.3392    
192  3.910      0.123173       92.7038      -312.588       47.4122       47.4122    
193  3.920      0.120895       92.7051      -313.515       46.4851       46.4851    
194  3.930      0.118550       92.7063      -314.442       45.5581       45.5581    
195  3.940      0.116355       92.7075      -315.369       44.6310       44.6310    
196  3.950      0.114323       92.7086      -316.296       43.7039       43.7039    
197  3.960      0.112323       92.7097      -317.223       42.7769       42.7769    
198  3.970      0.110174       92.7108      -318.150       41.8498       41.8498    
199  3.980      0.108207       92.7119      -319.077       40.9227       40.9227    
200  3.990      0.106136       92.7130      -320.004       39.9955       39.9955    
201  4.000      0.104048       92.7140      -320.932       39.0684       39.0684    
