# Mowe_temp                                                                       
# Operating point sequence...
# i     t     dWx ang.acc.  Wx rot.rate   Phi   (bank)  Phi[ 2]       Phi[ 3]      
  1  2.000      0.106015E-01   417.811      -768.838      -48.8381      -48.8381    
  2  2.010      0.161784E-01   417.811      -773.016      -53.0162      -53.0162    
  3  2.020      0.140425E-01   417.811      -777.194      -57.1943      -57.1943    
  4  2.030      0.820194E-02   417.811      -781.372      -61.3724      -61.3724    
  5  2.040      0.755763E-02   417.811      -785.550      -65.5504      -65.5504    
  6  2.050      0.686143E-02   417.811      -789.729      -69.7285      -69.7285    
  7  2.060      0.663812E-02   417.811      -793.907      -73.9065      -73.9065    
  8  2.070      0.642549E-02   417.811      -798.085      -78.0846      -78.0846    
  9  2.080      0.625107E-02   417.812      -802.263      -82.2627      -82.2627    
 10  2.090      0.573011E-02   417.812      -806.441      -86.4408      -86.4408    
 11  2.100      0.534057E-02   417.812      -810.619      -90.6188      -90.6188    
 12  2.110      0.497581E-02   417.812      -814.797      -94.7969      -94.7969    
 13  2.120      0.485017E-02   417.812      -818.975      -98.9750      -98.9750    
 14  2.130      0.463694E-02   417.812      -823.153      -103.153      -103.153    
 15  2.140      0.451707E-02   417.812      -827.331      -107.331      -107.331    
 16  2.150      0.442854E-02   417.812      -831.509      -111.509      -111.509    
 17  2.160      0.450036E-02   417.812      -835.688      -115.687      -115.687    
 18  2.170      0.441418E-02   417.812      -839.866      -119.866      -119.866    
 19  2.180      0.437544E-02   417.812      -844.044      -124.044      -124.044    
 20  2.190      0.457472E-02   417.812      -848.222      -128.222      -128.222    
 21  2.200      0.434856E-02   417.812      -852.400      -132.400      -132.400    
 22  2.210      0.439887E-02   417.812      -856.578      -136.578      -136.578    
 23  2.220      0.455465E-02   417.812      -860.756      -140.756      -140.756    
 24  2.230      0.437730E-02   417.812      -864.934      -144.934      -144.934    
 25  2.240      0.431940E-02   417.812      -869.112      -149.112      -149.112    
 26  2.250      0.458516E-02   417.812      -873.290      -153.290      -153.290    
 27  2.260      0.438316E-02   417.812      -877.469      -157.469      -157.469    
 28  2.270      0.439803E-02   417.812      -881.647      -161.647      -161.647    
 29  2.280      0.439333E-02   417.812      -885.825      -165.825      -165.825    
 30  2.290      0.451938E-02   417.812      -890.003      -170.003      -170.003    
 31  2.300      0.446322E-02   417.812      -894.181      -174.181      -174.181    
 32  2.310      0.432760E-02   417.812      -898.359      -178.359      -178.359    
 33  2.320      0.462328E-02   417.812      -902.537       177.463       177.463    
 34  2.330      0.428516E-02   417.812      -906.715       173.285       173.285    
 35  2.340      0.449169E-02   417.812      -910.893       169.107       169.107    
 36  2.350      0.438012E-02   417.812      -915.071       164.929       164.929    
 37  2.360      0.439185E-02   417.812      -919.249       160.751       160.751    
 38  2.370      0.445031E-02   417.812      -923.427       156.573       156.573    
 39  2.380      0.452597E-02   417.812      -927.605       152.395       152.395    
 40  2.390      0.452621E-02   417.812      -931.784       148.217       148.217    
 41  2.400      0.455419E-02   417.812      -935.962       144.038       144.038    
 42  2.410      0.459341E-02   417.812      -940.140       139.860       139.860    
 43  2.420      0.446346E-02   417.812      -944.318       135.682       135.682    
 44  2.430      0.438522E-02   417.812      -948.496       131.504       131.504    
 45  2.440      0.438152E-02   417.812      -952.674       127.326       127.326    
 46  2.450      0.444937E-02   417.812      -956.852       123.148       123.148    
 47  2.460      0.452999E-02   417.812      -961.030       118.970       118.970    
 48  2.470      0.446100E-02   417.812      -965.208       114.792       114.792    
 49  2.480      0.443174E-02   417.812      -969.386       110.614       110.614    
 50  2.490      0.449243E-02   417.812      -973.564       106.436       106.436    
 51  2.500      0.446239E-02   417.812      -977.742       102.258       102.258    
 52  2.510      0.446186E-02   417.812      -981.920       98.0798       98.0798    
 53  2.520      0.443681E-02   417.812      -986.098       93.9018       93.9018    
 54  2.530      0.447169E-02   417.812      -990.276       89.7238       89.7238    
 55  2.540      0.444834E-02   417.812      -994.454       85.5458       85.5458    
 56  2.550      0.446439E-02   417.812      -998.632       81.3678       81.3678    
 57  2.560      0.444798E-02   417.812      -1002.81       77.1898       77.1898    
 58  2.570      0.446085E-02   417.812      -1006.99       73.0118       73.0118    
 59  2.580      0.445818E-02   417.812      -1011.17       68.8338       68.8338    
 60  2.590      0.445514E-02   417.812      -1015.34       64.6558       64.6558    
 61  2.600      0.441577E-02   417.812      -1019.52       60.4778       60.4778    
 62  2.610      0.433572E-02   417.812      -1023.70       56.2998       56.2998    
 63  2.620      0.447629E-02   417.812      -1027.88       52.1218       52.1218    
 64  2.630      0.440121E-02   417.812      -1032.06       47.9438       47.9438    
 65  2.640      0.453704E-02   417.812      -1036.23       43.7658       43.7658    
 66  2.650      0.438581E-02   417.812      -1040.41       39.5878       39.5878    
 67  2.660      0.445106E-02   417.812      -1044.59       35.4098       35.4098    
 68  2.670      0.461910E-02   417.812      -1048.77       31.2318       31.2318    
 69  2.680      0.459248E-02   417.812      -1052.95       27.0538       27.0538    
 70  2.690      0.442237E-02   417.812      -1057.12       22.8758       22.8758    
 71  2.700      0.437263E-02   417.812      -1061.30       18.6978       18.6978    
 72  2.710      0.425019E-02   417.812      -1065.48       14.5198       14.5198    
 73  2.720      0.431777E-02   417.812      -1069.66       10.3418       10.3418    
 74  2.730      0.459752E-02   417.812      -1073.84       6.16378       6.16378    
 75  2.740      0.439828E-02   417.812      -1078.01       1.98578       1.98578    
 76  2.750      0.455644E-02   417.812      -1082.19      -2.19222      -2.19222    
 77  2.760      0.438666E-02   417.812      -1086.37      -6.37022      -6.37022    
 78  2.770      0.452155E-02   417.812      -1090.55      -10.5482      -10.5482    
 79  2.780      0.444829E-02   417.812      -1094.73      -14.7262      -14.7262    
 80  2.790      0.443104E-02   417.812      -1098.90      -18.9042      -18.9042    
 81  2.800      0.442269E-02   417.812      -1103.08      -23.0822      -23.0822    
 82  2.810      0.436704E-02   417.812      -1107.26      -27.2602      -27.2602    
 83  2.820      0.454145E-02   417.812      -1111.44      -31.4382      -31.4382    
 84  2.830      0.438654E-02   417.812      -1115.62      -35.6162      -35.6162    
 85  2.840      0.465253E-02   417.812      -1119.79      -39.7942      -39.7942    
 86  2.850      0.451434E-02   417.812      -1123.97      -43.9722      -43.9722    
 87  2.860      0.444114E-02   417.812      -1128.15      -48.1502      -48.1502    
 88  2.870      0.454943E-02   417.812      -1132.33      -52.3282      -52.3282    
 89  2.880      0.448176E-02   417.812      -1136.51      -56.5062      -56.5062    
 90  2.890      0.446197E-02   417.812      -1140.68      -60.6842      -60.6842    
 91  2.900      0.451405E-02   417.812      -1144.86      -64.8622      -64.8622    
 92  2.910      0.441365E-02   417.812      -1149.04      -69.0402      -69.0402    
 93  2.920      0.444586E-02   417.812      -1153.22      -73.2182      -73.2182    
 94  2.930      0.447274E-02   417.812      -1157.40      -77.3962      -77.3962    
 95  2.940      0.447801E-02   417.812      -1161.57      -81.5742      -81.5742    
 96  2.950      0.446910E-02   417.812      -1165.75      -85.7522      -85.7522    
 97  2.960      0.447102E-02   417.812      -1169.93      -89.9302      -89.9302    
 98  2.970      0.441051E-02   417.812      -1174.11      -94.1082      -94.1082    
 99  2.980      0.443514E-02   417.812      -1178.29      -98.2863      -98.2863    
100  2.990      0.445106E-02   417.812      -1182.46      -102.464      -102.464    
101  3.000      0.440182E-02   417.812      -1186.64      -106.642      -106.642    
102  3.010      0.444517E-02   417.812      -1190.82      -110.820      -110.820    
103  3.020      0.444225E-02   417.812      -1195.00      -114.998      -114.998    
104  3.030      0.439865E-02   417.812      -1199.18      -119.176      -119.176    
105  3.040      0.445041E-02   417.812      -1203.35      -123.354      -123.354    
106  3.050      0.464408E-02   417.812      -1207.53      -127.532      -127.532    
107  3.060      0.434084E-02   417.812      -1211.71      -131.710      -131.710    
108  3.070      0.452043E-02   417.812      -1215.89      -135.888      -135.888    
109  3.080      0.446178E-02   417.812      -1220.07      -140.066      -140.066    
110  3.090      0.457467E-02   417.812      -1224.24      -144.244      -144.244    
111  3.100      0.446930E-02   417.812      -1228.42      -148.422      -148.422    
112  3.110      0.444636E-02   417.812      -1232.60      -152.600      -152.600    
113  3.120      0.464782E-02   417.812      -1236.78      -156.778      -156.778    
114  3.130      0.442320E-02   417.812      -1240.96      -160.956      -160.956    
115  3.140      0.442963E-02   417.812      -1245.13      -165.134      -165.134    
116  3.150      0.455513E-02   417.812      -1249.31      -169.312      -169.312    
117  3.160      0.451978E-02   417.812      -1253.49      -173.490      -173.490    
118  3.170      0.446405E-02   417.812      -1257.67      -177.668      -177.668    
119  3.180      0.441363E-02   417.812      -1261.85       178.154       178.154    
120  3.190      0.432200E-02   417.812      -1266.02       173.976       173.976    
121  3.200      0.441023E-02   417.812      -1270.20       169.798       169.798    
122  3.210      0.463150E-02   417.812      -1274.38       165.620       165.620    
123  3.220      0.419802E-02   417.812      -1278.56       161.442       161.442    
124  3.230      0.437814E-02   417.812      -1282.74       157.264       157.264    
125  3.240      0.459164E-02   417.812      -1286.91       153.086       153.086    
126  3.250      0.446818E-02   417.812      -1291.09       148.908       148.908    
127  3.260      0.442675E-02   417.812      -1295.27       144.730       144.730    
128  3.270      0.466073E-02   417.812      -1299.45       140.552       140.552    
129  3.280      0.439429E-02   417.812      -1303.63       136.374       136.374    
130  3.290      0.444415E-02   417.812      -1307.80       132.196       132.196    
131  3.300      0.427631E-02   417.812      -1311.98       128.018       128.018    
132  3.310      0.440898E-02   417.812      -1316.16       123.840       123.840    
133  3.320      0.442564E-02   417.812      -1320.34       119.662       119.662    
134  3.330      0.444249E-02   417.812      -1324.52       115.484       115.484    
135  3.340      0.439849E-02   417.812      -1328.69       111.306       111.306    
136  3.350      0.448546E-02   417.812      -1332.87       107.128       107.128    
137  3.360      0.443605E-02   417.812      -1337.05       102.950       102.950    
138  3.370      0.444478E-02   417.812      -1341.23       98.7717       98.7717    
139  3.380      0.449424E-02   417.812      -1345.41       94.5937       94.5937    
140  3.390      0.447954E-02   417.812      -1349.58       90.4157       90.4157    
141  3.400      0.445508E-02   417.812      -1353.76       86.2377       86.2377    
142  3.410      0.445713E-02   417.812      -1357.94       82.0597       82.0597    
143  3.420      0.446173E-02   417.812      -1362.12       77.8817       77.8817    
144  3.430      0.444982E-02   417.812      -1366.30       73.7037       73.7037    
145  3.440      0.441102E-02   417.812      -1370.47       69.5257       69.5257    
146  3.450      0.443138E-02   417.812      -1374.65       65.3477       65.3477    
147  3.460      0.441291E-02   417.812      -1378.83       61.1697       61.1697    
148  3.470      0.443719E-02   417.812      -1383.01       56.9917       56.9917    
149  3.480      0.445837E-02   417.812      -1387.19       52.8137       52.8137    
150  3.490      0.453652E-02   417.812      -1391.36       48.6357       48.6357    
151  3.500      0.425882E-02   417.812      -1395.54       44.4577       44.4577    
152  3.510      0.449417E-02   417.812      -1399.72       40.2797       40.2797    
153  3.520      0.452754E-02   417.812      -1403.90       36.1017       36.1017    
154  3.530      0.455459E-02   417.812      -1408.08       31.9237       31.9237    
155  3.540      0.446839E-02   417.812      -1412.25       27.7457       27.7457    
156  3.550      0.457888E-02   417.812      -1416.43       23.5677       23.5677    
157  3.560      0.433458E-02   417.812      -1420.61       19.3897       19.3897    
158  3.570      0.457398E-02   417.812      -1424.79       15.2117       15.2117    
159  3.580      0.428421E-02   417.812      -1428.97       11.0337       11.0337    
160  3.590      0.439253E-02   417.812      -1433.14       6.85572       6.85572    
161  3.600      0.454808E-02   417.812      -1437.32       2.67772       2.67772    
162  3.610      0.469342E-02   417.812      -1441.50      -1.50028      -1.50028    
163  3.620      0.467673E-02   417.812      -1445.68      -5.67828      -5.67828    
164  3.630      0.430452E-02   417.812      -1449.86      -9.85628      -9.85628    
165  3.640      0.456491E-02   417.812      -1454.03      -14.0343      -14.0343    
166  3.650      0.424208E-02   417.812      -1458.21      -18.2123      -18.2123    
167  3.660      0.428359E-02   417.812      -1462.39      -22.3903      -22.3903    
168  3.670      0.454843E-02   417.812      -1466.57      -26.5683      -26.5683    
169  3.680      0.435844E-02   417.812      -1470.75      -30.7463      -30.7463    
170  3.690      0.456060E-02   417.812      -1474.92      -34.9243      -34.9243    
171  3.700      0.447114E-02   417.812      -1479.10      -39.1023      -39.1023    
172  3.710      0.435634E-02   417.812      -1483.28      -43.2803      -43.2803    
173  3.720      0.454088E-02   417.812      -1487.46      -47.4583      -47.4583    
174  3.730      0.436990E-02   417.812      -1491.64      -51.6363      -51.6363    
175  3.740      0.437011E-02   417.812      -1495.81      -55.8143      -55.8143    
176  3.750      0.450347E-02   417.812      -1499.99      -59.9923      -59.9923    
177  3.760      0.452721E-02   417.812      -1504.17      -64.1703      -64.1703    
178  3.770      0.446945E-02   417.812      -1508.35      -68.3483      -68.3483    
179  3.780      0.449786E-02   417.812      -1512.53      -72.5263      -72.5263    
180  3.790      0.443688E-02   417.812      -1516.70      -76.7043      -76.7043    
181  3.800      0.449101E-02   417.812      -1520.88      -80.8823      -80.8823    
182  3.810      0.444873E-02   417.812      -1525.06      -85.0603      -85.0603    
183  3.820      0.444359E-02   417.812      -1529.24      -89.2383      -89.2383    
184  3.830      0.445938E-02   417.812      -1533.42      -93.4163      -93.4163    
185  3.840      0.444023E-02   417.812      -1537.59      -97.5943      -97.5943    
186  3.850      0.444492E-02   417.812      -1541.77      -101.772      -101.772    
187  3.860      0.441868E-02   417.812      -1545.95      -105.950      -105.950    
188  3.870      0.445745E-02   417.812      -1550.13      -110.128      -110.128    
189  3.880      0.441417E-02   417.812      -1554.31      -114.306      -114.306    
190  3.890      0.446880E-02   417.812      -1558.48      -118.484      -118.484    
191  3.900      0.437328E-02   417.812      -1562.66      -122.662      -122.662    
192  3.910      0.451067E-02   417.812      -1566.84      -126.840      -126.840    
193  3.920      0.435563E-02   417.812      -1571.02      -131.018      -131.018    
194  3.930      0.452276E-02   417.812      -1575.20      -135.197      -135.197    
195  3.940      0.440287E-02   417.812      -1579.37      -139.375      -139.375    
196  3.950      0.454602E-02   417.812      -1583.55      -143.553      -143.553    
197  3.960      0.447844E-02   417.812      -1587.73      -147.731      -147.731    
198  3.970      0.451950E-02   417.812      -1591.91      -151.909      -151.909    
199  3.980      0.470954E-02   417.812      -1596.09      -156.087      -156.087    
200  3.990      0.434325E-02   417.812      -1600.27      -160.265      -160.265    
201  4.000      0.447089E-02   417.812      -1604.44      -164.443      -164.443    
