# Joined wing-1                                                                   
# Operating point sequence...
# i     t     alpha_ref     CD            CY            CL            Cl            Cm            Cn            span eff.    
  1  1.000      -7.59906      0.545418E-02  0.247948E-08  0.578597E-02 -0.319144E-09  0.456408E-01  0.922140E-09  0.166759E-02
  2  2.000      -4.96800      0.629805E-02 -0.187998E-08  0.230872      0.151411E-08  0.949379E-01 -0.440453E-09  0.750192    
  3  3.000      -2.33857      0.923984E-02  0.603231E-08  0.455714     -0.878192E-08  0.139543     -0.662651E-09  0.902626    
  4  4.000      0.227347      0.141577E-01 -0.146698E-07  0.674279      0.103923E-07  0.178214     -0.619492E-08  0.925991    
  5  5.000       2.29233      0.195295E-01  0.261147E-07  0.847920      0.210975E-07  0.205133     -0.527809E-08  0.930079    
  6  6.000       4.31841      0.247718E-01  0.205669E-07  0.981887      0.413197E-07  0.216859     -0.817881E-08  0.928847    
  7  7.000       5.34968      0.273146E-01  0.905350E-08   1.01963      0.313169E-07  0.214745     -0.133755E-07  0.924696    
  8  8.000       6.30123      0.302951E-01  0.131917E-07   1.04344      0.208972E-07  0.211424     -0.103991E-07  0.919721    
  9  9.000       7.30328      0.344485E-01  0.188796E-07   1.06189     -0.643032E-08  0.207715     -0.150928E-08  0.914311    
 10  10.00       8.36369      0.401856E-01  0.596576E-08   1.07698      0.220389E-08  0.203993     -0.996435E-08  0.908901    
 11  11.00       9.29253      0.464354E-01  0.294523E-08   1.08783      0.345213E-07  0.201034     -0.103664E-07  0.904567    
 12  12.00       10.2759      0.543452E-01  0.384153E-08   1.09772      0.219878E-07  0.198274     -0.715502E-08  0.900405    
 13  13.00       12.3384      0.753288E-01  0.206704E-07   1.11518      0.695619E-07  0.193885     -0.137427E-07  0.892964    
