# FFWT Removed                                                                    
# Operating point sequence...
# i     t     Mc` mom[ 1]  
  1  0.000      0.732178    
  2 0.2300E-02  0.732178    
  3 0.4600E-02  0.732178    
  4 0.6900E-02  0.732178    
  5 0.9200E-02  0.732177    
  6 0.1150E-01  0.732178    
  7 0.1380E-01  0.732178    
  8 0.1610E-01  0.732177    
  9 0.1840E-01  0.732178    
 10 0.2070E-01  0.732178    
 11 0.2300E-01  0.732177    
 12 0.2530E-01  0.732177    
 13 0.2760E-01  0.732178    
 14 0.2990E-01  0.732177    
 15 0.3220E-01  0.732177    
 16 0.3450E-01  0.732177    
 17 0.3680E-01  0.732177    
 18 0.3910E-01  0.732177    
 19 0.4140E-01  0.732177    
 20 0.4370E-01  0.732177    
 21 0.4600E-01  0.732177    
 22 0.4830E-01  0.732178    
 23 0.5060E-01  0.732178    
 24 0.5290E-01  0.732179    
 25 0.5520E-01  0.732180    
 26 0.5750E-01  0.732181    
 27 0.5980E-01  0.732183    
 28 0.6210E-01  0.732185    
 29 0.6440E-01  0.732187    
 30 0.6670E-01  0.732189    
 31 0.6900E-01  0.732191    
 32 0.7130E-01  0.732194    
 33 0.7360E-01  0.732197    
 34 0.7590E-01  0.732200    
 35 0.7820E-01  0.732238    
 36 0.8050E-01  0.732474    
 37 0.8280E-01  0.733106    
 38 0.8510E-01  0.734337    
 39 0.8740E-01  0.736345    
 40 0.8970E-01  0.739283    
 41 0.9200E-01  0.743293    
 42 0.9430E-01  0.748552    
 43 0.9660E-01  0.755292    
 44 0.9890E-01  0.763792    
 45 0.1012      0.774337    
 46 0.1035      0.787183    
 47 0.1058      0.802524    
 48 0.1081      0.820496    
 49 0.1104      0.841199    
 50 0.1127      0.864699    
 51 0.1150      0.891036    
 52 0.1173      0.920199    
 53 0.1196      0.952101    
 54 0.1219      0.986576    
 55 0.1242       1.02337    
 56 0.1265       1.06217    
 57 0.1288       1.10258    
 58 0.1311       1.14420    
 59 0.1334       1.18654    
 60 0.1357       1.22910    
 61 0.1380       1.27132    
 62 0.1403       1.31260    
 63 0.1426       1.35234    
 64 0.1449       1.38992    
 65 0.1472       1.42473    
 66 0.1495       1.45621    
 67 0.1518       1.48382    
 68 0.1541       1.50706    
 69 0.1564       1.52548    
 70 0.1587       1.53868    
 71 0.1610       1.54635    
 72 0.1633       1.54826    
 73 0.1656       1.54425    
 74 0.1679       1.53427    
 75 0.1702       1.51835    
 76 0.1725       1.49662    
 77 0.1748       1.46928    
 78 0.1771       1.43664    
 79 0.1794       1.39907    
 80 0.1817       1.35704    
 81 0.1840       1.31107    
 82 0.1863       1.26176    
 83 0.1886       1.20975    
 84 0.1909       1.15570    
 85 0.1932       1.10034    
 86 0.1955       1.04436    
 87 0.1978      0.988499    
 88 0.2001      0.933470    
 89 0.2024      0.879966    
 90 0.2047      0.828654    
 91 0.2070      0.780152    
 92 0.2093      0.735031    
 93 0.2116      0.693804    
 94 0.2139      0.656915    
 95 0.2162      0.624743    
 96 0.2185      0.597589    
 97 0.2208      0.575677    
 98 0.2231      0.559152    
 99 0.2254      0.548081    
100 0.2277      0.542456    
101 0.2300      0.542192    
102 0.2323      0.547065    
103 0.2346      0.556679    
104 0.2369      0.570560    
105 0.2392      0.588193    
106 0.2415      0.609044    
107 0.2438      0.632571    
108 0.2461      0.658202    
109 0.2484      0.685303    
110 0.2507      0.713176    
111 0.2530      0.741081    
112 0.2553      0.768290    
113 0.2576      0.794133    
114 0.2599      0.818014    
115 0.2622      0.839414    
116 0.2645      0.857875    
117 0.2668      0.872997    
118 0.2691      0.884447    
119 0.2714      0.891981    
120 0.2737      0.895463    
121 0.2760      0.894885    
122 0.2783      0.890339    
123 0.2806      0.882019    
124 0.2829      0.870200    
125 0.2852      0.855217    
126 0.2875      0.837482    
127 0.2898      0.817457    
128 0.2921      0.795677    
129 0.2944      0.772708    
130 0.2967      0.749140    
131 0.2990      0.725568    
132 0.3013      0.702565    
133 0.3036      0.680679    
134 0.3059      0.660420    
135 0.3082      0.642258    
136 0.3105      0.626602    
137 0.3128      0.613803    
138 0.3151      0.604128    
139 0.3174      0.597763    
140 0.3197      0.594808    
141 0.3220      0.595273    
142 0.3243      0.599090    
143 0.3266      0.606112    
144 0.3289      0.616115    
145 0.3312      0.628808    
146 0.3335      0.643838    
147 0.3358      0.660796    
148 0.3381      0.679235    
149 0.3404      0.698676    
150 0.3427      0.718627    
151 0.3450      0.738594    
152 0.3473      0.758089    
153 0.3496      0.776644    
154 0.3519      0.793817    
155 0.3542      0.809215    
156 0.3565      0.822484    
157 0.3588      0.833339    
158 0.3611      0.841553    
159 0.3634      0.846968    
160 0.3657      0.849500    
161 0.3680      0.849133    
162 0.3703      0.845926    
163 0.3726      0.840003    
164 0.3749      0.831552    
165 0.3772      0.820824    
166 0.3795      0.808119    
167 0.3818      0.793780    
168 0.3841      0.778187    
169 0.3864      0.761739    
170 0.3887      0.744856    
171 0.3910      0.727957    
172 0.3933      0.711455    
173 0.3956      0.695750    
174 0.3979      0.681212    
175 0.4002      0.668177    
176 0.4025      0.656940    
177 0.4048      0.647747    
178 0.4071      0.640788    
179 0.4094      0.636198    
180 0.4117      0.634049    
181 0.4140      0.634354    
182 0.4163      0.637067    
183 0.4186      0.642078    
184 0.4209      0.649231    
185 0.4232      0.658312    
186 0.4255      0.669069    
187 0.4278      0.681210    
188 0.4301      0.694417    
189 0.4324      0.708348    
190 0.4347      0.722649    
191 0.4370      0.736967    
192 0.4393      0.750949    
193 0.4416      0.764260    
194 0.4439      0.776583    
195 0.4462      0.787636    
196 0.4485      0.797166    
197 0.4508      0.804970    
198 0.4531      0.810880    
199 0.4554      0.814787    
200 0.4577      0.816626    
