# FFWT Removed                                                                    
# Operating point sequence...
# i     t     Mc` mom[ 1]  
  1  0.000      0.732178    
  2 0.2700E-02  0.732178    
  3 0.5400E-02  0.732178    
  4 0.8100E-02  0.732178    
  5 0.1080E-01  0.732178    
  6 0.1350E-01  0.732178    
  7 0.1620E-01  0.732178    
  8 0.1890E-01  0.732178    
  9 0.2160E-01  0.732178    
 10 0.2430E-01  0.732178    
 11 0.2700E-01  0.732178    
 12 0.2970E-01  0.732178    
 13 0.3240E-01  0.732178    
 14 0.3510E-01  0.732178    
 15 0.3780E-01  0.732178    
 16 0.4050E-01  0.732178    
 17 0.4320E-01  0.732178    
 18 0.4590E-01  0.732177    
 19 0.4860E-01  0.732178    
 20 0.5130E-01  0.732177    
 21 0.5400E-01  0.732177    
 22 0.5670E-01  0.732177    
 23 0.5940E-01  0.732177    
 24 0.6210E-01  0.732177    
 25 0.6480E-01  0.732177    
 26 0.6750E-01  0.732176    
 27 0.7020E-01  0.732177    
 28 0.7290E-01  0.732176    
 29 0.7560E-01  0.732176    
 30 0.7830E-01  0.732176    
 31 0.8100E-01  0.732176    
 32 0.8370E-01  0.732176    
 33 0.8640E-01  0.732176    
 34 0.8910E-01  0.732176    
 35 0.9180E-01  0.732287    
 36 0.9450E-01  0.732738    
 37 0.9720E-01  0.733780    
 38 0.9990E-01  0.735649    
 39 0.1026      0.738553    
 40 0.1053      0.742701    
 41 0.1080      0.748354    
 42 0.1107      0.755832    
 43 0.1134      0.765500    
 44 0.1161      0.777709    
 45 0.1188      0.792751    
 46 0.1215      0.810848    
 47 0.1242      0.832158    
 48 0.1269      0.856787    
 49 0.1296      0.884784    
 50 0.1323      0.916119    
 51 0.1350      0.950661    
 52 0.1377      0.988160    
 53 0.1404       1.02827    
 54 0.1431       1.07057    
 55 0.1458       1.11453    
 56 0.1485       1.15959    
 57 0.1512       1.20511    
 58 0.1539       1.25041    
 59 0.1566       1.29476    
 60 0.1593       1.33742    
 61 0.1620       1.37767    
 62 0.1647       1.41481    
 63 0.1674       1.44818    
 64 0.1701       1.47718    
 65 0.1728       1.50128    
 66 0.1755       1.52004    
 67 0.1782       1.53309    
 68 0.1809       1.54022    
 69 0.1836       1.54127    
 70 0.1863       1.53624    
 71 0.1890       1.52522    
 72 0.1917       1.50840    
 73 0.1944       1.48610    
 74 0.1971       1.45871    
 75 0.1998       1.42670    
 76 0.2025       1.39063    
 77 0.2052       1.35110    
 78 0.2079       1.30876    
 79 0.2106       1.26427    
 80 0.2133       1.21832    
 81 0.2160       1.17158    
 82 0.2187       1.12470    
 83 0.2214       1.07830    
 84 0.2241       1.03296    
 85 0.2268      0.989190    
 86 0.2295      0.947456    
 87 0.2322      0.908148    
 88 0.2349      0.871583    
 89 0.2376      0.838015    
 90 0.2403      0.807620    
 91 0.2430      0.780514    
 92 0.2457      0.756748    
 93 0.2484      0.736323    
 94 0.2511      0.719189    
 95 0.2538      0.705258    
 96 0.2565      0.694417    
 97 0.2592      0.686529    
 98 0.2619      0.681448    
 99 0.2646      0.679024    
100 0.2673      0.679113    
101 0.2700      0.681454    
102 0.2727      0.685698    
103 0.2754      0.691493    
104 0.2781      0.698535    
105 0.2808      0.706559    
106 0.2835      0.715320    
107 0.2862      0.724540    
108 0.2889      0.733889    
109 0.2916      0.743008    
110 0.2943      0.751561    
111 0.2970      0.759269    
112 0.2997      0.765910    
113 0.3024      0.771312    
114 0.3051      0.775324    
115 0.3078      0.777827    
116 0.3105      0.778748    
117 0.3132      0.778077    
118 0.3159      0.775873    
119 0.3186      0.772250    
120 0.3213      0.767368    
121 0.3240      0.761412    
122 0.3267      0.754596    
123 0.3294      0.747155    
124 0.3321      0.739350    
125 0.3348      0.731454    
126 0.3375      0.723737    
127 0.3402      0.716458    
128 0.3429      0.709847    
129 0.3456      0.704111    
130 0.3483      0.699421    
131 0.3510      0.695914    
132 0.3537      0.693689    
133 0.3564      0.692796    
134 0.3591      0.693238    
135 0.3618      0.694976    
136 0.3645      0.697923    
137 0.3672      0.701957    
138 0.3699      0.706922    
139 0.3726      0.712636    
140 0.3753      0.718895    
141 0.3780      0.725476    
142 0.3807      0.732155    
143 0.3834      0.738703    
144 0.3861      0.744907    
145 0.3888      0.750563    
146 0.3915      0.755495    
147 0.3942      0.759552    
148 0.3969      0.762614    
149 0.3996      0.764599    
150 0.4023      0.765461    
151 0.4050      0.765192    
152 0.4077      0.763823    
153 0.4104      0.761423    
154 0.4131      0.758090    
155 0.4158      0.753956    
156 0.4185      0.749173    
157 0.4212      0.743914    
158 0.4239      0.738363    
159 0.4266      0.732713    
160 0.4293      0.727153    
161 0.4320      0.721870    
162 0.4347      0.717034    
163 0.4374      0.712798    
164 0.4401      0.709292    
165 0.4428      0.706619    
166 0.4455      0.704851    
167 0.4482      0.704033    
168 0.4509      0.704171    
169 0.4536      0.705244    
170 0.4563      0.707197    
171 0.4590      0.709946    
172 0.4617      0.713386    
173 0.4644      0.717387    
174 0.4671      0.721806    
175 0.4698      0.726486    
176 0.4725      0.731266    
177 0.4752      0.735983    
178 0.4779      0.740481    
179 0.4806      0.744614    
180 0.4833      0.748251    
181 0.4860      0.751279    
182 0.4887      0.753610    
183 0.4914      0.755180    
184 0.4941      0.755947    
185 0.4968      0.755905    
186 0.4995      0.755070    
187 0.5022      0.753486    
188 0.5049      0.751219    
189 0.5076      0.748360    
190 0.5103      0.745013    
191 0.5130      0.741302    
192 0.5157      0.737357    
193 0.5184      0.733316    
194 0.5211      0.729314    
195 0.5238      0.725486    
196 0.5265      0.721954    
197 0.5292      0.718833    
198 0.5319      0.716219    
199 0.5346      0.714188    
200 0.5373      0.712798    
