# Bending Beam 2                                                                  
# 
#   Op.Point     Eigenvalue
       1    -10.722675         25.525653    
       1   -0.93224403         64.424823    
       1    -11.723583         199.84952    
       1    -289.24008         0.0000000    
       1    -442.11697         0.0000000    
       1    -6.1267106         443.79282    
       1    -11.305157         558.03016    
       1    -5.8237537         843.90391    
       2    -11.189732         25.671795    
       2   -0.57615785         63.433546    
       2    -11.785249         199.92320    
       2    -290.76212         0.0000000    
       2    -6.1637116         443.58149    
       2    -444.57303         0.0000000    
       2    -11.367090         558.05151    
       2    -5.8519737         843.80759    
       3    -11.693475         25.807817    
       3   -0.18389948         62.436580    
       3    -11.846944         199.99690    
       3    -292.28348         0.0000000    
       3    -6.2005852         443.36876    
       3    -447.02908         0.0000000    
       3    -11.429036         558.07296    
       3    -5.8801263         843.71072    
       4    -12.236410         25.929251    
       4    0.24703386         61.437689    
       4    -11.908669         200.07063    
       4    -293.80414         0.0000000    
       4    -6.2373280         443.15461    
       4    -449.48514         0.0000000    
       4    -11.490992         558.09452    
       4    -5.9082127         843.61332    
       5    -12.820545         26.030699    
       5    0.71864903         60.441502    
       5    -11.970427         200.14439    
       5    -295.32407         0.0000000    
       5    -6.2739321         442.93904    
       5    -451.94116         0.0000000    
       5    -11.552959         558.11619    
       5    -5.9362282         843.51538    
       6    -13.447056         26.105865    
       6     1.2321212         59.453489    
       6    -12.032220         200.21816    
       6    -296.84326         0.0000000    
       6    -6.3103928         442.72205    
       6    -454.39716         0.0000000    
       6    -11.614939         558.13796    
       6    -5.9641735         843.41689    
       7    -14.115956         26.147729    
       7     1.7874606         58.479745    
       7    -12.094049         200.29196    
       7    -298.36182         0.0000000    
       7    -6.3467058         442.50364    
       7    -456.85321         0.0000000    
       7    -11.676931         558.15984    
       7    -5.9920497         843.31787    
       8    -14.825781         26.148883    
       8     2.3832005         57.526678    
       8    -12.155916         200.36578    
       8    -299.87964         0.0000000    
       8    -6.3828673         442.28381    
       8    -459.30923         0.0000000    
       8    -11.738935         558.18182    
       8    -6.0198561         843.21830    
       9    -15.573457         26.102009    
       9     3.0162653         56.600478    
       9    -12.217824         200.43962    
       9    -301.39676         0.0000000    
       9    -6.4188684         442.06255    
       9    -461.76532         0.0000000    
       9    -11.800954         558.20390    
       9    -6.0475879         843.11820    
      10    -16.354326         26.000438    
      10     3.6819933         55.706587    
      10    -12.279774         200.51348    
      10    -302.91318         0.0000000    
      10    -6.4547097         441.83987    
      10    -464.22134         0.0000000    
      10    -11.862986         558.22609    
      10    -6.0752517         843.01755    
      11    -17.162487         25.838645    
      11     4.3744829         54.849155    
      11    -12.341770         200.58737    
      11    -304.42889         0.0000000    
      11    -6.4903822         441.61575    
      11    -466.67734         0.0000000    
      11    -11.925033         558.24838    
      11    -6.1028424         842.91636    
      12    -17.991310         25.612568    
      12     5.0871002         54.030693    
      12    -12.403811         200.66127    
      12    -305.94394         0.0000000    
      12    -6.5258847         441.39021    
      12    -469.13336         0.0000000    
      12    -11.987094         558.27078    
      12    -6.1303622         842.81463    
      13    -18.834027         25.319657    
      13     5.8130752         53.252005    
      13    -12.465900         200.73518    
      13    -307.45825         0.0000000    
      13    -6.5612086         441.16323    
      13    -471.58939         0.0000000    
      13    -12.049170         558.29328    
      13    -6.1578077         842.71236    
      14    -19.684260         24.958680    
      14     6.5460298         52.512354    
      14    -12.528041         200.80912    
      14    -308.97192         0.0000000    
      14    -6.5963501         440.93482    
      14    -474.04544         0.0000000    
      14    -12.111263         558.31588    
      14    -6.1851813         842.60955    
      15    -20.536432         24.529336    
      15     7.2803819         51.809767    
      15    -12.590233         200.88308    
      15    -310.48489         0.0000000    
      15    -6.6313037         440.70497    
      15    -476.50150         0.0000000    
      15    -12.173371         558.33859    
      15    -6.2124810         842.50620    
      16    -21.385938         24.031800    
      16     8.0115250         51.141450    
      16    -12.652480         200.95705    
      16    -311.99713         0.0000000    
      16    -6.6660632         440.47368    
      16    -478.95746         0.0000000    
      16    -12.235495         558.36140    
      16    -6.2397050         842.40230    
      17    -22.229186         23.466275    
      17     8.7358655         50.504157    
      17    -12.714784         201.03103    
      17    -313.50873         0.0000000    
      17    -6.7006267         440.24095    
      17    -12.297637         558.38431    
      17    -6.2668566         842.29786    
      18    -23.063522         22.832580    
      18     9.4507473         49.894479    
      18    -12.777146         201.10504    
      18    -315.01962         0.0000000    
      18    -6.7349850         440.00678    
      18    -12.359796         558.40732    
      18    -6.2939318         842.19288    
      19    -23.887095         22.129792    
      19     10.154316         49.309059    
      19    -12.839568         201.17906    
      19    -316.52985         0.0000000    
      19    -6.7691355         439.77116    
      19    -486.32553         0.0000000    
      19    -12.421972         558.43044    
      19    -6.3209328         842.08736    
      20    -24.698713         21.355890    
      20     10.845376         48.744720    
      20    -12.902053         201.25309    
      20    -318.03937         0.0000000    
      20    -6.8030715         439.53410    
      20    -488.78152         0.0000000    
      20    -12.484167         558.45365    
      20    -6.3478563         841.98129    
      21    -25.497683         20.507409    
      21     11.523231         48.198543    
      21    -12.964603         201.32714    
      21    -319.54822         0.0000000    
      21    -6.8367901         439.29559    
      21    -491.23755         0.0000000    
      21    -12.546381         558.47697    
      21    -6.3747052         841.87468    
      22    -26.283676         19.578985    
      22     12.187554         47.667902    
      22    -13.027221         201.40120    
      22    -321.05643         0.0000000    
      22    -6.8702821         439.05563    
      22    -12.608615         558.50039    
      22    -6.4014769         841.76753    
      23    -27.056658         18.562656    
      23     12.838307         47.150441    
      23    -13.089907         201.47528    
      23    -322.56393         0.0000000    
      23    -6.9035411         438.81423    
      23    -12.670868         558.52391    
      23    -6.4281684         841.65984    
      24    -27.816784         17.446845    
      24     13.475636         46.644075    
      24    -13.152664         201.54937    
      24    -324.07074         0.0000000    
      24    -6.9365713         438.57137    
      24    -12.733141         558.54754    
      24    -6.4547877         841.55160    
      25    -28.564346         16.214567    
      25     14.099838         46.146961    
      25    -13.215494         201.62347    
      25    -325.57687         0.0000000    
      25    -6.9693554         438.32705    
      25    -12.795435         558.57126    
      25    -6.4813241         841.44282    
      26    -29.299710         14.840235    
      26     14.711275         45.657478    
      26    -13.278401         201.69758    
      26    -327.08237         0.0000000    
      26    -7.0018959         438.08128    
      26    -503.51758         0.0000000    
      26    -12.857750         558.59508    
      26    -6.5077858         841.33349    
      27    -30.023313         13.283094    
      27     15.310381         45.174189    
      27    -13.341384         201.77171    
      27    -328.58719         0.0000000    
      27    -7.0341788         437.83405    
      27    -12.920088         558.61901    
      27    -6.5341630         841.22362    
      28    -30.735619         11.472221    
      28     15.897614         44.695818    
      28    -13.404448         201.84585    
      28    -330.09137         0.0000000    
      28    -7.0662064         437.58536    
      28    -508.42963         0.0000000    
      28    -12.982446         558.64303    
      28    -6.5604637         841.11320    
      29    -31.437089         9.2635402    
      29     16.473436         44.221243    
      29    -13.467592         201.92000    
      29    -331.59482         0.0000000    
      29    -7.0979712         437.33522    
      29    -13.044827         558.66715    
      29    -6.5866839         841.00225    
      30    -32.128203         6.2531116    
      30     17.038324         43.749449    
      30    -13.530822         201.99417    
      30    -333.09769         0.0000000    
      30    -7.1294663         437.08361    
      30    -13.107232         558.69138    
      30    -6.6128239         840.89074    
      31    -29.898502         0.0000000    
      31    -35.720352         0.0000000    
      31     17.592741         43.279529    
      31    -13.594138         202.06835    
      31    -334.59982         0.0000000    
      31    -7.1606838         436.83054    
      31    -13.169661         558.71570    
      31    -6.6388808         840.77869    
      32    -25.940128         0.0000000    
      32    -41.022297         0.0000000    
      32     18.137133         42.810664    
      32    -13.657542         202.14253    
      32    -336.10135         0.0000000    
      32    -7.1916213         436.57601    
      32    -13.232113         558.74012    
      32    -6.6648568         840.66610    
      33    -23.846218         0.0000000    
      33    -44.441772         0.0000000    
      33     18.671934         42.342103    
      33    -13.721037         202.21673    
      33    -337.60217         0.0000000    
      33    -7.2222750         436.32001    
      33    -13.294589         558.76465    
      33    -6.6907529         840.55296    
      34    -22.309452         0.0000000    
      34     19.197555         41.873169    
      34    -47.286919         0.0000000    
      34    -13.784626         202.29094    
      34    -339.10239         0.0000000    
      34    -7.2526320         436.06254    
      34    -13.357091         558.78927    
      34    -6.7165627         840.43928    
      35    -21.070168         0.0000000    
      35     19.714392         41.403223    
      35    -49.818203         0.0000000    
      35    -13.848309         202.36517    
      35    -340.60193         0.0000000    
      35    -7.2826927         435.80361    
      35    -13.419619         558.81399    
      35    -6.7422920         840.32505    
      36    -20.021532         0.0000000    
      36     20.222817         40.931674    
      36    -52.143211         0.0000000    
      36    -13.912090         202.43940    
      36    -342.10080         0.0000000    
      36    -7.3124510         435.54320    
      36    -13.482172         558.83881    
      36    -6.7679388         840.21027    
      37    -19.107399         0.0000000    
      37     20.723184         40.457969    
      37    -54.318794         0.0000000    
      37    -13.975972         202.51364    
      37    -343.59903         0.0000000    
      37    -7.3418956         435.28133    
      37    -13.544752         558.86372    
      37    -6.7934991         840.09495    
      38    -18.294031         0.0000000    
      38     21.215826         39.981581    
      38    -56.379360         0.0000000    
      38    -14.039955         202.58790    
      38    -345.09662         0.0000000    
      38    -7.3710238         435.01798    
      38    -13.607359         558.88874    
      38    -6.8189754         839.97908    
      39    -14.104043         202.66216    
      39    -7.3998292         434.75316    
      39    -13.669994         558.91385    
      39     21.701058         39.502001    
      39    -58.347641         0.0000000    
