# Mowe_temp                                                                       
# Operating point sequence...
# i     t     alpha_ref     Lift          CL            Fn  for[ 1]   Mc` mom[ 1]   Phi[ 2]      
  1  0.000      -0.00000       8.84522      0.635192E-01  0.525034      0.630281E-01  -19.6766    
  2 0.1000E-01  -0.00000       8.84521      0.635192E-01  0.525028      0.630318E-01  -19.6766    
  3 0.2000E-01  -0.00000       8.84522      0.635192E-01  0.525010      0.630431E-01  -19.6766    
  4 0.3000E-01  -0.00000       8.84521      0.635192E-01  0.525012      0.630423E-01  -19.6766    
  5 0.4000E-01  -0.00000       8.84520      0.635191E-01  0.525148      0.629520E-01  -19.6766    
  6 0.5000E-01  -0.00000       8.84522      0.635192E-01  0.524971      0.630693E-01  -19.6766    
  7 0.6000E-01  -0.00000       8.84522      0.635192E-01  0.524962      0.630756E-01  -19.6766    
  8 0.7000E-01  -0.00000       8.84522      0.635192E-01  0.525088      0.629923E-01  -19.6766    
  9 0.8000E-01  -0.00000       8.84525      0.635195E-01  0.525011      0.630432E-01  -19.6766    
 10 0.9000E-01  -0.00000       8.84521      0.635191E-01  0.525045      0.630204E-01  -19.6767    
 11 0.1000      -0.00000       8.84523      0.635193E-01  0.525031      0.630298E-01  -19.6767    
 12 0.1100      -0.00000       8.84524      0.635193E-01  0.525036      0.630268E-01  -19.6767    
 13 0.1200      -0.00000       8.84523      0.635192E-01  0.525028      0.630317E-01  -19.6767    
 14 0.1300      -0.00000       8.84525      0.635193E-01  0.525034      0.630283E-01  -19.6767    
 15 0.1400      -0.00000       8.84525      0.635193E-01  0.525096      0.629873E-01  -19.6766    
 16 0.1500      -0.00000       8.84525      0.635192E-01  0.524950      0.630841E-01  -19.6766    
 17 0.1600      -0.00000       8.84526      0.635192E-01  0.525062      0.630109E-01  -19.6766    
 18 0.1700      -0.00000       8.84530      0.635194E-01  0.525008      0.630463E-01  -19.6766    
 19 0.1800      -0.00000       8.84525      0.635190E-01  0.525058      0.630143E-01  -19.6766    
 20 0.1900      -0.00000       8.84528      0.635191E-01  0.525021      0.630390E-01  -19.6766    
 21 0.2000      -0.00000       8.84534      0.635194E-01  0.525033      0.630310E-01  -19.6766    
 22 0.2100      -0.00000       8.84527      0.635189E-01  0.525069      0.630083E-01  -19.6766    
 23 0.2200      -0.00000       8.84534      0.635193E-01  0.524994      0.630582E-01  -19.6766    
 24 0.2300      -0.00000       8.84533      0.635191E-01  0.525055      0.630186E-01  -19.6766    
 25 0.2400      -0.00000       8.84536      0.635193E-01  0.525041      0.630283E-01  -19.6766    
 26 0.2500      -0.00000       8.84535      0.635191E-01  0.525079      0.630030E-01  -19.6766    
 27 0.2600      -0.00000       8.84533      0.635188E-01  0.524965      0.630789E-01  -19.6766    
 28 0.2700      -0.00000       8.84542      0.635193E-01  0.525079      0.630042E-01  -19.6766    
 29 0.2800      -0.00000       8.84539      0.635190E-01  0.524985      0.630670E-01  -19.6766    
 30 0.2900      -0.00000       8.84542      0.635191E-01  0.525127      0.629732E-01  -19.6766    
 31 0.3000      -0.00000       8.84543      0.635191E-01  0.525031      0.630371E-01  -19.6766    
 32 0.3100      -0.00000       8.84543      0.635190E-01  0.524994      0.630620E-01  -19.6766    
 33 0.3200      -0.00000       8.84546      0.635190E-01  0.525045      0.630283E-01  -19.6766    
 34 0.3300      -0.00000       8.84546      0.635189E-01  0.525016      0.630484E-01  -19.6766    
 35 0.3400      -0.00000       8.84551      0.635191E-01  0.525074      0.630106E-01  -19.6766    
 36 0.3500      -0.00000       8.84550      0.635189E-01  0.525014      0.630500E-01  -19.6765    
 37 0.3600      -0.00000       8.84552      0.635189E-01  0.525011      0.630523E-01  -19.6765    
 38 0.3700      -0.00000       8.84553      0.635188E-01  0.525059      0.630222E-01  -19.6765    
 39 0.3800      -0.00000       8.84557      0.635189E-01  0.525018      0.630492E-01  -19.6765    
 40 0.3900      -0.00000       8.84557      0.635188E-01  0.525040      0.630353E-01  -19.6765    
 41 0.4000      -0.00000       8.84561      0.635189E-01  0.525020      0.630496E-01  -19.6765    
 42 0.4100      -0.00000       8.84559      0.635186E-01  0.525064      0.630216E-01  -19.6765    
 43 0.4200      -0.00000       8.84569      0.635190E-01  0.525013      0.630554E-01  -19.6765    
 44 0.4300      -0.00000       8.84563      0.635184E-01  0.525090      0.630066E-01  -19.6765    
 45 0.4400      -0.00000       8.84569      0.635187E-01  0.524985      0.630772E-01  -19.6765    
 46 0.4500      -0.00000       8.84570      0.635186E-01  0.525076      0.630179E-01  -19.6765    
 47 0.4600      -0.00000       8.84573      0.635186E-01  0.525044      0.630402E-01  -19.6764    
 48 0.4700      -0.00000       8.84577      0.635186E-01  0.524980      0.630835E-01  -19.6764    
 49 0.4800      -0.00000       8.84577      0.635184E-01  0.525098      0.630074E-01  -19.6764    
 50 0.4900      -0.00000       8.84577      0.635182E-01  0.525073      0.630264E-01  -19.6765    
 51 0.5000      -0.00000       8.84588      0.635188E-01  0.525015      0.630648E-01  -19.6764    
 52 0.5100      0.331134E-02   8.84974      0.635463E-01  0.523139      0.633115E-01  -19.6764    
 53 0.5200      0.132256E-01   8.87743      0.637449E-01  0.509474      0.666373E-01  -19.6764    
 54 0.5300      0.296818E-01   8.94724      0.642460E-01  0.476126      0.766618E-01  -19.6761    
 55 0.5400      0.525784E-01   9.06266      0.650745E-01  0.421807      0.938686E-01  -19.6750    
 56 0.5500      0.817741E-01   9.22316      0.662268E-01  0.346240      0.118261      -19.6724    
 57 0.5600      0.117089       9.42792      0.676968E-01  0.249821      0.149553      -19.6669    
 58 0.5700      0.158305       9.67554      0.694745E-01  0.132920      0.187600      -19.6571    
 59 0.5800      0.205169       9.96416      0.715467E-01 -0.354839E-02  0.231996      -19.6416    
 60 0.5900      0.257390       10.2914      0.738964E-01 -0.158726      0.282450      -19.6187    
 61 0.6000      0.314647       10.6548      0.765053E-01 -0.331444      0.338525      -19.5867    
 62 0.6100      0.376587       11.0514      0.793526E-01 -0.520473      0.399794      -19.5438    
 63 0.6200      0.442828       11.4779      0.824148E-01 -0.724471      0.465802      -19.4885    
 64 0.6300      0.512960       11.9311      0.856684E-01 -0.941887      0.535991      -19.4194    
 65 0.6400      0.586551       12.4076      0.890895E-01  -1.17124      0.609874      -19.3350    
 66 0.6500      0.663146       12.9038      0.926520E-01  -1.41090      0.686901      -19.2345    
 67 0.6600      0.742274       13.4161      0.963304E-01  -1.65930      0.766577      -19.1168    
 68 0.6700      0.823445       13.9410      0.100099      -1.91468      0.848288      -18.9815    
 69 0.6800      0.906158       14.4747      0.103931      -2.17533      0.931483      -18.8282    
 70 0.6900      0.989904       15.0138      0.107801      -2.43972       1.01572      -18.6569    
 71 0.7000       1.07416       15.5547      0.111684      -2.70588       1.10029      -18.4679    
 72 0.7100       1.15842       16.0937      0.115554      -2.97239       1.18482      -18.2617    
 73 0.7200       1.24215       16.6277      0.119387      -3.23741       1.26867      -18.0391    
 74 0.7300       1.32484       17.1532      0.123160      -3.49936       1.35139      -17.8013    
 75 0.7400       1.40598       17.6669      0.126848      -3.75659       1.43243      -17.5494    
 76 0.7500       1.48507       18.1657      0.130429      -4.00765       1.51139      -17.2849    
 77 0.7600       1.56162       18.6468      0.133882      -4.25082       1.58766      -17.0097    
 78 0.7700       1.63517       19.1071      0.137187      -4.48484       1.66093      -16.7255    
 79 0.7800       1.70524       19.5440      0.140323      -4.70815       1.73067      -16.4342    
 80 0.7900       1.77143       19.9550      0.143273      -4.91954       1.79654      -16.1380    
 81 0.8000       1.83331       20.3376      0.146019      -5.11765       1.85809      -15.8391    
 82 0.8100       1.89051       20.6896      0.148546      -5.30140       1.91503      -15.5395    
 83 0.8200       1.94267       21.0090      0.150839      -5.46969       1.96702      -15.2416    
 84 0.8300       1.98948       21.2940      0.152884      -5.62141       2.01367      -14.9475    
 85 0.8400       2.03065       21.5430      0.154671      -5.75586       2.05485      -14.6595    
 86 0.8500       2.06592       21.7545      0.156189      -5.87204       2.09018      -14.3797    
 87 0.8600       2.09508       21.9274      0.157429      -5.96949       2.11961      -14.1102    
 88 0.8700       2.11794       22.0607      0.158386      -6.04750       2.14287      -13.8530    
 89 0.8800       2.13438       22.1538      0.159053      -6.10564       2.15985      -13.6101    
 90 0.8900       2.14428       22.2061      0.159428      -6.14372       2.17054      -13.3832    
 91 0.9000       2.14759       22.2175      0.159509      -6.16129       2.17473      -13.1741    
 92 0.9100       2.14428       22.1879      0.159295      -6.15856       2.17261      -12.9843    
 93 0.9200       2.13438       22.1176      0.158790      -6.13534       2.16404      -12.8153    
 94 0.9300       2.11795       22.0071      0.157996      -6.09191       2.14915      -12.6683    
 95 0.9400       2.09508       21.8573      0.156920      -6.02860       2.12810      -12.5444    
 96 0.9500       2.06593       21.6690      0.155567      -5.94573       2.10094      -12.4447    
 97 0.9600       2.03066       21.4435      0.153948      -5.84392       2.06792      -12.3699    
 98 0.9700       1.98949       21.1824      0.152072      -5.72374       2.02920      -12.3206    
 99 0.9800       1.94268       20.8871      0.149951      -5.58600       1.98506      -12.2973    
100 0.9900       1.89052       20.5597      0.147600      -5.43160       1.93581      -12.3003    
101  1.000       1.83332       20.2022      0.145033      -5.26138       1.88166      -12.3296    
102  1.010       1.77144       19.8169      0.142266      -5.07653       1.82305      -12.3853    
103  1.020       1.70526       19.4061      0.139316      -4.87816       1.76031      -12.4669    
104  1.030       1.63518       18.9725      0.136202      -4.66748       1.69383      -12.5742    
105  1.040       1.56164       18.5187      0.132944      -4.44578       1.62400      -12.7065    
106  1.050       1.48509       18.0476      0.129561      -4.21449       1.55128      -12.8630    
107  1.060       1.40600       17.5621      0.126075      -3.97496       1.47608      -13.0427    
108  1.070       1.32486       17.0653      0.122507      -3.72869       1.39888      -13.2446    
109  1.080       1.24217       16.5601      0.118880      -3.47725       1.32018      -13.4674    
110  1.090       1.15844       16.0496      0.115215      -3.22208       1.24039      -13.7096    
111  1.100       1.07418       15.5371      0.111535      -2.96482       1.16005      -13.9696    
112  1.110      0.989919       15.0257      0.107863      -2.70702       1.07962      -14.2458    
113  1.120      0.906174       14.5183      0.104220      -2.45023      0.999590      -14.5363    
114  1.130      0.823459       14.0182      0.100629      -2.19605      0.920449      -14.8391    
115  1.140      0.742288       13.5283      0.971122E-01  -1.94596      0.842637      -15.1523    
116  1.150      0.663160       13.0516      0.936895E-01  -1.70161      0.766704      -15.4736    
117  1.160      0.586565       12.5909      0.903819E-01  -1.46435      0.693012      -15.8008    
118  1.170      0.512973       12.1489      0.872088E-01  -1.23568      0.622055      -16.1318    
119  1.180      0.442840       11.7284      0.841895E-01  -1.01698      0.554247      -16.4642    
120  1.190      0.376599       11.3317      0.813412E-01 -0.809517      0.489965      -16.7958    
121  1.200      0.314658       10.9612      0.786813E-01 -0.614662      0.429664      -17.1241    
122  1.210      0.257400       10.6190      0.762243E-01 -0.433427      0.373601      -17.4469    
123  1.220      0.205178       10.3071      0.739855E-01 -0.267085      0.322231      -17.7620    
124  1.230      0.158313       10.0274      0.719771E-01 -0.116292      0.275635      -18.0673    
125  1.240      0.117096       9.78146      0.702113E-01  0.175378E-01  0.234426      -18.3605    
126  1.250      0.817799E-01   9.57065      0.686977E-01  0.134088      0.198530      -18.6398    
127  1.260      0.525831E-01   9.39624      0.674454E-01  0.232360      0.168361      -18.9033    
128  1.270      0.296854E-01   9.25923      0.664615E-01  0.311914      0.144002      -19.1492    
129  1.280      0.132281E-01   9.16037      0.657515E-01  0.372317      0.125571      -19.3759    
130  1.290      0.331256E-02   9.10031      0.653200E-01  0.412922      0.113368      -19.5821    
131  1.300      -0.00000       9.07933      0.651691E-01  0.433911      0.107187      -19.7665    
132  1.310      -0.00000       9.09370      0.652718E-01  0.436705      0.107038      -19.9280    
133  1.320      -0.00000       9.12364      0.654862E-01  0.431323      0.110016      -20.0658    
134  1.330      -0.00000       9.15023      0.656767E-01  0.425642      0.112553      -20.1793    
135  1.340      -0.00000       9.16970      0.658161E-01  0.421414      0.113938      -20.2688    
136  1.350      -0.00000       9.18181      0.659026E-01  0.418963      0.114255      -20.3346    
137  1.360      -0.00000       9.18634      0.659346E-01  0.418559      0.113514      -20.3778    
138  1.370      -0.00000       9.18370      0.659153E-01  0.420211      0.111808      -20.3999    
139  1.380      -0.00000       9.17424      0.658470E-01  0.423771      0.109275      -20.4028    
140  1.390      -0.00000       9.15875      0.657354E-01  0.429160      0.105968      -20.3883    
141  1.400      -0.00000       9.13796      0.655858E-01  0.436145      0.102017      -20.3588    
142  1.410      -0.00000       9.11298      0.654061E-01  0.444228      0.977056E-01  -20.3165    
143  1.420      -0.00000       9.08468      0.652025E-01  0.453430      0.929691E-01  -20.2639    
144  1.430      -0.00000       9.05407      0.649825E-01  0.463180      0.881254E-01  -20.2034    
145  1.440      -0.00000       9.02209      0.647525E-01  0.473351      0.831987E-01  -20.1371    
146  1.450      -0.00000       8.98963      0.645192E-01  0.483621      0.783411E-01  -20.0674    
147  1.460      -0.00000       8.95747      0.642879E-01  0.493724      0.736693E-01  -19.9962    
148  1.470      -0.00000       8.92635      0.640642E-01  0.503402      0.693001E-01  -19.9253    
149  1.480      -0.00000       8.89686      0.638522E-01  0.512641      0.651944E-01  -19.8564    
150  1.490      -0.00000       8.86952      0.636555E-01  0.521141      0.615064E-01  -19.7908    
151  1.500      -0.00000       8.84477      0.634775E-01  0.528782      0.582780E-01  -19.7298    
152  1.510      -0.00000       8.82283      0.633196E-01  0.535559      0.554835E-01  -19.6742    
153  1.520      -0.00000       8.80394      0.631837E-01  0.541340      0.531857E-01  -19.6248    
154  1.530      -0.00000       8.78821      0.630704E-01  0.546165      0.513407E-01  -19.5820    
155  1.540      -0.00000       8.77571      0.629803E-01  0.549914      0.500160E-01  -19.5462    
156  1.550      -0.00000       8.76630      0.629124E-01  0.552808      0.490601E-01  -19.5173    
157  1.560      -0.00000       8.75993      0.628663E-01  0.554655      0.485983E-01  -19.4952    
158  1.570      -0.00000       8.75635      0.628402E-01  0.555703      0.484731E-01  -19.4799    
159  1.580      -0.00000       8.75543      0.628332E-01  0.555921      0.487107E-01  -19.4709    
160  1.590      -0.00000       8.75683      0.628429E-01  0.555391      0.492705E-01  -19.4677    
161  1.600      -0.00000       8.76034      0.628677E-01  0.554315      0.500306E-01  -19.4697    
162  1.610      -0.00000       8.76557      0.629048E-01  0.552581      0.510819E-01  -19.4764    
163  1.620      -0.00000       8.77227      0.629525E-01  0.550520      0.522255E-01  -19.4870    
164  1.630      -0.00000       8.78013      0.630085E-01  0.548044      0.535366E-01  -19.5010    
165  1.640      -0.00000       8.78881      0.630704E-01  0.545343      0.549085E-01  -19.5176    
166  1.650      -0.00000       8.79805      0.631363E-01  0.542466      0.563284E-01  -19.5362    
167  1.660      -0.00000       8.80761      0.632045E-01  0.539522      0.577429E-01  -19.5561    
168  1.670      -0.00000       8.81716      0.632726E-01  0.536568      0.591314E-01  -19.5767    
169  1.680      -0.00000       8.82651      0.633393E-01  0.533756      0.604119E-01  -19.5975    
170  1.690      -0.00000       8.83555      0.634038E-01  0.530933      0.616975E-01  -19.6180    
171  1.700      -0.00000       8.84397      0.634638E-01  0.528385      0.628153E-01  -19.6377    
172  1.710      -0.00000       8.85172      0.635191E-01  0.526019      0.638374E-01  -19.6562    
173  1.720      -0.00000       8.85870      0.635688E-01  0.523964      0.646891E-01  -19.6733    
174  1.730      -0.00000       8.86480      0.636121E-01  0.522092      0.654624E-01  -19.6887    
175  1.740      -0.00000       8.87000      0.636491E-01  0.520526      0.660828E-01  -19.7022    
176  1.750      -0.00000       8.87426      0.636792E-01  0.519343      0.665042E-01  -19.7138    
177  1.760      -0.00000       8.87759      0.637028E-01  0.518273      0.669071E-01  -19.7234    
178  1.770      -0.00000       8.88003      0.637199E-01  0.517642      0.670764E-01  -19.7309    
179  1.780      -0.00000       8.88160      0.637308E-01  0.517196      0.671810E-01  -19.7364    
180  1.790      -0.00000       8.88237      0.637359E-01  0.517031      0.671545E-01  -19.7401    
181  1.800      -0.00000       8.88240      0.637357E-01  0.517094      0.670309E-01  -19.7420    
182  1.810      -0.00000       8.88179      0.637309E-01  0.517329      0.668426E-01  -19.7422    
183  1.820      -0.00000       8.88061      0.637221E-01  0.517687      0.666173E-01  -19.7410    
184  1.830      -0.00000       8.87895      0.637097E-01  0.518327      0.662450E-01  -19.7386    
185  1.840      -0.00000       8.87691      0.636947E-01  0.518992      0.658908E-01  -19.7350    
186  1.850      -0.00000       8.87457      0.636775E-01  0.519716      0.655259E-01  -19.7306    
187  1.860      -0.00000       8.87202      0.636589E-01  0.520592      0.650842E-01  -19.7256    
188  1.870      -0.00000       8.86936      0.636394E-01  0.521445      0.646750E-01  -19.7200    
189  1.880      -0.00000       8.86665      0.636195E-01  0.522310      0.642696E-01  -19.7142    
190  1.890      -0.00000       8.86395      0.635998E-01  0.523178      0.638694E-01  -19.7082    
191  1.900      -0.00000       8.86137      0.635808E-01  0.523981      0.635143E-01  -19.7022    
192  1.910      -0.00000       8.85890      0.635627E-01  0.524815      0.631371E-01  -19.6964    
193  1.920      -0.00000       8.85663      0.635460E-01  0.525490      0.628584E-01  -19.6909    
194  1.930      -0.00000       8.85456      0.635308E-01  0.526213      0.625398E-01  -19.6858    
195  1.940      -0.00000       8.85275      0.635174E-01  0.526778      0.623140E-01  -19.6812    
196  1.950      -0.00000       8.85118      0.635058E-01  0.527256      0.621322E-01  -19.6770    
197  1.960      -0.00000       8.84990      0.634962E-01  0.527705      0.619545E-01  -19.6734    
198  1.970      -0.00000       8.84890      0.634886E-01  0.528049      0.618294E-01  -19.6704    
199  1.980      -0.00000       8.84815      0.634828E-01  0.528243      0.617874E-01  -19.6680    
200  1.990      -0.00000       8.84767      0.634790E-01  0.528461      0.617124E-01  -19.6662    
201  2.000      -0.00000       8.84744      0.634769E-01  0.528575      0.616897E-01  -19.6649    
