# Mowe_temp                                                                       
# Operating point sequence...
# i     t     alpha_ref     Lift          CL            Fn  for[ 1]   Mc` mom[ 1]   Phi[ 2]      
  1  0.000      -0.00000       8.13325      0.584064E-01  0.880620     -0.141898      -18.1115    
  2 0.1000E-01  -0.00000       8.13325      0.584064E-01  0.880622     -0.141899      -18.1115    
  3 0.2000E-01  -0.00000       8.13325      0.584064E-01  0.880643     -0.141913      -18.1115    
  4 0.3000E-01  -0.00000       8.13325      0.584065E-01  0.880574     -0.141867      -18.1115    
  5 0.4000E-01  -0.00000       8.13325      0.584064E-01  0.880670     -0.141931      -18.1115    
  6 0.5000E-01  -0.00000       8.13325      0.584064E-01  0.880602     -0.141886      -18.1115    
  7 0.6000E-01  -0.00000       8.13326      0.584065E-01  0.880580     -0.141871      -18.1115    
  8 0.7000E-01  -0.00000       8.13326      0.584065E-01  0.880631     -0.141905      -18.1115    
  9 0.8000E-01  -0.00000       8.13325      0.584065E-01  0.880629     -0.141903      -18.1115    
 10 0.9000E-01  -0.00000       8.13327      0.584065E-01  0.880617     -0.141896      -18.1115    
 11 0.1000      -0.00000       8.13326      0.584065E-01  0.880613     -0.141893      -18.1115    
 12 0.1100      -0.00000       8.13327      0.584065E-01  0.880635     -0.141908      -18.1115    
 13 0.1200      -0.00000       8.13328      0.584065E-01  0.880574     -0.141867      -18.1115    
 14 0.1300      -0.00000       8.13328      0.584065E-01  0.880643     -0.141912      -18.1115    
 15 0.1400      -0.00000       8.13328      0.584065E-01  0.880667     -0.141928      -18.1115    
 16 0.1500      -0.00000       8.13330      0.584065E-01  0.880540     -0.141844      -18.1115    
 17 0.1600      -0.00000       8.13330      0.584065E-01  0.880754     -0.141985      -18.1115    
 18 0.1700      -0.00000       8.13331      0.584065E-01  0.880517     -0.141828      -18.1115    
 19 0.1800      -0.00000       8.13331      0.584065E-01  0.880669     -0.141928      -18.1115    
 20 0.1900      -0.00000       8.13332      0.584064E-01  0.880620     -0.141895      -18.1115    
 21 0.2000      -0.00000       8.13334      0.584065E-01  0.880587     -0.141872      -18.1115    
 22 0.2100      -0.00000       8.13334      0.584064E-01  0.880656     -0.141918      -18.1115    
 23 0.2200      -0.00000       8.13335      0.584064E-01  0.880615     -0.141889      -18.1115    
 24 0.2300      -0.00000       8.13336      0.584064E-01  0.880624     -0.141895      -18.1115    
 25 0.2400      -0.00000       8.13337      0.584064E-01  0.880633     -0.141901      -18.1115    
 26 0.2500      -0.00000       8.13339      0.584064E-01  0.880656     -0.141915      -18.1115    
 27 0.2600      -0.00000       8.13340      0.584064E-01  0.880588     -0.141870      -18.1115    
 28 0.2700      -0.00000       8.13341      0.584064E-01  0.880602     -0.141879      -18.1115    
 29 0.2800      -0.00000       8.13343      0.584064E-01  0.880656     -0.141914      -18.1115    
 30 0.2900      -0.00000       8.13344      0.584064E-01  0.880611     -0.141884      -18.1115    
 31 0.3000      -0.00000       8.13346      0.584064E-01  0.880634     -0.141899      -18.1115    
 32 0.3100      -0.00000       8.13347      0.584064E-01  0.880614     -0.141885      -18.1115    
 33 0.3200      -0.00000       8.13349      0.584064E-01  0.880623     -0.141892      -18.1115    
 34 0.3300      -0.00000       8.13350      0.584064E-01  0.880635     -0.141899      -18.1115    
 35 0.3400      -0.00000       8.13352      0.584064E-01  0.880600     -0.141876      -18.1115    
 36 0.3500      -0.00000       8.13354      0.584063E-01  0.880636     -0.141899      -18.1115    
 37 0.3600      -0.00000       8.13355      0.584063E-01  0.880608     -0.141880      -18.1115    
 38 0.3700      -0.00000       8.13357      0.584063E-01  0.880635     -0.141897      -18.1115    
 39 0.3800      -0.00000       8.13359      0.584063E-01  0.880593     -0.141869      -18.1115    
 40 0.3900      -0.00000       8.13361      0.584063E-01  0.880682     -0.141926      -18.1115    
 41 0.4000      -0.00000       8.13362      0.584062E-01  0.880600     -0.141871      -18.1114    
 42 0.4100      -0.00000       8.13365      0.584062E-01  0.880629     -0.141890      -18.1114    
 43 0.4200      -0.00000       8.13366      0.584061E-01  0.880615     -0.141879      -18.1114    
 44 0.4300      -0.00000       8.13369      0.584061E-01  0.880623     -0.141883      -18.1114    
 45 0.4400      -0.00000       8.13371      0.584061E-01  0.880626     -0.141884      -18.1114    
 46 0.4500      -0.00000       8.13373      0.584061E-01  0.880624     -0.141882      -18.1114    
 47 0.4600      -0.00000       8.13375      0.584061E-01  0.880663     -0.141906      -18.1114    
 48 0.4700      -0.00000       8.13378      0.584060E-01  0.880618     -0.141875      -18.1114    
 49 0.4800      -0.00000       8.13380      0.584060E-01  0.880638     -0.141887      -18.1114    
 50 0.4900      -0.00000       8.13383      0.584060E-01  0.880676     -0.141910      -18.1114    
 51 0.5000      -0.00000       8.13385      0.584060E-01  0.880610     -0.141865      -18.1114    
 52 0.5100      0.331115E-02   8.13783      0.584343E-01  0.878732     -0.141618      -18.1114    
 53 0.5200      0.132252E-01   8.16544      0.586324E-01  0.865043     -0.138275      -18.1113    
 54 0.5300      0.296812E-01   8.23538      0.591344E-01  0.831719     -0.128268      -18.1111    
 55 0.5400      0.525775E-01   8.35098      0.599643E-01  0.777295     -0.110992      -18.1100    
 56 0.5500      0.817730E-01   8.51178      0.611186E-01  0.701727     -0.865986E-01  -18.1073    
 57 0.5600      0.117088       8.71688      0.625911E-01  0.605113     -0.551778E-01  -18.1019    
 58 0.5700      0.158304       8.96492      0.643719E-01  0.488089     -0.170485E-01  -18.0922    
 59 0.5800      0.205167       9.25404      0.664477E-01  0.351479      0.274439E-01  -18.0768    
 60 0.5900      0.257388       9.58196      0.688021E-01  0.195940      0.781397E-01  -18.0541    
 61 0.6000      0.314645       9.94606      0.714163E-01  0.228726E-01  0.134450      -18.0223    
 62 0.6100      0.376585       10.3435      0.742695E-01 -0.166640      0.196047      -17.9798    
 63 0.6200      0.442826       10.7710      0.773392E-01 -0.371238      0.262459      -17.9252    
 64 0.6300      0.512957       11.2255      0.806020E-01 -0.589372      0.333127      -17.8569    
 65 0.6400      0.586548       11.7034      0.840333E-01 -0.819666      0.407639      -17.7737    
 66 0.6500      0.663144       12.2013      0.876079E-01  -1.06043      0.485393      -17.6747    
 67 0.6600      0.742271       12.7156      0.913003E-01  -1.31003      0.565855      -17.5591    
 68 0.6700      0.823442       13.2427      0.950849E-01  -1.56693      0.648564      -17.4263    
 69 0.6800      0.906155       13.7791      0.989358E-01  -1.82937      0.732916      -17.2762    
 70 0.6900      0.989900       14.3211      0.102827      -2.09555      0.818306      -17.1088    
 71 0.7000       1.07416       14.8653      0.106734      -2.36398      0.904318      -16.9244    
 72 0.7100       1.15842       15.4082      0.110632      -2.63289      0.990372      -16.7237    
 73 0.7200       1.24215       15.9464      0.114495      -2.90056       1.07590      -16.5076    
 74 0.7300       1.32484       16.4765      0.118301      -3.16547       1.16046      -16.2771    
 75 0.7400       1.40598       16.9953      0.122026      -3.42579       1.24341      -16.0337    
 76 0.7500       1.48507       17.4998      0.125648      -3.68026       1.32448      -15.7788    
 77 0.7600       1.56162       17.9869      0.129145      -3.92703       1.40296      -15.5142    
 78 0.7700       1.63516       18.4538      0.132496      -4.16485       1.47854      -15.2418    
 79 0.7800       1.70524       18.8977      0.135683      -4.39214       1.55067      -14.9635    
 80 0.7900       1.77142       19.3161      0.138686      -4.60773       1.61907      -14.6814    
 81 0.8000       1.83330       19.7065      0.141488      -4.81014       1.68317      -14.3976    
 82 0.8100       1.89050       20.0667      0.144074      -4.99830       1.74272      -14.1143    
 83 0.8200       1.94267       20.3946      0.146428      -5.17115       1.79738      -13.8336    
 84 0.8300       1.98948       20.6885      0.148537      -5.32745       1.84670      -13.5577    
 85 0.8400       2.03064       20.9466      0.150389      -5.46654       1.89056      -13.2887    
 86 0.8500       2.06592       21.1674      0.151974      -5.58740       1.92858      -13.0286    
 87 0.8600       2.09507       21.3498      0.153283      -5.68953       1.96067      -12.7795    
 88 0.8700       2.11794       21.4927      0.154308      -5.77204       1.98646      -12.5432    
 89 0.8800       2.13438       21.5954      0.155044      -5.83480       2.00602      -12.3215    
 90 0.8900       2.14428       21.6573      0.155488      -5.87715       2.01906      -12.1161    
 91 0.9000       2.14759       21.6781      0.155636      -5.89908       2.02564      -11.9285    
 92 0.9100       2.14428       21.6577      0.155489      -5.90028       2.02563      -11.7600    
 93 0.9200       2.13438       21.5964      0.155049      -5.88102       2.01917      -11.6120    
 94 0.9300       2.11795       21.4947      0.154317      -5.84112       2.00613      -11.4856    
 95 0.9400       2.09508       21.3530      0.153299      -5.78114       1.98678      -11.3816    
 96 0.9500       2.06593       21.1725      0.152003      -5.70126       1.96111      -11.3009    
 97 0.9600       2.03066       20.9542      0.150435      -5.60210       1.92937      -11.2441    
 98 0.9700       1.98949       20.6996      0.148606      -5.48425       1.89174      -11.2116    
 99 0.9800       1.94269       20.4102      0.146527      -5.34838       1.84839      -11.2037    
100 0.9900       1.89052       20.0878      0.144212      -5.19546       1.79971      -11.2205    
101  1.000       1.83333       19.7345      0.141675      -5.02636       1.74592      -11.2620    
102  1.010       1.77144       19.3525      0.138931      -4.84207       1.68733      -11.3279    
103  1.020       1.70526       18.9440      0.135998      -4.64385       1.62438      -11.4179    
104  1.030       1.63519       18.5117      0.132894      -4.43287       1.55742      -11.5314    
105  1.040       1.56165       18.0583      0.129638      -4.21036       1.48682      -11.6678    
106  1.050       1.48510       17.5865      0.126250      -3.97780       1.41308      -11.8260    
107  1.060       1.40601       17.0992      0.122751      -3.73649       1.33658      -12.0052    
108  1.070       1.32487       16.5994      0.119163      -3.48805       1.25786      -12.2042    
109  1.080       1.24218       16.0902      0.115507      -3.23391       1.17734      -12.4216    
110  1.090       1.15845       15.5747      0.111806      -2.97561       1.09552      -12.6561    
111  1.100       1.07419       15.0561      0.108082      -2.71479       1.01291      -12.9060    
112  1.110      0.989932       14.5375      0.104358      -2.45307      0.930037      -13.1698    
113  1.120      0.906187       14.0220      0.100657      -2.19195      0.847346      -13.4456    
114  1.130      0.823474       13.5129      0.970019E-01  -1.93305      0.765345      -13.7317    
115  1.140      0.742302       13.0131      0.934137E-01  -1.67806      0.684605      -14.0260    
116  1.150      0.663174       12.5257      0.899143E-01  -1.42841      0.605538      -14.3267    
117  1.160      0.586577       12.0536      0.865250E-01  -1.18562      0.528623      -14.6316    
118  1.170      0.512985       11.5997      0.832661E-01 -0.951303      0.454406      -14.9386    
119  1.180      0.442852       11.1666      0.801570E-01 -0.726666      0.383194      -15.2458    
120  1.190      0.376610       10.7570      0.772162E-01 -0.513330      0.315589      -15.5510    
121  1.200      0.314669       10.3733      0.744613E-01 -0.312372      0.251853      -15.8521    
122  1.210      0.257409       10.0177      0.719087E-01 -0.125106      0.192436      -16.1471    
123  1.220      0.205186       9.69246      0.695734E-01  0.473130E-01  0.137707      -16.4341    
124  1.230      0.158321       9.39939      0.674692E-01  0.203831      0.880040E-01  -16.7110    
125  1.240      0.117103       9.14025      0.656087E-01  0.343669      0.435153E-01  -16.9760    
126  1.250      0.817853E-01   8.91659      0.640029E-01  0.465739      0.467104E-02  -17.2275    
127  1.260      0.525875E-01   8.72973      0.626612E-01  0.569453     -0.283956E-01  -17.4638    
128  1.270      0.296887E-01   8.58078      0.615917E-01  0.654113     -0.554369E-01  -17.6834    
129  1.280      0.132304E-01   8.47065      0.608009E-01  0.719328     -0.763692E-01  -17.8849    
130  1.290      0.331365E-02   8.40001      0.602934E-01  0.764475     -0.909148E-01  -18.0672    
131  1.300      -0.00000       8.36931      0.600727E-01  0.789506     -0.991354E-01  -18.2291    
132  1.310      -0.00000       8.37481      0.601118E-01  0.796098     -0.101194      -18.3698    
133  1.320      -0.00000       8.39682      0.602694E-01  0.793842     -0.997212E-01  -18.4885    
134  1.330      -0.00000       8.41642      0.604097E-01  0.791130     -0.986276E-01  -18.5849    
135  1.340      -0.00000       8.42980      0.605053E-01  0.789251     -0.983226E-01  -18.6592    
136  1.350      -0.00000       8.43673      0.605547E-01  0.788773     -0.988849E-01  -18.7119    
137  1.360      -0.00000       8.43718      0.605575E-01  0.789869     -0.100246      -18.7441    
138  1.370      -0.00000       8.43132      0.605151E-01  0.792582     -0.102337      -18.7572    
139  1.380      -0.00000       8.41965      0.604310E-01  0.796899     -0.105111      -18.7531    
140  1.390      -0.00000       8.40283      0.603099E-01  0.802495     -0.108352      -18.7338    
141  1.400      -0.00000       8.38166      0.601576E-01  0.809380     -0.112091      -18.7013    
142  1.410      -0.00000       8.35703      0.599804E-01  0.817132     -0.116091      -18.6579    
143  1.420      -0.00000       8.32985      0.597850E-01  0.825566     -0.120280      -18.6058    
144  1.430      -0.00000       8.30101      0.595776E-01  0.834392     -0.124520      -18.5474    
145  1.440      -0.00000       8.27139      0.593647E-01  0.843424     -0.128747      -18.4847    
146  1.450      -0.00000       8.24178      0.591518E-01  0.852351     -0.132811      -18.4197    
147  1.460      -0.00000       8.21290      0.589441E-01  0.860988     -0.136644      -18.3544    
148  1.470      -0.00000       8.18536      0.587461E-01  0.869183     -0.140193      -18.2903    
149  1.480      -0.00000       8.15970      0.585616E-01  0.876806     -0.143417      -18.2288    
150  1.490      -0.00000       8.13633      0.583935E-01  0.883624     -0.146201      -18.1713    
151  1.500      -0.00000       8.11559      0.582443E-01  0.889739     -0.148643      -18.1186    
152  1.510      -0.00000       8.09770      0.581155E-01  0.894877     -0.150588      -18.0716    
153  1.520      -0.00000       8.08277      0.580080E-01  0.899211     -0.152168      -18.0307    
154  1.530      -0.00000       8.07085      0.579221E-01  0.902633     -0.153326      -17.9963    
155  1.540      -0.00000       8.06192      0.578576E-01  0.905109     -0.154046      -17.9686    
156  1.550      -0.00000       8.05586      0.578138E-01  0.906745     -0.154399      -17.9475    
157  1.560      -0.00000       8.05252      0.577895E-01  0.907633     -0.154444      -17.9327    
158  1.570      -0.00000       8.05167      0.577831E-01  0.907769     -0.154171      -17.9240    
159  1.580      -0.00000       8.05309      0.577929E-01  0.907205     -0.153603      -17.9209    
160  1.590      -0.00000       8.05648      0.578168E-01  0.906108     -0.152837      -17.9229    
161  1.600      -0.00000       8.06156      0.578529E-01  0.904559     -0.151911      -17.9293    
162  1.610      -0.00000       8.06801      0.578989E-01  0.902552     -0.150803      -17.9396    
163  1.620      -0.00000       8.07555      0.579526E-01  0.900263     -0.149611      -17.9531    
164  1.630      -0.00000       8.08386      0.580119E-01  0.897829     -0.148406      -17.9690    
165  1.640      -0.00000       8.09266      0.580747E-01  0.895148     -0.147102      -17.9868    
166  1.650      -0.00000       8.10170      0.581392E-01  0.892533     -0.145890      -18.0058    
167  1.660      -0.00000       8.11072      0.582036E-01  0.889843     -0.144655      -18.0255    
168  1.670      -0.00000       8.11952      0.582663E-01  0.887283     -0.143518      -18.0452    
169  1.680      -0.00000       8.12789      0.583261E-01  0.884834     -0.142452      -18.0645    
170  1.690      -0.00000       8.13570      0.583817E-01  0.882586     -0.141503      -18.0829    
171  1.700      -0.00000       8.14280      0.584323E-01  0.880577     -0.140684      -18.1002    
172  1.710      -0.00000       8.14911      0.584772E-01  0.878726     -0.139933      -18.1160    
173  1.720      -0.00000       8.15455      0.585159E-01  0.877222     -0.139366      -18.1300    
174  1.730      -0.00000       8.15910      0.585481E-01  0.875987     -0.138927      -18.1422    
175  1.740      -0.00000       8.16273      0.585739E-01  0.874923     -0.138547      -18.1525    
176  1.750      -0.00000       8.16546      0.585931E-01  0.874224     -0.138351      -18.1608    
177  1.760      -0.00000       8.16733      0.586061E-01  0.873793     -0.138276      -18.1670    
178  1.770      -0.00000       8.16837      0.586133E-01  0.873481     -0.138224      -18.1714    
179  1.780      -0.00000       8.16866      0.586150E-01  0.873539     -0.138362      -18.1739    
180  1.790      -0.00000       8.16827      0.586118E-01  0.873686     -0.138509      -18.1748    
181  1.800      -0.00000       8.16730      0.586044E-01  0.874072     -0.138768      -18.1742    
182  1.810      -0.00000       8.16581      0.585934E-01  0.874539     -0.139038      -18.1722    
183  1.820      -0.00000       8.16392      0.585795E-01  0.875190     -0.139394      -18.1691    
184  1.830      -0.00000       8.16171      0.585633E-01  0.875837     -0.139717      -18.1650    
185  1.840      -0.00000       8.15926      0.585454E-01  0.876655     -0.140128      -18.1603    
186  1.850      -0.00000       8.15668      0.585264E-01  0.877460     -0.140511      -18.1549    
187  1.860      -0.00000       8.15404      0.585072E-01  0.878252     -0.140872      -18.1493    
188  1.870      -0.00000       8.15141      0.584879E-01  0.879098     -0.141260      -18.1434    
189  1.880      -0.00000       8.14885      0.584692E-01  0.879838     -0.141575      -18.1376    
190  1.890      -0.00000       8.14643      0.584514E-01  0.880650     -0.141940      -18.1319    
191  1.900      -0.00000       8.14419      0.584350E-01  0.881229     -0.142155      -18.1264    
192  1.910      -0.00000       8.14215      0.584200E-01  0.881927     -0.142458      -18.1214    
193  1.920      -0.00000       8.14037      0.584069E-01  0.882465     -0.142666      -18.1167    
194  1.930      -0.00000       8.13885      0.583956E-01  0.882915     -0.142831      -18.1126    
195  1.940      -0.00000       8.13760      0.583863E-01  0.883304     -0.142970      -18.1091    
196  1.950      -0.00000       8.13663      0.583790E-01  0.883559     -0.143037      -18.1062    
197  1.960      -0.00000       8.13594      0.583736E-01  0.883880     -0.143165      -18.1038    
198  1.970      -0.00000       8.13550      0.583702E-01  0.883909     -0.143117      -18.1021    
199  1.980      -0.00000       8.13532      0.583684E-01  0.884121     -0.143207      -18.1009    
200  1.990      -0.00000       8.13535      0.583683E-01  0.884022     -0.143108      -18.1003    
201  2.000      -0.00000       8.13559      0.583697E-01  0.884014     -0.143084      -18.1001    
