# Mowe_temp                                                                       
# Operating point sequence...
# i     t     alpha_ref     Lift          CL            Fn  for[ 1]   Mc` mom[ 1]   Phi[ 2]      
  1  0.000      -5.00000      -29.7966     -0.229357       20.3886      -6.89337      -52.1030    
  2 0.1000E-01  -5.00000      -29.7966     -0.229357       20.3886      -6.89337      -52.1030    
  3 0.2000E-01  -5.00000      -29.7966     -0.229357       20.3886      -6.89336      -52.1030    
  4 0.3000E-01  -5.00000      -29.7966     -0.229357       20.3886      -6.89340      -52.1030    
  5 0.4000E-01  -5.00000      -29.7966     -0.229357       20.3885      -6.89333      -52.1030    
  6 0.5000E-01  -5.00000      -29.7966     -0.229357       20.3887      -6.89342      -52.1030    
  7 0.6000E-01  -5.00000      -29.7966     -0.229357       20.3885      -6.89329      -52.1030    
  8 0.7000E-01  -5.00000      -29.7966     -0.229357       20.3886      -6.89339      -52.1030    
  9 0.8000E-01  -5.00000      -29.7966     -0.229357       20.3886      -6.89339      -52.1031    
 10 0.9000E-01  -5.00000      -29.7966     -0.229357       20.3886      -6.89337      -52.1031    
 11 0.1000      -5.00000      -29.7966     -0.229357       20.3886      -6.89338      -52.1031    
 12 0.1100      -5.00000      -29.7966     -0.229357       20.3886      -6.89337      -52.1031    
 13 0.1200      -5.00000      -29.7967     -0.229357       20.3886      -6.89338      -52.1031    
 14 0.1300      -5.00000      -29.7967     -0.229357       20.3887      -6.89340      -52.1031    
 15 0.1400      -5.00000      -29.7967     -0.229357       20.3888      -6.89347      -52.1031    
 16 0.1500      -5.00000      -29.7967     -0.229357       20.3885      -6.89328      -52.1031    
 17 0.1600      -5.00000      -29.7968     -0.229357       20.3888      -6.89348      -52.1030    
 18 0.1700      -5.00000      -29.7968     -0.229357       20.3886      -6.89335      -52.1030    
 19 0.1800      -5.00000      -29.7969     -0.229358       20.3888      -6.89346      -52.1030    
 20 0.1900      -5.00000      -29.7969     -0.229358       20.3887      -6.89340      -52.1030    
 21 0.2000      -5.00000      -29.7969     -0.229357       20.3888      -6.89346      -52.1030    
 22 0.2100      -5.00000      -29.7970     -0.229358       20.3888      -6.89343      -52.1030    
 23 0.2200      -5.00000      -29.7970     -0.229358       20.3889      -6.89349      -52.1030    
 24 0.2300      -5.00000      -29.7971     -0.229358       20.3888      -6.89344      -52.1030    
 25 0.2400      -5.00000      -29.7971     -0.229358       20.3889      -6.89348      -52.1030    
 26 0.2500      -5.00000      -29.7972     -0.229358       20.3891      -6.89359      -52.1030    
 27 0.2600      -5.00000      -29.7972     -0.229358       20.3888      -6.89337      -52.1030    
 28 0.2700      -5.00000      -29.7973     -0.229358       20.3891      -6.89354      -52.1030    
 29 0.2800      -5.00000      -29.7973     -0.229358       20.3891      -6.89355      -52.1030    
 30 0.2900      -5.00000      -29.7974     -0.229358       20.3890      -6.89348      -52.1030    
 31 0.3000      -5.00000      -29.7974     -0.229358       20.3892      -6.89359      -52.1030    
 32 0.3100      -5.00000      -29.7975     -0.229358       20.3891      -6.89355      -52.1030    
 33 0.3200      -5.00000      -29.7976     -0.229358       20.3892      -6.89356      -52.1030    
 34 0.3300      -5.00000      -29.7976     -0.229358       20.3892      -6.89357      -52.1030    
 35 0.3400      -5.00000      -29.7977     -0.229357       20.3893      -6.89360      -52.1030    
 36 0.3500      -5.00000      -29.7977     -0.229357       20.3893      -6.89361      -52.1030    
 37 0.3600      -5.00000      -29.7978     -0.229357       20.3893      -6.89361      -52.1030    
 38 0.3700      -5.00000      -29.7979     -0.229357       20.3894      -6.89363      -52.1030    
 39 0.3800      -5.00000      -29.7980     -0.229357       20.3895      -6.89366      -52.1030    
 40 0.3900      -5.00000      -29.7980     -0.229358       20.3895      -6.89366      -52.1030    
 41 0.4000      -5.00000      -29.7981     -0.229358       20.3895      -6.89368      -52.1030    
 42 0.4100      -5.00000      -29.7982     -0.229358       20.3896      -6.89370      -52.1030    
 43 0.4200      -5.00000      -29.7983     -0.229357       20.3897      -6.89372      -52.1030    
 44 0.4300      -5.00000      -29.7984     -0.229357       20.3897      -6.89374      -52.1030    
 45 0.4400      -5.00000      -29.7985     -0.229357       20.3898      -6.89376      -52.1030    
 46 0.4500      -5.00000      -29.7986     -0.229357       20.3898      -6.89378      -52.1030    
 47 0.4600      -5.00000      -29.7987     -0.229357       20.3899      -6.89380      -52.1030    
 48 0.4700      -5.00000      -29.7988     -0.229358       20.3900      -6.89382      -52.1030    
 49 0.4800      -5.00000      -29.7989     -0.229358       20.3900      -6.89385      -52.1030    
 50 0.4900      -5.00000      -29.7990     -0.229358       20.3901      -6.89386      -52.1030    
 51 0.5000      -5.00000      -29.7991     -0.229358       20.3902      -6.89389      -52.1030    
 52 0.5100      -4.99786      -29.7932     -0.229312       20.3873      -6.89322      -52.1030    
 53 0.5200      -4.98930      -29.7502     -0.228980       20.3668      -6.88673      -52.1029    
 54 0.5300      -4.97426      -29.6611     -0.228294       20.3248      -6.87309      -52.1022    
 55 0.5400      -4.95283      -29.5239     -0.227236       20.2599      -6.85161      -52.1002    
 56 0.5500      -4.92513      -29.3375     -0.225801       20.1716      -6.82231      -52.0958    
 57 0.5600      -4.89134      -29.1024     -0.223991       20.0604      -6.78544      -52.0876    
 58 0.5700      -4.85166      -28.8199     -0.221816       19.9260      -6.74076      -52.0740    
 59 0.5800      -4.80633      -28.4920     -0.219291       19.7700      -6.68909      -52.0530    
 60 0.5900      -4.75563      -28.1212     -0.216436       19.5927      -6.63030      -52.0228    
 61 0.6000      -4.69987      -27.7105     -0.213274       19.3958      -6.56509      -51.9812    
 62 0.6100      -4.63937      -27.2631     -0.209831       19.1809      -6.49423      -51.9263    
 63 0.6200      -4.57452      -26.7828     -0.206133       18.9490      -6.41771      -51.8560    
 64 0.6300      -4.50571      -26.2731     -0.202209       18.7023      -6.33656      -51.7686    
 65 0.6400      -4.43335      -25.7378     -0.198089       18.4422      -6.25110      -51.6626    
 66 0.6500      -4.35788      -25.1808     -0.193802       18.1705      -6.16204      -51.5365    
 67 0.6600      -4.27978      -24.6061     -0.189378       17.8891      -6.06990      -51.3895    
 68 0.6700      -4.19950      -24.0175     -0.184847       17.6000      -5.97545      -51.2208    
 69 0.6800      -4.11755      -23.4189     -0.180240       17.3046      -5.87905      -51.0301    
 70 0.6900      -4.03443      -22.8142     -0.175584       17.0052      -5.78146      -50.8174    
 71 0.7000      -3.95063      -22.2070     -0.170911       16.7034      -5.68325      -50.5832    
 72 0.7100      -3.86669      -21.6010     -0.166246       16.4008      -5.58475      -50.3282    
 73 0.7200      -3.78310      -20.9999     -0.161619       16.0997      -5.48688      -50.0535    
 74 0.7300      -3.70038      -20.4071     -0.157056       15.8013      -5.38984      -49.7606    
 75 0.7400      -3.61905      -19.8260     -0.152584       15.5078      -5.29441      -49.4511    
 76 0.7500      -3.53959      -19.2599     -0.148226       15.2205      -5.20102      -49.1272    
 77 0.7600      -3.46249      -18.7120     -0.144009       14.9411      -5.11006      -48.7909    
 78 0.7700      -3.38824      -18.1854     -0.139955       14.6714      -5.02223      -48.4448    
 79 0.7800      -3.31728      -17.6829     -0.136088       14.4128      -4.93789      -48.0915    
 80 0.7900      -3.25005      -17.2075     -0.132428       14.1669      -4.85759      -47.7337    
 81 0.8000      -3.18696      -16.7618     -0.128997       13.9349      -4.78171      -47.3741    
 82 0.8100      -3.12840      -16.3483     -0.125814       13.7184      -4.71081      -47.0158    
 83 0.8200      -3.07474      -15.9694     -0.122898       13.5186      -4.64517      -46.6616    
 84 0.8300      -3.02630      -15.6273     -0.120264       13.3367      -4.58535      -46.3145    
 85 0.8400      -2.98337      -15.3239     -0.117929       13.1737      -4.53156      -45.9773    
 86 0.8500      -2.94623      -15.0611     -0.115906       13.0308      -4.48429      -45.6529    
 87 0.8600      -2.91510      -14.8403     -0.114206       12.9089      -4.44383      -45.3441    
 88 0.8700      -2.89018      -14.6629     -0.112841       12.8087      -4.41037      -45.0536    
 89 0.8800      -2.87161      -14.5300     -0.111817       12.7307      -4.38415      -44.7840    
 90 0.8900      -2.85951      -14.4423     -0.111141       12.6757      -4.36556      -44.5376    
 91 0.9000      -2.85396      -14.4002     -0.110818       12.6439      -4.35449      -44.3167    
 92 0.9100      -2.85499      -14.4041     -0.110847       12.6355      -4.35112      -44.1234    
 93 0.9200      -2.86259      -14.4539     -0.111229       12.6509      -4.35566      -43.9596    
 94 0.9300      -2.87671      -14.5491     -0.111961       12.6895      -4.36774      -43.8269    
 95 0.9400      -2.89728      -14.6891     -0.113038       12.7516      -4.38769      -43.7269    
 96 0.9500      -2.92416      -14.8730     -0.114453       12.8365      -4.41519      -43.6607    
 97 0.9600      -2.95718      -15.0995     -0.116195       12.9437      -4.45007      -43.6293    
 98 0.9700      -2.99615      -15.3670     -0.118253       13.0727      -4.49219      -43.6333    
 99 0.9800      -3.04083      -15.6739     -0.120614       13.2226      -4.54125      -43.6732    
100 0.9900      -3.09093      -16.0181     -0.123262       13.3923      -4.59679      -43.7491    
101  1.000      -3.14616      -16.3973     -0.126179       13.5809      -4.65870      -43.8607    
102  1.010      -3.20617      -16.8090     -0.129347       13.7872      -4.72650      -44.0075    
103  1.020      -3.27059      -17.2505     -0.132744       14.0097      -4.79957      -44.1888    
104  1.030      -3.33903      -17.7190     -0.136348       14.2467      -4.87737      -44.4033    
105  1.040      -3.41106      -18.2115     -0.140136       14.4974      -4.95977      -44.6496    
106  1.050      -3.48625      -18.7247     -0.144085       14.7598      -5.04596      -44.9259    
107  1.060      -3.56414      -19.2556     -0.148169       15.0318      -5.13520      -45.2302    
108  1.070      -3.64424      -19.8007     -0.152363       15.3123      -5.22721      -45.5601    
109  1.080      -3.72606      -20.3568     -0.156641       15.5990      -5.32112      -45.9129    
110  1.090      -3.80910      -20.9204     -0.160977       15.8906      -5.41659      -46.2857    
111  1.100      -3.89286      -21.4882     -0.165345       16.1848      -5.51270      -46.6754    
112  1.110      -3.97681      -22.0568     -0.169719       16.4799      -5.60903      -47.0787    
113  1.120      -4.06045      -22.6230     -0.174074       16.7741      -5.70487      -47.4921    
114  1.130      -4.14326      -23.1835     -0.178386       17.0658      -5.79978      -47.9119    
115  1.140      -4.22474      -23.7352     -0.182630       17.3530      -5.89308      -48.3346    
116  1.150      -4.30439      -24.2751     -0.186783       17.6340      -5.98417      -48.7563    
117  1.160      -4.38173      -24.8003     -0.190823       17.9075      -6.07271      -49.1734    
118  1.170      -4.45627      -25.3080     -0.194728       18.1717      -6.15817      -49.5824    
119  1.180      -4.52757      -25.7955     -0.198478       18.4251      -6.23995      -49.9796    
120  1.190      -4.59519      -26.2603     -0.202053       18.6663      -6.31773      -50.3619    
121  1.200      -4.65873      -26.7000     -0.205435       18.8946      -6.39139      -50.7261    
122  1.210      -4.71778      -27.1124     -0.208607       19.1079      -6.46006      -51.0694    
123  1.220      -4.77200      -27.4953     -0.211552       19.3057      -6.52386      -51.3894    
124  1.230      -4.82106      -27.8467     -0.214254       19.4867      -6.58225      -51.6839    
125  1.240      -4.86466      -28.1647     -0.216700       19.6502      -6.63508      -51.9510    
126  1.250      -4.90252      -28.4476     -0.218874       19.7950      -6.68196      -52.1895    
127  1.260      -4.93443      -28.6936     -0.220766       19.9205      -6.72281      -52.3983    
128  1.270      -4.96019      -28.9013     -0.222363       20.0261      -6.75736      -52.5768    
129  1.280      -4.97964      -29.0692     -0.223653       20.1109      -6.78523      -52.7247    
130  1.290      -4.99267      -29.1962     -0.224629       20.1748      -6.80666      -52.8421    
131  1.300      -4.99919      -29.2810     -0.225280       20.2166      -6.82093      -52.9295    
132  1.310      -5.00000      -29.3242     -0.225611       20.2375      -6.82858      -52.9875    
133  1.320      -5.00000      -29.3518     -0.225822       20.2494      -6.83313      -53.0173    
134  1.330      -5.00000      -29.3801     -0.226038       20.2601      -6.83770      -53.0202    
135  1.340      -5.00000      -29.4115     -0.226278       20.2707      -6.84257      -52.9983    
136  1.350      -5.00000      -29.4471     -0.226551       20.2821      -6.84797      -52.9539    
137  1.360      -5.00000      -29.4873     -0.226859       20.2948      -6.85401      -52.8898    
138  1.370      -5.00000      -29.5318     -0.227200       20.3087      -6.86052      -52.8092    
139  1.380      -5.00000      -29.5797     -0.227567       20.3234      -6.86736      -52.7153    
140  1.390      -5.00000      -29.6299     -0.227951       20.3390      -6.87448      -52.6116    
141  1.400      -5.00000      -29.6811     -0.228344       20.3550      -6.88166      -52.5014    
142  1.410      -5.00000      -29.7320     -0.228734       20.3706      -6.88853      -52.3882    
143  1.420      -5.00000      -29.7814     -0.229112       20.3861      -6.89528      -52.2752    
144  1.430      -5.00000      -29.8281     -0.229470       20.4008      -6.90154      -52.1653    
145  1.440      -5.00000      -29.8711     -0.229800       20.4142      -6.90715      -52.0611    
146  1.450      -5.00000      -29.9096     -0.230095       20.4265      -6.91222      -51.9650    
147  1.460      -5.00000      -29.9429     -0.230350       20.4369      -6.91627      -51.8790    
148  1.470      -5.00000      -29.9706     -0.230561       20.4461      -6.91990      -51.8046    
149  1.480      -5.00000      -29.9923     -0.230726       20.4531      -6.92245      -51.7430    
150  1.490      -5.00000      -30.0078     -0.230845       20.4584      -6.92425      -51.6949    
151  1.500      -5.00000      -30.0174     -0.230916       20.4621      -6.92534      -51.6607    
152  1.510      -5.00000      -30.0210     -0.230943       20.4637      -6.92556      -51.6403    
153  1.520      -5.00000      -30.0190     -0.230927       20.4637      -6.92507      -51.6333    
154  1.530      -5.00000      -30.0120     -0.230871       20.4623      -6.92403      -51.6390    
155  1.540      -5.00000      -30.0003     -0.230779       20.4593      -6.92232      -51.6565    
156  1.550      -5.00000      -29.9846     -0.230657       20.4551      -6.92008      -51.6844    
157  1.560      -5.00000      -29.9656     -0.230510       20.4500      -6.91759      -51.7214    
158  1.570      -5.00000      -29.9440     -0.230342       20.4436      -6.91453      -51.7660    
159  1.580      -5.00000      -29.9205     -0.230160       20.4370      -6.91143      -51.8163    
160  1.590      -5.00000      -29.8958     -0.229968       20.4297      -6.90811      -51.8709    
161  1.600      -5.00000      -29.8706     -0.229773       20.4222      -6.90473      -51.9280    
162  1.610      -5.00000      -29.8457     -0.229580       20.4147      -6.90147      -51.9859    
163  1.620      -5.00000      -29.8216     -0.229393       20.4075      -6.89833      -52.0430    
164  1.630      -5.00000      -29.7990     -0.229218       20.4004      -6.89526      -52.0980    
165  1.640      -5.00000      -29.7782     -0.229057       20.3941      -6.89262      -52.1496    
166  1.650      -5.00000      -29.7598     -0.228914       20.3882      -6.89020      -52.1965    
167  1.660      -5.00000      -29.7441     -0.228791       20.3833      -6.88823      -52.2380    
168  1.670      -5.00000      -29.7313     -0.228691       20.3791      -6.88656      -52.2732    
169  1.680      -5.00000      -29.7215     -0.228615       20.3760      -6.88544      -52.3017    
170  1.690      -5.00000      -29.7149     -0.228563       20.3736      -6.88463      -52.3232    
171  1.700      -5.00000      -29.7114     -0.228534       20.3724      -6.88437      -52.3375    
172  1.710      -5.00000      -29.7108     -0.228529       20.3719      -6.88430      -52.3448    
173  1.720      -5.00000      -29.7132     -0.228545       20.3726      -6.88491      -52.3454    
174  1.730      -5.00000      -29.7181     -0.228581       20.3738      -6.88556      -52.3397    
175  1.740      -5.00000      -29.7252     -0.228635       20.3759      -6.88674      -52.3282    
176  1.750      -5.00000      -29.7344     -0.228704       20.3786      -6.88806      -52.3117    
177  1.760      -5.00000      -29.7451     -0.228785       20.3818      -6.88958      -52.2909    
178  1.770      -5.00000      -29.7570     -0.228875       20.3855      -6.89130      -52.2667    
179  1.780      -5.00000      -29.7697     -0.228972       20.3893      -6.89303      -52.2399    
180  1.790      -5.00000      -29.7829     -0.229072       20.3934      -6.89488      -52.2114    
181  1.800      -5.00000      -29.7961     -0.229172       20.3975      -6.89668      -52.1821    
182  1.810      -5.00000      -29.8090     -0.229270       20.4014      -6.89839      -52.1528    
183  1.820      -5.00000      -29.8214     -0.229363       20.4054      -6.90010      -52.1242    
184  1.830      -5.00000      -29.8328     -0.229450       20.4089      -6.90154      -52.0971    
185  1.840      -5.00000      -29.8431     -0.229528       20.4123      -6.90297      -52.0721    
186  1.850      -5.00000      -29.8522     -0.229596       20.4151      -6.90406      -52.0497    
187  1.860      -5.00000      -29.8597     -0.229653       20.4178      -6.90512      -52.0302    
188  1.870      -5.00000      -29.8658     -0.229698       20.4197      -6.90578      -52.0141    
189  1.880      -5.00000      -29.8702     -0.229730       20.4213      -6.90638      -52.0015    
190  1.890      -5.00000      -29.8731     -0.229751       20.4223      -6.90665      -51.9925    
191  1.900      -5.00000      -29.8744     -0.229760       20.4231      -6.90688      -51.9870    
192  1.910      -5.00000      -29.8742     -0.229757       20.4231      -6.90674      -51.9851    
193  1.920      -5.00000      -29.8726     -0.229743       20.4229      -6.90650      -51.9865    
194  1.930      -5.00000      -29.8698     -0.229720       20.4223      -6.90613      -51.9910    
195  1.940      -5.00000      -29.8660     -0.229689       20.4212      -6.90557      -51.9982    
196  1.950      -5.00000      -29.8612     -0.229651       20.4200      -6.90492      -52.0078    
197  1.960      -5.00000      -29.8557     -0.229607       20.4184      -6.90416      -52.0193    
198  1.970      -5.00000      -29.8497     -0.229560       20.4168      -6.90342      -52.0324    
199  1.980      -5.00000      -29.8434     -0.229509       20.4150      -6.90255      -52.0466    
200  1.990      -5.00000      -29.8369     -0.229458       20.4130      -6.90165      -52.0614    
201  2.000      -5.00000      -29.8305     -0.229407       20.4114      -6.90096      -52.0765    
