# Mowe_temp                                                                       
# Operating point sequence...
# i     t     alpha_ref     Lift          CL            Fn  for[ 1]   Mc` mom[ 1]   Phi[ 2]      
  1  0.000      -0.00000       7.45621      0.573936E-01   1.77098     -0.670727      -32.4064    
  2 0.1000E-01  -0.00000       7.45621      0.573936E-01   1.77098     -0.670725      -32.4064    
  3 0.2000E-01  -0.00000       7.45621      0.573936E-01   1.77097     -0.670715      -32.4064    
  4 0.3000E-01  -0.00000       7.45621      0.573936E-01   1.77094     -0.670698      -32.4064    
  5 0.4000E-01  -0.00000       7.45621      0.573936E-01   1.77109     -0.670800      -32.4064    
  6 0.5000E-01  -0.00000       7.45621      0.573936E-01   1.77089     -0.670662      -32.4064    
  7 0.6000E-01  -0.00000       7.45621      0.573936E-01   1.77097     -0.670718      -32.4064    
  8 0.7000E-01  -0.00000       7.45621      0.573936E-01   1.77099     -0.670734      -32.4064    
  9 0.8000E-01  -0.00000       7.45621      0.573936E-01   1.77093     -0.670694      -32.4064    
 10 0.9000E-01  -0.00000       7.45622      0.573937E-01   1.77104     -0.670766      -32.4064    
 11 0.1000      -0.00000       7.45623      0.573937E-01   1.77096     -0.670714      -32.4065    
 12 0.1100      -0.00000       7.45623      0.573937E-01   1.77101     -0.670742      -32.4065    
 13 0.1200      -0.00000       7.45624      0.573937E-01   1.77095     -0.670707      -32.4065    
 14 0.1300      -0.00000       7.45624      0.573937E-01   1.77102     -0.670749      -32.4065    
 15 0.1400      -0.00000       7.45625      0.573937E-01   1.77107     -0.670787      -32.4065    
 16 0.1500      -0.00000       7.45625      0.573937E-01   1.77088     -0.670657      -32.4065    
 17 0.1600      -0.00000       7.45626      0.573937E-01   1.77101     -0.670746      -32.4065    
 18 0.1700      -0.00000       7.45627      0.573937E-01   1.77100     -0.670733      -32.4064    
 19 0.1800      -0.00000       7.45627      0.573937E-01   1.77098     -0.670725      -32.4064    
 20 0.1900      -0.00000       7.45628      0.573936E-01   1.77101     -0.670740      -32.4064    
 21 0.2000      -0.00000       7.45629      0.573936E-01   1.77094     -0.670693      -32.4064    
 22 0.2100      -0.00000       7.45630      0.573936E-01   1.77106     -0.670776      -32.4064    
 23 0.2200      -0.00000       7.45631      0.573936E-01   1.77095     -0.670699      -32.4064    
 24 0.2300      -0.00000       7.45632      0.573936E-01   1.77101     -0.670738      -32.4064    
 25 0.2400      -0.00000       7.45633      0.573936E-01   1.77101     -0.670736      -32.4064    
 26 0.2500      -0.00000       7.45634      0.573936E-01   1.77116     -0.670838      -32.4064    
 27 0.2600      -0.00000       7.45635      0.573936E-01   1.77083     -0.670618      -32.4064    
 28 0.2700      -0.00000       7.45636      0.573935E-01   1.77105     -0.670763      -32.4064    
 29 0.2800      -0.00000       7.45637      0.573936E-01   1.77097     -0.670710      -32.4064    
 30 0.2900      -0.00000       7.45638      0.573935E-01   1.77100     -0.670729      -32.4064    
 31 0.3000      -0.00000       7.45640      0.573935E-01   1.77106     -0.670772      -32.4063    
 32 0.3100      -0.00000       7.45641      0.573935E-01   1.77094     -0.670687      -32.4063    
 33 0.3200      -0.00000       7.45643      0.573935E-01   1.77105     -0.670760      -32.4063    
 34 0.3300      -0.00000       7.45644      0.573935E-01   1.77096     -0.670700      -32.4063    
 35 0.3400      -0.00000       7.45646      0.573935E-01   1.77105     -0.670762      -32.4063    
 36 0.3500      -0.00000       7.45647      0.573935E-01   1.77099     -0.670717      -32.4063    
 37 0.3600      -0.00000       7.45649      0.573935E-01   1.77102     -0.670740      -32.4063    
 38 0.3700      -0.00000       7.45650      0.573935E-01   1.77099     -0.670715      -32.4063    
 39 0.3800      -0.00000       7.45652      0.573935E-01   1.77109     -0.670784      -32.4063    
 40 0.3900      -0.00000       7.45654      0.573935E-01   1.77095     -0.670686      -32.4063    
 41 0.4000      -0.00000       7.45656      0.573935E-01   1.77103     -0.670743      -32.4063    
 42 0.4100      -0.00000       7.45658      0.573934E-01   1.77102     -0.670734      -32.4063    
 43 0.4200      -0.00000       7.45660      0.573934E-01   1.77106     -0.670758      -32.4063    
 44 0.4300      -0.00000       7.45662      0.573934E-01   1.77101     -0.670723      -32.4063    
 45 0.4400      -0.00000       7.45664      0.573934E-01   1.77104     -0.670741      -32.4063    
 46 0.4500      -0.00000       7.45666      0.573934E-01   1.77106     -0.670754      -32.4063    
 47 0.4600      -0.00000       7.45668      0.573933E-01   1.77103     -0.670736      -32.4063    
 48 0.4700      -0.00000       7.45670      0.573933E-01   1.77106     -0.670752      -32.4062    
 49 0.4800      -0.00000       7.45673      0.573933E-01   1.77099     -0.670704      -32.4062    
 50 0.4900      -0.00000       7.45675      0.573933E-01   1.77114     -0.670805      -32.4062    
 51 0.5000      -0.00000       7.45677      0.573932E-01   1.77101     -0.670716      -32.4062    
 52 0.5100      0.331141E-02   7.46796      0.574791E-01   1.76569     -0.669310      -32.4062    
 53 0.5200      0.132258E-01   7.52286      0.579015E-01   1.74010     -0.660939      -32.4059    
 54 0.5300      0.296819E-01   7.62757      0.587073E-01   1.69185     -0.644763      -32.4049    
 55 0.5400      0.525784E-01   7.78367      0.599085E-01   1.61952     -0.620245      -32.4021    
 56 0.5500      0.817741E-01   7.99160      0.615086E-01   1.52305     -0.587517      -32.3963    
 57 0.5600      0.117089       8.25074      0.635029E-01   1.40234     -0.546512      -32.3857    
 58 0.5700      0.158305       8.55969      0.658806E-01   1.25797     -0.497474      -32.3683    
 59 0.5800      0.205169       8.91634      0.686254E-01   1.09087     -0.440770      -32.3420    
 60 0.5900      0.257390       9.31810      0.717173E-01  0.902020     -0.376732      -32.3043    
 61 0.6000      0.314647       9.76195      0.751331E-01  0.692567     -0.305720      -32.2526    
 62 0.6100      0.376587       10.2445      0.788471E-01  0.464013     -0.228283      -32.1843    
 63 0.6200      0.442828       10.7622      0.828314E-01  0.218158     -0.145118      -32.0967    
 64 0.6300      0.512960       11.3113      0.870565E-01 -0.440320E-01 -0.563255E-01  -31.9872    
 65 0.6400      0.586551       11.8876      0.914917E-01 -0.319814      0.368399E-01  -31.8535    
 66 0.6500      0.663146       12.4870      0.961051E-01 -0.608262      0.134369      -31.6932    
 67 0.6600      0.742274       13.1054      0.100864     -0.906853      0.235208      -31.5044    
 68 0.6700      0.823445       13.7385      0.105736      -1.21402      0.338961      -31.2853    
 69 0.6800      0.906158       14.3818      0.110687      -1.52740      0.444714      -31.0345    
 70 0.6900      0.989904       15.0312      0.115684      -1.84546      0.552115      -30.7510    
 71 0.7000       1.07416       15.6822      0.120694      -2.16583      0.660262      -30.4341    
 72 0.7100       1.15842       16.3306      0.125684      -2.48648      0.768477      -30.0837    
 73 0.7200       1.24215       16.9723      0.130622      -2.80564      0.876260      -29.6998    
 74 0.7300       1.32484       17.6030      0.135476      -3.12126      0.982898      -29.2832    
 75 0.7400       1.40598       18.2189      0.140215      -3.43130       1.08769      -28.8350    
 76 0.7500       1.48507       18.8159      0.144809      -3.73398       1.19009      -28.3565    
 77 0.7600       1.56162       19.3904      0.149230      -4.02723       1.28933      -27.8498    
 78 0.7700       1.63517       19.9388      0.153450      -4.30965       1.38507      -27.3171    
 79 0.7800       1.70524       20.4577      0.157442      -4.57916       1.47651      -26.7610    
 80 0.7900       1.77143       20.9438      0.161183      -4.83434       1.56323      -26.1847    
 81 0.8000       1.83331       21.3942      0.164648      -5.07356       1.64465      -25.5914    
 82 0.8100       1.89051       21.8062      0.167818      -5.29514       1.72015      -24.9849    
 83 0.8200       1.94267       22.1771      0.170671      -5.49816       1.78953      -24.3689    
 84 0.8300       1.98948       22.5048      0.173192      -5.68098       1.85211      -23.7475    
 85 0.8400       2.03065       22.7872      0.175365      -5.84273       1.90766      -23.1251    
 86 0.8500       2.06592       23.0228      0.177177      -5.98217       1.95567      -22.5061    
 87 0.8600       2.09508       23.2101      0.178618      -6.09867       1.99600      -21.8950    
 88 0.8700       2.11794       23.3481      0.179679      -6.19141       2.02831      -21.2964    
 89 0.8800       2.13438       23.4360      0.180355      -6.25970       2.05233      -20.7149    
 90 0.8900       2.14428       23.4735      0.180642      -6.30343       2.06809      -20.1552    
 91 0.9000       2.14759       23.4606      0.180541      -6.32198       2.07527      -19.6218    
 92 0.9100       2.14428       23.3974      0.180055      -6.31574       2.07414      -19.1192    
 93 0.9200       2.13438       23.2847      0.179186      -6.28431       2.06441      -18.6519    
 94 0.9300       2.11795       23.1234      0.177944      -6.22822       2.04636      -18.2241    
 95 0.9400       2.09508       22.9148      0.176338      -6.14782       2.02008      -17.8398    
 96 0.9500       2.06592       22.6604      0.174380      -6.04378       1.98584      -17.5029    
 97 0.9600       2.03066       22.3623      0.172084      -5.91660       1.94374      -17.2169    
 98 0.9700       1.98949       22.0225      0.169469      -5.76726       1.89417      -16.9852    
 99 0.9800       1.94268       21.6436      0.166552      -5.59698       1.83761      -16.8107    
100 0.9900       1.89052       21.2283      0.163355      -5.40654       1.77421      -16.6960    
101  1.000       1.83332       20.7794      0.159900      -5.19736       1.70451      -16.6435    
102  1.010       1.77144       20.3002      0.156212      -4.97084       1.62900      -16.6550    
103  1.020       1.70525       19.7939      0.152315      -4.72840       1.54814      -16.7318    
104  1.030       1.63518       19.2641      0.148237      -4.47160       1.46245      -16.8751    
105  1.040       1.56164       18.7143      0.144005      -4.20201       1.37243      -17.0852    
106  1.050       1.48509       18.1482      0.139649      -3.92133       1.27864      -17.3621    
107  1.060       1.40600       17.5698      0.135197      -3.63146       1.18175      -17.7053    
108  1.070       1.32486       16.9827      0.130678      -3.33388       1.08213      -18.1137    
109  1.080       1.24217       16.3908      0.126123      -3.03085      0.980664      -18.5857    
110  1.090       1.15844       15.7981      0.121562      -2.72386      0.877694      -19.1189    
111  1.100       1.07418       15.2082      0.117022      -2.41505      0.774013      -19.7107    
112  1.110      0.989919       14.6250      0.112534      -2.10613      0.670102      -20.3576    
113  1.120      0.906173       14.0521      0.108125      -1.79925      0.566753      -21.0557    
114  1.130      0.823459       13.4931      0.103823      -1.49611      0.464459      -21.8005    
115  1.140      0.742288       12.9512      0.996531E-01  -1.19875      0.363957      -22.5869    
116  1.150      0.663160       12.4298      0.956405E-01 -0.908964      0.265830      -23.4093    
117  1.160      0.586565       11.9318      0.918083E-01 -0.628631      0.170736      -24.2616    
118  1.170      0.512973       11.4601      0.881779E-01 -0.359637      0.793678E-01  -25.1373    
119  1.180      0.442840       11.0171      0.847690E-01 -0.103394     -0.787310E-02  -26.0294    
120  1.190      0.376599       10.6052      0.815992E-01  0.138151     -0.901919E-01  -26.9307    
121  1.200      0.314658       10.2264      0.786841E-01  0.363631     -0.167149      -27.8335    
122  1.210      0.257400       9.88249      0.760373E-01  0.571750     -0.238308      -28.7303    
123  1.220      0.205178       9.57488      0.736701E-01  0.760987     -0.303045      -29.6130    
124  1.230      0.158313       9.30481      0.715917E-01  0.930604     -0.361210      -30.4738    
125  1.240      0.117096       9.07319      0.698092E-01   1.07945     -0.412330      -31.3051    
126  1.250      0.817798E-01   8.88070      0.683277E-01   1.20691     -0.456250      -32.0991    
127  1.260      0.525831E-01   8.72775      0.671505E-01   1.31234     -0.492730      -32.8487    
128  1.270      0.296854E-01   8.61455      0.662792E-01   1.39549     -0.521754      -33.5470    
129  1.280      0.132281E-01   8.54108      0.657135E-01   1.45607     -0.543246      -34.1877    
130  1.290      0.331256E-02   8.50716      0.654521E-01   1.49404     -0.557214      -34.7651    
131  1.300      -0.00000       8.51245      0.654924E-01   1.50959     -0.563819      -35.2743    
132  1.310      -0.00000       8.54538      0.657454E-01   1.50809     -0.564449      -35.7110    
133  1.320      -0.00000       8.57319      0.659589E-01   1.50479     -0.564810      -36.0721    
134  1.330      -0.00000       8.58930      0.660824E-01   1.50246     -0.565871      -36.3558    
135  1.340      -0.00000       8.59139      0.660981E-01   1.50292     -0.568316      -36.5613    
136  1.350      -0.00000       8.57821      0.659963E-01   1.50686     -0.572242      -36.6894    
137  1.360      -0.00000       8.54946      0.657747E-01   1.51451     -0.577618      -36.7420    
138  1.370      -0.00000       8.50560      0.654369E-01   1.52612     -0.584507      -36.7220    
139  1.380      -0.00000       8.44762      0.649904E-01   1.54166     -0.592887      -36.6338    
140  1.390      -0.00000       8.37693      0.644461E-01   1.56013     -0.602123      -36.4822    
141  1.400      -0.00000       8.29523      0.638172E-01   1.58155     -0.612320      -36.2732    
142  1.410      -0.00000       8.20437      0.631178E-01   1.60504     -0.623007      -36.0133    
143  1.420      -0.00000       8.10638      0.623635E-01   1.63026     -0.634081      -35.7093    
144  1.430      -0.00000       8.00323      0.615696E-01   1.65628     -0.645063      -35.3685    
145  1.440      -0.00000       7.89693      0.607515E-01   1.68278     -0.655899      -34.9985    
146  1.450      -0.00000       7.78943      0.599241E-01   1.70891     -0.666161      -34.6067    
147  1.460      -0.00000       7.68254      0.591014E-01   1.73471     -0.676014      -34.2006    
148  1.470      -0.00000       7.57795      0.582965E-01   1.75922     -0.684964      -33.7872    
149  1.480      -0.00000       7.47721      0.575211E-01   1.78254     -0.693191      -33.3735    
150  1.490      -0.00000       7.38167      0.567858E-01   1.80393     -0.700334      -32.9660    
151  1.500      -0.00000       7.29254      0.560997E-01   1.82386     -0.706789      -32.5706    
152  1.510      -0.00000       7.21081      0.554707E-01   1.84130     -0.711966      -32.1928    
153  1.520      -0.00000       7.13730      0.549049E-01   1.85693     -0.716393      -31.8373    
154  1.530      -0.00000       7.07266      0.544073E-01   1.87032     -0.719845      -31.5086    
155  1.540      -0.00000       7.01736      0.539815E-01   1.88130     -0.722258      -31.2101    
156  1.550      -0.00000       6.97168      0.536298E-01   1.89029     -0.723949      -30.9448    
157  1.560      -0.00000       6.93579      0.533533E-01   1.89684     -0.724645      -30.7149    
158  1.570      -0.00000       6.90964      0.531519E-01   1.90145     -0.724689      -30.5220    
159  1.580      -0.00000       6.89311      0.530244E-01   1.90394     -0.723972      -30.3671    
160  1.590      -0.00000       6.88591      0.529687E-01   1.90436     -0.722513      -30.2507    
161  1.600      -0.00000       6.88766      0.529818E-01   1.90308     -0.720560      -30.1724    
162  1.610      -0.00000       6.89787      0.530600E-01   1.89995     -0.717991      -30.1315    
163  1.620      -0.00000       6.91594      0.531987E-01   1.89519     -0.714913      -30.1268    
164  1.630      -0.00000       6.94122      0.533928E-01   1.88914     -0.711536      -30.1564    
165  1.640      -0.00000       6.97296      0.536367E-01   1.88153     -0.707630      -30.2183    
166  1.650      -0.00000       7.01040      0.539243E-01   1.87304     -0.703616      -30.3099    
167  1.660      -0.00000       7.05271      0.542495E-01   1.86329     -0.699183      -30.4285    
168  1.670      -0.00000       7.09904      0.546054E-01   1.85284     -0.694668      -30.5708    
169  1.680      -0.00000       7.14851      0.549856E-01   1.84185     -0.690112      -30.7337    
170  1.690      -0.00000       7.20025      0.553832E-01   1.83030     -0.685460      -30.9136    
171  1.700      -0.00000       7.25339      0.557916E-01   1.81836     -0.680758      -31.1071    
172  1.710      -0.00000       7.30710      0.562044E-01   1.80642     -0.676214      -31.3106    
173  1.720      -0.00000       7.36053      0.566150E-01   1.79457     -0.671835      -31.5205    
174  1.730      -0.00000       7.41292      0.570176E-01   1.78263     -0.667445      -31.7334    
175  1.740      -0.00000       7.46352      0.574065E-01   1.77147     -0.663562      -31.9459    
176  1.750      -0.00000       7.51168      0.577765E-01   1.76057     -0.659793      -32.1548    
177  1.760      -0.00000       7.55676      0.581230E-01   1.75039     -0.656396      -32.3571    
178  1.770      -0.00000       7.59824      0.584416E-01   1.74098     -0.653349      -32.5499    
179  1.780      -0.00000       7.63564      0.587289E-01   1.73262     -0.650809      -32.7309    
180  1.790      -0.00000       7.66859      0.589820E-01   1.72512     -0.648607      -32.8979    
181  1.800      -0.00000       7.69679      0.591985E-01   1.71865     -0.646819      -33.0488    
182  1.810      -0.00000       7.72001      0.593768E-01   1.71349     -0.645606      -33.1824    
183  1.820      -0.00000       7.73816      0.595159E-01   1.70956     -0.644894      -33.2972    
184  1.830      -0.00000       7.75117      0.596157E-01   1.70651     -0.644431      -33.3925    
185  1.840      -0.00000       7.75910      0.596763E-01   1.70507     -0.644702      -33.4678    
186  1.850      -0.00000       7.76207      0.596987E-01   1.70443     -0.645157      -33.5230    
187  1.860      -0.00000       7.76026      0.596845E-01   1.70522     -0.646214      -33.5581    
188  1.870      -0.00000       7.75395      0.596356E-01   1.70691     -0.647541      -33.5737    
189  1.880      -0.00000       7.74346      0.595545E-01   1.70964     -0.649232      -33.5705    
190  1.890      -0.00000       7.72916      0.594441E-01   1.71314     -0.651126      -33.5495    
191  1.900      -0.00000       7.71146      0.593077E-01   1.71770     -0.653446      -33.5119    
192  1.910      -0.00000       7.69083      0.591486E-01   1.72257     -0.655714      -33.4593    
193  1.920      -0.00000       7.66774      0.589706E-01   1.72829     -0.658313      -33.3931    
194  1.930      -0.00000       7.64266      0.587774E-01   1.73426     -0.660886      -33.3152    
195  1.940      -0.00000       7.61611      0.585729E-01   1.74061     -0.663548      -33.2273    
196  1.950      -0.00000       7.58858      0.583608E-01   1.74711     -0.666174      -33.1313    
197  1.960      -0.00000       7.56053      0.581447E-01   1.75364     -0.668722      -33.0291    
198  1.970      -0.00000       7.53246      0.579284E-01   1.76027     -0.671274      -32.9226    
199  1.980      -0.00000       7.50478      0.577152E-01   1.76659     -0.673587      -32.8137    
200  1.990      -0.00000       7.47792      0.575083E-01   1.77266     -0.675735      -32.7043    
201  2.000      -0.00000       7.45223      0.573104E-01   1.77862     -0.677836      -32.5959    
