# Mowe_temp                                                                       
# Operating point sequence...
# i     t     alpha_ref     Lift          CL            Fn  for[ 1]   Mc` mom[ 1]   Phi[ 2]      
  1  0.000       10.0000       89.9038      0.692028      -39.1595       14.2929      0.672647E-05
  2 0.1000E-01   10.0000       89.9038      0.692028      -39.1595       14.2929      0.672647E-05
  3 0.2000E-01   10.0000       89.9038      0.692028      -39.1595       14.2929      0.672650E-05
  4 0.3000E-01   10.0000       89.9038      0.692028      -39.1595       14.2929      0.672644E-05
  5 0.4000E-01   10.0000       89.9038      0.692028      -39.1595       14.2929      0.672649E-05
  6 0.5000E-01   10.0000       89.9038      0.692028      -39.1595       14.2929      0.672649E-05
  7 0.6000E-01   10.0000       89.9038      0.692028      -39.1595       14.2929      0.672648E-05
  8 0.7000E-01   10.0000       89.9038      0.692028      -39.1595       14.2929      0.672646E-05
  9 0.8000E-01   10.0000       89.9038      0.692028      -39.1595       14.2929      0.672650E-05
 10 0.9000E-01   10.0000       89.9038      0.692028      -39.1595       14.2929      0.672644E-05
 11 0.1000       10.0000       89.9039      0.692028      -39.1595       14.2929      0.672651E-05
 12 0.1100       10.0000       89.9039      0.692028      -39.1595       14.2929      0.672645E-05
 13 0.1200       10.0000       89.9040      0.692028      -39.1596       14.2929      0.672650E-05
 14 0.1300       10.0000       89.9040      0.692028      -39.1596       14.2929      0.672648E-05
 15 0.1400       10.0000       89.9041      0.692028      -39.1596       14.2930      0.672648E-05
 16 0.1500       10.0000       89.9042      0.692028      -39.1597       14.2930      0.672646E-05
 17 0.1600       10.0000       89.9043      0.692028      -39.1597       14.2930      0.672649E-05
 18 0.1700       10.0000       89.9044      0.692028      -39.1597       14.2930      0.672644E-05
 19 0.1800       10.0000       89.9044      0.692027      -39.1598       14.2930      0.672649E-05
 20 0.1900       10.0000       89.9046      0.692028      -39.1598       14.2930      0.672648E-05
 21 0.2000       10.0000       89.9047      0.692028      -39.1599       14.2931      0.672648E-05
 22 0.2100       10.0000       89.9048      0.692028      -39.1599       14.2931      0.672647E-05
 23 0.2200       10.0000       89.9050      0.692028      -39.1600       14.2931      0.672649E-05
 24 0.2300       10.0000       89.9051      0.692028      -39.1601       14.2931      0.672648E-05
 25 0.2400       10.0000       89.9052      0.692028      -39.1601       14.2931      0.672648E-05
 26 0.2500       10.0000       89.9054      0.692028      -39.1602       14.2932      0.672649E-05
 27 0.2600       10.0000       89.9055      0.692028      -39.1603       14.2932      0.672648E-05
 28 0.2700       10.0000       89.9057      0.692028      -39.1603       14.2932      0.672648E-05
 29 0.2800       10.0000       89.9058      0.692028      -39.1604       14.2932      0.672645E-05
 30 0.2900       10.0000       89.9060      0.692028      -39.1605       14.2933      0.672653E-05
 31 0.3000       10.0000       89.9062      0.692028      -39.1605       14.2933      0.672645E-05
 32 0.3100       10.0000       89.9063      0.692028      -39.1606       14.2933      0.672649E-05
 33 0.3200       10.0000       89.9065      0.692028      -39.1607       14.2934      0.672647E-05
 34 0.3300       10.0000       89.9067      0.692028      -39.1608       14.2934      0.672648E-05
 35 0.3400       10.0000       89.9069      0.692028      -39.1609       14.2934      0.672647E-05
 36 0.3500       10.0000       89.9071      0.692028      -39.1610       14.2935      0.672647E-05
 37 0.3600       10.0000       89.9073      0.692028      -39.1611       14.2935      0.672650E-05
 38 0.3700       10.0000       89.9075      0.692028      -39.1612       14.2935      0.672646E-05
 39 0.3800       10.0000       89.9078      0.692028      -39.1613       14.2936      0.672649E-05
 40 0.3900       10.0000       89.9080      0.692028      -39.1614       14.2936      0.672648E-05
 41 0.4000       10.0000       89.9083      0.692028      -39.1615       14.2937      0.672647E-05
 42 0.4100       10.0000       89.9085      0.692028      -39.1616       14.2937      0.672649E-05
 43 0.4200       10.0000       89.9088      0.692028      -39.1618       14.2937      0.672646E-05
 44 0.4300       10.0000       89.9091      0.692028      -39.1619       14.2938      0.672650E-05
 45 0.4400       10.0000       89.9093      0.692028      -39.1620       14.2938      0.672645E-05
 46 0.4500       10.0000       89.9097      0.692028      -39.1621       14.2939      0.672649E-05
 47 0.4600       10.0000       89.9099      0.692028      -39.1622       14.2939      0.672648E-05
 48 0.4700       10.0000       89.9102      0.692028      -39.1624       14.2940      0.672648E-05
 49 0.4800       10.0000       89.9105      0.692028      -39.1625       14.2940      0.672648E-05
 50 0.4900       10.0000       89.9108      0.692028      -39.1626       14.2941      0.672649E-05
 51 0.5000       10.0000       89.9111      0.692028      -39.1628       14.2941      0.672646E-05
 52 0.5100       10.0002       89.9115      0.692029      -39.1630       14.2942      0.672651E-05
 53 0.5200       10.0048       89.9308      0.692174      -39.1724       14.2972      0.673030E-05
 54 0.5300       10.0157       89.9978      0.692688      -39.2054       14.3097      0.672646E-05
 55 0.5400       10.0328       90.1165      0.693599      -39.2636       14.3323      0.672648E-05
 56 0.5500       10.0561       90.2885      0.694920      -39.3478       14.3650      0.672647E-05
 57 0.5600       10.0853       90.5145      0.696657      -39.4583       14.4081      0.672647E-05
 58 0.5700       10.1204       90.7946      0.698810      -39.5950       14.4613      0.672647E-05
 59 0.5800       10.1610       91.1276      0.701371      -39.7575       14.5244      0.672648E-05
 60 0.5900       10.2070       91.5122      0.704329      -39.9449       14.5972      0.672647E-05
 61 0.6000       10.2581       91.9462      0.707667      -40.1563       14.6793      0.672647E-05
 62 0.6100       10.3139       92.4275      0.711369      -40.3905       14.7702      0.672648E-05
 63 0.6200       10.3741       92.9532      0.715413      -40.6461       14.8694      0.672648E-05
 64 0.6300       10.4384       93.5202      0.719774      -40.9217       14.9763      0.673265E-05
 65 0.6400       10.5063       94.1254      0.724429      -41.2156       15.0903      0.673196E-05
 66 0.6500       10.5775       94.7650      0.729349      -41.5261       15.2107      0.672647E-05
 67 0.6600       10.6515       95.4353      0.734506      -41.8512       15.3368      0.672648E-05
 68 0.6700       10.7279       96.1323      0.739868      -42.1890       15.4676      0.201794E-04
 69 0.6800       10.8062       96.8520      0.745403      -42.5382       15.6031      0.201872E-04
 70 0.6900       10.8860       97.5900      0.751080      -42.8952       15.7412      0.201733E-04
 71 0.7000       10.9667       98.3419      0.756864      -43.2592       15.8823      0.201877E-04
 72 0.7100       11.0479       99.1032      0.762720      -43.6274       16.0249      0.201769E-04
 73 0.7200       11.1291       99.8695      0.768614      -43.9979       16.1684      0.201799E-04
 74 0.7300       11.2098       100.636      0.774510      -44.3682       16.3118      0.201784E-04
 75 0.7400       11.2895       101.398      0.780373      -44.7362       16.4542      0.201777E-04
 76 0.7500       11.3678       102.152      0.786168      -45.0997       16.5949      0.201770E-04
 77 0.7600       11.4442       102.892      0.791860      -45.4565       16.7330      0.201763E-04
 78 0.7700       11.5182       103.614      0.797415      -45.8046       16.8677      0.201755E-04
 79 0.7800       11.5894       104.314      0.802799      -46.1417       16.9982      0.201748E-04
 80 0.7900       11.6573       104.988      0.807980      -46.4659       17.1236      0.201742E-04
 81 0.8000       11.7217       105.631      0.812926      -46.7753       17.2432      0.201735E-04
 82 0.8100       11.7820       106.240      0.817609      -47.0679       17.3564      0.201794E-04
 83 0.8200       11.8379       106.811      0.821999      -47.3421       17.4624      0.201794E-04
 84 0.8300       11.8892       107.340      0.826070      -47.5962       17.5606      0.201794E-04
 85 0.8400       11.9355       107.825      0.829799      -47.8288       17.6505      0.201794E-04
 86 0.8500       11.9765       108.263      0.833161      -48.0383       17.7314      0.201794E-04
 87 0.8600       12.0120       108.650      0.836137      -48.2236       17.8030      0.201794E-04
 88 0.8700       12.0418       108.985      0.838709      -48.3835       17.8647      0.201794E-04
 89 0.8800       12.0657       109.265      0.840862      -48.5172       17.9162      0.201794E-04
 90 0.8900       12.0836       109.489      0.842583      -48.6239       17.9573      0.201794E-04
 91 0.9000       12.0953       109.656      0.843861      -48.7029       17.9876      0.201794E-04
 92 0.9100       12.1008       109.764      0.844689      -48.7537       18.0070      0.201794E-04
 93 0.9200       12.1001       109.813      0.845063      -48.7761       18.0154      0.201794E-04
 94 0.9300       12.0932       109.803      0.844979      -48.7699       18.0127      0.201795E-04
 95 0.9400       12.0801       109.733      0.844438      -48.7352       17.9990      0.201794E-04
 96 0.9500       12.0609       109.605      0.843445      -48.6723       17.9743      0.201794E-04
 97 0.9600       12.0357       109.418      0.842004      -48.5814       17.9387      0.201794E-04
 98 0.9700       12.0046       109.174      0.840124      -48.4631       17.8926      0.201794E-04
 99 0.9800       11.9678       108.875      0.837817      -48.3182       17.8362      0.201794E-04
100 0.9900       11.9256       108.522      0.835097      -48.1474       17.7698      0.201794E-04
101  1.000       11.8782       108.118      0.831980      -47.9519       17.6937      0.201794E-04
102  1.010       11.8259       107.664      0.828484      -47.7327       17.6086      0.201794E-04
103  1.020       11.7689       107.164      0.824631      -47.4912       17.5147      0.201794E-04
104  1.030       11.7077       106.620      0.820443      -47.2288       17.4129      0.201794E-04
105  1.040       11.6425       106.037      0.815947      -46.9470       17.3035      0.201794E-04
106  1.050       11.5738       105.416      0.811168      -46.6475       17.1873      0.201794E-04
107  1.060       11.5019       104.763      0.806135      -46.3321       17.0649      0.201794E-04
108  1.070       11.4273       104.080      0.800880      -46.0028       16.9372      0.201794E-04
109  1.080       11.3505       103.373      0.795432      -45.6613       16.8048      0.201794E-04
110  1.090       11.2719       102.645      0.789826      -45.3099       16.6686      0.201794E-04
111  1.100       11.1919       101.901      0.784094      -44.9506       16.5294      0.201794E-04
112  1.110       11.1110       101.145      0.778272      -44.5855       16.3879      0.201794E-04
113  1.120       11.0298       100.381      0.772393      -44.2169       16.2451      0.201794E-04
114  1.130       10.9487       99.6155      0.766495      -43.8469       16.1018      0.201794E-04
115  1.140       10.8681       98.8513      0.760610      -43.4777       15.9588      0.201794E-04
116  1.150       10.7887       98.0937      0.754776      -43.1116       15.8171      0.201794E-04
117  1.160       10.7107       97.3470      0.749026      -42.7508       15.6774      0.201794E-04
118  1.170       10.6348       96.6159      0.743396      -42.3973       15.5406      0.201794E-04
119  1.180       10.5614       95.9045      0.737918      -42.0536       15.4077      0.672649E-05
120  1.190       10.4909       95.2173      0.732625      -41.7209       15.2788      0.672647E-05
121  1.200       10.4237       94.5583      0.727550      -41.4026       15.1559      0.672647E-05
122  1.210       10.3603       93.9313      0.722722      -41.0993       15.0385      0.672646E-05
123  1.220       10.3010       93.3402      0.718169      -40.8135       14.9281      0.672650E-05
124  1.230       10.2463       92.7884      0.713919      -40.5467       14.8249      0.672647E-05
125  1.240       10.1963       92.2793      0.709998      -40.3005       14.7298      0.672650E-05
126  1.250       10.1515       91.8159      0.706427      -40.0764       14.6433      0.672649E-05
127  1.260       10.1121       91.4007      0.703229      -39.8758       14.5659      0.672648E-05
128  1.270       10.0783       91.0365      0.700422      -39.6999       14.4980      0.672648E-05
129  1.280       10.0504       90.7253      0.698023      -39.5497       14.4401      0.672649E-05
130  1.290       10.0285       90.4689      0.696047      -39.4260       14.3925      0.672649E-05
131  1.300       10.0127       90.2688      0.694503      -39.3298       14.3556      0.672650E-05
132  1.310       10.0032       90.1264      0.693403      -39.2615       14.3294      0.672649E-05
133  1.320       9.99999       90.0422      0.692751      -39.2215       14.3142      0.672648E-05
134  1.330       9.99999       90.0063      0.692471      -39.2049       14.3086      0.672647E-05
135  1.340       9.99999       89.9852      0.692304      -39.1952       14.3055      0.672647E-05
136  1.350       9.99999       89.9718      0.692196      -39.1890       14.3034      0.672647E-05
137  1.360       9.99999       89.9636      0.692129      -39.1852       14.3021      0.672647E-05
138  1.370       9.99999       89.9588      0.692088      -39.1830       14.3013      0.672647E-05
139  1.380       9.99999       89.9562      0.692063      -39.1817       14.3009      0.672648E-05
140  1.390       9.99999       89.9548      0.692048      -39.1810       14.3006      0.672648E-05
141  1.400       9.99999       89.9542      0.692040      -39.1807       14.3005      0.672648E-05
142  1.410       9.99999       89.9541      0.692034      -39.1807       14.3005      0.672648E-05
143  1.420       9.99999       89.9542      0.692031      -39.1807       14.3005      0.672647E-05
144  1.430       9.99999       89.9546      0.692029      -39.1808       14.3005      0.672647E-05
145  1.440       9.99999       89.9550      0.692028      -39.1810       14.3006      0.672647E-05
146  1.450       9.99999       89.9555      0.692028      -39.1812       14.3007      0.672647E-05
147  1.460       9.99999       89.9560      0.692027      -39.1814       14.3007      0.672648E-05
148  1.470       9.99999       89.9565      0.692027      -39.1816       14.3008      0.672648E-05
149  1.480       9.99999       89.9571      0.692027      -39.1818       14.3009      0.672647E-05
150  1.490       9.99999       89.9576      0.692027      -39.1820       14.3010      0.672648E-05
151  1.500       9.99999       89.9582      0.692027      -39.1822       14.3010      0.672649E-05
152  1.510       9.99999       89.9587      0.692027      -39.1825       14.3011      0.672648E-05
153  1.520       9.99999       89.9593      0.692027      -39.1827       14.3012      0.672648E-05
154  1.530       9.99999       89.9598      0.692027      -39.1829       14.3013      0.672648E-05
155  1.540       9.99999       89.9604      0.692027      -39.1831       14.3014      0.672648E-05
156  1.550       9.99999       89.9610      0.692027      -39.1833       14.3014      0.672647E-05
157  1.560       9.99999       89.9615      0.692027      -39.1836       14.3015      0.672648E-05
158  1.570       9.99999       89.9621      0.692027      -39.1838       14.3016      0.672647E-05
159  1.580       9.99999       89.9626      0.692027      -39.1840       14.3017      0.672647E-05
160  1.590       9.99999       89.9632      0.692027      -39.1843       14.3018      0.672648E-05
161  1.600       9.99999       89.9637      0.692027      -39.1845       14.3018      0.672647E-05
162  1.610       9.99999       89.9643      0.692027      -39.1847       14.3019      0.672648E-05
163  1.620       9.99999       89.9649      0.692027      -39.1849       14.3020      0.672647E-05
164  1.630       9.99999       89.9654      0.692027      -39.1852       14.3021      0.672649E-05
165  1.640       9.99999       89.9660      0.692027      -39.1854       14.3021      0.672648E-05
166  1.650       9.99999       89.9665      0.692027      -39.1856       14.3022      0.672647E-05
167  1.660       9.99999       89.9671      0.692027      -39.1858       14.3023      0.672647E-05
168  1.670       9.99999       89.9677      0.692027      -39.1861       14.3024      0.672648E-05
169  1.680       9.99999       89.9682      0.692027      -39.1863       14.3025      0.672647E-05
170  1.690       9.99999       89.9688      0.692027      -39.1865       14.3025      0.672648E-05
171  1.700       9.99999       89.9694      0.692027      -39.1867       14.3026      0.672649E-05
172  1.710       9.99999       89.9699      0.692027      -39.1870       14.3027      0.672647E-05
173  1.720       9.99999       89.9705      0.692027      -39.1872       14.3028      0.672647E-05
174  1.730       9.99999       89.9710      0.692027      -39.1874       14.3029      0.672647E-05
175  1.740       9.99999       89.9716      0.692027      -39.1876       14.3029      0.672647E-05
176  1.750       9.99999       89.9722      0.692027      -39.1879       14.3030      0.672649E-05
177  1.760       9.99999       89.9727      0.692027      -39.1881       14.3031      0.672647E-05
178  1.770       9.99999       89.9733      0.692027      -39.1883       14.3032      0.672647E-05
179  1.780       9.99999       89.9739      0.692027      -39.1885       14.3032      0.672648E-05
180  1.790       9.99999       89.9744      0.692027      -39.1888       14.3033      0.672647E-05
181  1.800       9.99999       89.9749      0.692027      -39.1890       14.3034      0.672647E-05
182  1.810       9.99999       89.9755      0.692027      -39.1892       14.3035      0.672648E-05
183  1.820       9.99999       89.9761      0.692027      -39.1894       14.3036      0.672647E-05
184  1.830       9.99999       89.9766      0.692027      -39.1897       14.3036      0.672647E-05
185  1.840       9.99999       89.9772      0.692027      -39.1899       14.3037      0.672648E-05
186  1.850       9.99999       89.9778      0.692027      -39.1901       14.3038      0.672648E-05
187  1.860       9.99999       89.9783      0.692027      -39.1903       14.3039      0.672648E-05
188  1.870       9.99999       89.9789      0.692027      -39.1906       14.3040      0.672648E-05
189  1.880       9.99999       89.9794      0.692027      -39.1908       14.3040      0.672647E-05
190  1.890       9.99999       89.9800      0.692027      -39.1910       14.3041      0.672648E-05
191  1.900       9.99999       89.9805      0.692027      -39.1912       14.3042      0.672648E-05
192  1.910       9.99999       89.9811      0.692027      -39.1915       14.3043      0.672648E-05
193  1.920       9.99999       89.9817      0.692027      -39.1917       14.3044      0.672648E-05
194  1.930       9.99999       89.9822      0.692027      -39.1919       14.3044      0.672647E-05
195  1.940       9.99999       89.9828      0.692027      -39.1921       14.3045      0.672648E-05
196  1.950       9.99999       89.9833      0.692027      -39.1923       14.3046      0.672648E-05
197  1.960       9.99999       89.9839      0.692027      -39.1926       14.3047      0.672648E-05
198  1.970       9.99999       89.9845      0.692027      -39.1928       14.3047      0.672647E-05
199  1.980       9.99999       89.9850      0.692027      -39.1930       14.3048      0.672647E-05
200  1.990       9.99999       89.9856      0.692027      -39.1933       14.3049      0.672648E-05
201  2.000       9.99999       89.9861      0.692027      -39.1935       14.3050      0.672647E-05
