# Mowe_temp                                                                       
# Operating point sequence...
# i     t     alpha_ref     Lift          CL            Fn  for[ 1]   Mc` mom[ 1]   Phi[ 2]      
  1  0.000      -5.00000      -45.3514     -0.349089       28.1879      -11.7575     -0.336324E-04
  2 0.1000E-01  -5.00000      -45.3514     -0.349089       28.1879      -11.7575     -0.336324E-04
  3 0.2000E-01  -5.00000      -45.3514     -0.349089       28.1879      -11.7575     -0.336324E-04
  4 0.3000E-01  -5.00000      -45.3514     -0.349089       28.1879      -11.7575     -0.336324E-04
  5 0.4000E-01  -5.00000      -45.3514     -0.349089       28.1879      -11.7575     -0.336324E-04
  6 0.5000E-01  -5.00000      -45.3514     -0.349089       28.1879      -11.7575     -0.336324E-04
  7 0.6000E-01  -5.00000      -45.3514     -0.349089       28.1879      -11.7575     -0.336324E-04
  8 0.7000E-01  -5.00000      -45.3514     -0.349089       28.1879      -11.7575     -0.336324E-04
  9 0.8000E-01  -5.00000      -45.3514     -0.349089       28.1879      -11.7575     -0.336324E-04
 10 0.9000E-01  -5.00000      -45.3514     -0.349089       28.1879      -11.7575     -0.336324E-04
 11 0.1000      -5.00000      -45.3515     -0.349089       28.1880      -11.7575     -0.336324E-04
 12 0.1100      -5.00000      -45.3515     -0.349089       28.1880      -11.7575     -0.336324E-04
 13 0.1200      -5.00000      -45.3515     -0.349089       28.1880      -11.7575     -0.336324E-04
 14 0.1300      -5.00000      -45.3515     -0.349089       28.1880      -11.7575     -0.336324E-04
 15 0.1400      -5.00000      -45.3516     -0.349089       28.1880      -11.7575     -0.336324E-04
 16 0.1500      -5.00000      -45.3516     -0.349089       28.1881      -11.7575     -0.336324E-04
 17 0.1600      -5.00000      -45.3517     -0.349089       28.1881      -11.7576     -0.336324E-04
 18 0.1700      -5.00000      -45.3517     -0.349089       28.1881      -11.7576     -0.336324E-04
 19 0.1800      -5.00000      -45.3518     -0.349089       28.1882      -11.7576     -0.336324E-04
 20 0.1900      -5.00000      -45.3518     -0.349089       28.1882      -11.7576     -0.336324E-04
 21 0.2000      -5.00000      -45.3519     -0.349089       28.1882      -11.7576     -0.336324E-04
 22 0.2100      -5.00000      -45.3520     -0.349089       28.1883      -11.7576     -0.336324E-04
 23 0.2200      -5.00000      -45.3520     -0.349089       28.1883      -11.7576     -0.336324E-04
 24 0.2300      -5.00000      -45.3521     -0.349089       28.1883      -11.7577     -0.336324E-04
 25 0.2400      -5.00000      -45.3522     -0.349089       28.1884      -11.7577     -0.336324E-04
 26 0.2500      -5.00000      -45.3522     -0.349089       28.1884      -11.7577     -0.336324E-04
 27 0.2600      -5.00000      -45.3523     -0.349089       28.1885      -11.7577     -0.336324E-04
 28 0.2700      -5.00000      -45.3524     -0.349089       28.1885      -11.7577     -0.336324E-04
 29 0.2800      -5.00000      -45.3525     -0.349089       28.1886      -11.7577     -0.336324E-04
 30 0.2900      -5.00000      -45.3526     -0.349089       28.1886      -11.7578     -0.336324E-04
 31 0.3000      -5.00000      -45.3526     -0.349089       28.1887      -11.7578     -0.336324E-04
 32 0.3100      -5.00000      -45.3527     -0.349089       28.1887      -11.7578     -0.336324E-04
 33 0.3200      -5.00000      -45.3528     -0.349089       28.1888      -11.7578     -0.336324E-04
 34 0.3300      -5.00000      -45.3529     -0.349089       28.1888      -11.7578     -0.336324E-04
 35 0.3400      -5.00000      -45.3530     -0.349089       28.1889      -11.7579     -0.336324E-04
 36 0.3500      -5.00000      -45.3531     -0.349089       28.1889      -11.7579     -0.336324E-04
 37 0.3600      -5.00000      -45.3532     -0.349089       28.1890      -11.7579     -0.336324E-04
 38 0.3700      -5.00000      -45.3533     -0.349089       28.1891      -11.7579     -0.336324E-04
 39 0.3800      -5.00000      -45.3534     -0.349089       28.1891      -11.7580     -0.336324E-04
 40 0.3900      -4.99999      -45.3535     -0.349089       28.1892      -11.7580     -0.336324E-04
 41 0.4000      -4.99999      -45.3537     -0.349089       28.1893      -11.7580     -0.336324E-04
 42 0.4100      -4.99999      -45.3538     -0.349089       28.1894      -11.7581     -0.336324E-04
 43 0.4200      -4.99999      -45.3540     -0.349089       28.1894      -11.7581     -0.336324E-04
 44 0.4300      -4.99999      -45.3541     -0.349089       28.1895      -11.7581     -0.336324E-04
 45 0.4400      -4.99999      -45.3542     -0.349089       28.1896      -11.7582     -0.336324E-04
 46 0.4500      -4.99999      -45.3544     -0.349089       28.1897      -11.7582     -0.336324E-04
 47 0.4600      -4.99999      -45.3545     -0.349089       28.1898      -11.7582     -0.336324E-04
 48 0.4700      -4.99999      -45.3547     -0.349089       28.1899      -11.7583     -0.336324E-04
 49 0.4800      -4.99999      -45.3548     -0.349089       28.1900      -11.7583     -0.336324E-04
 50 0.4900      -4.99999      -45.3550     -0.349089       28.1900      -11.7584     -0.336324E-04
 51 0.5000      -4.99999      -45.3551     -0.349089       28.1901      -11.7584     -0.336324E-04
 52 0.5100      -4.99785      -45.3492     -0.349042       28.1872      -11.7576     -0.336319E-04
 53 0.5200      -4.98929      -45.3023     -0.348680       28.1639      -11.7491     -0.336324E-04
 54 0.5300      -4.97425      -45.2039     -0.347921       28.1149      -11.7302     -0.336324E-04
 55 0.5400      -4.95282      -45.0519     -0.346750       28.0392      -11.7007     -0.336324E-04
 56 0.5500      -4.92512      -44.8453     -0.345159       27.9364      -11.6607     -0.336324E-04
 57 0.5600      -4.89133      -44.5841     -0.343147       27.8063      -11.6101     -0.336324E-04
 58 0.5700      -4.85165      -44.2690     -0.340721       27.6495      -11.5491     -0.336324E-04
 59 0.5800      -4.80632      -43.9013     -0.337890       27.4666      -11.4780     -0.336324E-04
 60 0.5900      -4.75562      -43.4831     -0.334670       27.2585      -11.3971     -0.336324E-04
 61 0.6000      -4.69985      -43.0166     -0.331078       27.0263      -11.3070     -0.336324E-04
 62 0.6100      -4.63936      -42.5046     -0.327137       26.7715      -11.2081     -0.336324E-04
 63 0.6200      -4.57451      -41.9502     -0.322869       26.4957      -11.1011     -0.336258E-04
 64 0.6300      -4.50569      -41.3568     -0.318300       26.2003      -10.9865     -0.336265E-04
 65 0.6400      -4.43333      -40.7280     -0.313460       25.8873      -10.8651     -0.336271E-04
 66 0.6500      -4.35787      -40.0676     -0.308376       25.5586      -10.7377     -0.336278E-04
 67 0.6600      -4.27976      -39.3797     -0.303081       25.2161      -10.6049     -0.336285E-04
 68 0.6700      -4.19949      -38.6685     -0.297606       24.8620      -10.4677     -0.336293E-04
 69 0.6800      -4.11754      -37.9384     -0.291986       24.4984      -10.3268     -0.336301E-04
 70 0.6900      -4.03441      -37.1938     -0.286254       24.1275      -10.1832     -0.336309E-04
 71 0.7000      -3.95062      -36.4394     -0.280446       23.7517      -10.0376     -0.336317E-04
 72 0.7100      -3.86667      -35.6796     -0.274598       23.3731      -9.89100     -0.336325E-04
 73 0.7200      -3.78309      -34.9193     -0.268745       22.9942      -9.74430     -0.336332E-04
 74 0.7300      -3.70037      -34.1629     -0.262923       22.6173      -9.59837     -0.336340E-04
 75 0.7400      -3.61903      -33.4153     -0.257168       22.2446      -9.45412     -0.336348E-04
 76 0.7500      -3.53958      -32.6808     -0.251514       21.8784      -9.31242     -0.336356E-04
 77 0.7600      -3.46248      -31.9641     -0.245997       21.5210      -9.17415     -0.336363E-04
 78 0.7700      -3.38823      -31.2695     -0.240651       21.1745      -9.04015     -0.336370E-04
 79 0.7800      -3.31727      -30.6012     -0.235507       20.8412      -8.91123     -0.336378E-04
 80 0.7900      -3.25004      -29.9634     -0.230596       20.5230      -8.78819     -0.336384E-04
 81 0.8000      -3.18695      -29.3598     -0.225950       20.2218      -8.67179     -0.336391E-04
 82 0.8100      -3.12839      -28.7943     -0.221597       19.9395      -8.56273     -0.336324E-04
 83 0.8200      -3.07473      -28.2701     -0.217562       19.6779      -8.46168     -0.336324E-04
 84 0.8300      -3.02629      -27.7906     -0.213870       19.4386      -8.36926     -0.336324E-04
 85 0.8400      -2.98336      -27.3585     -0.210545       19.2229      -8.28603     -0.336324E-04
 86 0.8500      -2.94622      -26.9767     -0.207605       19.0323      -8.21252     -0.336324E-04
 87 0.8600      -2.91510      -26.6473     -0.205070       18.8679      -8.14916     -0.336324E-04
 88 0.8700      -2.89017      -26.3725     -0.202953       18.7307      -8.09635     -0.336324E-04
 89 0.8800      -2.87160      -26.1538     -0.201269       18.6215      -8.05440     -0.336324E-04
 90 0.8900      -2.85950      -25.9925     -0.200027       18.5410      -8.02358     -0.336324E-04
 91 0.9000      -2.85395      -25.8897     -0.199235       18.4898      -8.00407     -0.336324E-04
 92 0.9100      -2.85498      -25.8461     -0.198898       18.4681      -7.99600     -0.336324E-04
 93 0.9200      -2.86258      -25.8617     -0.199017       18.4760      -7.99941     -0.336324E-04
 94 0.9300      -2.87670      -25.9366     -0.199593       18.5135      -8.01429     -0.336324E-04
 95 0.9400      -2.89727      -26.0703     -0.200621       18.5805      -8.04053     -0.336324E-04
 96 0.9500      -2.92415      -26.2620     -0.202095       18.6764      -8.07799     -0.336324E-04
 97 0.9600      -2.95717      -26.5106     -0.204007       18.8006      -8.12644     -0.336324E-04
 98 0.9700      -2.99614      -26.8144     -0.206344       18.9526      -8.18557     -0.336324E-04
 99 0.9800      -3.04082      -27.1717     -0.209092       19.1312      -8.25503     -0.336324E-04
100 0.9900      -3.09092      -27.5803     -0.212235       19.3354      -8.33440     -0.336324E-04
101  1.000      -3.14615      -28.0378     -0.215754       19.5640      -8.42318     -0.336324E-04
102  1.010      -3.20616      -28.5412     -0.219627       19.8155      -8.52084     -0.336324E-04
103  1.020      -3.27058      -29.0877     -0.223831       20.0885      -8.62678     -0.336324E-04
104  1.030      -3.33902      -29.6738     -0.228340       20.3813      -8.74034     -0.336324E-04
105  1.040      -3.41106      -30.2960     -0.233126       20.6920      -8.86085     -0.336324E-04
106  1.050      -3.48625      -30.9505     -0.238161       21.0187      -8.98755     -0.336324E-04
107  1.060      -3.56413      -31.6333     -0.243413       21.3596      -9.11967     -0.336324E-04
108  1.070      -3.64423      -32.3402     -0.248852       21.7124      -9.25641     -0.336324E-04
109  1.080      -3.72605      -33.0670     -0.254443       22.0750      -9.39693     -0.336324E-04
110  1.090      -3.80909      -33.8092     -0.260152       22.4453      -9.54037     -0.336324E-04
111  1.100      -3.89285      -34.5622     -0.265945       22.8209      -9.68585     -0.336324E-04
112  1.110      -3.97680      -35.3216     -0.271786       23.1995      -9.83249     -0.336324E-04
113  1.120      -4.06044      -36.0825     -0.277640       23.5789      -9.97938     -0.336324E-04
114  1.130      -4.14326      -36.8405     -0.283470       23.9566      -10.1256     -0.336324E-04
115  1.140      -4.22474      -37.5908     -0.289241       24.3305      -10.2703     -0.336324E-04
116  1.150      -4.30439      -38.3288     -0.294918       24.6982      -10.4126     -0.336324E-04
117  1.160      -4.38172      -39.0501     -0.300466       25.0574      -10.5516     -0.336324E-04
118  1.170      -4.45626      -39.7501     -0.305851       25.4060      -10.6865     -0.336324E-04
119  1.180      -4.52756      -40.4247     -0.311039       25.7419      -10.8164     -0.336324E-04
120  1.190      -4.59519      -41.0696     -0.316000       26.0629      -10.9405     -0.336324E-04
121  1.200      -4.65872      -41.6810     -0.320701       26.3671      -11.0581     -0.336324E-04
122  1.210      -4.71777      -42.2550     -0.325116       26.6527      -11.1685     -0.336324E-04
123  1.220      -4.77200      -42.7881     -0.329216       26.9179      -11.2709     -0.336324E-04
124  1.230      -4.82105      -43.2771     -0.332976       27.1611      -11.3648     -0.336324E-04
125  1.240      -4.86465      -43.7189     -0.336373       27.3807      -11.4496     -0.336324E-04
126  1.250      -4.90251      -44.1108     -0.339387       27.5756      -11.5248     -0.336324E-04
127  1.260      -4.93442      -44.4505     -0.341998       27.7443      -11.5899     -0.336324E-04
128  1.270      -4.96018      -44.7357     -0.344190       27.8861      -11.6444     -0.336324E-04
129  1.280      -4.97963      -44.9648     -0.345951       27.9999      -11.6882     -0.336324E-04
130  1.290      -4.99266      -45.1364     -0.347268       28.0850      -11.7209     -0.336324E-04
131  1.300      -4.99918      -45.2493     -0.348135       28.1410      -11.7422     -0.336324E-04
132  1.310      -4.99999      -45.3044     -0.348557       28.1683      -11.7523     -0.336324E-04
133  1.320      -4.99999      -45.3302     -0.348754       28.1810      -11.7563     -0.336324E-04
134  1.330      -4.99999      -45.3472     -0.348882       28.1895      -11.7591     -0.336324E-04
135  1.340      -4.99999      -45.3581     -0.348964       28.1949      -11.7610     -0.336324E-04
136  1.350      -4.99999      -45.3649     -0.349014       28.1982      -11.7622     -0.336324E-04
137  1.360      -4.99999      -45.3691     -0.349044       28.2004      -11.7629     -0.336324E-04
138  1.370      -4.99999      -45.3718     -0.349063       28.2017      -11.7634     -0.336324E-04
139  1.380      -4.99999      -45.3735     -0.349073       28.2026      -11.7638     -0.336324E-04
140  1.390      -4.99999      -45.3746     -0.349080       28.2032      -11.7640     -0.336324E-04
141  1.400      -4.99999      -45.3754     -0.349083       28.2037      -11.7642     -0.336324E-04
142  1.410      -4.99999      -45.3759     -0.349085       28.2040      -11.7643     -0.336324E-04
143  1.420      -4.99999      -45.3764     -0.349087       28.2043      -11.7644     -0.336324E-04
144  1.430      -4.99999      -45.3768     -0.349088       28.2045      -11.7645     -0.336324E-04
145  1.440      -4.99999      -45.3771     -0.349088       28.2047      -11.7646     -0.336324E-04
146  1.450      -4.99999      -45.3774     -0.349088       28.2049      -11.7647     -0.336324E-04
147  1.460      -4.99999      -45.3777     -0.349089       28.2051      -11.7648     -0.336324E-04
148  1.470      -4.99999      -45.3780     -0.349089       28.2053      -11.7649     -0.336324E-04
149  1.480      -4.99999      -45.3783     -0.349089       28.2055      -11.7649     -0.336324E-04
150  1.490      -4.99999      -45.3786     -0.349089       28.2057      -11.7650     -0.336324E-04
151  1.500      -4.99999      -45.3789     -0.349089       28.2059      -11.7651     -0.336324E-04
152  1.510      -4.99999      -45.3792     -0.349089       28.2061      -11.7652     -0.336324E-04
153  1.520      -4.99999      -45.3794     -0.349089       28.2063      -11.7653     -0.336324E-04
154  1.530      -4.99999      -45.3797     -0.349089       28.2065      -11.7654     -0.336324E-04
155  1.540      -4.99999      -45.3800     -0.349089       28.2067      -11.7654     -0.336324E-04
156  1.550      -4.99999      -45.3803     -0.349089       28.2069      -11.7655     -0.336324E-04
157  1.560      -4.99999      -45.3806     -0.349089       28.2071      -11.7656     -0.336324E-04
158  1.570      -4.99999      -45.3809     -0.349089       28.2073      -11.7657     -0.336324E-04
159  1.580      -4.99999      -45.3812     -0.349089       28.2075      -11.7658     -0.336324E-04
160  1.590      -4.99999      -45.3814     -0.349089       28.2077      -11.7659     -0.336324E-04
161  1.600      -4.99999      -45.3817     -0.349089       28.2079      -11.7659     -0.336324E-04
162  1.610      -4.99999      -45.3820     -0.349089       28.2081      -11.7660     -0.336324E-04
163  1.620      -4.99999      -45.3823     -0.349089       28.2083      -11.7661     -0.336324E-04
164  1.630      -4.99999      -45.3825     -0.349089       28.2085      -11.7662     -0.336324E-04
165  1.640      -4.99999      -45.3828     -0.349089       28.2087      -11.7663     -0.336324E-04
166  1.650      -4.99999      -45.3831     -0.349089       28.2089      -11.7664     -0.336324E-04
167  1.660      -4.99999      -45.3834     -0.349089       28.2090      -11.7664     -0.336324E-04
168  1.670      -4.99999      -45.3837     -0.349089       28.2092      -11.7665     -0.336324E-04
169  1.680      -4.99999      -45.3840     -0.349089       28.2094      -11.7666     -0.336324E-04
170  1.690      -4.99999      -45.3843     -0.349089       28.2096      -11.7667     -0.336324E-04
171  1.700      -4.99999      -45.3845     -0.349089       28.2098      -11.7668     -0.336324E-04
172  1.710      -4.99999      -45.3848     -0.349089       28.2100      -11.7669     -0.336324E-04
173  1.720      -4.99999      -45.3851     -0.349089       28.2102      -11.7669     -0.336324E-04
174  1.730      -4.99999      -45.3854     -0.349089       28.2104      -11.7670     -0.336324E-04
175  1.740      -4.99999      -45.3857     -0.349089       28.2106      -11.7671     -0.336324E-04
176  1.750      -4.99999      -45.3859     -0.349089       28.2108      -11.7672     -0.336324E-04
177  1.760      -4.99999      -45.3862     -0.349089       28.2110      -11.7673     -0.336324E-04
178  1.770      -4.99999      -45.3865     -0.349089       28.2112      -11.7674     -0.336324E-04
179  1.780      -4.99999      -45.3868     -0.349089       28.2114      -11.7674     -0.336324E-04
180  1.790      -4.99999      -45.3871     -0.349089       28.2116      -11.7675     -0.336324E-04
181  1.800      -4.99999      -45.3874     -0.349089       28.2118      -11.7676     -0.336324E-04
182  1.810      -4.99999      -45.3876     -0.349089       28.2120      -11.7677     -0.336324E-04
183  1.820      -4.99999      -45.3879     -0.349089       28.2122      -11.7678     -0.336324E-04
184  1.830      -4.99999      -45.3882     -0.349089       28.2123      -11.7679     -0.336324E-04
185  1.840      -4.99999      -45.3885     -0.349089       28.2125      -11.7679     -0.336324E-04
186  1.850      -4.99999      -45.3888     -0.349089       28.2127      -11.7680     -0.336324E-04
187  1.860      -4.99999      -45.3890     -0.349089       28.2129      -11.7681     -0.336324E-04
188  1.870      -4.99999      -45.3893     -0.349089       28.2131      -11.7682     -0.336324E-04
189  1.880      -4.99999      -45.3896     -0.349089       28.2133      -11.7683     -0.336324E-04
190  1.890      -4.99999      -45.3899     -0.349089       28.2135      -11.7684     -0.336324E-04
191  1.900      -4.99999      -45.3902     -0.349089       28.2137      -11.7685     -0.336324E-04
192  1.910      -4.99999      -45.3905     -0.349089       28.2139      -11.7685     -0.336324E-04
193  1.920      -4.99999      -45.3907     -0.349089       28.2141      -11.7686     -0.336324E-04
194  1.930      -4.99999      -45.3910     -0.349089       28.2143      -11.7687     -0.336324E-04
195  1.940      -4.99999      -45.3913     -0.349089       28.2145      -11.7688     -0.336324E-04
196  1.950      -4.99999      -45.3916     -0.349089       28.2147      -11.7689     -0.336324E-04
197  1.960      -4.99999      -45.3919     -0.349089       28.2149      -11.7690     -0.336324E-04
198  1.970      -4.99999      -45.3922     -0.349089       28.2151      -11.7690     -0.336324E-04
199  1.980      -4.99999      -45.3924     -0.349089       28.2153      -11.7691     -0.336324E-04
200  1.990      -4.99999      -45.3927     -0.349089       28.2155      -11.7692     -0.336324E-04
201  2.000      -4.99999      -45.3930     -0.349089       28.2157      -11.7693     -0.336324E-04
