# Mowe_temp                                                                       
# Operating point sequence...
# i     t     dWx ang.acc.  Wx rot.rate   Phi   (bank)  Phi[ 2]       Phi[ 3]      
  1  2.000      0.764331E-03   64.8879      -121.885      -121.885      -121.885    
  2  2.010      0.665564E-03   64.8879      -122.534      -122.534      -122.534    
  3  2.020     -0.727278E-03   64.8879      -123.183      -123.183      -123.183    
  4  2.030      0.637090E-03   64.8879      -123.832      -123.832      -123.832    
  5  2.040      0.682634E-03   64.8879      -124.480      -124.480      -124.480    
  6  2.050      0.576767E-03   64.8879      -125.129      -125.129      -125.129    
  7  2.060      0.690543E-03   64.8879      -125.778      -125.778      -125.778    
  8  2.070      0.497826E-03   64.8879      -126.427      -126.427      -126.427    
  9  2.080      0.462642E-03   64.8879      -127.076      -127.076      -127.076    
 10  2.090      0.523860E-03   64.8879      -127.725      -127.725      -127.725    
 11  2.100      0.526768E-03   64.8879      -128.374      -128.374      -128.374    
 12  2.110      0.547185E-03   64.8879      -129.023      -129.023      -129.023    
 13  2.120      0.483159E-03   64.8879      -129.671      -129.671      -129.671    
 14  2.130      0.475032E-03   64.8879      -130.320      -130.320      -130.320    
 15  2.140      0.565523E-03   64.8879      -130.969      -130.969      -130.969    
 16  2.150      0.516837E-03   64.8879      -131.618      -131.618      -131.618    
 17  2.160      0.548531E-03   64.8879      -132.267      -132.267      -132.267    
 18  2.170      0.542923E-03   64.8879      -132.916      -132.916      -132.916    
 19  2.180      0.536210E-03   64.8879      -133.565      -133.565      -133.565    
 20  2.190      0.579639E-03   64.8879      -134.214      -134.214      -134.214    
 21  2.200      0.594327E-03   64.8879      -134.862      -134.862      -134.862    
 22  2.210      0.540165E-03   64.8879      -135.511      -135.511      -135.511    
 23  2.220      0.583952E-03   64.8879      -136.160      -136.160      -136.160    
 24  2.230      0.532002E-03   64.8879      -136.809      -136.809      -136.809    
 25  2.240      0.546406E-03   64.8879      -137.458      -137.458      -137.458    
 26  2.250      0.511346E-03   64.8879      -138.107      -138.107      -138.107    
 27  2.260      0.595950E-03   64.8879      -138.756      -138.756      -138.756    
 28  2.270      0.575229E-03   64.8879      -139.405      -139.405      -139.405    
 29  2.280      0.669207E-03   64.8879      -140.053      -140.053      -140.053    
 30  2.290      0.456714E-03   64.8879      -140.702      -140.702      -140.702    
 31  2.300      0.463649E-03   64.8879      -141.351      -141.351      -141.351    
 32  2.310      0.524173E-03   64.8879      -142.000      -142.000      -142.000    
 33  2.320      0.611939E-03   64.8879      -142.649      -142.649      -142.649    
 34  2.330      0.543932E-03   64.8879      -143.298      -143.298      -143.298    
 35  2.340      0.474983E-03   64.8879      -143.947      -143.947      -143.947    
 36  2.350      0.558189E-03   64.8879      -144.596      -144.596      -144.596    
 37  2.360      0.542540E-03   64.8879      -145.244      -145.244      -145.244    
 38  2.370      0.559057E-03   64.8879      -145.893      -145.893      -145.893    
 39  2.380      0.584085E-03   64.8879      -146.542      -146.542      -146.542    
 40  2.390      0.591682E-03   64.8879      -147.191      -147.191      -147.191    
 41  2.400      0.672256E-03   64.8879      -147.840      -147.840      -147.840    
 42  2.410      0.486589E-03   64.8879      -148.489      -148.489      -148.489    
 43  2.420      0.550104E-03   64.8879      -149.138      -149.138      -149.138    
 44  2.430      0.606942E-03   64.8879      -149.786      -149.786      -149.786    
 45  2.440      0.387089E-03   64.8879      -150.435      -150.435      -150.435    
 46  2.450      0.413602E-03   64.8879      -151.084      -151.084      -151.084    
 47  2.460      0.563278E-03   64.8879      -151.733      -151.733      -151.733    
 48  2.470      0.521226E-03   64.8879      -152.382      -152.382      -152.382    
 49  2.480      0.534685E-03   64.8879      -153.031      -153.031      -153.031    
 50  2.490      0.502285E-03   64.8879      -153.680      -153.680      -153.680    
 51  2.500      0.541035E-03   64.8879      -154.329      -154.329      -154.329    
 52  2.510      0.562344E-03   64.8879      -154.978      -154.978      -154.978    
 53  2.520      0.572614E-03   64.8879      -155.626      -155.626      -155.626    
 54  2.530      0.574849E-03   64.8879      -156.275      -156.275      -156.275    
 55  2.540      0.465390E-03   64.8879      -156.924      -156.924      -156.924    
 56  2.550      0.389527E-03   64.8879      -157.573      -157.573      -157.573    
 57  2.560      0.763237E-03   64.8879      -158.222      -158.222      -158.222    
 58  2.570      0.828700E-03   64.8879      -158.871      -158.871      -158.871    
 59  2.580      0.320446E-03   64.8879      -159.520      -159.520      -159.520    
 60  2.590      0.343891E-03   64.8879      -160.169      -160.169      -160.169    
 61  2.600      0.567052E-03   64.8879      -160.817      -160.817      -160.817    
 62  2.610      0.535353E-03   64.8879      -161.466      -161.466      -161.466    
 63  2.620      0.745742E-03   64.8879      -162.115      -162.115      -162.115    
 64  2.630      0.717940E-03   64.8879      -162.764      -162.764      -162.764    
 65  2.640      0.672945E-03   64.8879      -163.413      -163.413      -163.413    
 66  2.650      0.416077E-03   64.8879      -164.062      -164.062      -164.062    
 67  2.660      0.633618E-03   64.8879      -164.711      -164.711      -164.711    
 68  2.670      0.513772E-03   64.8879      -165.360      -165.360      -165.360    
 69  2.680      0.341639E-03   64.8879      -166.008      -166.008      -166.008    
 70  2.690      0.480507E-03   64.8879      -166.657      -166.657      -166.657    
 71  2.700      0.625667E-03   64.8879      -167.306      -167.306      -167.306    
 72  2.710      0.784748E-03   64.8879      -167.955      -167.955      -167.955    
 73  2.720      0.629974E-03   64.8879      -168.604      -168.604      -168.604    
 74  2.730      0.600815E-03   64.8879      -169.253      -169.253      -169.253    
 75  2.740      0.482134E-03   64.8879      -169.902      -169.902      -169.902    
 76  2.750      0.584158E-03   64.8879      -170.551      -170.551      -170.551    
 77  2.760      0.515258E-03   64.8879      -171.199      -171.199      -171.199    
 78  2.770      0.495270E-03   64.8879      -171.848      -171.848      -171.848    
 79  2.780      0.403089E-03   64.8879      -172.497      -172.497      -172.497    
 80  2.790      0.600520E-03   64.8879      -173.146      -173.146      -173.146    
 81  2.800      0.418147E-03   64.8879      -173.795      -173.795      -173.795    
 82  2.810      0.560671E-03   64.8879      -174.444      -174.444      -174.444    
 83  2.820      0.820008E-03   64.8879      -175.093      -175.093      -175.093    
 84  2.830      0.691632E-03   64.8879      -175.742      -175.742      -175.742    
 85  2.840      0.354196E-03   64.8879      -176.390      -176.390      -176.390    
 86  2.850      0.769844E-03   64.8879      -177.039      -177.039      -177.039    
 87  2.860      0.479740E-03   64.8879      -177.688      -177.688      -177.688    
 88  2.870      0.500052E-03   64.8879      -178.337      -178.337      -178.337    
 89  2.880      0.574740E-03   64.8879      -178.986      -178.986      -178.986    
 90  2.890      0.540022E-03   64.8879      -179.635      -179.635      -179.635    
 91  2.900      0.524637E-03   64.8879      -180.284       179.716       179.716    
 92  2.910      0.695546E-03   64.8879      -180.933       179.067       179.067    
 93  2.920      0.536940E-03   64.8879      -181.581       178.419       178.419    
 94  2.930      0.542569E-03   64.8879      -182.230       177.770       177.770    
 95  2.940      0.498131E-03   64.8879      -182.879       177.121       177.121    
 96  2.950      0.717833E-03   64.8879      -183.528       176.472       176.472    
 97  2.960      0.466348E-03   64.8879      -184.177       175.823       175.823    
 98  2.970      0.544792E-03   64.8879      -184.826       175.174       175.174    
 99  2.980      0.841105E-03   64.8879      -185.475       174.525       174.525    
100  2.990      0.488404E-03   64.8879      -186.124       173.876       173.876    
101  3.000      0.538911E-03   64.8879      -186.772       173.228       173.228    
102  3.010      0.590679E-03   64.8879      -187.421       172.579       172.579    
103  3.020      0.445790E-03   64.8879      -188.070       171.930       171.930    
104  3.030      0.398392E-03   64.8879      -188.719       171.281       171.281    
105  3.040      0.745047E-03   64.8879      -189.368       170.632       170.632    
106  3.050      0.372263E-03   64.8879      -190.017       169.983       169.983    
107  3.060      0.795181E-03   64.8879      -190.666       169.334       169.334    
108  3.070      0.605902E-03   64.8879      -191.315       168.685       168.685    
109  3.080      0.513104E-03   64.8879      -191.964       168.036       168.036    
110  3.090      0.617568E-03   64.8879      -192.612       167.388       167.388    
111  3.100      0.358782E-03   64.8879      -193.261       166.739       166.739    
112  3.110      0.372442E-03   64.8879      -193.910       166.090       166.090    
113  3.120      0.436133E-03   64.8879      -194.559       165.441       165.441    
114  3.130      0.575861E-03   64.8879      -195.208       164.792       164.792    
115  3.140      0.670597E-03   64.8879      -195.857       164.143       164.143    
116  3.150      0.414780E-03   64.8879      -196.506       163.494       163.494    
117  3.160      0.490254E-03   64.8879      -197.154       162.846       162.846    
118  3.170      0.821555E-03   64.8879      -197.803       162.197       162.197    
119  3.180      0.311290E-03   64.8879      -198.452       161.548       161.548    
120  3.190      0.605234E-03   64.8879      -199.101       160.899       160.899    
121  3.200      0.344007E-03   64.8879      -199.750       160.250       160.250    
122  3.210      0.564465E-03   64.8879      -200.399       159.601       159.601    
123  3.220      0.772948E-03   64.8879      -201.048       158.952       158.952    
124  3.230      0.585283E-03   64.8879      -201.697       158.303       158.303    
125  3.240      0.453269E-03   64.8879      -202.345       157.655       157.655    
126  3.250      0.611556E-03   64.8879      -202.994       157.006       157.006    
127  3.260      0.499978E-03   64.8879      -203.643       156.357       156.357    
128  3.270      0.536010E-03   64.8879      -204.292       155.708       155.708    
129  3.280      0.611038E-03   64.8879      -204.941       155.059       155.059    
130  3.290      0.701018E-03   64.8879      -205.590       154.410       154.410    
131  3.300      0.542752E-03   64.8879      -206.239       153.761       153.761    
132  3.310      0.503741E-03   64.8879      -206.888       153.112       153.112    
133  3.320      0.579271E-03   64.8879      -207.536       152.464       152.464    
134  3.330      0.665075E-03   64.8879      -208.185       151.815       151.815    
135  3.340      0.573033E-03   64.8879      -208.834       151.166       151.166    
136  3.350      0.595764E-03   64.8879      -209.483       150.517       150.517    
137  3.360      0.503054E-03   64.8879      -210.132       149.868       149.868    
138  3.370      0.629895E-03   64.8879      -210.781       149.219       149.219    
139  3.380      0.493070E-03   64.8879      -211.430       148.570       148.570    
140  3.390      0.680716E-03   64.8879      -212.078       147.922       147.922    
141  3.400      0.476537E-03   64.8879      -212.727       147.273       147.273    
142  3.410      0.581580E-03   64.8879      -213.376       146.624       146.624    
143  3.420      0.618589E-03   64.8879      -214.025       145.975       145.975    
144  3.430      0.559257E-03   64.8879      -214.674       145.326       145.326    
145  3.440      0.465746E-03   64.8879      -215.323       144.677       144.677    
146  3.450      0.479789E-03   64.8879      -215.972       144.028       144.028    
147  3.460      0.487796E-03   64.8879      -216.621       143.379       143.379    
148  3.470      0.561035E-03   64.8879      -217.269       142.731       142.731    
149  3.480      0.512865E-03   64.8879      -217.918       142.082       142.082    
150  3.490      0.583688E-03   64.8879      -218.567       141.433       141.433    
151  3.500      0.478128E-03   64.8879      -219.216       140.784       140.784    
152  3.510      0.487660E-03   64.8879      -219.865       140.135       140.135    
153  3.520      0.600901E-03   64.8879      -220.514       139.486       139.486    
154  3.530      0.520418E-03   64.8879      -221.163       138.837       138.837    
155  3.540      0.469608E-03   64.8879      -221.812       138.188       138.188    
156  3.550      0.537097E-03   64.8879      -222.460       137.540       137.540    
157  3.560      0.507300E-03   64.8879      -223.109       136.891       136.891    
158  3.570      0.520115E-03   64.8879      -223.758       136.242       136.242    
159  3.580      0.511438E-03   64.8879      -224.407       135.593       135.593    
160  3.590      0.460160E-03   64.8879      -225.056       134.944       134.944    
161  3.600      0.613794E-03   64.8879      -225.705       134.295       134.295    
162  3.610      0.576526E-03   64.8879      -226.354       133.646       133.646    
163  3.620      0.507220E-03   64.8879      -227.002       132.998       132.998    
164  3.630      0.528096E-03   64.8879      -227.651       132.349       132.349    
165  3.640      0.526564E-03   64.8879      -228.300       131.700       131.700    
166  3.650      0.599452E-03   64.8879      -228.949       131.051       131.051    
167  3.660      0.569077E-03   64.8879      -229.598       130.402       130.402    
168  3.670      0.476790E-03   64.8879      -230.247       129.753       129.753    
169  3.680      0.453678E-03   64.8879      -230.896       129.104       129.104    
170  3.690      0.396055E-03   64.8879      -231.545       128.455       128.455    
171  3.700      0.503705E-03   64.8879      -232.193       127.807       127.807    
172  3.710      0.587887E-03   64.8879      -232.842       127.158       127.158    
173  3.720      0.504928E-03   64.8879      -233.491       126.509       126.509    
174  3.730      0.465894E-03   64.8879      -234.140       125.860       125.860    
175  3.740      0.489034E-03   64.8879      -234.789       125.211       125.211    
176  3.750      0.596081E-03   64.8879      -235.438       124.562       124.562    
177  3.760      0.506945E-03   64.8879      -236.087       123.913       123.913    
178  3.770      0.508863E-03   64.8879      -236.736       123.264       123.264    
179  3.780      0.458330E-03   64.8879      -237.384       122.616       122.616    
180  3.790      0.578437E-03   64.8879      -238.033       121.967       121.967    
181  3.800      0.556538E-03   64.8879      -238.682       121.318       121.318    
182  3.810      0.622134E-03   64.8879      -239.331       120.669       120.669    
183  3.820      0.415314E-03   64.8879      -239.980       120.020       120.020    
184  3.830      0.483016E-03   64.8879      -240.629       119.371       119.371    
185  3.840      0.487952E-03   64.8879      -241.278       118.722       118.722    
186  3.850      0.525444E-03   64.8879      -241.926       118.074       118.074    
187  3.860      0.550782E-03   64.8879      -242.575       117.425       117.425    
188  3.870      0.522772E-03   64.8879      -243.224       116.776       116.776    
189  3.880      0.573678E-03   64.8879      -243.873       116.127       116.127    
190  3.890      0.513642E-03   64.8879      -244.522       115.478       115.478    
191  3.900      0.556324E-03   64.8879      -245.171       114.829       114.829    
192  3.910      0.505659E-03   64.8879      -245.820       114.180       114.180    
193  3.920      0.556346E-03   64.8879      -246.468       113.532       113.532    
194  3.930      0.564001E-03   64.8879      -247.117       112.883       112.883    
195  3.940      0.581129E-03   64.8879      -247.766       112.234       112.234    
196  3.950      0.574802E-03   64.8879      -248.415       111.585       111.585    
197  3.960      0.546484E-03   64.8879      -249.064       110.936       110.936    
198  3.970      0.550413E-03   64.8879      -249.713       110.287       110.287    
199  3.980      0.557479E-03   64.8879      -250.362       109.638       109.638    
200  3.990      0.487923E-03   64.8879      -251.010       108.990       108.990    
201  4.000      0.493597E-03   64.8879      -251.659       108.341       108.341    
