# Mowe_temp                                                                       
# Operating point sequence...
# i     t     dWx ang.acc.  Wx rot.rate   Phi   (bank)  Phi[ 2]       Phi[ 3]      
  1  2.000      0.176130E-02   122.833      -233.220       126.780       126.780    
  2  2.010      0.357136E-02   122.834      -234.448       125.552       125.552    
  3  2.020      0.349454E-03   122.834      -235.676       124.324       124.324    
  4  2.030      0.124986E-02   122.834      -236.905       123.095       123.095    
  5  2.040      0.112687E-02   122.834      -238.133       121.867       121.867    
  6  2.050      0.952375E-03   122.834      -239.361       120.639       120.639    
  7  2.060      0.114620E-02   122.834      -240.590       119.410       119.410    
  8  2.070      0.945197E-03   122.834      -241.818       118.182       118.182    
  9  2.080      0.111011E-02   122.834      -243.046       116.954       116.954    
 10  2.090      0.103644E-02   122.834      -244.275       115.725       115.725    
 11  2.100      0.113407E-02   122.834      -245.503       114.497       114.497    
 12  2.110      0.116060E-02   122.834      -246.731       113.269       113.269    
 13  2.120      0.100090E-02   122.834      -247.960       112.040       112.040    
 14  2.130      0.106671E-02   122.834      -249.188       110.812       110.812    
 15  2.140      0.107752E-02   122.834      -250.416       109.584       109.584    
 16  2.150      0.102018E-02   122.834      -251.645       108.355       108.355    
 17  2.160      0.101357E-02   122.834      -252.873       107.127       107.127    
 18  2.170      0.112524E-02   122.834      -254.101       105.899       105.899    
 19  2.180      0.100437E-02   122.834      -255.330       104.670       104.670    
 20  2.190      0.997400E-03   122.834      -256.558       103.442       103.442    
 21  2.200      0.111691E-02   122.834      -257.786       102.214       102.214    
 22  2.210      0.114465E-02   122.834      -259.015       100.985       100.985    
 23  2.220      0.110796E-02   122.834      -260.243       99.7570       99.7570    
 24  2.230      0.102718E-02   122.834      -261.471       98.5286       98.5286    
 25  2.240      0.101550E-02   122.834      -262.700       97.3003       97.3003    
 26  2.250      0.115287E-02   122.834      -263.928       96.0719       96.0719    
 27  2.260      0.113652E-02   122.834      -265.156       94.8436       94.8436    
 28  2.270      0.111435E-02   122.834      -266.385       93.6153       93.6153    
 29  2.280      0.101989E-02   122.834      -267.613       92.3870       92.3870    
 30  2.290      0.115909E-02   122.834      -268.841       91.1586       91.1586    
 31  2.300      0.115928E-02   122.834      -270.070       89.9303       89.9303    
 32  2.310      0.102450E-02   122.834      -271.298       88.7019       88.7019    
 33  2.320      0.101328E-02   122.834      -272.526       87.4736       87.4736    
 34  2.330      0.101733E-02   122.834      -273.755       86.2453       86.2453    
 35  2.340      0.103470E-02   122.834      -274.983       85.0169       85.0169    
 36  2.350      0.113503E-02   122.834      -276.211       83.7886       83.7886    
 37  2.360      0.101822E-02   122.834      -277.440       82.5603       82.5603    
 38  2.370      0.111189E-02   122.834      -278.668       81.3320       81.3320    
 39  2.380      0.101331E-02   122.834      -279.896       80.1036       80.1036    
 40  2.390      0.104432E-02   122.834      -281.125       78.8753       78.8753    
 41  2.400      0.104840E-02   122.834      -282.353       77.6469       77.6469    
 42  2.410      0.113833E-02   122.834      -283.581       76.4186       76.4186    
 43  2.420      0.116279E-02   122.834      -284.810       75.1903       75.1903    
 44  2.430      0.116440E-02   122.834      -286.038       73.9619       73.9619    
 45  2.440      0.116520E-02   122.834      -287.266       72.7336       72.7336    
 46  2.450      0.113418E-02   122.834      -288.495       71.5053       71.5053    
 47  2.460      0.982473E-03   122.834      -289.723       70.2770       70.2770    
 48  2.470      0.103094E-02   122.834      -290.951       69.0486       69.0486    
 49  2.480      0.119468E-02   122.834      -292.180       67.8203       67.8203    
 50  2.490      0.108337E-02   122.834      -293.408       66.5920       66.5920    
 51  2.500      0.118054E-02   122.834      -294.636       65.3636       65.3636    
 52  2.510      0.102903E-02   122.834      -295.865       64.1353       64.1353    
 53  2.520      0.977650E-03   122.834      -297.093       62.9069       62.9069    
 54  2.530      0.119943E-02   122.834      -298.321       61.6786       61.6786    
 55  2.540      0.951802E-03   122.834      -299.550       60.4503       60.4503    
 56  2.550      0.102854E-02   122.834      -300.778       59.2219       59.2219    
 57  2.560      0.100809E-02   122.834      -302.006       57.9936       57.9936    
 58  2.570      0.110974E-02   122.834      -303.235       56.7652       56.7652    
 59  2.580      0.111655E-02   122.834      -304.463       55.5369       55.5369    
 60  2.590      0.117212E-02   122.834      -305.691       54.3085       54.3085    
 61  2.600      0.957217E-03   122.834      -306.920       53.0802       53.0802    
 62  2.610      0.119353E-02   122.834      -308.148       51.8519       51.8519    
 63  2.620      0.105798E-02   122.834      -309.376       50.6236       50.6236    
 64  2.630      0.110133E-02   122.834      -310.605       49.3953       49.3953    
 65  2.640      0.103814E-02   122.834      -311.833       48.1669       48.1669    
 66  2.650      0.103245E-02   122.834      -313.061       46.9386       46.9386    
 67  2.660      0.107598E-02   122.834      -314.290       45.7102       45.7102    
 68  2.670      0.106906E-02   122.834      -315.518       44.4819       44.4819    
 69  2.680      0.985918E-03   122.834      -316.746       43.2536       43.2536    
 70  2.690      0.116026E-02   122.834      -317.975       42.0252       42.0252    
 71  2.700      0.988020E-03   122.834      -319.203       40.7969       40.7969    
 72  2.710      0.961029E-03   122.834      -320.431       39.5686       39.5686    
 73  2.720      0.109035E-02   122.834      -321.660       38.3402       38.3402    
 74  2.730      0.100005E-02   122.834      -322.888       37.1119       37.1119    
 75  2.740      0.985315E-03   122.834      -324.116       35.8836       35.8836    
 76  2.750      0.104168E-02   122.834      -325.345       34.6552       34.6552    
 77  2.760      0.945303E-03   122.834      -326.573       33.4269       33.4269    
 78  2.770      0.126433E-02   122.834      -327.801       32.1986       32.1986    
 79  2.780      0.121834E-02   122.834      -329.030       30.9702       30.9702    
 80  2.790      0.999176E-03   122.834      -330.258       29.7419       29.7419    
 81  2.800      0.121654E-02   122.834      -331.486       28.5135       28.5135    
 82  2.810      0.123651E-02   122.834      -332.715       27.2852       27.2852    
 83  2.820      0.115928E-02   122.834      -333.943       26.0569       26.0569    
 84  2.830      0.116653E-02   122.834      -335.171       24.8286       24.8286    
 85  2.840      0.119062E-02   122.834      -336.400       23.6003       23.6003    
 86  2.850      0.891894E-03   122.834      -337.628       22.3719       22.3719    
 87  2.860      0.111773E-02   122.834      -338.856       21.1436       21.1436    
 88  2.870      0.111230E-02   122.834      -340.085       19.9152       19.9152    
 89  2.880      0.119352E-02   122.834      -341.313       18.6869       18.6869    
 90  2.890      0.126526E-02   122.834      -342.541       17.4586       17.4586    
 91  2.900      0.105487E-02   122.834      -343.770       16.2303       16.2303    
 92  2.910      0.109411E-02   122.834      -344.998       15.0020       15.0020    
 93  2.920      0.991924E-03   122.834      -346.226       13.7736       13.7736    
 94  2.930      0.120990E-02   122.834      -347.455       12.5453       12.5453    
 95  2.940      0.104886E-02   122.834      -348.683       11.3169       11.3169    
 96  2.950      0.905627E-03   122.834      -349.911       10.0886       10.0886    
 97  2.960      0.119570E-02   122.834      -351.140       8.86025       8.86025    
 98  2.970      0.112958E-02   122.834      -352.368       7.63191       7.63191    
 99  2.980      0.104220E-02   122.834      -353.596       6.40357       6.40357    
100  2.990      0.132613E-02   122.834      -354.825       5.17525       5.17525    
101  3.000      0.836880E-03   122.834      -356.053       3.94694       3.94694    
102  3.010      0.109783E-02   122.834      -357.281       2.71862       2.71862    
103  3.020      0.112760E-02   122.834      -358.510       1.49028       1.49028    
104  3.030      0.122688E-02   122.834      -359.738      0.261941      0.261941    
105  3.040      0.826214E-03   122.834      -360.966     -0.966400     -0.966400    
106  3.050      0.106857E-02   122.834      -362.195      -2.19474      -2.19474    
107  3.060      0.114387E-02   122.834      -363.423      -3.42308      -3.42308    
108  3.070      0.111065E-02   122.834      -364.651      -4.65142      -4.65142    
109  3.080      0.120987E-02   122.834      -365.880      -5.87977      -5.87977    
110  3.090      0.102271E-02   122.834      -367.108      -7.10808      -7.10808    
111  3.100      0.104560E-02   122.834      -368.336      -8.33639      -8.33639    
112  3.110      0.987214E-03   122.834      -369.565      -9.56471      -9.56471    
113  3.120      0.126341E-02   122.834      -370.793      -10.7930      -10.7930    
114  3.130      0.100776E-02   122.834      -372.021      -12.0214      -12.0214    
115  3.140      0.969549E-03   122.834      -373.250      -13.2497      -13.2497    
116  3.150      0.843329E-03   122.834      -374.478      -14.4781      -14.4781    
117  3.160      0.939228E-03   122.834      -375.706      -15.7064      -15.7064    
118  3.170      0.992761E-03   122.834      -376.935      -16.9348      -16.9348    
119  3.180      0.110946E-02   122.834      -378.163      -18.1631      -18.1631    
120  3.190      0.119092E-02   122.834      -379.391      -19.3914      -19.3914    
121  3.200      0.109788E-02   122.834      -380.620      -20.6197      -20.6197    
122  3.210      0.116893E-02   122.834      -381.848      -21.8480      -21.8480    
123  3.220      0.110942E-02   122.834      -383.076      -23.0764      -23.0764    
124  3.230      0.108320E-02   122.834      -384.305      -24.3047      -24.3047    
125  3.240      0.122123E-02   122.834      -385.533      -25.5331      -25.5331    
126  3.250      0.100726E-02   122.834      -386.761      -26.7614      -26.7614    
127  3.260      0.112408E-02   122.834      -387.990      -27.9897      -27.9897    
128  3.270      0.865391E-03   122.834      -389.218      -29.2181      -29.2181    
129  3.280      0.114082E-02   122.834      -390.446      -30.4464      -30.4464    
130  3.290      0.121059E-02   122.834      -391.675      -31.6748      -31.6748    
131  3.300      0.111724E-02   122.834      -392.903      -32.9031      -32.9031    
132  3.310      0.115626E-02   122.834      -394.131      -34.1314      -34.1314    
133  3.320      0.103430E-02   122.834      -395.360      -35.3597      -35.3597    
134  3.330      0.102832E-02   122.834      -396.588      -36.5880      -36.5880    
135  3.340      0.104989E-02   122.834      -397.816      -37.8163      -37.8163    
136  3.350      0.979426E-03   122.834      -399.045      -39.0447      -39.0447    
137  3.360      0.113481E-02   122.834      -400.273      -40.2730      -40.2730    
138  3.370      0.113941E-02   122.834      -401.501      -41.5013      -41.5013    
139  3.380      0.116482E-02   122.834      -402.730      -42.7296      -42.7296    
140  3.390      0.112810E-02   122.834      -403.958      -43.9580      -43.9580    
141  3.400      0.107885E-02   122.834      -405.186      -45.1863      -45.1863    
142  3.410      0.975399E-03   122.834      -406.415      -46.4146      -46.4146    
143  3.420      0.107781E-02   122.834      -407.643      -47.6429      -47.6429    
144  3.430      0.127510E-02   122.834      -408.871      -48.8712      -48.8712    
145  3.440      0.103061E-02   122.834      -410.100      -50.0995      -50.0995    
146  3.450      0.113766E-02   122.834      -411.328      -51.3278      -51.3278    
147  3.460      0.118254E-02   122.834      -412.556      -52.5561      -52.5561    
148  3.470      0.117428E-02   122.834      -413.784      -53.7844      -53.7844    
149  3.480      0.101154E-02   122.834      -415.013      -55.0127      -55.0127    
150  3.490      0.101880E-02   122.834      -416.241      -56.2410      -56.2410    
151  3.500      0.109872E-02   122.834      -417.469      -57.4693      -57.4693    
152  3.510      0.108614E-02   122.834      -418.698      -58.6976      -58.6976    
153  3.520      0.102855E-02   122.834      -419.926      -59.9260      -59.9260    
154  3.530      0.127568E-02   122.834      -421.154      -61.1543      -61.1543    
155  3.540      0.117815E-02   122.834      -422.383      -62.3826      -62.3826    
156  3.550      0.111691E-02   122.834      -423.611      -63.6109      -63.6109    
157  3.560      0.113666E-02   122.834      -424.839      -64.8392      -64.8392    
158  3.570      0.116126E-02   122.834      -426.068      -66.0676      -66.0676    
159  3.580      0.111183E-02   122.834      -427.296      -67.2959      -67.2959    
160  3.590      0.108009E-02   122.834      -428.524      -68.5242      -68.5242    
161  3.600      0.105699E-02   122.834      -429.753      -69.7525      -69.7525    
162  3.610      0.117958E-02   122.834      -430.981      -70.9808      -70.9808    
163  3.620      0.971817E-03   122.834      -432.209      -72.2092      -72.2092    
164  3.630      0.111163E-02   122.834      -433.438      -73.4375      -73.4375    
165  3.640      0.109250E-02   122.834      -434.666      -74.6658      -74.6658    
166  3.650      0.111320E-02   122.834      -435.894      -75.8941      -75.8941    
167  3.660      0.110245E-02   122.834      -437.122      -77.1224      -77.1224    
168  3.670      0.101104E-02   122.834      -438.351      -78.3508      -78.3508    
169  3.680      0.100869E-02   122.834      -439.579      -79.5791      -79.5791    
170  3.690      0.112011E-02   122.834      -440.807      -80.8074      -80.8074    
171  3.700      0.101716E-02   122.834      -442.036      -82.0357      -82.0357    
172  3.710      0.101173E-02   122.834      -443.264      -83.2640      -83.2640    
173  3.720      0.111674E-02   122.834      -444.492      -84.4923      -84.4923    
174  3.730      0.104686E-02   122.834      -445.721      -85.7207      -85.7207    
175  3.740      0.115405E-02   122.834      -446.949      -86.9490      -86.9490    
176  3.750      0.103965E-02   122.834      -448.177      -88.1773      -88.1773    
177  3.760      0.103494E-02   122.834      -449.406      -89.4056      -89.4056    
178  3.770      0.107695E-02   122.834      -450.634      -90.6340      -90.6340    
179  3.780      0.115965E-02   122.834      -451.862      -91.8623      -91.8623    
180  3.790      0.994389E-03   122.834      -453.091      -93.0906      -93.0906    
181  3.800      0.110491E-02   122.834      -454.319      -94.3189      -94.3189    
182  3.810      0.104845E-02   122.834      -455.547      -95.5472      -95.5472    
183  3.820      0.115666E-02   122.834      -456.776      -96.7755      -96.7755    
184  3.830      0.114070E-02   122.834      -458.004      -98.0038      -98.0038    
185  3.840      0.114029E-02   122.834      -459.232      -99.2321      -99.2321    
186  3.850      0.115566E-02   122.834      -460.460      -100.460      -100.460    
187  3.860      0.101043E-02   122.834      -461.689      -101.689      -101.689    
188  3.870      0.114501E-02   122.834      -462.917      -102.917      -102.917    
189  3.880      0.993336E-03   122.834      -464.145      -104.145      -104.145    
190  3.890      0.994909E-03   122.834      -465.374      -105.374      -105.374    
191  3.900      0.101028E-02   122.834      -466.602      -106.602      -106.602    
192  3.910      0.113536E-02   122.834      -467.830      -107.830      -107.830    
193  3.920      0.101339E-02   122.834      -469.059      -109.059      -109.059    
194  3.930      0.995437E-03   122.834      -470.287      -110.287      -110.287    
195  3.940      0.115230E-02   122.834      -471.515      -111.515      -111.515    
196  3.950      0.109604E-02   122.834      -472.744      -112.744      -112.744    
197  3.960      0.104739E-02   122.834      -473.972      -113.972      -113.972    
198  3.970      0.104719E-02   122.834      -475.200      -115.200      -115.200    
199  3.980      0.104912E-02   122.834      -476.429      -116.429      -116.429    
200  3.990      0.100562E-02   122.834      -477.657      -117.657      -117.657    
201  4.000      0.111905E-02   122.834      -478.885      -118.885      -118.885    
