 ..........................................................................................

 Mowe_temp                                                                       
 Op.Point:  1                                                  altitude :     0.000 Kft    

 Velocity:  20.00     1.0000   Heading:  0.000     deg      earth X:  0.000     1.0000 
 Beta    :  0.000     deg      Elev.  :  0.000     deg      earth Y:  0.000     1.0000 
 Alpha   :  8.000     deg      Bank   :  0.000     deg      earth Z:  0.000     1.0000 

 sum Mx  : 0.6821E-05 1.0000     Wx   :  0.000     deg/1.0   Wdotx :  0.000     deg/1.0
 sum My  : 0.1016E-01 1.0000     Wy   :  0.000     deg/1.0   Wdoty :  0.000     deg/1.0
 sum Mz  : 0.8373E-06 1.0000     Wz   :  0.000     deg/1.0   Wdotz :  0.000     deg/1.0

 sum Fx  : -10.17     1.0000     Ux   : -19.81     1.0000    Udotx :  0.000     1.0000 
 sum Fy  : 0.9034E-07 1.0000     Uy   :  0.000     1.0000    Udoty :  0.000     1.0000 
 sum Fz  :  90.73     1.0000     Uz   : -2.783     1.0000    Udotz :  0.000     1.0000 

  Flap 1 :  0.000              Flap 2 :  0.000              Flap 3 :  0.000            

 Lift    :  91.26     1.0000   Density:  1.226     1.0000  Ref.Area: 0.5710     1.0000 
 Weight  :  0.000     1.0000   Dyn.Pr.:  245.1     1.0000  Ref.Span:  2.055     1.0000 
 Load Fac:  1.000              VIAS   :  20.00     1.0000  Ref.Chrd: 0.2779     1.0000 
 Mach    : 0.5879E-01          VTAS   :  20.00     1.0000  MachPG  :  0.000            

 avg CL  :  0.6520             avg CD :   0.01827              L/D :   35.70
 Span Eff:  0.9965             avg CDi:   0.01851           avg Cm :  0.0003
 ..........................................................................................
 .............................................................

  Surface  Beam  1:  Foward Wing                                                     
                                        1       0       1                        
      t      y      z-z0   tw-tw0 Mc'/10  Ms'/10   Fn/10     cl   f_aero  a_flap 
  ------- ------- ------- ------- ------- ------- ------- ------- ------- ------ 
  -1.0277 -1.0259  0.0000 -0.0000  0.0000  0.0000  0.0000  0.4357  0.9203 0.0000 
  -1.0270 -1.0251  0.0000 -0.0000  0.0000  0.0000 -0.0001  1.0690  3.3515 0.0000 
  -1.0197 -1.0192  0.0000 -0.0000  0.0000  0.0003 -0.0032  0.7195  8.2218 0.0000 
  -1.0041 -1.0039  0.0000 -0.0000  0.0002  0.0026 -0.0174  0.6582 13.1323 0.0000 
  -0.9813 -0.9812  0.0000 -0.0000  0.0009  0.0103 -0.0487  0.6452 17.8241 0.0000 
  -0.9520 -0.9520  0.0000 -0.0000  0.0030  0.0275 -0.1020  0.6428 22.3051 0.0000 
  -0.9170 -0.9169  0.0000 -0.0000  0.0079  0.0589 -0.1811  0.6435 26.5468 0.0000 
  -0.8768 -0.8768  0.0000 -0.0000  0.0172  0.1091 -0.2883  0.6451 30.5224 0.0000 
  -0.8322 -0.8322  0.0000 -0.0000  0.0329  0.1818 -0.4245  0.6469 34.2104 0.0000 
  -0.7840 -0.7840  0.0000 -0.0000  0.0571  0.2801 -0.5893  0.6487 37.5962 0.0000 
  -0.7330 -0.7329  0.0000 -0.0000  0.0918  0.4057 -0.7811  0.6502 40.6718 0.0000 
  -0.6797 -0.6797  0.0000 -0.0000  0.1387  0.5589 -0.9971  0.6516 43.4358 0.0000 
  -0.6249 -0.6249  0.0000 -0.0000  0.1993  0.7388 -1.2340  0.6528 45.8926 0.0000 
  -0.5694 -0.5694  0.0000  0.0000  0.2743  0.9435 -1.4879  0.6538 48.0518 0.0000 
  -0.5136 -0.5136  0.0000 -0.0000  0.3641  1.1700 -1.7548  0.6546 49.9273 0.0000 
  -0.4580 -0.4580  0.0000 -0.0000  0.4686  1.4152 -2.0308  0.6554 51.5360 0.0000 
  -0.4031 -0.4031  0.0000  0.0000  0.5870  1.6758 -2.3124  0.6560 52.8972 0.0000 
  -0.3491 -0.3491  0.0000 -0.0000  0.7186  1.9482 -2.5965  0.6566 54.0310 0.0000 
  -0.2962 -0.2962  0.0000 -0.0000  0.8624  2.2299 -2.8807  0.6570 54.9578 0.0000 
  -0.2444 -0.2444  0.0000 -0.0000  1.0176  2.5185 -3.1632  0.6574 55.6966 0.0000 
  -0.1939 -0.1939  0.0000 -0.0000  1.1834  2.8125 -3.4431  0.6577 56.2649 0.0000 
  -0.1444 -0.1444 -0.0000  0.0000  1.3594  3.1112 -3.7199  0.6579 56.6774 0.0000 
  -0.0958 -0.0958 -0.0000 -0.0000  1.5457  3.4147 -3.9939  0.6580 56.9458 0.0000 
  -0.0477 -0.0477 -0.0000  0.0000  1.7426  3.7236 -4.2658  0.6581 57.0779 0.0000 
  -0.0000  0.0000  0.0000  0.0000  1.9510  4.0396 -4.5365  0.6577 57.0780 0.0000 
  -0.0000  0.0000  0.0000 -0.0000  1.9510 -4.0396  4.5365  0.6581 57.0779 0.0000 
   0.0477  0.0477  0.0000  0.0000  1.7426 -3.7236  4.2658  0.6580 56.9458 0.0000 
   0.0958  0.0958  0.0000 -0.0000  1.5457 -3.4147  3.9939  0.6579 56.6774 0.0000 
   0.1444  0.1444  0.0000 -0.0000  1.3594 -3.1112  3.7199  0.6577 56.2649 0.0000 
   0.1939  0.1939  0.0000 -0.0000  1.1834 -2.8125  3.4431  0.6574 55.6966 0.0000 
   0.2444  0.2444  0.0000  0.0000  1.0176 -2.5186  3.1632  0.6570 54.9578 0.0000 
   0.2962  0.2962  0.0000  0.0000  0.8624 -2.2299  2.8807  0.6566 54.0310 0.0000 
   0.3491  0.3491  0.0000  0.0000  0.7186 -1.9482  2.5965  0.6560 52.8972 0.0000 
   0.4031  0.4031  0.0000  0.0000  0.5870 -1.6758  2.3124  0.6554 51.5360 0.0000 
   0.4580  0.4580  0.0000  0.0000  0.4686 -1.4152  2.0308  0.6546 49.9273 0.0000 
   0.5136  0.5136  0.0000  0.0000  0.3641 -1.1700  1.7548  0.6538 48.0518 0.0000 
   0.5694  0.5694  0.0000  0.0000  0.2743 -0.9435  1.4879  0.6528 45.8926 0.0000 
   0.6249  0.6249  0.0000  0.0000  0.1993 -0.7388  1.2340  0.6516 43.4358 0.0000 
   0.6797  0.6797  0.0000  0.0000  0.1387 -0.5589  0.9971  0.6502 40.6718 0.0000 
   0.7330  0.7329  0.0000  0.0000  0.0918 -0.4057  0.7811  0.6487 37.5962 0.0000 
   0.7840  0.7840  0.0000  0.0000  0.0571 -0.2801  0.5893  0.6469 34.2104 0.0000 
   0.8322  0.8322  0.0000  0.0000  0.0329 -0.1818  0.4245  0.6451 30.5224 0.0000 
   0.8768  0.8768  0.0000  0.0000  0.0172 -0.1091  0.2883  0.6435 26.5468 0.0000 
   0.9170  0.9169  0.0000  0.0000  0.0079 -0.0589  0.1811  0.6428 22.3051 0.0000 
   0.9520  0.9520  0.0000  0.0000  0.0030 -0.0275  0.1020  0.6451 17.8240 0.0000 
   0.9813  0.9812  0.0000  0.0000  0.0009 -0.0103  0.0487  0.6582 13.1323 0.0000 
   1.0041  1.0039  0.0000  0.0000  0.0002 -0.0026  0.0174  0.7195  8.2218 0.0000 
   1.0197  1.0192  0.0000  0.0000  0.0000 -0.0003  0.0032  1.0690  3.3515 0.0000 
   1.0270  1.0251  0.0000  0.0000  0.0000 -0.0000  0.0001  0.4357  0.9203 0.0000 
   1.0277  1.0259  0.0000  0.0000  0.0000  0.0000  0.0000  0.0000  0.0000 0.0000 
