# Joined wing-2                                                                   
# Operating point sequence...
# i     t     alpha_ref     CD            CY            CL            Cl            Cm            Cn            span eff.    
  1  1.000      -7.66972      0.690676E-02  0.399921E-08 -0.860273E-01 -0.862622E-08  0.295782     -0.118933E-08  0.596164    
  2  2.000      -7.05551      0.657322E-02 -0.968033E-09 -0.249198E-01 -0.243768E-08  0.278424     -0.277965E-08  0.916597E-01
  3  3.000      -5.04772      0.748272E-02  0.644075E-08  0.174944      0.668385E-08  0.219477     -0.130643E-08  0.828933    
  4  4.000      -2.42572      0.132829E-01 -0.811307E-08  0.435458      0.319064E-07  0.137798      0.305068E-08  0.995974    
  5  5.000      0.146257      0.239770E-01 -0.141929E-07  0.689339      0.598366E-07  0.531147E-01  0.758789E-08   1.02456    
  6  6.000       2.30541      0.366402E-01 -0.341918E-08  0.900066      0.581866E-07 -0.212930E-01  0.979815E-08   1.03389    
  7  7.000       4.14884      0.492566E-01 -0.222840E-07   1.06862      0.692138E-07 -0.976956E-01  0.101234E-07   1.03860    
  8  8.000       5.19865      0.560018E-01 -0.343319E-07   1.14489      0.412451E-07 -0.163593      0.178277E-07   1.04072    
  9  9.000       6.21801      0.625010E-01 -0.307670E-07   1.20482      0.109219E-06 -0.239771      0.103141E-07   1.04242    
 10  10.00       7.24953      0.695297E-01 -0.511194E-07   1.25477      0.851864E-07 -0.315571      0.146147E-07   1.04386    
 11  11.00       8.26757      0.772684E-01 -0.525697E-07   1.29534      0.111315E-06 -0.381155      0.108012E-07   1.04434    
 12  12.00       9.18292      0.850418E-01 -0.336699E-07   1.32477      0.712826E-07 -0.428038      0.632604E-08   1.04344    
 13  13.00       10.1766      0.945108E-01 -0.267096E-07   1.35003      0.442436E-07 -0.465899      0.652543E-08   1.04107    
 14  14.00       12.1288      0.117019     -0.316684E-07   1.38550      0.572844E-07 -0.512968      0.125684E-07   1.03392    
