# Mowe_temp                                                                       
# Operating point sequence...
# i     t     alpha_ref     Lift          CL            Fn  for[ 1]   Mc` mom[ 1]   Phi[ 2]      
  1  0.000       5.00000       39.8485      0.286160      -14.9383       4.93479      -3.12621    
  2 0.1000E-01   5.00000       39.8485      0.286160      -14.9383       4.93479      -3.12621    
  3 0.2000E-01   5.00000       39.8486      0.286160      -14.9383       4.93479      -3.12621    
  4 0.3000E-01   5.00000       39.8485      0.286160      -14.9383       4.93479      -3.12621    
  5 0.4000E-01   5.00000       39.8485      0.286160      -14.9383       4.93478      -3.12621    
  6 0.5000E-01   5.00000       39.8485      0.286160      -14.9383       4.93480      -3.12620    
  7 0.6000E-01   5.00000       39.8485      0.286160      -14.9383       4.93479      -3.12621    
  8 0.7000E-01   5.00000       39.8486      0.286160      -14.9383       4.93479      -3.12621    
  9 0.8000E-01   5.00000       39.8485      0.286160      -14.9383       4.93479      -3.12621    
 10 0.9000E-01   5.00000       39.8486      0.286160      -14.9383       4.93480      -3.12621    
 11 0.1000       5.00000       39.8486      0.286160      -14.9383       4.93479      -3.12621    
 12 0.1100       5.00000       39.8486      0.286160      -14.9383       4.93480      -3.12621    
 13 0.1200       5.00000       39.8486      0.286160      -14.9383       4.93480      -3.12621    
 14 0.1300       5.00000       39.8487      0.286160      -14.9383       4.93481      -3.12621    
 15 0.1400       5.00000       39.8487      0.286160      -14.9383       4.93480      -3.12620    
 16 0.1500       5.00000       39.8487      0.286160      -14.9384       4.93483      -3.12620    
 17 0.1600       5.00000       39.8488      0.286160      -14.9384       4.93481      -3.12620    
 18 0.1700       5.00000       39.8488      0.286160      -14.9384       4.93483      -3.12620    
 19 0.1800       5.00000       39.8489      0.286160      -14.9384       4.93483      -3.12620    
 20 0.1900       5.00000       39.8489      0.286160      -14.9384       4.93484      -3.12620    
 21 0.2000       5.00000       39.8490      0.286160      -14.9385       4.93484      -3.12619    
 22 0.2100       5.00000       39.8490      0.286160      -14.9385       4.93485      -3.12619    
 23 0.2200       5.00000       39.8491      0.286160      -14.9385       4.93486      -3.12619    
 24 0.2300       5.00000       39.8491      0.286160      -14.9385       4.93486      -3.12619    
 25 0.2400       5.00000       39.8492      0.286160      -14.9385       4.93487      -3.12618    
 26 0.2500       5.00000       39.8493      0.286160      -14.9386       4.93487      -3.12618    
 27 0.2600       5.00000       39.8493      0.286160      -14.9386       4.93490      -3.12617    
 28 0.2700       5.00000       39.8494      0.286160      -14.9386       4.93490      -3.12617    
 29 0.2800       5.00000       39.8495      0.286160      -14.9386       4.93490      -3.12617    
 30 0.2900       5.00000       39.8495      0.286160      -14.9387       4.93492      -3.12616    
 31 0.3000       5.00000       39.8496      0.286160      -14.9387       4.93492      -3.12615    
 32 0.3100       5.00000       39.8497      0.286160      -14.9387       4.93493      -3.12615    
 33 0.3200       4.99999       39.8497      0.286160      -14.9388       4.93494      -3.12614    
 34 0.3300       4.99999       39.8498      0.286160      -14.9388       4.93496      -3.12614    
 35 0.3400       4.99999       39.8499      0.286159      -14.9388       4.93496      -3.12613    
 36 0.3500       4.99999       39.8500      0.286159      -14.9389       4.93498      -3.12612    
 37 0.3600       4.99999       39.8501      0.286159      -14.9389       4.93499      -3.12611    
 38 0.3700       4.99999       39.8501      0.286159      -14.9389       4.93500      -3.12610    
 39 0.3800       4.99999       39.8502      0.286159      -14.9390       4.93501      -3.12609    
 40 0.3900       4.99999       39.8503      0.286159      -14.9390       4.93503      -3.12608    
 41 0.4000       4.99999       39.8505      0.286159      -14.9391       4.93504      -3.12607    
 42 0.4100       4.99999       39.8506      0.286159      -14.9391       4.93505      -3.12606    
 43 0.4200       4.99999       39.8507      0.286159      -14.9391       4.93507      -3.12604    
 44 0.4300       4.99999       39.8508      0.286159      -14.9392       4.93508      -3.12603    
 45 0.4400       4.99999       39.8509      0.286159      -14.9392       4.93510      -3.12601    
 46 0.4500       4.99999       39.8510      0.286159      -14.9393       4.93511      -3.12600    
 47 0.4600       4.99999       39.8512      0.286159      -14.9393       4.93513      -3.12599    
 48 0.4700       4.99999       39.8513      0.286159      -14.9394       4.93515      -3.12597    
 49 0.4800       4.99999       39.8514      0.286159      -14.9394       4.93516      -3.12596    
 50 0.4900       4.99999       39.8515      0.286159      -14.9395       4.93518      -3.12594    
 51 0.5000       4.99999       39.8516      0.286159      -14.9395       4.93519      -3.12593    
 52 0.5100       5.00213       39.8539      0.286173      -14.9406       4.93534      -3.12591    
 53 0.5200       5.01069       39.8750      0.286324      -14.9510       4.93769      -3.12589    
 54 0.5300       5.02573       39.9361      0.286762      -14.9801       4.94627      -3.12569    
 55 0.5400       5.04716       40.0432      0.287530      -15.0302       4.96211      -3.12488    
 56 0.5500       5.07485       40.1958      0.288625      -15.1012       4.98506      -3.12265    
 57 0.5600       5.10862       40.3932      0.290041      -15.1930       5.01498      -3.11791    
 58 0.5700       5.14827       40.6340      0.291769      -15.3053       5.05159      -3.10934    
 59 0.5800       5.19355       40.9166      0.293797      -15.4371       5.09460      -3.09540    
 60 0.5900       5.24418       41.2387      0.296109      -15.5877       5.14366      -3.07447    
 61 0.6000       5.29986       41.5978      0.298687      -15.7558       5.19833      -3.04481    
 62 0.6100       5.36023       41.9910      0.301509      -15.9403       5.25819      -3.00469    
 63 0.6200       5.42492       42.4152      0.304554      -16.1398       5.32272      -2.95241    
 64 0.6300       5.49354       42.8671      0.307797      -16.3528       5.39143      -2.88636    
 65 0.6400       5.56567       43.3431      0.311214      -16.5778       5.46375      -2.80502    
 66 0.6500       5.64086       43.8396      0.314778      -16.8131       5.53912      -2.70708    
 67 0.6600       5.71864       44.3530      0.318463      -17.0571       5.61698      -2.59140    
 68 0.6700       5.79854       44.8794      0.322242      -17.3080       5.69675      -2.45706    
 69 0.6800       5.88007       45.4151      0.326087      -17.5642       5.77784      -2.30339    
 70 0.6900       5.96273       45.9562      0.329971      -17.8239       5.85968      -2.12998    
 71 0.7000       6.04601       46.4991      0.333868      -18.0853       5.94169      -1.93669    
 72 0.7100       6.12940       47.0400      0.337750      -18.3467       6.02329      -1.72367    
 73 0.7200       6.21239       47.5752      0.341592      -18.6064       6.10394      -1.49131    
 74 0.7300       6.29448       48.1013      0.345367      -18.8626       6.18310      -1.24029    
 75 0.7400       6.37515       48.6147      0.349052      -19.1138       6.26025     -0.971570    
 76 0.7500       6.45393       49.1122      0.352622      -19.3583       6.33488     -0.686321    
 77 0.7600       6.53032       49.5906      0.356056      -19.5946       6.40651     -0.385961    
 78 0.7700       6.60387       50.0469      0.359330      -19.8212       6.47469     -0.721238E-01
 79 0.7800       6.67412       50.4782      0.362425      -20.0368       6.53900      0.253382    
 80 0.7900       6.74065       50.8820      0.365323      -20.2398       6.59904      0.588563    
 81 0.8000       6.80306       51.2557      0.368004      -20.4293       6.65445      0.931298    
 82 0.8100       6.86096       51.5972      0.370455      -20.6039       6.70491       1.27934    
 83 0.8200       6.91401       51.9045      0.372659      -20.7628       6.75011       1.63036    
 84 0.8300       6.96188       52.1758      0.374605      -20.9048       6.78980       1.98195    
 85 0.8400       7.00428       52.4096      0.376281      -21.0292       6.82377       2.33168    
 86 0.8500       7.04097       52.6045      0.377679      -21.1354       6.85185       2.67709    
 87 0.8600       7.07170       52.7596      0.378791      -21.2227       6.87387       3.01574    
 88 0.8700       7.09631       52.8741      0.379611      -21.2907       6.88976       3.34520    
 89 0.8800       7.11464       52.9475      0.380136      -21.3390       6.89946       3.66311    
 90 0.8900       7.12658       52.9794      0.380363      -21.3674       6.90295       3.96719    
 91 0.9000       7.13206       52.9700      0.380293      -21.3758       6.90025       4.25523    
 92 0.9100       7.13105       52.9194      0.379928      -21.3642       6.89140       4.52515    
 93 0.9200       7.12355       52.8281      0.379271      -21.3328       6.87655       4.77497    
 94 0.9300       7.10960       52.6969      0.378327      -21.2819       6.85579       5.00288    
 95 0.9400       7.08930       52.5267      0.377104      -21.2118       6.82930       5.20720    
 96 0.9500       7.06276       52.3188      0.375609      -21.1230       6.79727       5.38642    
 97 0.9600       7.03015       52.0745      0.373853      -21.0162       6.75996       5.53921    
 98 0.9700       6.99165       51.7955      0.371848      -20.8921       6.71761       5.66440    
 99 0.9800       6.94751       51.4837      0.369608      -20.7514       6.67052       5.76105    
100 0.9900       6.89799       51.1410      0.367145      -20.5951       6.61895       5.82837    
101  1.000       6.84340       50.7696      0.364477      -20.4243       6.56334       5.86578    
102  1.010       6.78405       50.3719      0.361620      -20.2398       6.50392       5.87291    
103  1.020       6.72031       49.9503      0.358591      -20.0429       6.44117       5.84958    
104  1.030       6.65258       49.5075      0.355410      -19.8348       6.37536       5.79582    
105  1.040       6.58125       49.0463      0.352097      -19.6168       6.30702       5.71185    
106  1.050       6.50677       48.5693      0.348671      -19.3902       6.23648       5.59809    
107  1.060       6.42958       48.0797      0.345154      -19.1564       6.16416       5.45517    
108  1.070       6.35016       47.5803      0.341567      -18.9167       6.09051       5.28385    
109  1.080       6.26899       47.0743      0.337932      -18.6727       6.01597       5.08516    
110  1.090       6.18657       46.5646      0.334271      -18.4258       5.94097       4.86024    
111  1.100       6.10340       46.0544      0.330607      -18.1774       5.86592       4.61044    
112  1.110       6.01999       45.5467      0.326960      -17.9291       5.79131       4.33725    
113  1.120       5.93685       45.0446      0.323354      -17.6823       5.71751       4.04233    
114  1.130       5.85449       44.5512      0.319810      -17.4385       5.64499       3.72746    
115  1.140       5.77341       44.0694      0.316349      -17.1992       5.57415       3.39458    
116  1.150       5.69412       43.6020      0.312992      -16.9657       5.50542       3.04576    
117  1.160       5.61710       43.1520      0.309760      -16.7396       5.43917       2.68314    
118  1.170       5.54282       42.7219      0.306671      -16.5220       5.37582       2.30901    
119  1.180       5.47174       42.3144      0.303744      -16.3145       5.31572       1.92572    
120  1.190       5.40429       41.9319      0.300996      -16.1181       5.25922       1.53570    
121  1.200       5.34091       41.5766      0.298444      -15.9340       5.20667       1.14143    
122  1.210       5.28196       41.2507      0.296103      -15.7635       5.15836      0.745447    
123  1.220       5.22783       40.9562      0.293987      -15.6074       5.11460      0.350312    
124  1.230       5.17883       40.6946      0.292107      -15.4668       5.07564     -0.414113E-01
125  1.240       5.13528       40.4677      0.290477      -15.3425       5.04173     -0.427161    
126  1.250       5.09744       40.2766      0.289103      -15.2353       5.01306     -0.804406    
127  1.260       5.06555       40.1225      0.287995      -15.1457       4.98983      -1.17065    
128  1.270       5.03980       40.0063      0.287160      -15.0744       4.97215      -1.52347    
129  1.280       5.02035       39.9287      0.286601      -15.0219       4.96017      -1.86051    
130  1.290       5.00732       39.8900      0.286321      -14.9883       4.95395      -2.17954    
131  1.300       5.00080       39.8905      0.286323      -14.9740       4.95354      -2.47842    
132  1.310       4.99999       39.9297      0.286603      -14.9788       4.95894      -2.75517    
133  1.320       4.99999       39.9955      0.287073      -14.9968       4.96893      -3.00794    
134  1.330       4.99999       40.0652      0.287571      -15.0176       4.97952      -3.23515    
135  1.340       4.99999       40.1268      0.288012      -15.0365       4.98854      -3.43566    
136  1.350       4.99999       40.1795      0.288388      -15.0529       4.99589      -3.60891    
137  1.360       4.99999       40.2229      0.288698      -15.0665       5.00162      -3.75475    
138  1.370       4.99999       40.2565      0.288937      -15.0770       5.00573      -3.87360    
139  1.380       4.99999       40.2805      0.289108      -15.0845       5.00830      -3.96629    
140  1.390       4.99999       40.2953      0.289213      -15.0890       5.00941      -4.03397    
141  1.400       4.99999       40.3014      0.289254      -15.0906       5.00917      -4.07813    
142  1.410       4.99999       40.2994      0.289238      -15.0896       5.00773      -4.10054    
143  1.420       4.99999       40.2902      0.289170      -15.0863       5.00522      -4.10313    
144  1.430       4.99999       40.2746      0.289056      -15.0808       5.00179      -4.08801    
145  1.440       4.99999       40.2536      0.288904      -15.0736       4.99760      -4.05735    
146  1.450       4.99999       40.2281      0.288719      -15.0650       4.99280      -4.01338    
147  1.460       4.99999       40.1991      0.288509      -15.0552       4.98756      -3.95835    
148  1.470       4.99999       40.1674      0.288280      -15.0445       4.98199      -3.89442    
149  1.480       4.99999       40.1339      0.288037      -15.0333       4.97623      -3.82372    
150  1.490       4.99999       40.0993      0.287788      -15.0217       4.97041      -3.74825    
151  1.500       4.99999       40.0645      0.287536      -15.0101       4.96466      -3.66988    
152  1.510       4.99999       40.0300      0.287287      -14.9986       4.95903      -3.59034    
153  1.520       4.99999       39.9965      0.287045      -14.9874       4.95363      -3.51118    
154  1.530       4.99999       39.9645      0.286813      -14.9768       4.94854      -3.43378    
155  1.540       4.99999       39.9343      0.286595      -14.9667       4.94381      -3.35934    
156  1.550       4.99999       39.9064      0.286392      -14.9575       4.93949      -3.28887    
157  1.560       4.99999       39.8809      0.286208      -14.9490       4.93561      -3.22321    
158  1.570       4.99999       39.8581      0.286042      -14.9415       4.93219      -3.16300    
159  1.580       4.99999       39.8381      0.285897      -14.9349       4.92923      -3.10873    
160  1.590       4.99999       39.8209      0.285772      -14.9292       4.92677      -3.06073    
161  1.600       4.99999       39.8066      0.285668      -14.9245       4.92477      -3.01917    
162  1.610       4.99999       39.7952      0.285584      -14.9208       4.92322      -2.98410    
163  1.620       4.99999       39.7864      0.285519      -14.9179       4.92212      -2.95543    
164  1.630       4.99999       39.7803      0.285473      -14.9159       4.92142      -2.93300    
165  1.640       4.99999       39.7765      0.285445      -14.9147       4.92110      -2.91651    
166  1.650       4.99999       39.7750      0.285432      -14.9143       4.92111      -2.90562    
167  1.660       4.99999       39.7756      0.285434      -14.9145       4.92144      -2.89991    
168  1.670       4.99999       39.7779      0.285449      -14.9153       4.92204      -2.89893    
169  1.680       4.99999       39.7818      0.285475      -14.9166       4.92285      -2.90219    
170  1.690       4.99999       39.7871      0.285511      -14.9184       4.92388      -2.90916    
171  1.700       4.99999       39.7934      0.285555      -14.9205       4.92504      -2.91933    
172  1.710       4.99999       39.8006      0.285605      -14.9230       4.92632      -2.93216    
173  1.720       4.99999       39.8085      0.285660      -14.9256       4.92768      -2.94714    
174  1.730       4.99999       39.8169      0.285718      -14.9284       4.92909      -2.96378    
175  1.740       4.99999       39.8255      0.285778      -14.9312       4.93052      -2.98159    
176  1.750       4.99999       39.8342      0.285839      -14.9341       4.93194      -3.00015    
177  1.760       4.99999       39.8428      0.285899      -14.9370       4.93333      -3.01903    
178  1.770       4.99999       39.8512      0.285958      -14.9398       4.93466      -3.03787    
179  1.780       4.99999       39.8593      0.286014      -14.9424       4.93593      -3.05635    
180  1.790       4.99999       39.8669      0.286067      -14.9450       4.93710      -3.07416    
181  1.800       4.99999       39.8741      0.286116      -14.9473       4.93820      -3.09107    
182  1.810       4.99999       39.8806      0.286161      -14.9495       4.93917      -3.10689    
183  1.820       4.99999       39.8865      0.286202      -14.9514       4.94005      -3.12143    
184  1.830       4.99999       39.8918      0.286238      -14.9531       4.94079      -3.13460    
185  1.840       4.99999       39.8963      0.286269      -14.9546       4.94145      -3.14629    
186  1.850       4.99999       39.9002      0.286295      -14.9559       4.94197      -3.15648    
187  1.860       4.99999       39.9034      0.286316      -14.9569       4.94239      -3.16513    
188  1.870       4.99999       39.9059      0.286332      -14.9578       4.94272      -3.17226    
189  1.880       4.99999       39.9078      0.286344      -14.9584       4.94293      -3.17791    
190  1.890       4.99999       39.9092      0.286352      -14.9588       4.94306      -3.18215    
191  1.900       4.99999       39.9100      0.286356      -14.9591       4.94311      -3.18505    
192  1.910       4.99999       39.9103      0.286356      -14.9592       4.94309      -3.18670    
193  1.920       4.99999       39.9101      0.286353      -14.9591       4.94300      -3.18722    
194  1.930       4.99999       39.9096      0.286348      -14.9589       4.94285      -3.18671    
195  1.940       4.99999       39.9087      0.286340      -14.9586       4.94266      -3.18530    
196  1.950       4.99999       39.9076      0.286330      -14.9583       4.94243      -3.18312    
197  1.960       4.99999       39.9062      0.286318      -14.9578       4.94216      -3.18028    
198  1.970       4.99999       39.9047      0.286306      -14.9573       4.94189      -3.17691    
199  1.980       4.99999       39.9031      0.286292      -14.9568       4.94160      -3.17313    
200  1.990       4.99999       39.9014      0.286278      -14.9562       4.94130      -3.16906    
201  2.000       4.99999       39.8997      0.286264      -14.9556       4.94100      -3.16479    
