# Mowe_temp                                                                       
# Operating point sequence...
# i     t     alpha_ref     Lift          CL            Fn  for[ 1]   Mc` mom[ 1]   Phi[ 2]      
  1  0.000       10.0000       68.5528      0.492291      -29.0275       9.13146       16.5245    
  2 0.1000E-01   10.0000       68.5529      0.492291      -29.0275       9.13146       16.5245    
  3 0.2000E-01   10.0000       68.5528      0.492291      -29.0275       9.13148       16.5245    
  4 0.3000E-01   10.0000       68.5529      0.492291      -29.0275       9.13144       16.5245    
  5 0.4000E-01   10.0000       68.5528      0.492291      -29.0276       9.13151       16.5245    
  6 0.5000E-01   10.0000       68.5529      0.492291      -29.0274       9.13142       16.5245    
  7 0.6000E-01   10.0000       68.5528      0.492291      -29.0275       9.13145       16.5245    
  8 0.7000E-01   10.0000       68.5529      0.492291      -29.0275       9.13147       16.5245    
  9 0.8000E-01   9.99999       68.5528      0.492291      -29.0275       9.13146       16.5245    
 10 0.9000E-01   9.99999       68.5529      0.492291      -29.0275       9.13145       16.5245    
 11 0.1000       9.99999       68.5529      0.492291      -29.0276       9.13148       16.5245    
 12 0.1100       9.99999       68.5529      0.492291      -29.0275       9.13146       16.5245    
 13 0.1200       9.99999       68.5530      0.492291      -29.0276       9.13149       16.5245    
 14 0.1300       9.99999       68.5530      0.492291      -29.0276       9.13148       16.5246    
 15 0.1400       9.99999       68.5531      0.492291      -29.0277       9.13154       16.5245    
 16 0.1500       9.99999       68.5532      0.492291      -29.0275       9.13143       16.5245    
 17 0.1600       9.99999       68.5532      0.492291      -29.0278       9.13160       16.5245    
 18 0.1700       9.99999       68.5533      0.492291      -29.0276       9.13144       16.5245    
 19 0.1800       9.99999       68.5534      0.492291      -29.0278       9.13156       16.5246    
 20 0.1900       9.99999       68.5535      0.492291      -29.0278       9.13156       16.5245    
 21 0.2000       9.99999       68.5536      0.492291      -29.0278       9.13155       16.5245    
 22 0.2100       10.0000       68.5537      0.492291      -29.0279       9.13158       16.5246    
 23 0.2200       10.0000       68.5537      0.492291      -29.0279       9.13159       16.5246    
 24 0.2300       10.0000       68.5540      0.492292      -29.0280       9.13164       16.5246    
 25 0.2400       10.0000       68.5539      0.492291      -29.0279       9.13158       16.5246    
 26 0.2500       10.0000       68.5541      0.492291      -29.0281       9.13164       16.5246    
 27 0.2600       10.0000       68.5543      0.492291      -29.0281       9.13162       16.5246    
 28 0.2700       10.0000       68.5543      0.492291      -29.0282       9.13168       16.5246    
 29 0.2800       9.99999       68.5544      0.492291      -29.0282       9.13165       16.5246    
 30 0.2900       9.99999       68.5546      0.492291      -29.0283       9.13173       16.5246    
 31 0.3000       9.99999       68.5546      0.492291      -29.0282       9.13166       16.5246    
 32 0.3100       9.99999       68.5548      0.492291      -29.0284       9.13179       16.5246    
 33 0.3200       9.99999       68.5549      0.492291      -29.0283       9.13170       16.5246    
 34 0.3300       9.99999       68.5551      0.492291      -29.0285       9.13178       16.5246    
 35 0.3400       9.99999       68.5552      0.492291      -29.0286       9.13179       16.5246    
 36 0.3500       9.99999       68.5554      0.492291      -29.0286       9.13180       16.5246    
 37 0.3600       9.99999       68.5555      0.492291      -29.0287       9.13182       16.5246    
 38 0.3700       9.99999       68.5557      0.492291      -29.0288       9.13188       16.5246    
 39 0.3800       9.99999       68.5559      0.492291      -29.0288       9.13185       16.5246    
 40 0.3900       9.99999       68.5560      0.492290      -29.0289       9.13191       16.5246    
 41 0.4000       9.99999       68.5563      0.492291      -29.0290       9.13193       16.5246    
 42 0.4100       9.99999       68.5564      0.492290      -29.0290       9.13192       16.5247    
 43 0.4200       9.99999       68.5566      0.492290      -29.0292       9.13199       16.5247    
 44 0.4300       9.99999       68.5568      0.492290      -29.0292       9.13200       16.5247    
 45 0.4400       9.99999       68.5570      0.492290      -29.0294       9.13205       16.5247    
 46 0.4500       9.99999       68.5572      0.492290      -29.0294       9.13205       16.5247    
 47 0.4600       9.99999       68.5574      0.492290      -29.0295       9.13209       16.5247    
 48 0.4700       9.99999       68.5577      0.492290      -29.0296       9.13212       16.5248    
 49 0.4800       9.99999       68.5579      0.492290      -29.0296       9.13211       16.5248    
 50 0.4900       9.99999       68.5581      0.492290      -29.0298       9.13220       16.5248    
 51 0.5000       9.99999       68.5583      0.492290      -29.0299       9.13219       16.5248    
 52 0.5100       10.0002       68.5586      0.492290      -29.0300       9.13226       16.5248    
 53 0.5200       10.0048       68.5657      0.492339      -29.0335       9.13282       16.5248    
 54 0.5300       10.0157       68.6004      0.492587      -29.0503       9.13719       16.5249    
 55 0.5400       10.0328       68.6782      0.493144      -29.0865       9.14825       16.5253    
 56 0.5500       10.0561       68.8007      0.494021      -29.1430       9.16623       16.5265    
 57 0.5600       10.0853       68.9673      0.495216      -29.2195       9.19089       16.5295    
 58 0.5700       10.1204       69.1772      0.496722      -29.3159       9.22212       16.5354    
 59 0.5800       10.1610       69.4290      0.498528      -29.4314       9.25951       16.5456    
 60 0.5900       10.2070       69.7208      0.500621      -29.5654       9.30287       16.5617    
 61 0.6000       10.2581       70.0502      0.502985      -29.7167       9.35164       16.5851    
 62 0.6100       10.3139       70.4145      0.505599      -29.8843       9.40552       16.6176    
 63 0.6200       10.3741       70.8109      0.508444      -30.0668       9.46392       16.6608    
 64 0.6300       10.4384       71.2361      0.511495      -30.2628       9.52640       16.7164    
 65 0.6400       10.5063       71.6868      0.514729      -30.4710       9.59239       16.7858    
 66 0.6500       10.5775       72.1594      0.518121      -30.6895       9.66124       16.8704    
 67 0.6600       10.6515       72.6503      0.521644      -30.9170       9.73260       16.9715    
 68 0.6700       10.7279       73.1558      0.525272      -31.1517       9.80565       17.0901    
 69 0.6800       10.8062       73.6721      0.528977      -31.3920       9.88002       17.2270    
 70 0.6900       10.8860       74.1955      0.532732      -31.6360       9.95495       17.3828    
 71 0.7000       10.9667       74.7221      0.536512      -31.8823       10.0300       17.5578    
 72 0.7100       11.0479       75.2484      0.540288      -32.1290       10.1046       17.7522    
 73 0.7200       11.1291       75.7705      0.544035      -32.3744       10.1781       17.9659    
 74 0.7300       11.2098       76.2850      0.547727      -32.6171       10.2502       18.1983    
 75 0.7400       11.2895       76.7885      0.551339      -32.8551       10.3201       18.4488    
 76 0.7500       11.3678       77.2774      0.554847      -33.0873       10.3875       18.7167    
 77 0.7600       11.4442       77.7486      0.558228      -33.3119       10.4520       19.0005    
 78 0.7700       11.5182       78.1993      0.561461      -33.5276       10.5130       19.2991    
 79 0.7800       11.5893       78.6264      0.564525      -33.7330       10.5702       19.6108    
 80 0.7900       11.6573       79.0274      0.567401      -33.9269       10.6233       19.9340    
 81 0.8000       11.7216       79.3996      0.570071      -34.1079       10.6718       20.2666    
 82 0.8100       11.7820       79.7412      0.572521      -34.2753       10.7157       20.6067    
 83 0.8200       11.8379       80.0500      0.574735      -34.4278       10.7545       20.9520    
 84 0.8300       11.8892       80.3242      0.576702      -34.5646       10.7880       21.3003    
 85 0.8400       11.9355       80.5625      0.578410      -34.6851       10.8162       21.6491    
 86 0.8500       11.9765       80.7636      0.579850      -34.7884       10.8389       21.9962    
 87 0.8600       12.0120       80.9264      0.581016      -34.8742       10.8559       22.3392    
 88 0.8700       12.0418       81.0502      0.581902      -34.9420       10.8673       22.6755    
 89 0.8800       12.0657       81.1347      0.582506      -34.9914       10.8731       23.0028    
 90 0.8900       12.0836       81.1795      0.582824      -35.0223       10.8731       23.3189    
 91 0.9000       12.0953       81.1846      0.582859      -35.0348       10.8677       23.6215    
 92 0.9100       12.1008       81.1503      0.582609      -35.0285       10.8566       23.9083    
 93 0.9200       12.1001       81.0772      0.582081      -35.0041       10.8403       24.1776    
 94 0.9300       12.0932       80.9658      0.581279      -34.9614       10.8188       24.4272    
 95 0.9400       12.0801       80.8170      0.580207      -34.9010       10.7922       24.6556    
 96 0.9500       12.0609       80.6320      0.578876      -34.8232       10.7607       24.8611    
 97 0.9600       12.0357       80.4120      0.577294      -34.7288       10.7248       25.0424    
 98 0.9700       12.0046       80.1586      0.575471      -34.6181       10.6844       25.1982    
 99 0.9800       11.9678       79.8733      0.573420      -34.4920       10.6399       25.3277    
100 0.9900       11.9256       79.5578      0.571152      -34.3513       10.5917       25.4299    
101  1.000       11.8782       79.2142      0.568682      -34.1967       10.5399       25.5042    
102  1.010       11.8259       78.8445      0.566025      -34.0294       10.4849       25.5503    
103  1.020       11.7689       78.4508      0.563195      -33.8501       10.4271       25.5679    
104  1.030       11.7077       78.0354      0.560210      -33.6599       10.3666       25.5571    
105  1.040       11.6425       77.6009      0.557087      -33.4602       10.3041       25.5179    
106  1.050       11.5738       77.1495      0.553843      -33.2517       10.2395       25.4508    
107  1.060       11.5019       76.6839      0.550498      -33.0360       10.1736       25.3562    
108  1.070       11.4273       76.2070      0.547071      -32.8140       10.1065       25.2349    
109  1.080       11.3505       75.7210      0.543579      -32.5872       10.0386       25.0875    
110  1.090       11.2719       75.2294      0.540046      -32.3568       9.97035       24.9152    
111  1.100       11.1919       74.7342      0.536489      -32.1241       9.90200       24.7190    
112  1.110       11.1110       74.2389      0.532929      -31.8906       9.83411       24.5002    
113  1.120       11.0298       73.7459      0.529387      -31.6573       9.76687       24.2600    
114  1.130       10.9487       73.2584      0.525884      -31.4259       9.70080       24.0000    
115  1.140       10.8681       72.7790      0.522440      -31.1976       9.63619       23.7216    
116  1.150       10.7887       72.3105      0.519074      -30.9737       9.57342       23.4265    
117  1.160       10.7107       71.8559      0.515807      -30.7556       9.51289       23.1164    
118  1.170       10.6348       71.4177      0.512658      -30.5444       9.45491       22.7930    
119  1.180       10.5614       70.9985      0.509646      -30.3416       9.39984       22.4582    
120  1.190       10.4909       70.6009      0.506789      -30.1482       9.34799       22.1139    
121  1.200       10.4237       70.2273      0.504104      -29.9656       9.29976       21.7619    
122  1.210       10.3603       69.8800      0.501607      -29.7946       9.25528       21.4042    
123  1.220       10.3010       69.5611      0.499315      -29.6365       9.21498       21.0429    
124  1.230       10.2463       69.2726      0.497241      -29.4923       9.17910       20.6800    
125  1.240       10.1963       69.0161      0.495397      -29.3626       9.14774       20.3174    
126  1.250       10.1515       68.7936      0.493797      -29.2484       9.12124       19.9573    
127  1.260       10.1121       68.6063      0.492450      -29.1506       9.09980       19.6017    
128  1.270       10.0783       68.4554      0.491364      -29.0695       9.08343       19.2526    
129  1.280       10.0504       68.3420      0.490546      -29.0058       9.07237       18.9121    
130  1.290       10.0284       68.2668      0.490003      -28.9599       9.06670       18.5820    
131  1.300       10.0127       68.2302      0.489738      -28.9322       9.06643       18.2645    
132  1.310       10.0032       68.2328      0.489753      -28.9226       9.07153       17.9613    
133  1.320       9.99999       68.2744      0.490049      -28.9317       9.08220       17.6742    
134  1.330       9.99999       68.3513      0.490598      -28.9573       9.09787       17.4052    
135  1.340       9.99999       68.4442      0.491262      -28.9903       9.11619       17.1557    
136  1.350       9.99999       68.5340      0.491903      -29.0225       9.13328       16.9273    
137  1.360       9.99999       68.6159      0.492488      -29.0523       9.14850       16.7207    
138  1.370       9.99999       68.6892      0.493011      -29.0791       9.16187       16.5367    
139  1.380       9.99999       68.7532      0.493467      -29.1027       9.17330       16.3753    
140  1.390       9.99999       68.8079      0.493857      -29.1228       9.18286       16.2362    
141  1.400       9.99999       68.8530      0.494177      -29.1394       9.19055       16.1190    
142  1.410       9.99999       68.8889      0.494432      -29.1527       9.19658       16.0227    
143  1.420       9.99999       68.9159      0.494623      -29.1626       9.20081       15.9463    
144  1.430       9.99999       68.9347      0.494755      -29.1697       9.20367       15.8887    
145  1.440       9.99999       68.9459      0.494832      -29.1738       9.20504       15.8483    
146  1.450       9.99999       68.9502      0.494859      -29.1754       9.20519       15.8238    
147  1.460       9.99999       68.9483      0.494843      -29.1748       9.20427       15.8135    
148  1.470       9.99999       68.9411      0.494788      -29.1722       9.20237       15.8159    
149  1.480       9.99999       68.9293      0.494700      -29.1679       9.19964       15.8295    
150  1.490       9.99999       68.9136      0.494584      -29.1623       9.19631       15.8525    
151  1.500       9.99999       68.8948      0.494446      -29.1554       9.19241       15.8835    
152  1.510       9.99999       68.8735      0.494291      -29.1476       9.18810       15.9210    
153  1.520       9.99999       68.8504      0.494122      -29.1391       9.18349       15.9636    
154  1.530       9.99999       68.8261      0.493945      -29.1303       9.17877       16.0099    
155  1.540       9.99999       68.8012      0.493762      -29.1211       9.17389       16.0589    
156  1.550       9.99999       68.7760      0.493579      -29.1119       9.16908       16.1093    
157  1.560       9.99999       68.7512      0.493397      -29.1027       9.16433       16.1601    
158  1.570       9.99999       68.7269      0.493220      -29.0938       9.15972       16.2106    
159  1.580       9.99999       68.7036      0.493050      -29.0853       9.15535       16.2598    
160  1.590       9.99999       68.6815      0.492888      -29.0771       9.15119       16.3072    
161  1.600       9.99999       68.6609      0.492737      -29.0696       9.14740       16.3522    
162  1.610       9.99999       68.6418      0.492597      -29.0625       9.14383       16.3944    
163  1.620       9.99999       68.6245      0.492470      -29.0562       9.14068       16.4335    
164  1.630       9.99999       68.6089      0.492355      -29.0504       9.13786       16.4691    
165  1.640       9.99999       68.5952      0.492254      -29.0453       9.13535       16.5012    
166  1.650       9.99999       68.5834      0.492166      -29.0410       9.13324       16.5296    
167  1.660       9.99999       68.5734      0.492091      -29.0374       9.13150       16.5543    
168  1.670       9.99999       68.5651      0.492028      -29.0343       9.13002       16.5755    
169  1.680       9.99999       68.5585      0.491978      -29.0318       9.12887       16.5931    
170  1.690       9.99999       68.5536      0.491939      -29.0300       9.12807       16.6074    
171  1.700       9.99999       68.5501      0.491912      -29.0287       9.12751       16.6184    
172  1.710       9.99999       68.5480      0.491893      -29.0279       9.12716       16.6265    
173  1.720       9.99999       68.5471      0.491884      -29.0276       9.12712       16.6318    
174  1.730       9.99999       68.5474      0.491883      -29.0277       9.12722       16.6347    
175  1.740       9.99999       68.5487      0.491889      -29.0281       9.12750       16.6353    
176  1.750       9.99999       68.5508      0.491901      -29.0290       9.12798       16.6340    
177  1.760       9.99999       68.5536      0.491918      -29.0299       9.12850       16.6309    
178  1.770       9.99999       68.5570      0.491940      -29.0313       9.12923       16.6264    
179  1.780       9.99999       68.5609      0.491965      -29.0326       9.12992       16.6208    
180  1.790       9.99999       68.5652      0.491992      -29.0342       9.13077       16.6141    
181  1.800       9.99999       68.5696      0.492021      -29.0358       9.13159       16.6067    
182  1.810       9.99999       68.5743      0.492052      -29.0375       9.13246       16.5988    
183  1.820       9.99999       68.5790      0.492082      -29.0393       9.13334       16.5906    
184  1.830       9.99999       68.5838      0.492113      -29.0410       9.13418       16.5822    
185  1.840       9.99999       68.5885      0.492144      -29.0427       9.13504       16.5738    
186  1.850       9.99999       68.5929      0.492173      -29.0444       9.13585       16.5655    
187  1.860       9.99999       68.5973      0.492201      -29.0460       9.13664       16.5575    
188  1.870       9.99999       68.6014      0.492228      -29.0474       9.13732       16.5498    
189  1.880       9.99999       68.6053      0.492252      -29.0490       9.13805       16.5425    
190  1.890       9.99999       68.6088      0.492275      -29.0502       9.13865       16.5358    
191  1.900       9.99999       68.6122      0.492296      -29.0514       9.13919       16.5296    
192  1.910       9.99999       68.6152      0.492314      -29.0526       9.13973       16.5239    
193  1.920       9.99999       68.6178      0.492330      -29.0536       9.14017       16.5188    
194  1.930       9.99999       68.6202      0.492344      -29.0544       9.14056       16.5144    
195  1.940       9.99999       68.6223      0.492356      -29.0552       9.14087       16.5105    
196  1.950       9.99999       68.6241      0.492366      -29.0559       9.14119       16.5072    
197  1.960       9.99999       68.6256      0.492374      -29.0564       9.14139       16.5045    
198  1.970       9.99999       68.6268      0.492379      -29.0569       9.14161       16.5023    
199  1.980       9.99999       68.6278      0.492384      -29.0573       9.14172       16.5007    
200  1.990       9.99999       68.6286      0.492386      -29.0576       9.14185       16.4994    
201  2.000       9.99999       68.6292      0.492387      -29.0578       9.14190       16.4987    
202  2.010       9.99999       68.6297      0.492387      -29.0580       9.14197       16.4983    
203  2.020       9.99999       68.6299      0.492386      -29.0580       9.14189       16.4982    
204  2.030       9.99999       68.6301      0.492384      -29.0582       9.14197       16.4985    
205  2.040       9.99999       68.6301      0.492381      -29.0582       9.14192       16.4990    
206  2.050       9.99999       68.6300      0.492378      -29.0582       9.14186       16.4998    
207  2.060       9.99999       68.6299      0.492374      -29.0582       9.14180       16.5007    
208  2.070       9.99999       68.6298      0.492370      -29.0581       9.14173       16.5017    
209  2.080       9.99999       68.6296      0.492365      -29.0581       9.14169       16.5029    
210  2.090       9.99999       68.6294      0.492360      -29.0580       9.14160       16.5041    
211  2.100       9.99999       68.6292      0.492355      -29.0580       9.14156       16.5054    
212  2.110       9.99999       68.6290      0.492351      -29.0579       9.14145       16.5067    
213  2.120       9.99999       68.6288      0.492346      -29.0579       9.14143       16.5079    
214  2.130       9.99999       68.6286      0.492342      -29.0578       9.14135       16.5092    
215  2.140       9.99999       68.6284      0.492337      -29.0578       9.14130       16.5104    
216  2.150       9.99999       68.6284      0.492333      -29.0578       9.14126       16.5115    
217  2.160       9.99999       68.6283      0.492330      -29.0578       9.14125       16.5126    
218  2.170       9.99999       68.6283      0.492326      -29.0578       9.14118       16.5136    
219  2.180       9.99999       68.6284      0.492323      -29.0579       9.14121       16.5144    
220  2.190       9.99999       68.6286      0.492321      -29.0580       9.14121       16.5152    
221  2.200       9.99999       68.6288      0.492319      -29.0580       9.14120       16.5159    
222  2.210       9.99999       68.6290      0.492317      -29.0581       9.14122       16.5165    
223  2.220       9.99999       68.6293      0.492315      -29.0583       9.14126       16.5170    
224  2.230       9.99999       68.6297      0.492314      -29.0585       9.14132       16.5174    
225  2.240       9.99999       68.6301      0.492314      -29.0586       9.14133       16.5177    
226  2.250       9.99999       68.6306      0.492313      -29.0588       9.14142       16.5180    
227  2.260       9.99999       68.6311      0.492313      -29.0590       9.14149       16.5181    
228  2.270       9.99999       68.6316      0.492313      -29.0592       9.14154       16.5182    
229  2.280       9.99999       68.6323      0.492313      -29.0595       9.14162       16.5182    
230  2.290       9.99999       68.6329      0.492313      -29.0597       9.14173       16.5182    
231  2.300       9.99999       68.6336      0.492314      -29.0600       9.14180       16.5181    
232  2.310       9.99999       68.6343      0.492314      -29.0603       9.14189       16.5179    
233  2.320       9.99999       68.6350      0.492315      -29.0606       9.14200       16.5177    
234  2.330       9.99999       68.6357      0.492316      -29.0609       9.14211       16.5175    
235  2.340       9.99999       68.6365      0.492317      -29.0612       9.14223       16.5173    
236  2.350       9.99999       68.6373      0.492318      -29.0615       9.14230       16.5170    
237  2.360       9.99999       68.6381      0.492319      -29.0618       9.14245       16.5168    
238  2.370       9.99999       68.6389      0.492320      -29.0622       9.14256       16.5165    
239  2.380       9.99999       68.6397      0.492321      -29.0624       9.14264       16.5162    
240  2.390       9.99999       68.6406      0.492323      -29.0628       9.14277       16.5159    
241  2.400       9.99999       68.6414      0.492324      -29.0631       9.14290       16.5156    
242  2.410       9.99999       68.6422      0.492325      -29.0634       9.14297       16.5154    
243  2.420       9.99999       68.6430      0.492325      -29.0638       9.14314       16.5151    
244  2.430       9.99999       68.6438      0.492326      -29.0641       9.14319       16.5148    
245  2.440       9.99999       68.6446      0.492327      -29.0644       9.14334       16.5146    
246  2.450       9.99999       68.6454      0.492328      -29.0647       9.14341       16.5144    
247  2.460       9.99999       68.6462      0.492329      -29.0651       9.14355       16.5142    
248  2.470       9.99999       68.6470      0.492329      -29.0654       9.14363       16.5140    
249  2.480       9.99999       68.6477      0.492330      -29.0657       9.14377       16.5138    
250  2.490       9.99999       68.6485      0.492330      -29.0659       9.14381       16.5136    
251  2.500       9.99999       68.6493      0.492331      -29.0663       9.14395       16.5135    
252  2.510       9.99999       68.6501      0.492331      -29.0666       9.14405       16.5133    
253  2.520       9.99999       68.6508      0.492332      -29.0669       9.14413       16.5132    
254  2.530       9.99999       68.6516      0.492332      -29.0672       9.14426       16.5131    
255  2.540       9.99999       68.6523      0.492332      -29.0675       9.14434       16.5130    
256  2.550       9.99999       68.6530      0.492333      -29.0678       9.14443       16.5129    
257  2.560       9.99999       68.6538      0.492333      -29.0681       9.14451       16.5128    
258  2.570       9.99999       68.6545      0.492333      -29.0685       9.14465       16.5128    
259  2.580       9.99999       68.6553      0.492334      -29.0687       9.14470       16.5127    
260  2.590       9.99999       68.6561      0.492334      -29.0690       9.14483       16.5126    
261  2.600       9.99999       68.6568      0.492334      -29.0693       9.14491       16.5126    
262  2.610       9.99999       68.6576      0.492334      -29.0696       9.14500       16.5125    
263  2.620       9.99999       68.6584      0.492334      -29.0700       9.14512       16.5125    
264  2.630       9.99999       68.6592      0.492334      -29.0703       9.14521       16.5124    
265  2.640       9.99999       68.6600      0.492335      -29.0706       9.14532       16.5124    
266  2.650       9.99999       68.6608      0.492335      -29.0710       9.14543       16.5123    
267  2.660       9.99999       68.6616      0.492335      -29.0713       9.14552       16.5123    
268  2.670       9.99999       68.6624      0.492335      -29.0717       9.14566       16.5122    
269  2.680       9.99999       68.6633      0.492335      -29.0719       9.14571       16.5122    
270  2.690       9.99999       68.6641      0.492335      -29.0723       9.14588       16.5121    
271  2.700       9.99999       68.6649      0.492335      -29.0726       9.14596       16.5121    
272  2.710       9.99999       68.6658      0.492336      -29.0730       9.14607       16.5120    
273  2.720       9.99999       68.6666      0.492336      -29.0734       9.14619       16.5120    
274  2.730       9.99999       68.6675      0.492336      -29.0737       9.14631       16.5119    
275  2.740       9.99999       68.6684      0.492336      -29.0740       9.14640       16.5119    
276  2.750       9.99999       68.6693      0.492337      -29.0744       9.14653       16.5118    
277  2.760       9.99999       68.6702      0.492337      -29.0748       9.14665       16.5117    
278  2.770       9.99999       68.6711      0.492337      -29.0752       9.14676       16.5117    
279  2.780       9.99999       68.6720      0.492337      -29.0755       9.14687       16.5116    
280  2.790       9.99999       68.6729      0.492337      -29.0759       9.14702       16.5115    
281  2.800       9.99999       68.6739      0.492338      -29.0763       9.14714       16.5115    
282  2.810       9.99999       68.6748      0.492338      -29.0767       9.14725       16.5114    
283  2.820       9.99999       68.6758      0.492338      -29.0771       9.14736       16.5113    
284  2.830       9.99999       68.6767      0.492338      -29.0775       9.14751       16.5113    
285  2.840       9.99999       68.6777      0.492339      -29.0779       9.14764       16.5112    
286  2.850       9.99999       68.6787      0.492339      -29.0783       9.14775       16.5111    
287  2.860       9.99999       68.6796      0.492339      -29.0787       9.14791       16.5111    
288  2.870       9.99999       68.6806      0.492340      -29.0790       9.14799       16.5110    
289  2.880       9.99999       68.6816      0.492340      -29.0795       9.14815       16.5109    
290  2.890       9.99999       68.6826      0.492340      -29.0799       9.14828       16.5108    
291  2.900       9.99999       68.6836      0.492340      -29.0803       9.14843       16.5108    
292  2.910       9.99999       68.6846      0.492340      -29.0807       9.14853       16.5107    
293  2.920       9.99999       68.6856      0.492341      -29.0812       9.14869       16.5106    
294  2.930       9.99999       68.6866      0.492341      -29.0816       9.14882       16.5106    
295  2.940       9.99999       68.6877      0.492341      -29.0820       9.14895       16.5105    
296  2.950       9.99999       68.6887      0.492341      -29.0825       9.14910       16.5105    
297  2.960       9.99999       68.6897      0.492341      -29.0828       9.14920       16.5104    
298  2.970       9.99999       68.6907      0.492342      -29.0834       9.14940       16.5104    
299  2.980       9.99999       68.6917      0.492342      -29.0837       9.14947       16.5103    
300  2.990       9.99999       68.6928      0.492342      -29.0842       9.14963       16.5103    
301  3.000       9.99999       68.6938      0.492342      -29.0846       9.14978       16.5102    
302  3.010       9.99999       68.6948      0.492342      -29.0850       9.14990       16.5102    
303  3.020       9.99999       68.6958      0.492342      -29.0855       9.15005       16.5102    
304  3.030       9.99999       68.6969      0.492342      -29.0859       9.15018       16.5101    
305  3.040       9.99999       68.6980      0.492343      -29.0863       9.15031       16.5101    
306  3.050       9.99999       68.6990      0.492343      -29.0868       9.15045       16.5100    
307  3.060       9.99999       68.7001      0.492343      -29.0872       9.15062       16.5100    
308  3.070       9.99999       68.7012      0.492343      -29.0877       9.15074       16.5100    
309  3.080       9.99999       68.7022      0.492343      -29.0881       9.15088       16.5100    
310  3.090       9.99999       68.7033      0.492343      -29.0886       9.15103       16.5099    
311  3.100       9.99999       68.7044      0.492343      -29.0891       9.15119       16.5099    
312  3.110       9.99999       68.7055      0.492343      -29.0895       9.15130       16.5099    
313  3.120       9.99999       68.7065      0.492343      -29.0899       9.15146       16.5099    
314  3.130       9.99999       68.7076      0.492343      -29.0904       9.15161       16.5098    
315  3.140       9.99999       68.7087      0.492343      -29.0908       9.15172       16.5098    
316  3.150       9.99999       68.7098      0.492344      -29.0913       9.15190       16.5098    
317  3.160       9.99999       68.7109      0.492344      -29.0917       9.15202       16.5098    
318  3.170       9.99999       68.7120      0.492344      -29.0922       9.15219       16.5098    
319  3.180       9.99999       68.7131      0.492344      -29.0927       9.15233       16.5098    
320  3.190       9.99999       68.7141      0.492344      -29.0931       9.15246       16.5097    
321  3.200       9.99999       68.7153      0.492344      -29.0936       9.15263       16.5097    
322  3.210       9.99999       68.7164      0.492344      -29.0941       9.15276       16.5097    
323  3.220       9.99999       68.7175      0.492344      -29.0945       9.15291       16.5097    
324  3.230       9.99999       68.7186      0.492344      -29.0950       9.15304       16.5097    
325  3.240       9.99999       68.7197      0.492344      -29.0955       9.15322       16.5096    
326  3.250       9.99999       68.7208      0.492344      -29.0959       9.15335       16.5096    
327  3.260       9.99999       68.7219      0.492344      -29.0963       9.15347       16.5096    
328  3.270       9.99999       68.7230      0.492344      -29.0969       9.15365       16.5096    
329  3.280       9.99999       68.7241      0.492344      -29.0973       9.15378       16.5096    
330  3.290       9.99999       68.7253      0.492344      -29.0978       9.15395       16.5096    
331  3.300       9.99999       68.7264      0.492344      -29.0982       9.15406       16.5095    
332  3.310       9.99999       68.7276      0.492345      -29.0987       9.15423       16.5095    
333  3.320       9.99999       68.7287      0.492345      -29.0992       9.15438       16.5095    
334  3.330       9.99999       68.7298      0.492345      -29.0997       9.15455       16.5095    
335  3.340       9.99999       68.7310      0.492345      -29.1001       9.15465       16.5094    
336  3.350       9.99999       68.7322      0.492345      -29.1007       9.15487       16.5094    
337  3.360       9.99999       68.7333      0.492345      -29.1011       9.15500       16.5094    
338  3.370       9.99999       68.7345      0.492345      -29.1016       9.15512       16.5093    
339  3.380       9.99999       68.7357      0.492346      -29.1021       9.15532       16.5093    
340  3.390       9.99999       68.7368      0.492345      -29.1026       9.15545       16.5093    
341  3.400       9.99999       68.7380      0.492346      -29.1030       9.15559       16.5092    
342  3.410       9.99999       68.7392      0.492346      -29.1036       9.15577       16.5092    
343  3.420       9.99999       68.7403      0.492346      -29.1040       9.15591       16.5092    
344  3.430       9.99999       68.7415      0.492346      -29.1046       9.15608       16.5091    
345  3.440       9.99999       68.7427      0.492346      -29.1050       9.15622       16.5091    
346  3.450       9.99999       68.7439      0.492347      -29.1055       9.15639       16.5090    
347  3.460       9.99999       68.7451      0.492347      -29.1060       9.15654       16.5090    
348  3.470       9.99999       68.7464      0.492347      -29.1066       9.15671       16.5089    
349  3.480       9.99999       68.7476      0.492347      -29.1071       9.15689       16.5089    
350  3.490       9.99999       68.7488      0.492347      -29.1075       9.15701       16.5088    
351  3.500       9.99999       68.7501      0.492347      -29.1081       9.15721       16.5087    
