# Mowe_temp                                                                       
# Operating point sequence...
# i     t     alpha_ref     Lift          CL            Fn  for[ 1]   Mc` mom[ 1]   Phi[ 2]      
  1  0.000      -0.00000       8.03453      0.618452E-01   1.48174     -0.492282      -34.7242    
  2 0.1000E-01  -0.00000       8.03453      0.618452E-01   1.48174     -0.492282      -34.7242    
  3 0.2000E-01  -0.00000       8.03453      0.618452E-01   1.48175     -0.492287      -34.7242    
  4 0.3000E-01  -0.00000       8.03452      0.618451E-01   1.48174     -0.492280      -34.7242    
  5 0.4000E-01  -0.00000       8.03452      0.618451E-01   1.48174     -0.492285      -34.7242    
  6 0.5000E-01  -0.00000       8.03452      0.618451E-01   1.48173     -0.492277      -34.7242    
  7 0.6000E-01  -0.00000       8.03453      0.618452E-01   1.48166     -0.492228      -34.7242    
  8 0.7000E-01  -0.00000       8.03453      0.618452E-01   1.48174     -0.492283      -34.7242    
  9 0.8000E-01  -0.00000       8.03453      0.618452E-01   1.48178     -0.492309      -34.7242    
 10 0.9000E-01  -0.00000       8.03455      0.618453E-01   1.48174     -0.492286      -34.7242    
 11 0.1000      -0.00000       8.03454      0.618452E-01   1.48174     -0.492282      -34.7242    
 12 0.1100      -0.00000       8.03455      0.618453E-01   1.48166     -0.492231      -34.7242    
 13 0.1200      -0.00000       8.03455      0.618452E-01   1.48185     -0.492354      -34.7243    
 14 0.1300      -0.00000       8.03455      0.618452E-01   1.48170     -0.492254      -34.7243    
 15 0.1400      -0.00000       8.03457      0.618453E-01   1.48187     -0.492367      -34.7243    
 16 0.1500      -0.00000       8.03457      0.618453E-01   1.48157     -0.492170      -34.7243    
 17 0.1600      -0.00000       8.03458      0.618452E-01   1.48179     -0.492318      -34.7243    
 18 0.1700      -0.00000       8.03459      0.618453E-01   1.48175     -0.492287      -34.7243    
 19 0.1800      -0.00000       8.03460      0.618453E-01   1.48174     -0.492281      -34.7243    
 20 0.1900      -0.00000       8.03460      0.618452E-01   1.48174     -0.492282      -34.7243    
 21 0.2000      -0.00000       8.03464      0.618454E-01   1.48174     -0.492279      -34.7243    
 22 0.2100      -0.00000       8.03462      0.618452E-01   1.48175     -0.492287      -34.7243    
 23 0.2200      -0.00000       8.03464      0.618453E-01   1.48173     -0.492269      -34.7242    
 24 0.2300      -0.00000       8.03464      0.618452E-01   1.48180     -0.492315      -34.7242    
 25 0.2400      -0.00000       8.03466      0.618452E-01   1.48171     -0.492259      -34.7242    
 26 0.2500      -0.00000       8.03467      0.618452E-01   1.48190     -0.492385      -34.7242    
 27 0.2600      -0.00000       8.03467      0.618451E-01   1.48163     -0.492199      -34.7242    
 28 0.2700      -0.00000       8.03469      0.618451E-01   1.48177     -0.492298      -34.7242    
 29 0.2800      -0.00000       8.03469      0.618451E-01   1.48175     -0.492281      -34.7242    
 30 0.2900      -0.00000       8.03471      0.618451E-01   1.48182     -0.492326      -34.7242    
 31 0.3000      -0.00000       8.03472      0.618450E-01   1.48171     -0.492252      -34.7242    
 32 0.3100      -0.00000       8.03473      0.618450E-01   1.48181     -0.492319      -34.7242    
 33 0.3200      -0.00000       8.03475      0.618450E-01   1.48178     -0.492299      -34.7241    
 34 0.3300      -0.00000       8.03476      0.618450E-01   1.48170     -0.492243      -34.7241    
 35 0.3400      -0.00000       8.03478      0.618449E-01   1.48183     -0.492334      -34.7241    
 36 0.3500      -0.00000       8.03479      0.618449E-01   1.48174     -0.492270      -34.7241    
 37 0.3600      -0.00000       8.03480      0.618449E-01   1.48174     -0.492267      -34.7241    
 38 0.3700      -0.00000       8.03482      0.618449E-01   1.48184     -0.492338      -34.7241    
 39 0.3800      -0.00000       8.03484      0.618448E-01   1.48168     -0.492230      -34.7241    
 40 0.3900      -0.00000       8.03485      0.618448E-01   1.48178     -0.492292      -34.7240    
 41 0.4000      -0.00000       8.03488      0.618448E-01   1.48186     -0.492347      -34.7240    
 42 0.4100      -0.00000       8.03489      0.618447E-01   1.48174     -0.492267      -34.7240    
 43 0.4200      -0.00000       8.03492      0.618448E-01   1.48183     -0.492322      -34.7240    
 44 0.4300      -0.00000       8.03493      0.618446E-01   1.48174     -0.492265      -34.7240    
 45 0.4400      -0.00000       8.03496      0.618446E-01   1.48185     -0.492334      -34.7239    
 46 0.4500      -0.00000       8.03496      0.618445E-01   1.48168     -0.492216      -34.7239    
 47 0.4600      -0.00000       8.03499      0.618445E-01   1.48191     -0.492374      -34.7239    
 48 0.4700      -0.00000       8.03503      0.618446E-01   1.48173     -0.492249      -34.7239    
 49 0.4800      -0.00000       8.03504      0.618445E-01   1.48184     -0.492321      -34.7239    
 50 0.4900      -0.00000       8.03506      0.618445E-01   1.48183     -0.492315      -34.7239    
 51 0.5000      -0.00000       8.03509      0.618445E-01   1.48177     -0.492269      -34.7239    
 52 0.5100      0.331128E-02   8.04624      0.619300E-01   1.47649     -0.490894      -34.7238    
 53 0.5200      0.132255E-01   8.10089      0.623505E-01   1.45096     -0.482561      -34.7236    
 54 0.5300      0.296814E-01   8.20504      0.631518E-01   1.40278     -0.466433      -34.7225    
 55 0.5400      0.525776E-01   8.36035      0.643470E-01   1.33064     -0.442032      -34.7197    
 56 0.5500      0.817730E-01   8.56728      0.659395E-01   1.23435     -0.409416      -34.7140    
 57 0.5600      0.117088       8.82524      0.679246E-01   1.11406     -0.368672      -34.7034    
 58 0.5700      0.158303       9.13279      0.702915E-01  0.970069     -0.319877      -34.6862    
 59 0.5800      0.205166       9.48787      0.730242E-01  0.803387     -0.263446      -34.6601    
 60 0.5900      0.257388       9.88786      0.761025E-01  0.615118     -0.199786      -34.6226    
 61 0.6000      0.314645       10.3298      0.795033E-01  0.406162     -0.129100      -34.5711    
 62 0.6100      0.376585       10.8102      0.832008E-01  0.178490     -0.522461E-01  -34.5030    
 63 0.6200      0.442825       11.3256      0.871673E-01 -0.666603E-01  0.304513E-01  -34.4157    
 64 0.6300      0.512957       11.8721      0.913731E-01 -0.327722      0.118491      -34.3066    
 65 0.6400      0.586547       12.4457      0.957877E-01 -0.602589      0.211046      -34.1733    
 66 0.6500      0.663143       13.0423      0.100379     -0.889555      0.307584      -34.0133    
 67 0.6600      0.742270       13.6577      0.105115      -1.18702      0.407669      -33.8248    
 68 0.6700      0.823441       14.2875      0.109962      -1.49227      0.510138      -33.6059    
 69 0.6800      0.906155       14.9275      0.114887      -1.80423      0.614940      -33.3553    
 70 0.6900      0.989900       15.5733      0.119857      -2.12009      0.720873      -33.0717    
 71 0.7000       1.07416       16.2207      0.124839      -2.43845      0.827679      -32.7546    
 72 0.7100       1.15842       16.8653      0.129799      -2.75687      0.934408      -32.4036    
 73 0.7200       1.24215       17.5030      0.134707      -3.07358       1.04056      -32.0189    
 74 0.7300       1.32484       18.1297      0.139529      -3.38645       1.14536      -31.6010    
 75 0.7400       1.40598       18.7414      0.144236      -3.69371       1.24830      -31.1508    
 76 0.7500       1.48507       19.3342      0.148798      -3.99360       1.34884      -30.6699    
 77 0.7600       1.56162       19.9044      0.153185      -4.28369       1.44598      -30.1600    
 78 0.7700       1.63516       20.4484      0.157371      -4.56292       1.53960      -29.6233    
 79 0.7800       1.70524       20.9627      0.161329      -4.82920       1.62889      -29.0623    
 80 0.7900       1.77142       21.4443      0.165034      -5.08090       1.71331      -28.4800    
 81 0.8000       1.83330       21.8901      0.168464      -5.31662       1.79242      -27.8797    
 82 0.8100       1.89050       22.2973      0.171597      -5.53480       1.86566      -27.2647    
 83 0.8200       1.94267       22.6634      0.174414      -5.73418       1.93264      -26.6389    
 84 0.8300       1.98948       22.9861      0.176897      -5.91343       1.99288      -26.0063    
 85 0.8400       2.03064       23.2635      0.179031      -6.07144       2.04599      -25.3711    
 86 0.8500       2.06591       23.4939      0.180803      -6.20747       2.09178      -24.7376    
 87 0.8600       2.09507       23.6759      0.182202      -6.32023       2.12968      -24.1102    
 88 0.8700       2.11794       23.8083      0.183221      -6.40939       2.15970      -23.4936    
 89 0.8800       2.13438       23.8906      0.183853      -6.47429       2.18156      -22.8923    
 90 0.8900       2.14428       23.9223      0.184096      -6.51436       2.19501      -22.3110    
 91 0.9000       2.14759       23.9033      0.183948      -6.52971       2.20020      -21.7542    
 92 0.9100       2.14428       23.8339      0.183414      -6.52002       2.19694      -21.2264    
 93 0.9200       2.13438       23.7148      0.182496      -6.48534       2.18525      -20.7322    
 94 0.9300       2.11795       23.5469      0.181203      -6.42630       2.16545      -20.2757    
 95 0.9400       2.09509       23.3316      0.179545      -6.34281       2.13737      -19.8614    
 96 0.9500       2.06593       23.0704      0.177535      -6.23588       2.10149      -19.4930    
 97 0.9600       2.03066       22.7654      0.175186      -6.10611       2.05799      -19.1743    
 98 0.9700       1.98950       22.4187      0.172518      -5.95434       2.00715      -18.9090    
 99 0.9800       1.94269       22.0329      0.169548      -5.78161       1.94933      -18.7002    
100 0.9900       1.89053       21.6108      0.166298      -5.58915       1.88500      -18.5507    
101  1.000       1.83333       21.1553      0.162792      -5.37835       1.81466      -18.4633    
102  1.010       1.77145       20.6697      0.159055      -5.15012       1.73848      -18.4401    
103  1.020       1.70527       20.1573      0.155112      -4.90659       1.65738      -18.4828    
104  1.030       1.63519       19.6219      0.150991      -4.64900       1.57166      -18.5928    
105  1.040       1.56165       19.0671      0.146720      -4.37880       1.48176      -18.7710    
106  1.050       1.48510       18.4966      0.142330      -4.09819       1.38854      -19.0178    
107  1.060       1.40601       17.9145      0.137849      -3.80857       1.29235      -19.3331    
108  1.070       1.32488       17.3246      0.133309      -3.51176       1.19377      -19.7161    
109  1.080       1.24218       16.7309      0.128740      -3.21002       1.09368      -20.1657    
110  1.090       1.15845       16.1373      0.124172      -2.90459      0.992250      -20.6801    
111  1.100       1.07420       15.5478      0.119635      -2.59795      0.890486      -21.2568    
112  1.110      0.989936       14.9661      0.115159      -2.29174      0.788824      -21.8930    
113  1.120      0.906189       14.3961      0.110772      -1.98774      0.687789      -22.5849    
114  1.130      0.823476       13.8413      0.106502      -1.68821      0.588240      -23.3284    
115  1.140      0.742304       13.3051      0.102376      -1.39476      0.490619      -24.1186    
116  1.150      0.663176       12.7908      0.984180E-01  -1.10931      0.395582      -24.9503    
117  1.160      0.586579       12.3014      0.946518E-01 -0.833886      0.303885      -25.8174    
118  1.170      0.512987       11.8397      0.910988E-01 -0.569809      0.215825      -26.7135    
119  1.180      0.442853       11.4083      0.877785E-01 -0.319346      0.132370      -27.6316    
120  1.190      0.376612       11.0093      0.847082E-01 -0.835332E-01  0.536963E-01  -28.5644    
121  1.200      0.314670       10.6448      0.819030E-01  0.135591     -0.193099E-01  -29.5041    
122  1.210      0.257411       10.3164      0.793756E-01  0.337012     -0.864089E-01  -30.4427    
123  1.220      0.205187       10.0254      0.771365E-01  0.519532     -0.147190      -31.3720    
124  1.230      0.158322       9.77296      0.751937E-01  0.681807     -0.201102      -32.2836    
125  1.240      0.117103       9.55976      0.735528E-01  0.823249     -0.248045      -33.1692    
126  1.250      0.817863E-01   9.38626      0.722175E-01  0.942977     -0.287674      -34.0206    
127  1.260      0.525882E-01   9.25266      0.711891E-01   1.04074     -0.320014      -34.8299    
128  1.270      0.296893E-01   9.15888      0.704672E-01   1.11590     -0.344771      -35.5895    
129  1.280      0.132306E-01   9.10464      0.700494E-01   1.16882     -0.362283      -36.2922    
130  1.290      0.331384E-02   9.08945      0.699321E-01   1.19910     -0.372313      -36.9316    
131  1.300      -0.00000       9.11268      0.701104E-01   1.20717     -0.375141      -37.5017    
132  1.310      -0.00000       9.16249      0.704932E-01   1.19884     -0.372442      -37.9977    
133  1.320      -0.00000       9.20608      0.708281E-01   1.18903     -0.369665      -38.4156    
134  1.330      -0.00000       9.23663      0.710627E-01   1.18104     -0.368118      -38.7529    
135  1.340      -0.00000       9.25159      0.711773E-01   1.17635     -0.368233      -39.0081    
136  1.350      -0.00000       9.24948      0.711607E-01   1.17607     -0.370370      -39.1815    
137  1.360      -0.00000       9.22987      0.710094E-01   1.18054     -0.374525      -39.2744    
138  1.370      -0.00000       9.19311      0.707261E-01   1.19008     -0.380815      -39.2896    
139  1.380      -0.00000       9.14012      0.703180E-01   1.20400     -0.388753      -39.2310    
140  1.390      -0.00000       9.07234      0.697961E-01   1.22242     -0.398453      -39.1034    
141  1.400      -0.00000       8.99156      0.691742E-01   1.24444     -0.409401      -38.9128    
142  1.410      -0.00000       8.89972      0.684672E-01   1.26953     -0.421349      -38.6656    
143  1.420      -0.00000       8.79895      0.676916E-01   1.29677     -0.433836      -38.3690    
144  1.430      -0.00000       8.69147      0.668643E-01   1.32584     -0.446790      -38.0304    
145  1.440      -0.00000       8.57944      0.660020E-01   1.35563     -0.459639      -37.6576    
146  1.450      -0.00000       8.46501      0.651214E-01   1.38565     -0.472213      -37.2584    
147  1.460      -0.00000       8.35021      0.642378E-01   1.41542     -0.484345      -36.8406    
148  1.470      -0.00000       8.23692      0.633659E-01   1.44417     -0.495679      -36.4117    
149  1.480      -0.00000       8.12688      0.625189E-01   1.47187     -0.506329      -35.9792    
150  1.490      -0.00000       8.02164      0.617089E-01   1.49768     -0.515870      -35.5499    
151  1.500      -0.00000       7.92253      0.609461E-01   1.52182     -0.524560      -35.1301    
152  1.510      -0.00000       7.83073      0.602395E-01   1.54348     -0.531957      -34.7259    
153  1.520      -0.00000       7.74716      0.595963E-01   1.56312     -0.538447      -34.3424    
154  1.530      -0.00000       7.67262      0.590226E-01   1.58024     -0.543778      -33.9844    
155  1.540      -0.00000       7.60767      0.585225E-01   1.59484     -0.547996      -33.6557    
156  1.550      -0.00000       7.55269      0.580992E-01   1.60711     -0.551271      -33.3598    
157  1.560      -0.00000       7.50791      0.577544E-01   1.61680     -0.553473      -33.0993    
158  1.570      -0.00000       7.47339      0.574885E-01   1.62397     -0.554657      -32.8761    
159  1.580      -0.00000       7.44905      0.573009E-01   1.62893     -0.555041      -32.6916    
160  1.590      -0.00000       7.43467      0.571899E-01   1.63173     -0.554655      -32.5465    
161  1.600      -0.00000       7.42990      0.571529E-01   1.63195     -0.553216      -32.4408    
162  1.610      -0.00000       7.43430      0.571863E-01   1.63044     -0.551265      -32.3741    
163  1.620      -0.00000       7.44731      0.572861E-01   1.62698     -0.548631      -32.3453    
164  1.630      -0.00000       7.46828      0.574471E-01   1.62166     -0.545352      -32.3530    
165  1.640      -0.00000       7.49653      0.576640E-01   1.61475     -0.541574      -32.3951    
166  1.650      -0.00000       7.53127      0.579309E-01   1.60647     -0.537389      -32.4693    
167  1.660      -0.00000       7.57169      0.582414E-01   1.59679     -0.532749      -32.5730    
168  1.670      -0.00000       7.61693      0.585890E-01   1.58616     -0.527896      -32.7031    
169  1.680      -0.00000       7.66610      0.589669E-01   1.57445     -0.522694      -32.8565    
170  1.690      -0.00000       7.71833      0.593682E-01   1.56214     -0.517412      -33.0298    
171  1.700      -0.00000       7.77270      0.597861E-01   1.54925     -0.512010      -33.2193    
172  1.710      -0.00000       7.82835      0.602138E-01   1.53606     -0.506611      -33.4216    
173  1.720      -0.00000       7.88441      0.606446E-01   1.52268     -0.501239      -33.6330    
174  1.730      -0.00000       7.94003      0.610720E-01   1.50943     -0.496052      -33.8500    
175  1.740      -0.00000       7.99445      0.614902E-01   1.49622     -0.490923      -34.0690    
176  1.750      -0.00000       8.04689      0.618932E-01   1.48360     -0.486172      -34.2866    
177  1.760      -0.00000       8.09670      0.622759E-01   1.47136     -0.481604      -34.4998    
178  1.770      -0.00000       8.14326      0.626336E-01   1.46009     -0.477568      -34.7054    
179  1.780      -0.00000       8.18601      0.629620E-01   1.44940     -0.473751      -34.9009    
180  1.790      -0.00000       8.22449      0.632576E-01   1.43992     -0.470526      -35.0837    
181  1.800      -0.00000       8.25833      0.635175E-01   1.43150     -0.467771      -35.2517    
182  1.810      -0.00000       8.28723      0.637394E-01   1.42424     -0.465504      -35.4031    
183  1.820      -0.00000       8.31098      0.639217E-01   1.41817     -0.463722      -35.5365    
184  1.830      -0.00000       8.32946      0.640634E-01   1.41365     -0.462651      -35.6506    
185  1.840      -0.00000       8.34264      0.641643E-01   1.41022     -0.461959      -35.7448    
186  1.850      -0.00000       8.35057      0.642250E-01   1.40813     -0.461807      -35.8186    
187  1.860      -0.00000       8.35338      0.642462E-01   1.40756     -0.462311      -35.8719    
188  1.870      -0.00000       8.35129      0.642297E-01   1.40803     -0.463149      -35.9049    
189  1.880      -0.00000       8.34457      0.641776E-01   1.40977     -0.464497      -35.9182    
190  1.890      -0.00000       8.33355      0.640924E-01   1.41255     -0.466201      -35.9126    
191  1.900      -0.00000       8.31863      0.639773E-01   1.41636     -0.468280      -35.8892    
192  1.910      -0.00000       8.30024      0.638355E-01   1.42106     -0.470662      -35.8493    
193  1.920      -0.00000       8.27885      0.636706E-01   1.42659     -0.473339      -35.7943    
194  1.930      -0.00000       8.25493      0.634862E-01   1.43247     -0.476012      -35.7258    
195  1.940      -0.00000       8.22901      0.632865E-01   1.43907     -0.478967      -35.6457    
196  1.950      -0.00000       8.20159      0.630752E-01   1.44606     -0.482014      -35.5557    
197  1.960      -0.00000       8.17317      0.628562E-01   1.45314     -0.484983      -35.4578    
198  1.970      -0.00000       8.14424      0.626334E-01   1.46036     -0.487951      -35.3538    
199  1.980      -0.00000       8.11529      0.624103E-01   1.46745     -0.490772      -35.2458    
200  1.990      -0.00000       8.08675      0.621905E-01   1.47466     -0.493635      -35.1355    
201  2.000      -0.00000       8.05906      0.619771E-01   1.48136     -0.496164      -35.0247    
