# Mowe_temp                                                                       
# Operating point sequence...
# i     t     alpha_ref     Lift          CL            Fn  for[ 1]   Mc` mom[ 1]   Phi[ 2]      
  1  0.000       5.00000       45.3514      0.354303      -17.1700       5.78720      0.672648E-05
  2 0.3500E-02   5.00000       45.3514      0.354303      -17.1700       5.78720      0.672648E-05
  3 0.7000E-02   5.00000       45.3514      0.354303      -17.1700       5.78720      0.672648E-05
  4 0.1050E-01   5.00000       45.3514      0.354303      -17.1700       5.78720      0.672648E-05
  5 0.1400E-01   5.00000       45.3514      0.354303      -17.1700       5.78720      0.672648E-05
  6 0.1750E-01   5.00000       45.3514      0.354303      -17.1700       5.78720      0.672648E-05
  7 0.2100E-01   5.00000       45.3514      0.354303      -17.1700       5.78721      0.672648E-05
  8 0.2450E-01   5.00000       45.3515      0.354303      -17.1700       5.78721      0.672648E-05
  9 0.2800E-01   5.00000       45.3515      0.354303      -17.1700       5.78721      0.672648E-05
 10 0.3150E-01   5.00000       45.3515      0.354303      -17.1700       5.78721      0.672648E-05
 11 0.3500E-01   5.00000       45.3515      0.354303      -17.1700       5.78722      0.672648E-05
 12 0.3850E-01   5.00000       45.3516      0.354303      -17.1700       5.78722      0.672648E-05
 13 0.4200E-01   5.00000       45.3516      0.354303      -17.1700       5.78723      0.672648E-05
 14 0.4550E-01   5.00000       45.3517      0.354303      -17.1700       5.78723      0.672648E-05
 15 0.4900E-01   5.00000       45.3517      0.354303      -17.1701       5.78724      0.672648E-05
 16 0.5250E-01   5.00000       45.3518      0.354303      -17.1701       5.78725      0.672648E-05
 17 0.5600E-01   5.00000       45.3519      0.354303      -17.1701       5.78726      0.672648E-05
 18 0.5950E-01   5.00000       45.3520      0.354303      -17.1702       5.78727      0.672648E-05
 19 0.6300E-01   5.00000       45.3521      0.354303      -17.1702       5.78728      0.672648E-05
 20 0.6650E-01   5.00000       45.3523      0.354303      -17.1703       5.78730      0.672648E-05
 21 0.7000E-01   5.00000       45.3524      0.354303      -17.1703       5.78731      0.672648E-05
 22 0.7350E-01   5.00000       45.3525      0.354303      -17.1703       5.78733      0.672648E-05
 23 0.7700E-01   5.00000       45.3526      0.354303      -17.1704       5.78734      0.672648E-05
 24 0.8050E-01   5.00000       45.3528      0.354303      -17.1704       5.78736      0.672648E-05
 25 0.8400E-01   5.00000       45.3529      0.354303      -17.1705       5.78738      0.672648E-05
 26 0.8750E-01   5.00000       45.3531      0.354303      -17.1706       5.78740      0.672648E-05
 27 0.9100E-01   5.00000       45.3532      0.354303      -17.1706       5.78742      0.672648E-05
 28 0.9450E-01   5.00000       45.3534      0.354303      -17.1707       5.78744      0.672648E-05
 29 0.9800E-01   5.00000       45.3536      0.354303      -17.1707       5.78746      0.672648E-05
 30 0.1015       5.00000       45.3538      0.354303      -17.1708       5.78749      0.672648E-05
 31 0.1050       5.00000       45.3540      0.354303      -17.1709       5.78751      0.672648E-05
 32 0.1085       5.00000       45.3542      0.354303      -17.1710       5.78754      0.672648E-05
 33 0.1120       5.00000       45.3545      0.354303      -17.1711       5.78757      0.672648E-05
 34 0.1155       5.00000       45.3547      0.354303      -17.1712       5.78760      0.672648E-05
 35 0.1190       5.00000       45.3549      0.354303      -17.1712       5.78762      0.672648E-05
 36 0.1225       5.00000       45.3552      0.354303      -17.1713       5.78765      0.672648E-05
 37 0.1260       5.00000       45.3554      0.354303      -17.1714       5.78769      0.672648E-05
 38 0.1295       5.00000       45.3557      0.354303      -17.1715       5.78772      0.672648E-05
 39 0.1330       5.00000       45.3559      0.354303      -17.1716       5.78775      0.672648E-05
 40 0.1365       5.00000       45.3562      0.354303      -17.1717       5.78778      0.672648E-05
 41 0.1400       5.00000       45.3565      0.354303      -17.1718       5.78782      0.672648E-05
 42 0.1435       5.00000       45.3568      0.354303      -17.1719       5.78786      0.672648E-05
 43 0.1470       5.00000       45.3571      0.354303      -17.1720       5.78790      0.672648E-05
 44 0.1505       5.00000       45.3574      0.354303      -17.1722       5.78793      0.672648E-05
 45 0.1540       5.00000       45.3577      0.354303      -17.1723       5.78798      0.672648E-05
 46 0.1575       5.00000       45.3581      0.354303      -17.1724       5.78802      0.672648E-05
 47 0.1610       5.00000       45.3584      0.354303      -17.1726       5.78807      0.672648E-05
 48 0.1645       5.00000       45.3588      0.354303      -17.1727       5.78811      0.672648E-05
 49 0.1680       5.00000       45.3591      0.354303      -17.1728       5.78817      0.672648E-05
 50 0.1715       5.00000       45.3595      0.354303      -17.1730       5.78822      0.672648E-05
 51 0.1750       5.00000       45.3599      0.354303      -17.1731       5.78827      0.672648E-05
 52 0.1785       5.00000       45.3603      0.354303      -17.1733       5.78833      0.672648E-05
 53 0.1820       5.00000       45.3608      0.354303      -17.1735       5.78838      0.672648E-05
 54 0.1855       5.00000       45.3612      0.354303      -17.1736       5.78844      0.672648E-05
 55 0.1890       5.00000       45.3616      0.354303      -17.1738       5.78849      0.672648E-05
 56 0.1925       5.00000       45.3621      0.354304      -17.1740       5.78855      0.672648E-05
 57 0.1960       5.00000       45.3625      0.354303      -17.1741       5.78861      0.672648E-05
 58 0.1995       5.00000       45.3630      0.354303      -17.1743       5.78867      0.672648E-05
 59 0.2030       5.00000       45.3635      0.354303      -17.1745       5.78874      0.672648E-05
 60 0.2065       5.00000       45.3640      0.354303      -17.1747       5.78880      0.672648E-05
 61 0.2100       4.99999       45.3644      0.354303      -17.1749       5.78887      0.672648E-05
 62 0.2135       4.99999       45.3650      0.354303      -17.1751       5.78893      0.672648E-05
 63 0.2170       4.99999       45.3655      0.354303      -17.1753       5.78900      0.672648E-05
 64 0.2205       4.99999       45.3660      0.354303      -17.1755       5.78907      0.672648E-05
 65 0.2240       4.99999       45.3665      0.354303      -17.1757       5.78914      0.672648E-05
 66 0.2275       4.99999       45.3671      0.354303      -17.1759       5.78921      0.672648E-05
 67 0.2310       4.99999       45.3677      0.354303      -17.1761       5.78929      0.672648E-05
 68 0.2345       4.99999       45.3682      0.354303      -17.1764       5.78936      0.672648E-05
 69 0.2380       4.99999       45.3688      0.354303      -17.1766       5.78944      0.672648E-05
 70 0.2415       4.99999       45.3694      0.354303      -17.1768       5.78952      0.672648E-05
 71 0.2450       4.99999       45.3700      0.354303      -17.1771       5.78960      0.672648E-05
 72 0.2485       4.99999       45.3707      0.354303      -17.1773       5.78968      0.672648E-05
 73 0.2520       4.99999       45.3713      0.354303      -17.1775       5.78977      0.672648E-05
 74 0.2555       4.99999       45.3720      0.354303      -17.1778       5.78986      0.672648E-05
 75 0.2590       4.99999       45.3726      0.354303      -17.1780       5.78994      0.672648E-05
 76 0.2625       4.99999       45.3732      0.354303      -17.1783       5.79002      0.672648E-05
 77 0.2660       4.99999       45.3739      0.354303      -17.1785       5.79010      0.672648E-05
 78 0.2695       4.99999       45.3745      0.354303      -17.1788       5.79018      0.672648E-05
 79 0.2730       4.99999       45.3751      0.354303      -17.1790       5.79026      0.672648E-05
 80 0.2765       4.99999       45.3757      0.354303      -17.1792       5.79034      0.672648E-05
 81 0.2800       4.99999       45.3763      0.354303      -17.1794       5.79042      0.672648E-05
 82 0.2835       4.99999       45.3769      0.354303      -17.1797       5.79049      0.672648E-05
 83 0.2870       4.99999       45.3775      0.354303      -17.1799       5.79057      0.672648E-05
 84 0.2905       4.99999       45.3780      0.354303      -17.1801       5.79065      0.672648E-05
 85 0.2940       4.99999       45.3786      0.354303      -17.1803       5.79072      0.672648E-05
 86 0.2975       4.99999       45.3792      0.354303      -17.1806       5.79079      0.672648E-05
 87 0.3010       4.99999       45.3797      0.354303      -17.1808       5.79087      0.672648E-05
 88 0.3045       4.99999       45.3803      0.354303      -17.1810       5.79094      0.672648E-05
 89 0.3080       4.99999       45.3808      0.354303      -17.1812       5.79101      0.672648E-05
 90 0.3115       4.99999       45.3814      0.354303      -17.1814       5.79108      0.672648E-05
 91 0.3150       4.99999       45.3819      0.354303      -17.1816       5.79115      0.672648E-05
 92 0.3185       4.99999       45.3824      0.354303      -17.1818       5.79121      0.672648E-05
 93 0.3220       4.99999       45.3829      0.354303      -17.1820       5.79128      0.672648E-05
 94 0.3255       4.99999       45.3834      0.354303      -17.1822       5.79135      0.672648E-05
 95 0.3290       4.99999       45.3839      0.354303      -17.1824       5.79141      0.672648E-05
 96 0.3325       4.99999       45.3844      0.354303      -17.1826       5.79148      0.672648E-05
 97 0.3360       4.99999       45.3849      0.354303      -17.1828       5.79154      0.672648E-05
 98 0.3395       4.99999       45.3854      0.354303      -17.1829       5.79160      0.672648E-05
 99 0.3430       4.99999       45.3859      0.354303      -17.1831       5.79167      0.672648E-05
100 0.3465       4.99999       45.3863      0.354303      -17.1833       5.79173      0.672648E-05
101 0.3500       4.99999       45.3868      0.354303      -17.1835       5.79179      0.672648E-05
102 0.3535       4.99999       45.3873      0.354303      -17.1837       5.79185      0.672648E-05
103 0.3570       4.99999       45.3877      0.354303      -17.1838       5.79191      0.672648E-05
104 0.3605       4.99999       45.3882      0.354303      -17.1840       5.79197      0.672648E-05
105 0.3640       4.99999       45.3886      0.354303      -17.1842       5.79203      0.672648E-05
106 0.3675       4.99999       45.3891      0.354303      -17.1844       5.79209      0.672648E-05
107 0.3710       4.99999       45.3895      0.354303      -17.1845       5.79214      0.672648E-05
108 0.3745       4.99999       45.3899      0.354303      -17.1847       5.79220      0.672648E-05
109 0.3780       4.99999       45.3903      0.354303      -17.1848       5.79225      0.672648E-05
110 0.3815       4.99999       45.3907      0.354303      -17.1850       5.79231      0.672648E-05
111 0.3850       4.99999       45.3911      0.354303      -17.1852       5.79236      0.672648E-05
112 0.3885       4.99999       45.3915      0.354303      -17.1853       5.79241      0.672648E-05
113 0.3920       4.99999       45.3919      0.354303      -17.1855       5.79246      0.672648E-05
114 0.3955       4.99999       45.3923      0.354303      -17.1856       5.79251      0.672648E-05
115 0.3990       4.99999       45.3927      0.354303      -17.1858       5.79256      0.672648E-05
116 0.4025       4.99999       45.3931      0.354303      -17.1859       5.79261      0.672648E-05
117 0.4060       4.99999       45.3935      0.354303      -17.1860       5.79265      0.672648E-05
118 0.4095       4.99999       45.3938      0.354303      -17.1862       5.79270      0.672648E-05
119 0.4130       4.99999       45.3942      0.354303      -17.1863       5.79274      0.672648E-05
120 0.4165       4.99999       45.3945      0.354303      -17.1864       5.79279      0.672648E-05
121 0.4200       4.99999       45.3949      0.354303      -17.1866       5.79283      0.672648E-05
122 0.4235       4.99999       45.3952      0.354303      -17.1867       5.79287      0.672648E-05
123 0.4270       4.99999       45.3955      0.354303      -17.1868       5.79291      0.672648E-05
124 0.4305       4.99999       45.3959      0.354303      -17.1869       5.79295      0.672648E-05
125 0.4340       4.99999       45.3962      0.354303      -17.1870       5.79298      0.672648E-05
126 0.4375       4.99999       45.3965      0.354303      -17.1871       5.79301      0.672648E-05
127 0.4410       4.99999       45.3968      0.354303      -17.1872       5.79305      0.672648E-05
128 0.4445       4.99999       45.3971      0.354303      -17.1873       5.79307      0.672648E-05
129 0.4480       4.99999       45.3974      0.354303      -17.1874       5.79310      0.672648E-05
130 0.4515       4.99999       45.3976      0.354303      -17.1875       5.79313      0.672648E-05
131 0.4550       4.99999       45.3979      0.354303      -17.1876       5.79316      0.672648E-05
132 0.4585       4.99999       45.3981      0.354303      -17.1877       5.79318      0.672648E-05
133 0.4620       4.99999       45.3984      0.354303      -17.1878       5.79321      0.672648E-05
134 0.4655       4.99999       45.3986      0.354303      -17.1878       5.79323      0.672648E-05
135 0.4690       4.99999       45.3989      0.354303      -17.1879       5.79325      0.672648E-05
136 0.4725       4.99999       45.3991      0.354303      -17.1880       5.79327      0.672648E-05
137 0.4760       4.99999       45.3994      0.354303      -17.1881       5.79329      0.672648E-05
138 0.4795       4.99999       45.3996      0.354303      -17.1881       5.79332      0.672648E-05
139 0.4830       4.99999       45.3998      0.354303      -17.1882       5.79334      0.672648E-05
140 0.4865       4.99999       45.4001      0.354303      -17.1883       5.79336      0.672648E-05
141 0.4900       4.99999       45.4003      0.354303      -17.1884       5.79338      0.672648E-05
142 0.4935       4.99999       45.4005      0.354303      -17.1884       5.79341      0.672648E-05
143 0.4970       4.99999       45.4007      0.354303      -17.1885       5.79343      0.672648E-05
144 0.5005       4.99999       45.4010      0.354303      -17.1886       5.79345      0.672648E-05
145 0.5040       5.00914       45.4075      0.354352      -17.1918       5.79377      0.672648E-05
146 0.5075       5.06485       45.5226      0.355248      -17.2492       5.80457      0.672648E-05
147 0.5110       5.16858       45.9173      0.358327      -17.4460       5.86404      0.672648E-05
148 0.5145       5.31534       46.6695      0.364195      -17.8210       5.99958      0.672648E-05
149 0.5180       5.49804       47.7556      0.372669      -18.3625       6.20598      0.672648E-05
150 0.5215       5.70791       49.1324      0.383411      -19.0489       6.47370      0.672648E-05
151 0.5250       5.93484       50.7429      0.395977      -19.8517       6.79071      0.672648E-05
152 0.5285       6.16797       52.5184      0.409831      -20.7364       7.14279      0.672648E-05
153 0.5320       6.39613       54.3814      0.424367      -21.6641       7.51398      0.672648E-05
154 0.5355       6.60845       56.2489      0.438938      -22.5935       7.88737      0.672648E-05
155 0.5390       6.79481       58.0372      0.452891      -23.4825       8.24584      0.672648E-05
156 0.5425       6.94638       59.6652      0.465593      -24.2907       8.57286      0.672648E-05
157 0.5460       7.05598       61.0587      0.476465      -24.9813       8.85339      0.672648E-05
158 0.5495       7.11842       62.1544      0.485013      -25.5229       9.07450      0.672648E-05
159 0.5530       7.13077       62.9026      0.490849      -25.8910       9.22613      0.672648E-05
160 0.5565       7.09244       63.2699      0.493713      -26.0695       9.30151      0.672648E-05
161 0.5600       7.00524       63.2411      0.493486      -26.0511       9.29750      0.672648E-05
162 0.5635       6.87328       62.8195      0.490195      -25.8380       9.21471      0.672648E-05
163 0.5670       6.70281       62.0271      0.484010      -25.4412       9.05746      0.672648E-05
164 0.5705       6.50191       60.9034      0.475239      -24.8807       8.83359      0.672648E-05
165 0.5740       6.28013       59.5032      0.464312      -24.1838       8.55399      0.672648E-05
166 0.5775       6.04802       57.8948      0.451759      -23.3843       8.23217      0.672648E-05
167 0.5810       5.81669       56.1556      0.438187      -22.5205       7.88356      0.672648E-05
168 0.5845       5.59721       54.3695      0.424248      -21.6337       7.52482      0.672648E-05
169 0.5880       5.40012       52.6224      0.410613      -20.7665       7.17311      0.672648E-05
170 0.5915       5.23490       50.9980      0.397937      -19.9602       6.84522      0.672648E-05
171 0.5950       5.10950       49.5744      0.386828      -19.2535       6.55684      0.672648E-05
172 0.5985       5.02998       48.4201      0.377819      -18.6804       6.32183      0.672648E-05
173 0.6020       5.00017       47.5903      0.371343      -18.2684       6.15150      0.672648E-05
174 0.6055       4.99999       47.1022      0.367533      -18.0262       6.05273      0.672648E-05
175 0.6090       4.99999       46.8374      0.365466      -17.8951       6.01211      0.672648E-05
176 0.6125       4.99999       46.6418      0.363938      -17.7985       5.98810      0.672648E-05
177 0.6160       4.99999       46.4680      0.362581      -17.7127       5.96441      0.672648E-05
178 0.6195       4.99999       46.3160      0.361393      -17.6377       5.94228      0.672648E-05
179 0.6230       4.99999       46.1842      0.360364      -17.5728       5.92228      0.672648E-05
180 0.6265       4.99999       46.0707      0.359478      -17.5169       5.90455      0.672648E-05
181 0.6300       4.99999       45.9734      0.358717      -17.4690       5.88902      0.672648E-05
182 0.6335       4.99999       45.8901      0.358066      -17.4280       5.87551      0.672648E-05
183 0.6370       4.99999       45.8189      0.357510      -17.3929       5.86382      0.672648E-05
184 0.6405       4.99999       45.7581      0.357034      -17.3630       5.85375      0.672648E-05
185 0.6440       4.99999       45.7062      0.356629      -17.3375       5.84508      0.672648E-05
186 0.6475       4.99999       45.6620      0.356283      -17.3158       5.83765      0.672648E-05
187 0.6510       4.99999       45.6243      0.355988      -17.2972       5.83128      0.672648E-05
188 0.6545       4.99999       45.5922      0.355738      -17.2814       5.82583      0.672648E-05
189 0.6580       4.99999       45.5649      0.355524      -17.2680       5.82117      0.672648E-05
190 0.6615       4.99999       45.5416      0.355342      -17.2565       5.81719      0.672648E-05
191 0.6650       4.99999       45.5218      0.355187      -17.2468       5.81380      0.672648E-05
192 0.6685       4.99999       45.5050      0.355055      -17.2385       5.81090      0.672648E-05
193 0.6720       4.99999       45.4906      0.354942      -17.2315       5.80843      0.672648E-05
194 0.6755       4.99999       45.4784      0.354847      -17.2255       5.80632      0.672648E-05
195 0.6790       4.99999       45.4681      0.354766      -17.2203       5.80453      0.672648E-05
196 0.6825       4.99999       45.4593      0.354696      -17.2160       5.80301      0.672648E-05
197 0.6860       4.99999       45.4518      0.354638      -17.2123       5.80170      0.672648E-05
198 0.6895       4.99999       45.4454      0.354588      -17.2092       5.80060      0.672648E-05
199 0.6930       4.99999       45.4399      0.354545      -17.2065       5.79965      0.672648E-05
200 0.6965       4.99999       45.4353      0.354509      -17.2042       5.79885      0.672648E-05
201 0.7000       4.99999       45.4314      0.354478      -17.2023       5.79817      0.672648E-05
202 0.7035       4.99999       45.4280      0.354452      -17.2006       5.79758      0.672648E-05
203 0.7070       4.99999       45.4252      0.354430      -17.1992       5.79708      0.672648E-05
204 0.7105       4.99999       45.4227      0.354410      -17.1980       5.79665      0.672648E-05
205 0.7140       4.99999       45.4207      0.354394      -17.1970       5.79629      0.672648E-05
206 0.7175       4.99999       45.4189      0.354381      -17.1961       5.79598      0.672648E-05
207 0.7210       4.99999       45.4174      0.354369      -17.1953       5.79571      0.672648E-05
208 0.7245       4.99999       45.4161      0.354359      -17.1947       5.79548      0.672648E-05
209 0.7280       4.99999       45.4150      0.354351      -17.1941       5.79529      0.672648E-05
210 0.7315       4.99999       45.4140      0.354344      -17.1937       5.79511      0.672648E-05
211 0.7350       4.99999       45.4132      0.354337      -17.1933       5.79497      0.672648E-05
212 0.7385       4.99999       45.4125      0.354332      -17.1929       5.79485      0.672648E-05
213 0.7420       4.99999       45.4119      0.354328      -17.1926       5.79474      0.672648E-05
214 0.7455       4.99999       45.4114      0.354324      -17.1923       5.79464      0.672648E-05
215 0.7490       4.99999       45.4109      0.354321      -17.1921       5.79456      0.672648E-05
216 0.7525       4.99999       45.4105      0.354318      -17.1919       5.79449      0.672648E-05
217 0.7560       4.99999       45.4101      0.354316      -17.1917       5.79443      0.672648E-05
218 0.7595       4.99999       45.4098      0.354314      -17.1916       5.79437      0.672648E-05
219 0.7630       4.99999       45.4096      0.354312      -17.1915       5.79432      0.672648E-05
220 0.7665       4.99999       45.4093      0.354311      -17.1913       5.79428      0.672648E-05
221 0.7700       4.99999       45.4091      0.354310      -17.1912       5.79424      0.672648E-05
222 0.7735       4.99999       45.4089      0.354309      -17.1911       5.79420      0.672648E-05
223 0.7770       4.99999       45.4087      0.354308      -17.1910       5.79417      0.672648E-05
224 0.7805       4.99999       45.4085      0.354307      -17.1909       5.79414      0.672648E-05
225 0.7840       4.99999       45.4083      0.354306      -17.1909       5.79411      0.672648E-05
226 0.7875       4.99999       45.4082      0.354306      -17.1908       5.79408      0.672648E-05
227 0.7910       4.99999       45.4080      0.354305      -17.1907       5.79405      0.672648E-05
228 0.7945       4.99999       45.4079      0.354305      -17.1906       5.79402      0.672648E-05
229 0.7980       4.99999       45.4077      0.354305      -17.1905       5.79399      0.672648E-05
230 0.8015       4.99999       45.4076      0.354304      -17.1905       5.79396      0.672648E-05
231 0.8050       4.99999       45.4074      0.354304      -17.1904       5.79394      0.672648E-05
232 0.8085       4.99999       45.4072      0.354304      -17.1903       5.79391      0.672648E-05
233 0.8120       4.99999       45.4070      0.354304      -17.1902       5.79388      0.672648E-05
234 0.8155       4.99999       45.4069      0.354304      -17.1902       5.79385      0.672648E-05
235 0.8190       4.99999       45.4067      0.354303      -17.1901       5.79382      0.672648E-05
236 0.8225       4.99999       45.4065      0.354303      -17.1900       5.79380      0.672648E-05
237 0.8260       4.99999       45.4063      0.354303      -17.1899       5.79377      0.672648E-05
238 0.8295       4.99999       45.4062      0.354303      -17.1899       5.79374      0.672648E-05
239 0.8330       4.99999       45.4060      0.354303      -17.1898       5.79371      0.672648E-05
240 0.8365       4.99999       45.4058      0.354303      -17.1897       5.79368      0.672648E-05
241 0.8400       4.99999       45.4056      0.354303      -17.1896       5.79365      0.672648E-05
242 0.8435       4.99999       45.4054      0.354303      -17.1895       5.79362      0.672648E-05
243 0.8470       4.99999       45.4052      0.354303      -17.1894       5.79359      0.672648E-05
244 0.8505       4.99999       45.4050      0.354303      -17.1894       5.79356      0.672648E-05
245 0.8540       4.99999       45.4048      0.354303      -17.1893       5.79353      0.672648E-05
246 0.8575       4.99999       45.4046      0.354303      -17.1892       5.79349      0.672648E-05
247 0.8610       4.99999       45.4043      0.354303      -17.1891       5.79346      0.672648E-05
248 0.8645       4.99999       45.4041      0.354303      -17.1890       5.79343      0.672648E-05
249 0.8680       4.99999       45.4039      0.354303      -17.1889       5.79339      0.672648E-05
250 0.8715       4.99999       45.4037      0.354303      -17.1888       5.79335      0.672648E-05
251 0.8750       4.99999       45.4034      0.354303      -17.1887       5.79332      0.672648E-05
252 0.8785       4.99999       45.4032      0.354303      -17.1886       5.79328      0.672648E-05
253 0.8820       4.99999       45.4029      0.354303      -17.1885       5.79324      0.672648E-05
254 0.8855       4.99999       45.4027      0.354303      -17.1884       5.79320      0.672648E-05
255 0.8890       4.99999       45.4024      0.354303      -17.1882       5.79316      0.672648E-05
256 0.8925       4.99999       45.4021      0.354303      -17.1881       5.79312      0.672648E-05
257 0.8960       4.99999       45.4019      0.354303      -17.1880       5.79307      0.672648E-05
258 0.8995       4.99999       45.4016      0.354303      -17.1879       5.79303      0.672648E-05
259 0.9030       4.99999       45.4013      0.354303      -17.1878       5.79299      0.672648E-05
260 0.9065       4.99999       45.4010      0.354303      -17.1877       5.79294      0.672648E-05
261 0.9100       4.99999       45.4007      0.354303      -17.1875       5.79290      0.672648E-05
262 0.9135       4.99999       45.4004      0.354303      -17.1874       5.79285      0.672648E-05
263 0.9170       4.99999       45.4001      0.354303      -17.1873       5.79280      0.672648E-05
264 0.9205       4.99999       45.3998      0.354303      -17.1871       5.79276      0.672648E-05
265 0.9240       4.99999       45.3995      0.354303      -17.1870       5.79271      0.672648E-05
266 0.9275       4.99999       45.3992      0.354303      -17.1869       5.79266      0.672648E-05
267 0.9310       4.99999       45.3989      0.354303      -17.1867       5.79262      0.672648E-05
268 0.9345       4.99999       45.3986      0.354303      -17.1866       5.79257      0.672648E-05
269 0.9380       4.99999       45.3982      0.354303      -17.1865       5.79252      0.672648E-05
270 0.9415       4.99999       45.3979      0.354303      -17.1863       5.79247      0.672648E-05
271 0.9450       4.99999       45.3976      0.354303      -17.1862       5.79241      0.672648E-05
272 0.9485       4.99999       45.3972      0.354303      -17.1860       5.79236      0.672648E-05
273 0.9520       4.99999       45.3969      0.354303      -17.1859       5.79231      0.672648E-05
274 0.9555       4.99999       45.3965      0.354303      -17.1857       5.79225      0.672648E-05
275 0.9590       4.99999       45.3961      0.354303      -17.1856       5.79220      0.672648E-05
276 0.9625       4.99999       45.3958      0.354303      -17.1854       5.79214      0.672648E-05
277 0.9660       4.99999       45.3954      0.354303      -17.1853       5.79209      0.672648E-05
278 0.9695       4.99999       45.3950      0.354303      -17.1851       5.79203      0.672648E-05
279 0.9730       4.99999       45.3946      0.354303      -17.1849       5.79197      0.672648E-05
280 0.9765       4.99999       45.3942      0.354303      -17.1848       5.79192      0.672648E-05
281 0.9800       4.99999       45.3939      0.354303      -17.1846       5.79186      0.672648E-05
282 0.9835       4.99999       45.3935      0.354303      -17.1845       5.79180      0.672648E-05
283 0.9870       4.99999       45.3931      0.354303      -17.1843       5.79174      0.672648E-05
284 0.9905       4.99999       45.3927      0.354303      -17.1841       5.79168      0.672648E-05
285 0.9940       4.99999       45.3923      0.354303      -17.1840       5.79163      0.672648E-05
286 0.9975       4.99999       45.3919      0.354303      -17.1838       5.79156      0.672648E-05
287  1.001       4.99999       45.3914      0.354303      -17.1836       5.79151      0.672648E-05
288  1.004       4.99999       45.3910      0.354303      -17.1835       5.79144      0.672648E-05
289  1.008       4.99999       45.3906      0.354303      -17.1833       5.79138      0.672648E-05
290  1.011       4.99999       45.3901      0.354303      -17.1831       5.79132      0.672648E-05
291  1.015       4.99999       45.3897      0.354303      -17.1829       5.79125      0.672648E-05
292  1.018       4.99999       45.3893      0.354303      -17.1827       5.79119      0.672648E-05
293  1.022       4.99999       45.3888      0.354303      -17.1825       5.79112      0.672648E-05
294  1.025       4.99999       45.3884      0.354303      -17.1824       5.79106      0.672648E-05
295  1.029       4.99999       45.3879      0.354303      -17.1822       5.79099      0.672648E-05
296  1.032       4.99999       45.3874      0.354303      -17.1820       5.79092      0.672648E-05
297  1.036       4.99999       45.3870      0.354303      -17.1818       5.79086      0.672648E-05
298  1.039       4.99999       45.3865      0.354303      -17.1816       5.79079      0.672648E-05
299  1.043       4.99999       45.3860      0.354303      -17.1814       5.79072      0.672648E-05
300  1.046       4.99999       45.3855      0.354303      -17.1812       5.79065      0.672648E-05
301  1.050       4.99999       45.3851      0.354303      -17.1810       5.79058      0.672648E-05
302  1.053       4.99999       45.3845      0.354303      -17.1808       5.79051      0.672648E-05
303  1.057       4.99999       45.3841      0.354303      -17.1806       5.79044      0.672648E-05
304  1.060       4.99999       45.3836      0.354303      -17.1804       5.79037      0.672648E-05
305  1.064       4.99999       45.3830      0.354303      -17.1802       5.79030      0.672648E-05
306  1.067       4.99999       45.3826      0.354303      -17.1800       5.79023      0.672648E-05
307  1.071       4.99999       45.3821      0.354303      -17.1798       5.79015      0.672648E-05
308  1.074       4.99999       45.3815      0.354303      -17.1796       5.79008      0.672648E-05
309  1.078       4.99999       45.3810      0.354303      -17.1794       5.79001      0.672648E-05
310  1.081       4.99999       45.3805      0.354303      -17.1792       5.78994      0.672648E-05
311  1.085       4.99999       45.3800      0.354303      -17.1790       5.78987      0.672648E-05
312  1.088       4.99999       45.3795      0.354303      -17.1788       5.78979      0.672648E-05
313  1.092       4.99999       45.3790      0.354303      -17.1785       5.78972      0.672648E-05
314  1.095       4.99999       45.3784      0.354303      -17.1783       5.78964      0.672648E-05
315  1.099       4.99999       45.3779      0.354303      -17.1781       5.78957      0.672648E-05
316  1.102       4.99999       45.3773      0.354303      -17.1779       5.78949      0.672648E-05
317  1.106       4.99999       45.3768      0.354303      -17.1777       5.78941      0.672648E-05
318  1.109       4.99999       45.3762      0.354303      -17.1774       5.78933      0.672648E-05
319  1.113       4.99999       45.3756      0.354303      -17.1772       5.78926      0.672648E-05
320  1.116       4.99999       45.3751      0.354303      -17.1770       5.78918      0.672648E-05
321  1.120       4.99999       45.3745      0.354303      -17.1768       5.78910      0.672648E-05
322  1.123       4.99999       45.3739      0.354303      -17.1765       5.78902      0.672648E-05
323  1.127       4.99999       45.3733      0.354303      -17.1763       5.78893      0.672648E-05
324  1.130       4.99999       45.3728      0.354303      -17.1761       5.78885      0.672648E-05
325  1.134       4.99999       45.3722      0.354303      -17.1758       5.78877      0.672648E-05
326  1.137       4.99999       45.3716      0.354303      -17.1756       5.78869      0.672648E-05
327  1.141       4.99999       45.3710      0.354303      -17.1753       5.78861      0.672648E-05
328  1.144       4.99999       45.3704      0.354303      -17.1751       5.78852      0.672648E-05
329  1.148       4.99999       45.3698      0.354303      -17.1749       5.78844      0.672648E-05
330  1.151       4.99999       45.3691      0.354303      -17.1746       5.78835      0.672648E-05
331  1.155       4.99999       45.3685      0.354303      -17.1744       5.78827      0.672648E-05
332  1.158       4.99999       45.3679      0.354303      -17.1741       5.78819      0.672648E-05
333  1.162       4.99999       45.3673      0.354303      -17.1739       5.78810      0.672648E-05
334  1.165       4.99999       45.3666      0.354303      -17.1736       5.78801      0.672648E-05
335  1.169       4.99999       45.3660      0.354303      -17.1734       5.78792      0.672648E-05
336  1.172       4.99999       45.3653      0.354303      -17.1731       5.78783      0.672648E-05
337  1.176       4.99999       45.3647      0.354303      -17.1729       5.78774      0.672648E-05
338  1.179       4.99999       45.3641      0.354303      -17.1726       5.78765      0.672648E-05
339  1.183       4.99999       45.3634      0.354303      -17.1723       5.78756      0.672648E-05
340  1.186       4.99999       45.3627      0.354303      -17.1721       5.78748      0.672648E-05
341  1.190       4.99999       45.3621      0.354303      -17.1718       5.78738      0.672648E-05
342  1.193       4.99999       45.3614      0.354303      -17.1716       5.78729      0.672648E-05
343  1.197       4.99999       45.3608      0.354303      -17.1713       5.78720      0.672648E-05
344  1.200       4.99999       45.3601      0.354303      -17.1710       5.78710      0.672648E-05
345  1.204       4.99999       45.3594      0.354303      -17.1707       5.78701      0.672648E-05
346  1.207       4.99999       45.3587      0.354303      -17.1705       5.78691      0.672648E-05
347  1.211       4.99999       45.3580      0.354303      -17.1702       5.78681      0.672648E-05
348  1.214       4.99999       45.3573      0.354303      -17.1699       5.78671      0.672648E-05
349  1.218       4.99999       45.3566      0.354303      -17.1696       5.78661      0.672648E-05
350  1.221       4.99999       45.3559      0.354303      -17.1693       5.78650      0.672648E-05
351  1.225       4.99999       45.3551      0.354303      -17.1690       5.78640      0.672648E-05
352  1.228       4.99999       45.3544      0.354303      -17.1687       5.78630      0.672648E-05
353  1.232       4.99999       45.3537      0.354303      -17.1684       5.78619      0.672648E-05
354  1.235       4.99999       45.3529      0.354303      -17.1681       5.78608      0.672648E-05
355  1.239       4.99999       45.3522      0.354303      -17.1678       5.78598      0.672648E-05
356  1.242       4.99999       45.3514      0.354303      -17.1675       5.78587      0.672648E-05
357  1.246       4.99999       45.3507      0.354303      -17.1672       5.78576      0.672648E-05
358  1.249       4.99999       45.3499      0.354303      -17.1669       5.78565      0.672648E-05
359  1.253       4.99999       45.3491      0.354303      -17.1666       5.78554      0.672648E-05
360  1.256       4.99999       45.3483      0.354303      -17.1662       5.78543      0.672648E-05
361  1.260       4.99999       45.3475      0.354303      -17.1659       5.78532      0.672648E-05
362  1.263       4.99999       45.3467      0.354303      -17.1656       5.78520      0.672648E-05
363  1.267       4.99999       45.3459      0.354303      -17.1653       5.78509      0.672648E-05
364  1.270       4.99999       45.3451      0.354303      -17.1649       5.78497      0.672648E-05
365  1.274       4.99999       45.3443      0.354303      -17.1646       5.78485      0.672648E-05
366  1.277       4.99999       45.3434      0.354303      -17.1643       5.78473      0.672648E-05
367  1.281       4.99999       45.3426      0.354303      -17.1639       5.78461      0.672648E-05
368  1.284       4.99999       45.3417      0.354303      -17.1636       5.78449      0.672648E-05
369  1.288       4.99999       45.3409      0.354303      -17.1632       5.78437      0.672648E-05
370  1.291       4.99999       45.3400      0.354303      -17.1629       5.78425      0.672648E-05
371  1.295       4.99999       45.3392      0.354303      -17.1625       5.78413      0.672648E-05
372  1.298       4.99999       45.3383      0.354303      -17.1622       5.78401      0.672648E-05
373  1.302       4.99999       45.3374      0.354303      -17.1618       5.78388      0.672648E-05
374  1.305       4.99999       45.3366      0.354303      -17.1615       5.78376      0.672648E-05
375  1.309       4.99999       45.3357      0.354303      -17.1611       5.78363      0.672648E-05
376  1.312       4.99999       45.3348      0.354303      -17.1607       5.78350      0.672648E-05
377  1.316       4.99999       45.3339      0.354303      -17.1604       5.78337      0.672648E-05
378  1.319       4.99999       45.3329      0.354303      -17.1600       5.78324      0.672648E-05
379  1.323       4.99999       45.3320      0.354303      -17.1596       5.78311      0.672648E-05
380  1.326       4.99999       45.3311      0.354303      -17.1593       5.78298      0.672648E-05
381  1.330       4.99999       45.3302      0.354303      -17.1589       5.78285      0.672648E-05
382  1.333       4.99999       45.3293      0.354303      -17.1585       5.78271      0.672648E-05
383  1.337       4.99999       45.3283      0.354303      -17.1581       5.78258      0.672648E-05
384  1.340       4.99999       45.3274      0.354303      -17.1577       5.78245      0.672648E-05
385  1.344       4.99999       45.3265      0.354303      -17.1574       5.78231      0.672648E-05
386  1.347       4.99999       45.3255      0.354303      -17.1570       5.78218      0.672648E-05
387  1.351       4.99999       45.3246      0.354303      -17.1566       5.78204      0.672648E-05
388  1.354       4.99999       45.3237      0.354303      -17.1562       5.78190      0.672648E-05
389  1.358       4.99999       45.3227      0.354303      -17.1558       5.78177      0.672648E-05
390  1.361       4.99999       45.3218      0.354303      -17.1554       5.78163      0.672648E-05
391  1.365       4.99999       45.3208      0.354303      -17.1550       5.78150      0.672648E-05
392  1.368       4.99999       45.3199      0.354303      -17.1547       5.78136      0.672648E-05
393  1.372       4.99999       45.3189      0.354303      -17.1543       5.78122      0.672648E-05
394  1.375       4.99999       45.3180      0.354303      -17.1539       5.78109      0.672648E-05
395  1.379       4.99999       45.3170      0.354303      -17.1535       5.78095      0.672648E-05
396  1.382       4.99999       45.3161      0.354303      -17.1531       5.78082      0.672648E-05
397  1.386       4.99999       45.3151      0.354303      -17.1527       5.78069      0.672648E-05
398  1.389       4.99999       45.3142      0.354303      -17.1524       5.78055      0.672648E-05
399  1.393       4.99999       45.3132      0.354303      -17.1520       5.78042      0.672648E-05
400  1.396       4.99999       45.3123      0.354303      -17.1516       5.78028      0.672648E-05
401  1.400       4.99999       45.3113      0.354303      -17.1512       5.78015      0.672648E-05
402  1.403       4.99999       45.3103      0.354303      -17.1508       5.78002      0.672648E-05
403  1.407       4.99999       45.3094      0.354303      -17.1504       5.77988      0.672648E-05
404  1.410       4.99999       45.3084      0.354303      -17.1500       5.77975      0.672648E-05
405  1.414       4.99999       45.3074      0.354303      -17.1497       5.77961      0.672648E-05
406  1.417       4.99999       45.3065      0.354303      -17.1493       5.77947      0.672648E-05
407  1.421       4.99999       45.3055      0.354303      -17.1489       5.77934      0.672648E-05
408  1.424       4.99999       45.3045      0.354303      -17.1485       5.77920      0.672648E-05
409  1.428       4.99999       45.3035      0.354303      -17.1481       5.77906      0.672648E-05
410  1.431       4.99999       45.3025      0.354303      -17.1477       5.77893      0.672648E-05
411  1.435       4.99999       45.3015      0.354303      -17.1473       5.77879      0.672648E-05
412  1.438       4.99999       45.3005      0.354303      -17.1469       5.77865      0.672648E-05
413  1.442       4.99999       45.2995      0.354303      -17.1465       5.77851      0.672648E-05
414  1.445       4.99999       45.2985      0.354303      -17.1461       5.77837      0.672648E-05
415  1.449       4.99999       45.2975      0.354303      -17.1457       5.77823      0.672648E-05
416  1.452       4.99999       45.2965      0.354303      -17.1453       5.77809      0.672648E-05
417  1.456       4.99999       45.2955      0.354303      -17.1449       5.77795      0.672648E-05
418  1.459       4.99999       45.2945      0.354303      -17.1445       5.77781      0.672648E-05
419  1.463       4.99999       45.2934      0.354303      -17.1441       5.77767      0.672648E-05
420  1.466       4.99999       45.2924      0.354303      -17.1437       5.77753      0.672648E-05
421  1.470       4.99999       45.2914      0.354303      -17.1433       5.77739      0.672648E-05
422  1.473       4.99999       45.2903      0.354303      -17.1428       5.77725      0.672648E-05
423  1.477       4.99999       45.2893      0.354303      -17.1424       5.77710      0.672648E-05
424  1.480       4.99999       45.2882      0.354303      -17.1420       5.77696      0.672648E-05
425  1.484       4.99999       45.2872      0.354303      -17.1416       5.77681      0.672648E-05
426  1.487       4.99999       45.2861      0.354303      -17.1412       5.77667      0.672648E-05
427  1.491       4.99999       45.2850      0.354303      -17.1408       5.77653      0.672648E-05
428  1.494       4.99999       45.2839      0.354303      -17.1403       5.77638      0.672648E-05
429  1.498       4.99999       45.2829      0.354303      -17.1399       5.77624      0.672648E-05
430  1.501       4.99999       45.2818      0.354303      -17.1395       5.77609      0.672648E-05
431  1.505       4.99999       45.2807      0.354303      -17.1391       5.77594      0.672648E-05
432  1.508       4.99999       45.2796      0.354303      -17.1386       5.77579      0.672648E-05
433  1.512       4.99999       45.2784      0.354303      -17.1382       5.77564      0.672648E-05
434  1.515       4.99999       45.2773      0.354303      -17.1377       5.77549      0.672648E-05
435  1.519       4.99999       45.2762      0.354303      -17.1373       5.77534      0.672648E-05
436  1.522       4.99999       45.2750      0.354303      -17.1368       5.77518      0.672648E-05
437  1.526       4.99999       45.2739      0.354303      -17.1364       5.77503      0.672648E-05
438  1.529       4.99999       45.2728      0.354303      -17.1360       5.77488      0.672648E-05
439  1.533       4.99999       45.2716      0.354303      -17.1355       5.77472      0.672648E-05
440  1.536       4.99999       45.2705      0.354303      -17.1351       5.77457      0.672648E-05
441  1.540       4.99999       45.2693      0.354303      -17.1346       5.77442      0.672648E-05
442  1.543       4.99999       45.2681      0.354303      -17.1342       5.77426      0.672648E-05
443  1.547       4.99999       45.2670      0.354303      -17.1337       5.77410      0.672648E-05
444  1.550       4.99999       45.2658      0.354303      -17.1332       5.77395      0.672648E-05
445  1.554       4.99999       45.2646      0.354303      -17.1328       5.77379      0.672648E-05
446  1.557       4.99999       45.2634      0.354303      -17.1323       5.77363      0.672648E-05
447  1.561       4.99999       45.2622      0.354303      -17.1319       5.77348      0.672648E-05
448  1.564       4.99999       45.2610      0.354303      -17.1314       5.77332      0.672648E-05
449  1.568       4.99999       45.2598      0.354303      -17.1309       5.77316      0.672648E-05
450  1.571       4.99999       45.2586      0.354303      -17.1305       5.77300      0.672648E-05
451  1.575       4.99999       45.2574      0.354303      -17.1300       5.77283      0.672648E-05
452  1.578       4.99999       45.2561      0.354303      -17.1295       5.77267      0.672648E-05
453  1.582       4.99999       45.2549      0.354303      -17.1290       5.77250      0.672648E-05
454  1.585       4.99999       45.2536      0.354303      -17.1285       5.77233      0.672648E-05
455  1.589       4.99999       45.2524      0.354303      -17.1280       5.77216      0.672648E-05
456  1.592       4.99999       45.2511      0.354303      -17.1275       5.77199      0.672648E-05
457  1.596       4.99999       45.2498      0.354303      -17.1270       5.77181      0.672648E-05
458  1.599       4.99999       45.2485      0.354303      -17.1265       5.77164      0.672648E-05
459  1.603       4.99999       45.2472      0.354303      -17.1260       5.77147      0.672648E-05
460  1.606       4.99999       45.2459      0.354303      -17.1255       5.77129      0.672648E-05
461  1.610       4.99999       45.2446      0.354303      -17.1250       5.77112      0.672648E-05
462  1.613       4.99999       45.2433      0.354303      -17.1245       5.77094      0.672648E-05
463  1.617       4.99999       45.2420      0.354303      -17.1240       5.77077      0.672648E-05
464  1.620       4.99999       45.2407      0.354303      -17.1234       5.77059      0.672648E-05
465  1.624       4.99999       45.2393      0.354303      -17.1229       5.77041      0.672648E-05
466  1.627       4.99999       45.2380      0.354303      -17.1224       5.77023      0.672648E-05
467  1.631       4.99999       45.2366      0.354303      -17.1219       5.77004      0.672648E-05
468  1.634       4.99999       45.2352      0.354303      -17.1213       5.76986      0.672648E-05
469  1.638       4.99999       45.2339      0.354303      -17.1208       5.76967      0.672648E-05
470  1.641       4.99999       45.2325      0.354303      -17.1202       5.76948      0.672648E-05
471  1.645       4.99999       45.2311      0.354303      -17.1197       5.76930      0.672648E-05
472  1.648       4.99999       45.2297      0.354303      -17.1191       5.76911      0.672648E-05
473  1.652       4.99999       45.2283      0.354303      -17.1186       5.76892      0.672648E-05
474  1.655       4.99999       45.2270      0.354303      -17.1180       5.76872      0.672648E-05
475  1.659       4.99999       45.2256      0.354303      -17.1175       5.76853      0.672648E-05
476  1.662       4.99999       45.2241      0.354303      -17.1169       5.76834      0.672648E-05
477  1.666       4.99999       45.2228      0.354303      -17.1164       5.76815      0.672648E-05
478  1.669       4.99999       45.2214      0.354303      -17.1158       5.76796      0.672648E-05
479  1.673       4.99999       45.2199      0.354303      -17.1153       5.76777      0.672648E-05
480  1.676       4.99999       45.2185      0.354303      -17.1147       5.76758      0.672648E-05
481  1.680       4.99999       45.2171      0.354303      -17.1142       5.76740      0.672648E-05
482  1.683       4.99999       45.2157      0.354303      -17.1136       5.76721      0.672648E-05
483  1.687       4.99999       45.2143      0.354303      -17.1131       5.76702      0.672648E-05
484  1.690       4.99999       45.2129      0.354303      -17.1125       5.76683      0.672648E-05
485  1.694       4.99999       45.2115      0.354303      -17.1120       5.76664      0.672648E-05
486  1.697       4.99999       45.2101      0.354303      -17.1114       5.76645      0.672648E-05
487  1.701       4.99999       45.2087      0.354303      -17.1109       5.76626      0.672648E-05
488  1.704       4.99999       45.2072      0.354303      -17.1103       5.76606      0.672648E-05
489  1.708       4.99999       45.2058      0.354303      -17.1097       5.76587      0.672648E-05
490  1.711       4.99999       45.2043      0.354303      -17.1092       5.76567      0.672648E-05
491  1.715       4.99999       45.2029      0.354303      -17.1086       5.76548      0.672648E-05
492  1.718       4.99999       45.2015      0.354303      -17.1080       5.76528      0.672648E-05
493  1.722       4.99999       45.2000      0.354303      -17.1075       5.76508      0.672648E-05
494  1.725       4.99999       45.1985      0.354303      -17.1069       5.76489      0.672648E-05
495  1.729       4.99999       45.1971      0.354303      -17.1063       5.76469      0.672648E-05
496  1.732       4.99999       45.1956      0.354303      -17.1057       5.76449      0.672648E-05
497  1.736       4.99999       45.1941      0.354303      -17.1052       5.76429      0.672648E-05
498  1.739       4.99999       45.1926      0.354303      -17.1046       5.76409      0.672648E-05
499  1.743       4.99999       45.1911      0.354303      -17.1040       5.76389      0.672648E-05
500  1.746       4.99999       45.1896      0.354303      -17.1034       5.76369      0.672648E-05
501  1.750       4.99999       45.1881      0.354303      -17.1028       5.76349      0.672648E-05
502  1.753       4.99999       45.1866      0.354303      -17.1022       5.76328      0.672648E-05
503  1.757       4.99999       45.1851      0.354303      -17.1016       5.76308      0.672648E-05
504  1.760       4.99999       45.1836      0.354303      -17.1010       5.76287      0.672648E-05
505  1.764       4.99999       45.1820      0.354303      -17.1004       5.76267      0.672648E-05
506  1.767       4.99999       45.1805      0.354303      -17.0998       5.76246      0.672648E-05
507  1.771       4.99999       45.1790      0.354303      -17.0993       5.76226      0.672648E-05
508  1.774       4.99999       45.1775      0.354303      -17.0987       5.76206      0.672648E-05
509  1.778       4.99999       45.1759      0.354303      -17.0981       5.76185      0.672648E-05
510  1.781       4.99999       45.1744      0.354303      -17.0975       5.76164      0.672648E-05
511  1.785       4.99999       45.1729      0.354303      -17.0969       5.76144      0.672648E-05
512  1.788       4.99999       45.1713      0.354303      -17.0963       5.76123      0.672648E-05
513  1.792       4.99999       45.1698      0.354303      -17.0956       5.76102      0.672648E-05
514  1.795       4.99999       45.1682      0.354303      -17.0950       5.76081      0.672648E-05
515  1.799       4.99999       45.1666      0.354303      -17.0944       5.76059      0.672648E-05
516  1.802       4.99999       45.1650      0.354303      -17.0938       5.76037      0.672648E-05
517  1.806       4.99999       45.1635      0.354303      -17.0931       5.76016      0.672648E-05
518  1.809       4.99999       45.1619      0.354303      -17.0925       5.75994      0.672648E-05
519  1.813       4.99999       45.1603      0.354303      -17.0919       5.75972      0.672648E-05
520  1.816       4.99999       45.1587      0.354303      -17.0912       5.75950      0.672648E-05
521  1.820       4.99999       45.1571      0.354303      -17.0906       5.75927      0.672648E-05
522  1.823       4.99999       45.1554      0.354303      -17.0900       5.75905      0.672648E-05
523  1.827       4.99999       45.1538      0.354303      -17.0893       5.75883      0.672648E-05
524  1.830       4.99999       45.1522      0.354303      -17.0887       5.75861      0.672648E-05
525  1.834       4.99999       45.1505      0.354303      -17.0880       5.75838      0.672648E-05
526  1.837       4.99999       45.1489      0.354303      -17.0874       5.75815      0.672648E-05
527  1.841       4.99999       45.1472      0.354303      -17.0867       5.75792      0.672648E-05
528  1.844       4.99999       45.1455      0.354303      -17.0860       5.75769      0.672648E-05
529  1.848       4.99999       45.1438      0.354303      -17.0853       5.75745      0.672648E-05
530  1.851       4.99999       45.1421      0.354303      -17.0847       5.75722      0.672648E-05
531  1.855       4.99999       45.1404      0.354303      -17.0840       5.75698      0.672648E-05
532  1.858       4.99999       45.1387      0.354303      -17.0833       5.75674      0.672648E-05
533  1.862       4.99999       45.1369      0.354303      -17.0826       5.75649      0.672648E-05
534  1.865       4.99999       45.1352      0.354303      -17.0819       5.75625      0.672648E-05
535  1.869       4.99999       45.1334      0.354303      -17.0812       5.75601      0.672648E-05
536  1.872       4.99999       45.1316      0.354303      -17.0805       5.75576      0.672648E-05
537  1.876       4.99999       45.1299      0.354303      -17.0798       5.75552      0.672648E-05
538  1.879       4.99999       45.1281      0.354303      -17.0791       5.75527      0.672648E-05
539  1.883       4.99999       45.1263      0.354303      -17.0784       5.75502      0.672648E-05
540  1.886       4.99999       45.1245      0.354303      -17.0776       5.75477      0.672648E-05
541  1.890       4.99999       45.1227      0.354303      -17.0769       5.75453      0.672648E-05
542  1.893       4.99999       45.1209      0.354303      -17.0762       5.75428      0.672648E-05
543  1.897       4.99999       45.1190      0.354303      -17.0755       5.75403      0.672648E-05
544  1.900       4.99999       45.1172      0.354303      -17.0748       5.75378      0.672648E-05
545  1.904       4.99999       45.1154      0.354303      -17.0741       5.75354      0.672648E-05
546  1.907       4.99999       45.1136      0.354303      -17.0733       5.75329      0.672648E-05
547  1.911       4.99999       45.1118      0.354303      -17.0726       5.75304      0.672648E-05
548  1.914       4.99999       45.1099      0.354303      -17.0719       5.75279      0.672648E-05
549  1.918       4.99999       45.1081      0.354303      -17.0712       5.75254      0.672648E-05
550  1.921       4.99999       45.1062      0.354303      -17.0704       5.75228      0.672648E-05
551  1.925       4.99999       45.1044      0.354303      -17.0697       5.75203      0.672648E-05
552  1.928       4.99999       45.1025      0.354303      -17.0690       5.75178      0.672648E-05
553  1.932       4.99999       45.1007      0.354303      -17.0682       5.75153      0.672648E-05
554  1.935       4.99999       45.0988      0.354303      -17.0675       5.75128      0.672648E-05
555  1.939       4.99999       45.0970      0.354303      -17.0668       5.75103      0.672648E-05
556  1.942       4.99999       45.0951      0.354303      -17.0661       5.75078      0.672648E-05
557  1.946       4.99999       45.0933      0.354303      -17.0653       5.75052      0.672648E-05
558  1.949       4.99999       45.0914      0.354303      -17.0646       5.75027      0.672648E-05
559  1.953       4.99999       45.0895      0.354303      -17.0639       5.75002      0.672648E-05
560  1.956       4.99999       45.0876      0.354303      -17.0631       5.74976      0.672648E-05
561  1.960       4.99999       45.0857      0.354303      -17.0624       5.74951      0.672648E-05
562  1.963       4.99999       45.0838      0.354303      -17.0616       5.74926      0.672648E-05
563  1.967       4.99999       45.0819      0.354303      -17.0609       5.74900      0.672648E-05
564  1.970       4.99999       45.0800      0.354303      -17.0601       5.74874      0.672648E-05
565  1.974       4.99999       45.0781      0.354303      -17.0594       5.74849      0.672648E-05
566  1.977       4.99999       45.0762      0.354303      -17.0587       5.74823      0.672648E-05
567  1.981       4.99999       45.0743      0.354303      -17.0579       5.74798      0.672648E-05
568  1.984       4.99999       45.0724      0.354303      -17.0572       5.74772      0.672648E-05
569  1.988       4.99999       45.0705      0.354303      -17.0564       5.74747      0.672648E-05
570  1.991       4.99999       45.0686      0.354303      -17.0557       5.74721      0.672648E-05
571  1.995       4.99999       45.0666      0.354303      -17.0549       5.74695      0.672648E-05
572  1.998       4.99999       45.0647      0.354303      -17.0542       5.74669      0.672648E-05
573  2.002       4.99999       45.0628      0.354303      -17.0534       5.74644      0.672648E-05
574  2.005       4.99999       45.0609      0.354303      -17.0527       5.74618      0.672648E-05
575  2.009       4.99999       45.0589      0.354303      -17.0519       5.74592      0.672648E-05
576  2.012       4.99999       45.0569      0.354303      -17.0511       5.74565      0.672648E-05
577  2.016       4.99999       45.0550      0.354303      -17.0504       5.74539      0.672648E-05
578  2.019       4.99999       45.0530      0.354303      -17.0496       5.74513      0.672648E-05
579  2.023       4.99999       45.0510      0.354303      -17.0488       5.74486      0.672648E-05
580  2.026       4.99999       45.0490      0.354303      -17.0481       5.74460      0.672648E-05
581  2.030       4.99999       45.0470      0.354303      -17.0473       5.74433      0.672648E-05
582  2.033       4.99999       45.0450      0.354303      -17.0465       5.74406      0.672648E-05
583  2.037       4.99999       45.0430      0.354303      -17.0457       5.74380      0.672648E-05
584  2.040       4.99999       45.0410      0.354303      -17.0449       5.74353      0.672648E-05
585  2.044       4.99999       45.0390      0.354303      -17.0441       5.74326      0.672648E-05
586  2.047       4.99999       45.0370      0.354303      -17.0434       5.74299      0.672648E-05
587  2.051       4.99999       45.0349      0.354303      -17.0426       5.74272      0.672648E-05
588  2.054       4.99999       45.0329      0.354303      -17.0418       5.74245      0.672648E-05
589  2.058       4.99999       45.0308      0.354303      -17.0410       5.74218      0.672648E-05
590  2.061       4.99999       45.0288      0.354303      -17.0402       5.74191      0.672648E-05
591  2.065       4.99999       45.0268      0.354303      -17.0394       5.74164      0.672648E-05
592  2.068       4.99999       45.0247      0.354303      -17.0386       5.74137      0.672648E-05
593  2.072       4.99999       45.0227      0.354303      -17.0378       5.74109      0.672648E-05
594  2.075       4.99999       45.0206      0.354303      -17.0370       5.74082      0.672648E-05
595  2.079       5.00000       45.0186      0.354303      -17.0362       5.74055      0.672648E-05
596  2.082       5.00000       45.0165      0.354303      -17.0354       5.74027      0.672648E-05
597  2.086       5.00000       45.0144      0.354303      -17.0346       5.74000      0.672648E-05
598  2.089       5.00000       45.0123      0.354303      -17.0338       5.73973      0.672648E-05
599  2.093       5.00000       45.0102      0.354303      -17.0330       5.73945      0.672648E-05
600  2.096       5.00000       45.0081      0.354303      -17.0322       5.73917      0.672648E-05
601  2.100       5.00000       45.0061      0.354303      -17.0314       5.73890      0.672648E-05
602  2.103       5.00000       45.0040      0.354303      -17.0306       5.73863      0.672648E-05
603  2.107       5.00000       45.0019      0.354303      -17.0298       5.73835      0.672648E-05
604  2.110       5.00000       44.9998      0.354303      -17.0290       5.73807      0.672648E-05
605  2.114       5.00000       44.9977      0.354303      -17.0282       5.73780      0.672648E-05
606  2.117       5.00000       44.9956      0.354303      -17.0274       5.73752      0.672648E-05
607  2.121       5.00000       44.9935      0.354303      -17.0265       5.73725      0.672648E-05
608  2.124       5.00000       44.9914      0.354303      -17.0257       5.73697      0.672648E-05
609  2.128       5.00000       44.9892      0.354303      -17.0249       5.73669      0.672648E-05
610  2.131       5.00000       44.9871      0.354303      -17.0241       5.73641      0.672648E-05
611  2.135       5.00000       44.9850      0.354303      -17.0233       5.73614      0.672648E-05
612  2.138       5.00000       44.9829      0.354303      -17.0225       5.73586      0.672648E-05
613  2.142       5.00000       44.9808      0.354303      -17.0217       5.73558      0.672648E-05
614  2.145       5.00000       44.9787      0.354303      -17.0208       5.73530      0.672648E-05
615  2.149       5.00000       44.9766      0.354303      -17.0200       5.73502      0.672648E-05
616  2.152       5.00000       44.9744      0.354303      -17.0192       5.73474      0.672648E-05
617  2.156       5.00000       44.9723      0.354303      -17.0184       5.73446      0.672648E-05
618  2.159       5.00000       44.9702      0.354303      -17.0176       5.73418      0.672648E-05
619  2.163       5.00000       44.9680      0.354303      -17.0167       5.73390      0.672648E-05
620  2.166       5.00000       44.9659      0.354303      -17.0159       5.73363      0.672648E-05
621  2.170       5.00000       44.9638      0.354303      -17.0151       5.73335      0.672648E-05
622  2.173       5.00000       44.9617      0.354303      -17.0143       5.73307      0.672648E-05
623  2.177       5.00000       44.9595      0.354303      -17.0135       5.73279      0.672648E-05
624  2.180       5.00000       44.9574      0.354303      -17.0126       5.73251      0.672648E-05
625  2.184       5.00000       44.9552      0.354303      -17.0118       5.73223      0.672648E-05
626  2.187       5.00000       44.9531      0.354303      -17.0110       5.73195      0.672648E-05
627  2.191       5.00000       44.9509      0.354303      -17.0102       5.73166      0.672648E-05
628  2.194       5.00000       44.9488      0.354303      -17.0093       5.73138      0.672648E-05
629  2.198       5.00000       44.9466      0.354303      -17.0085       5.73110      0.672648E-05
630  2.201       5.00000       44.9444      0.354303      -17.0076       5.73081      0.672648E-05
631  2.205       5.00000       44.9422      0.354303      -17.0068       5.73052      0.672648E-05
632  2.208       5.00000       44.9400      0.354303      -17.0060       5.73023      0.672648E-05
633  2.212       5.00000       44.9378      0.354303      -17.0051       5.72995      0.672648E-05
634  2.215       5.00000       44.9356      0.354303      -17.0043       5.72966      0.672648E-05
635  2.219       5.00000       44.9334      0.354303      -17.0034       5.72936      0.672648E-05
636  2.222       5.00000       44.9312      0.354303      -17.0025       5.72907      0.672648E-05
637  2.226       5.00000       44.9289      0.354303      -17.0017       5.72878      0.672648E-05
638  2.229       5.00000       44.9267      0.354303      -17.0008       5.72848      0.672648E-05
639  2.233       5.00000       44.9244      0.354303      -16.9999       5.72819      0.672648E-05
640  2.236       5.00000       44.9222      0.354303      -16.9991       5.72789      0.672648E-05
641  2.240       5.00000       44.9199      0.354303      -16.9982       5.72759      0.672648E-05
642  2.243       5.00000       44.9176      0.354303      -16.9973       5.72729      0.672648E-05
643  2.247       5.00000       44.9154      0.354303      -16.9964       5.72699      0.672648E-05
644  2.250       5.00000       44.9131      0.354303      -16.9956       5.72669      0.672648E-05
645  2.254       5.00000       44.9108      0.354303      -16.9947       5.72639      0.672648E-05
646  2.257       5.00000       44.9085      0.354303      -16.9938       5.72609      0.672648E-05
647  2.261       5.00000       44.9062      0.354303      -16.9929       5.72578      0.672648E-05
648  2.264       5.00000       44.9039      0.354303      -16.9920       5.72548      0.672648E-05
649  2.268       5.00000       44.9016      0.354303      -16.9911       5.72517      0.672648E-05
650  2.271       5.00000       44.8993      0.354303      -16.9902       5.72487      0.672648E-05
651  2.275       5.00000       44.8970      0.354303      -16.9893       5.72456      0.672648E-05
652  2.278       5.00000       44.8946      0.354303      -16.9884       5.72425      0.672648E-05
653  2.282       5.00000       44.8923      0.354303      -16.9875       5.72394      0.672648E-05
654  2.285       5.00000       44.8900      0.354303      -16.9866       5.72363      0.672648E-05
655  2.289       5.00000       44.8876      0.354303      -16.9857       5.72332      0.672648E-05
656  2.292       5.00000       44.8853      0.354303      -16.9848       5.72301      0.672648E-05
657  2.296       5.00000       44.8829      0.354303      -16.9839       5.72270      0.672648E-05
658  2.299       5.00000       44.8806      0.354303      -16.9830       5.72239      0.672648E-05
659  2.303       5.00000       44.8782      0.354303      -16.9821       5.72208      0.672648E-05
660  2.306       5.00000       44.8759      0.354303      -16.9811       5.72177      0.672648E-05
661  2.310       5.00000       44.8735      0.354303      -16.9802       5.72146      0.672648E-05
662  2.313       5.00000       44.8711      0.354303      -16.9793       5.72115      0.672648E-05
663  2.317       5.00000       44.8688      0.354303      -16.9784       5.72084      0.672648E-05
664  2.320       5.00000       44.8664      0.354303      -16.9775       5.72053      0.672648E-05
665  2.324       5.00000       44.8641      0.354303      -16.9766       5.72022      0.672648E-05
666  2.327       5.00000       44.8617      0.354303      -16.9757       5.71991      0.672648E-05
667  2.331       5.00000       44.8594      0.354303      -16.9748       5.71960      0.672648E-05
668  2.334       5.00000       44.8570      0.354303      -16.9739       5.71929      0.672648E-05
669  2.338       5.00000       44.8547      0.354303      -16.9730       5.71898      0.672648E-05
670  2.341       5.00000       44.8523      0.354303      -16.9721       5.71867      0.672648E-05
671  2.345       5.00000       44.8499      0.354303      -16.9711       5.71836      0.672648E-05
672  2.348       5.00000       44.8476      0.354303      -16.9702       5.71805      0.672648E-05
673  2.352       5.00000       44.8452      0.354303      -16.9693       5.71774      0.672648E-05
674  2.355       5.00000       44.8429      0.354303      -16.9684       5.71743      0.672648E-05
675  2.359       5.00000       44.8405      0.354303      -16.9675       5.71712      0.672648E-05
676  2.362       5.00000       44.8382      0.354303      -16.9666       5.71681      0.672648E-05
677  2.366       5.00000       44.8358      0.354303      -16.9657       5.71651      0.672648E-05
678  2.369       5.00000       44.8334      0.354303      -16.9648       5.71620      0.672648E-05
679  2.373       5.00000       44.8311      0.354303      -16.9639       5.71589      0.672648E-05
680  2.376       5.00000       44.8287      0.354303      -16.9630       5.71559      0.672648E-05
681  2.380       5.00000       44.8264      0.354303      -16.9621       5.71528      0.672648E-05
682  2.383       5.00000       44.8240      0.354303      -16.9612       5.71498      0.672648E-05
683  2.387       5.00000       44.8217      0.354303      -16.9603       5.71467      0.672648E-05
684  2.390       5.00000       44.8193      0.354303      -16.9594       5.71437      0.672648E-05
685  2.394       5.00000       44.8170      0.354303      -16.9585       5.71406      0.672648E-05
686  2.397       5.00000       44.8146      0.354303      -16.9576       5.71376      0.672648E-05
687  2.401       5.00000       44.8123      0.354303      -16.9567       5.71345      0.672648E-05
688  2.404       5.00000       44.8099      0.354303      -16.9558       5.71315      0.672648E-05
689  2.408       5.00000       44.8075      0.354303      -16.9549       5.71284      0.672648E-05
690  2.411       5.00000       44.8052      0.354303      -16.9540       5.71254      0.672648E-05
691  2.415       5.00000       44.8028      0.354303      -16.9531       5.71223      0.672648E-05
692  2.418       5.00000       44.8004      0.354303      -16.9522       5.71192      0.672648E-05
693  2.422       5.00000       44.7980      0.354303      -16.9513       5.71160      0.672648E-05
694  2.425       5.00000       44.7956      0.354303      -16.9503       5.71129      0.672648E-05
695  2.429       5.00000       44.7932      0.354303      -16.9494       5.71098      0.672648E-05
696  2.432       5.00000       44.7908      0.354303      -16.9485       5.71066      0.672648E-05
697  2.436       5.00000       44.7883      0.354303      -16.9475       5.71035      0.672648E-05
698  2.439       5.00000       44.7859      0.354303      -16.9466       5.71003      0.672648E-05
699  2.443       5.00000       44.7835      0.354303      -16.9457       5.70972      0.672648E-05
700  2.446       5.00000       44.7810      0.354303      -16.9447       5.70940      0.672648E-05
701  2.450       5.00000       44.7786      0.354303      -16.9438       5.70908      0.672648E-05
