# Mowe_temp                                                                       
# Operating point sequence...
# i     t     alpha_ref     Lift          CL            Fn  for[ 1]   Mc` mom[ 1]   Phi[ 2]      
  1  0.000       5.00000       45.0332      0.346640      -16.9674       5.66112       1.85675    
  2 0.1000E-01   5.00000       45.0332      0.346640      -16.9674       5.66112       1.85675    
  3 0.2000E-01   5.00000       45.0332      0.346640      -16.9674       5.66112       1.85675    
  4 0.3000E-01   5.00000       45.0332      0.346640      -16.9674       5.66112       1.85675    
  5 0.4000E-01   5.00000       45.0332      0.346640      -16.9674       5.66112       1.85675    
  6 0.5000E-01   5.00000       45.0332      0.346640      -16.9674       5.66112       1.85675    
  7 0.6000E-01   5.00000       45.0332      0.346640      -16.9674       5.66111       1.85675    
  8 0.7000E-01   5.00000       45.0332      0.346640      -16.9674       5.66112       1.85675    
  9 0.8000E-01   5.00000       45.0332      0.346640      -16.9674       5.66112       1.85675    
 10 0.9000E-01   5.00000       45.0333      0.346640      -16.9674       5.66112       1.85676    
 11 0.1000       5.00000       45.0333      0.346640      -16.9674       5.66112       1.85676    
 12 0.1100       5.00000       45.0333      0.346640      -16.9674       5.66112       1.85676    
 13 0.1200       5.00000       45.0333      0.346640      -16.9674       5.66113       1.85676    
 14 0.1300       5.00000       45.0334      0.346640      -16.9674       5.66113       1.85676    
 15 0.1400       5.00000       45.0334      0.346640      -16.9674       5.66114       1.85676    
 16 0.1500       5.00000       45.0335      0.346640      -16.9674       5.66114       1.85676    
 17 0.1600       5.00000       45.0335      0.346640      -16.9675       5.66115       1.85676    
 18 0.1700       5.00000       45.0335      0.346640      -16.9675       5.66116       1.85676    
 19 0.1800       5.00000       45.0336      0.346640      -16.9675       5.66116       1.85676    
 20 0.1900       5.00000       45.0337      0.346640      -16.9675       5.66117       1.85676    
 21 0.2000       5.00000       45.0337      0.346640      -16.9676       5.66118       1.85676    
 22 0.2100       5.00000       45.0338      0.346640      -16.9676       5.66119       1.85677    
 23 0.2200       5.00000       45.0338      0.346640      -16.9676       5.66119       1.85677    
 24 0.2300       5.00000       45.0339      0.346640      -16.9676       5.66120       1.85677    
 25 0.2400       5.00000       45.0340      0.346640      -16.9677       5.66122       1.85678    
 26 0.2500       5.00000       45.0341      0.346640      -16.9677       5.66122       1.85678    
 27 0.2600       5.00000       45.0341      0.346640      -16.9677       5.66123       1.85679    
 28 0.2700       5.00000       45.0342      0.346640      -16.9677       5.66124       1.85679    
 29 0.2800       5.00000       45.0343      0.346640      -16.9678       5.66125       1.85680    
 30 0.2900       5.00000       45.0343      0.346640      -16.9678       5.66126       1.85681    
 31 0.3000       5.00000       45.0344      0.346640      -16.9678       5.66127       1.85682    
 32 0.3100       5.00000       45.0345      0.346640      -16.9679       5.66128       1.85683    
 33 0.3200       5.00000       45.0346      0.346640      -16.9679       5.66129       1.85684    
 34 0.3300       5.00000       45.0347      0.346639      -16.9679       5.66131       1.85685    
 35 0.3400       5.00000       45.0348      0.346640      -16.9680       5.66132       1.85686    
 36 0.3500       5.00000       45.0349      0.346639      -16.9680       5.66133       1.85688    
 37 0.3600       5.00000       45.0350      0.346639      -16.9681       5.66134       1.85690    
 38 0.3700       5.00000       45.0351      0.346639      -16.9681       5.66136       1.85691    
 39 0.3800       5.00000       45.0352      0.346639      -16.9681       5.66137       1.85693    
 40 0.3900       4.99999       45.0353      0.346639      -16.9682       5.66139       1.85695    
 41 0.4000       4.99999       45.0354      0.346639      -16.9682       5.66140       1.85698    
 42 0.4100       4.99999       45.0355      0.346639      -16.9683       5.66142       1.85700    
 43 0.4200       4.99999       45.0357      0.346639      -16.9683       5.66144       1.85703    
 44 0.4300       4.99999       45.0358      0.346639      -16.9684       5.66146       1.85705    
 45 0.4400       4.99999       45.0359      0.346639      -16.9684       5.66147       1.85708    
 46 0.4500       4.99999       45.0361      0.346639      -16.9685       5.66149       1.85711    
 47 0.4600       4.99999       45.0362      0.346639      -16.9685       5.66151       1.85714    
 48 0.4700       4.99999       45.0363      0.346639      -16.9686       5.66152       1.85717    
 49 0.4800       4.99999       45.0365      0.346639      -16.9686       5.66154       1.85720    
 50 0.4900       4.99999       45.0366      0.346638      -16.9687       5.66156       1.85724    
 51 0.5000       4.99999       45.0368      0.346638      -16.9688       5.66158       1.85727    
 52 0.5100       5.00213       45.0430      0.346685      -16.9718       5.66233       1.85731    
 53 0.5200       5.01069       45.0899      0.347045      -16.9932       5.66930       1.85753    
 54 0.5300       5.02573       45.1879      0.347798      -17.0374       5.68431       1.85843    
 55 0.5400       5.04716       45.3383      0.348955      -17.1053       5.70760       1.86093    
 56 0.5500       5.07485       45.5418      0.350519      -17.1975       5.73925       1.86633    
 57 0.5600       5.10862       45.7978      0.352489      -17.3138       5.77913       1.87632    
 58 0.5700       5.14827       46.1050      0.354852      -17.4538       5.82704       1.89293    
 59 0.5800       5.19355       46.4614      0.357593      -17.6165       5.88264       1.91850    
 60 0.5900       5.24418       46.8643      0.360693      -17.8009       5.94552       1.95561    
 61 0.6000       5.29986       47.3107      0.364128      -18.0057       6.01519       2.00707    
 62 0.6100       5.36023       47.7970      0.367870      -18.2295       6.09113       2.07581    
 63 0.6200       5.42492       48.3197      0.371891      -18.4706       6.17274       2.16490    
 64 0.6300       5.49355       48.8745      0.376160      -18.7273       6.25936       2.27741    
 65 0.6400       5.56567       49.4573      0.380644      -18.9978       6.35035       2.41640    
 66 0.6500       5.64086       50.0635      0.385308      -19.2801       6.44498       2.58488    
 67 0.6600       5.71864       50.6885      0.390117      -19.5722       6.54254       2.78570    
 68 0.6700       5.79854       51.3276      0.395034      -19.8720       6.64224       3.02157    
 69 0.6800       5.88007       51.9759      0.400022      -20.1773       6.74335       3.29493    
 70 0.6900       5.96273       52.6286      0.405044      -20.4860       6.84506       3.60797    
 71 0.7000       6.04601       53.2806      0.410060      -20.7958       6.94658       3.96255    
 72 0.7100       6.12940       53.9272      0.415035      -21.1045       7.04711       4.36021    
 73 0.7200       6.21239       54.5633      0.419929      -21.4099       7.14590       4.80205    
 74 0.7300       6.29448       55.1843      0.424706      -21.7098       7.24212       5.28879    
 75 0.7400       6.37515       55.7854      0.429331      -22.0020       7.33499       5.82072    
 76 0.7500       6.45393       56.3621      0.433767      -22.2845       7.42383       6.39765    
 77 0.7600       6.53032       56.9100      0.437982      -22.5551       7.50782       7.01893    
 78 0.7700       6.60387       57.4250      0.441943      -22.8118       7.58631       7.68344    
 79 0.7800       6.67412       57.9031      0.445620      -23.0528       7.65864       8.38960    
 80 0.7900       6.74065       58.3406      0.448985      -23.2762       7.72414       9.13533    
 81 0.8000       6.80305       58.7342      0.452012      -23.4803       7.78226       9.91811    
 82 0.8100       6.86096       59.0808      0.454678      -23.6636       7.83242       10.7350    
 83 0.8200       6.91401       59.3778      0.456961      -23.8249       7.87427       11.5825    
 84 0.8300       6.96188       59.6228      0.458845      -23.9625       7.90723       12.4568    
 85 0.8400       7.00428       59.8141      0.460314      -24.0757       7.93109       13.3538    
 86 0.8500       7.04096       59.9500      0.461358      -24.1634       7.94555       14.2689    
 87 0.8600       7.07170       60.0297      0.461969      -24.2250       7.95040       15.1971    
 88 0.8700       7.09631       60.0525      0.462142      -24.2600       7.94562       16.1334    
 89 0.8800       7.11464       60.0182      0.461876      -24.2680       7.93106       17.0723    
 90 0.8900       7.12658       59.9274      0.461175      -24.2492       7.90700       18.0082    
 91 0.9000       7.13207       59.7808      0.460045      -24.2034       7.87345       18.9353    
 92 0.9100       7.13105       59.5797      0.458494      -24.1312       7.83074       19.8477    
 93 0.9200       7.12355       59.3256      0.456537      -24.0332       7.77933       20.7393    
 94 0.9300       7.10961       59.0209      0.454190      -23.9101       7.71944       21.6042    
 95 0.9400       7.08930       58.6680      0.451472      -23.7632       7.65190       22.4365    
 96 0.9500       7.06276       58.2698      0.448405      -23.5934       7.57709       23.2301    
 97 0.9600       7.03015       57.8295      0.445014      -23.4024       7.49589       23.9792    
 98 0.9700       6.99165       57.3505      0.441326      -23.1916       7.40888       24.6784    
 99 0.9800       6.94751       56.8367      0.437370      -22.9628       7.31693       25.3221    
100 0.9900       6.89800       56.2920      0.433176      -22.7179       7.22094       25.9053    
101  1.000       6.84340       55.7206      0.428777      -22.4589       7.12173       26.4232    
102  1.010       6.78405       55.1267      0.424204      -22.1879       7.02020       26.8713    
103  1.020       6.72032       54.5146      0.419491      -21.9067       6.91708       27.2456    
104  1.030       6.65258       53.8887      0.414673      -21.6178       6.81350       27.5426    
105  1.040       6.58125       53.2534      0.409781      -21.3232       6.71017       27.7591    
106  1.050       6.50677       52.6130      0.404851      -21.0250       6.60787       27.8925    
107  1.060       6.42958       51.9718      0.399915      -20.7253       6.50742       27.9407    
108  1.070       6.35016       51.3339      0.395004      -20.4261       6.40949       27.9023    
109  1.080       6.26899       50.7035      0.390151      -20.1294       6.31480       27.7760    
110  1.090       6.18657       50.0844      0.385385      -19.8370       6.22384       27.5616    
111  1.100       6.10340       49.4804      0.380735      -19.5505       6.13715       27.2590    
112  1.110       6.01999       48.8951      0.376229      -19.2719       6.05530       26.8690    
113  1.120       5.93685       48.3319      0.371893      -19.0023       5.97849       26.3927    
114  1.130       5.85449       47.7939      0.367752      -18.7435       5.90718       25.8317    
115  1.140       5.77341       47.2844      0.363829      -18.4964       5.84151       25.1883    
116  1.150       5.69412       46.8062      0.360146      -18.2626       5.78178       24.4652    
117  1.160       5.61710       46.3618      0.356725      -18.0429       5.72807       23.6655    
118  1.170       5.54282       45.9538      0.353584      -17.8384       5.68045       22.7930    
119  1.180       5.47174       45.5845      0.350740      -17.6500       5.63913       21.8516    
120  1.190       5.40430       45.2559      0.348210      -17.4784       5.60397       20.8461    
121  1.200       5.34091       44.9700      0.346007      -17.3244       5.57502       19.7812    
122  1.210       5.28197       44.7282      0.344145      -17.1887       5.55233       18.6626    
123  1.220       5.22783       44.5321      0.342634      -17.0716       5.53572       17.4958    
124  1.230       5.17883       44.3828      0.341483      -16.9740       5.52533       16.2871    
125  1.240       5.13528       44.2812      0.340699      -16.8960       5.52090       15.0432    
126  1.250       5.09744       44.2278      0.340286      -16.8381       5.52255       13.7708    
127  1.260       5.06555       44.2231      0.340248      -16.8005       5.53011       12.4773    
128  1.270       5.03980       44.2671      0.340584      -16.7837       5.54363       11.1702    
129  1.280       5.02035       44.3595      0.341293      -16.7876       5.56298       9.85744    
130  1.290       5.00732       44.4998      0.342371      -16.8124       5.58814       8.54703    
131  1.300       5.00080       44.6872      0.343810      -16.8581       5.61908       7.24733    
132  1.310       4.99999       44.9191      0.345592      -16.9241       5.65564       5.96683    
133  1.320       4.99999       45.1653      0.347484      -16.9968       5.69340       4.71400    
134  1.330       4.99999       45.4040      0.349318      -17.0678       5.72888       3.49711    
135  1.340       4.99999       45.6314      0.351066      -17.1352       5.76159       2.32399    
136  1.350       4.99999       45.8445      0.352703      -17.1982       5.79134       1.20198    
137  1.360       4.99999       46.0411      0.354214      -17.2559       5.81797      0.137855    
138  1.370       4.99999       46.2197      0.355585      -17.3080       5.84146     -0.862212    
139  1.380       4.99999       46.3791      0.356810      -17.3544       5.86184      -1.79271    
140  1.390       4.99999       46.5190      0.357884      -17.3948       5.87918      -2.64884    
141  1.400       4.99999       46.6390      0.358804      -17.4295       5.89354      -3.42652    
142  1.410       4.99999       46.7391      0.359572      -17.4583       5.90504      -4.12246    
143  1.420       4.99999       46.8195      0.360188      -17.4816       5.91382      -4.73412    
144  1.430       4.99999       46.8805      0.360656      -17.4993       5.91995      -5.25981    
145  1.440       4.99999       46.9227      0.360978      -17.5117       5.92362      -5.69859    
146  1.450       4.99999       46.9467      0.361161      -17.5189       5.92491      -6.05037    
147  1.460       4.99999       46.9532      0.361209      -17.5213       5.92400      -6.31582    
148  1.470       4.99999       46.9431      0.361128      -17.5190       5.92099      -6.49636    
149  1.480       4.99999       46.9172      0.360927      -17.5124       5.91610      -6.59416    
150  1.490       4.99999       46.8765      0.360611      -17.5015       5.90939      -6.61205    
151  1.500       4.99999       46.8221      0.360190      -17.4869       5.90106      -6.55349    
152  1.510       4.99999       46.7550      0.359672      -17.4688       5.89125      -6.42252    
153  1.520       4.99999       46.6765      0.359066      -17.4474       5.88010      -6.22368    
154  1.530       4.99999       46.5876      0.358380      -17.4232       5.86778      -5.96195    
155  1.540       4.99999       46.4897      0.357624      -17.3963       5.85438      -5.64267    
156  1.550       4.99999       46.3838      0.356808      -17.3673       5.84009      -5.27148    
157  1.560       4.99999       46.2713      0.355940      -17.3362       5.82500      -4.85422    
158  1.570       4.99999       46.1533      0.355030      -17.3036       5.80924      -4.39690    
159  1.580       4.99999       46.0311      0.354088      -17.2695       5.79294      -3.90560    
160  1.590       4.99999       45.9058      0.353122      -17.2344       5.77622      -3.38639    
161  1.600       4.99999       45.7786      0.352142      -17.1985       5.75917      -2.84531    
162  1.610       4.99999       45.6507      0.351156      -17.1622       5.74194      -2.28829    
163  1.620       4.99999       45.5232      0.350173      -17.1256       5.72463      -1.72109    
164  1.630       4.99999       45.3971      0.349200      -17.0891       5.70734      -1.14924    
165  1.640       4.99999       45.2734      0.348247      -17.0529       5.69022     -0.578058    
166  1.650       4.99999       45.1530      0.347319      -17.0173       5.67336     -0.125373E-01
167  1.660       4.99999       45.0369      0.346423      -16.9825       5.65690      0.542629    
168  1.670       4.99999       44.9259      0.345567      -16.9489       5.64095       1.08310    
169  1.680       4.99999       44.8206      0.344755      -16.9166       5.62564       1.60488    
170  1.690       4.99999       44.7218      0.343993      -16.8859       5.61107       2.10439    
171  1.700       4.99999       44.6299      0.343284      -16.8570       5.59737       2.57840    
172  1.710       4.99999       44.5457      0.342634      -16.8301       5.58462       3.02410    
173  1.720       4.99999       44.4693      0.342044      -16.8054       5.57295       3.43906    
174  1.730       4.99999       44.4012      0.341518      -16.7830       5.56240       3.82125    
175  1.740       4.99999       44.3416      0.341058      -16.7632       5.55307       4.16904    
176  1.750       4.99999       44.2906      0.340664      -16.7459       5.54502       4.48115    
177  1.760       4.99999       44.2484      0.340337      -16.7313       5.53826       4.75671    
178  1.770       4.99999       44.2149      0.340077      -16.7194       5.53286       4.99516    
179  1.780       4.99999       44.1900      0.339883      -16.7101       5.52880       5.19632    
180  1.790       4.99999       44.1736      0.339755      -16.7037       5.52610       5.36029    
181  1.800       4.99999       44.1654      0.339690      -16.6998       5.52472       5.48752    
182  1.810       4.99999       44.1652      0.339686      -16.6986       5.52463       5.57870    
183  1.820       4.99999       44.1726      0.339741      -16.6998       5.52576       5.63480    
184  1.830       4.99999       44.1872      0.339851      -16.7035       5.52810       5.65703    
185  1.840       4.99999       44.2085      0.340013      -16.7094       5.53153       5.64682    
186  1.850       4.99999       44.2361      0.340223      -16.7173       5.53598       5.60579    
187  1.860       4.99999       44.2694      0.340477      -16.7272       5.54136       5.53572    
188  1.870       4.99999       44.3079      0.340771      -16.7388       5.54757       5.43856    
189  1.880       4.99999       44.3510      0.341101      -16.7519       5.55453       5.31636    
190  1.890       4.99999       44.3982      0.341461      -16.7664       5.56212       5.17131    
191  1.900       4.99999       44.4488      0.341848      -16.7820       5.57022       5.00565    
192  1.910       4.99999       44.5022      0.342257      -16.7985       5.57874       4.82169    
193  1.920       4.99999       44.5580      0.342684      -16.8158       5.58761       4.62178    
194  1.930       4.99999       44.6154      0.343123      -16.8336       5.59667       4.40831    
195  1.940       4.99999       44.6739      0.343571      -16.8518       5.60587       4.18363    
196  1.950       4.99999       44.7329      0.344023      -16.8701       5.61508       3.95010    
197  1.960       4.99999       44.7921      0.344476      -16.8885       5.62427       3.71006    
198  1.970       4.99999       44.8507      0.344925      -16.9067       5.63330       3.46575    
199  1.980       4.99999       44.9085      0.345367      -16.9246       5.64215       3.21940    
200  1.990       4.99999       44.9649      0.345798      -16.9421       5.65072       2.97312    
201  2.000       4.99999       45.0195      0.346216      -16.9590       5.65895       2.72893    
