# Mowe_temp                                                                       
# Operating point sequence...
# i     t     alpha_ref     Lift          CL            Fn  for[ 1]   Mc` mom[ 1]   Phi[ 2]      
  1  0.000       5.00000       38.4319      0.275987      -14.2449       4.53388     -0.591507E-05
  2 0.1000E-01   5.00000       38.4319      0.275987      -14.2449       4.53388     -0.591508E-05
  3 0.2000E-01   5.00000       38.4319      0.275987      -14.2449       4.53388     -0.591507E-05
  4 0.3000E-01   5.00000       38.4319      0.275987      -14.2449       4.53388     -0.591507E-05
  5 0.4000E-01   5.00000       38.4319      0.275987      -14.2449       4.53388     -0.591508E-05
  6 0.5000E-01   5.00000       38.4319      0.275987      -14.2449       4.53388     -0.591507E-05
  7 0.6000E-01   5.00000       38.4319      0.275987      -14.2449       4.53388     -0.591508E-05
  8 0.7000E-01   5.00000       38.4319      0.275987      -14.2449       4.53388     -0.591508E-05
  9 0.8000E-01   5.00000       38.4319      0.275987      -14.2449       4.53388     -0.591507E-05
 10 0.9000E-01   5.00000       38.4320      0.275987      -14.2449       4.53388     -0.591507E-05
 11 0.1000       5.00000       38.4320      0.275987      -14.2449       4.53388     -0.591507E-05
 12 0.1100       5.00000       38.4320      0.275987      -14.2449       4.53388     -0.591507E-05
 13 0.1200       5.00000       38.4320      0.275987      -14.2449       4.53389     -0.591507E-05
 14 0.1300       5.00000       38.4320      0.275987      -14.2449       4.53389     -0.591508E-05
 15 0.1400       5.00000       38.4321      0.275987      -14.2449       4.53389     -0.591507E-05
 16 0.1500       5.00000       38.4321      0.275987      -14.2449       4.53390     -0.591507E-05
 17 0.1600       5.00000       38.4321      0.275987      -14.2449       4.53391     -0.591507E-05
 18 0.1700       5.00000       38.4322      0.275987      -14.2450       4.53391     -0.591507E-05
 19 0.1800       5.00000       38.4323      0.275987      -14.2450       4.53392     -0.591508E-05
 20 0.1900       5.00000       38.4323      0.275987      -14.2450       4.53392     -0.591507E-05
 21 0.2000       5.00000       38.4323      0.275987      -14.2450       4.53393     -0.591508E-05
 22 0.2100       5.00000       38.4324      0.275987      -14.2450       4.53394     -0.591508E-05
 23 0.2200       5.00000       38.4324      0.275987      -14.2451       4.53394     -0.591507E-05
 24 0.2300       5.00000       38.4325      0.275987      -14.2451       4.53395     -0.591507E-05
 25 0.2400       5.00000       38.4326      0.275987      -14.2451       4.53396     -0.591507E-05
 26 0.2500       5.00000       38.4326      0.275987      -14.2451       4.53397     -0.591507E-05
 27 0.2600       5.00000       38.4327      0.275987      -14.2451       4.53397     -0.591508E-05
 28 0.2700       5.00000       38.4327      0.275987      -14.2452       4.53398     -0.591506E-05
 29 0.2800       5.00000       38.4328      0.275987      -14.2452       4.53399     -0.591509E-05
 30 0.2900       5.00000       38.4329      0.275987      -14.2452       4.53400     -0.591505E-05
 31 0.3000       5.00000       38.4330      0.275987      -14.2453       4.53401     -0.591509E-05
 32 0.3100       5.00000       38.4330      0.275987      -14.2453       4.53402     -0.591507E-05
 33 0.3200       4.99999       38.4331      0.275987      -14.2453       4.53403     -0.591507E-05
 34 0.3300       4.99999       38.4332      0.275987      -14.2454       4.53404     -0.591507E-05
 35 0.3400       4.99999       38.4333      0.275987      -14.2454       4.53405     -0.591508E-05
 36 0.3500       4.99999       38.4334      0.275987      -14.2454       4.53406     -0.591507E-05
 37 0.3600       4.99999       38.4334      0.275987      -14.2455       4.53408     -0.591507E-05
 38 0.3700       4.99999       38.4335      0.275987      -14.2455       4.53409     -0.591508E-05
 39 0.3800       4.99999       38.4336      0.275987      -14.2455       4.53410     -0.591507E-05
 40 0.3900       4.99999       38.4337      0.275987      -14.2456       4.53412     -0.591508E-05
 41 0.4000       4.99999       38.4338      0.275987      -14.2456       4.53413     -0.591507E-05
 42 0.4100       4.99999       38.4339      0.275987      -14.2457       4.53415     -0.591508E-05
 43 0.4200       4.99999       38.4341      0.275987      -14.2457       4.53416     -0.591507E-05
 44 0.4300       4.99999       38.4342      0.275987      -14.2458       4.53418     -0.591508E-05
 45 0.4400       4.99999       38.4343      0.275987      -14.2458       4.53419     -0.591507E-05
 46 0.4500       4.99999       38.4344      0.275987      -14.2458       4.53421     -0.591508E-05
 47 0.4600       4.99999       38.4345      0.275987      -14.2459       4.53422     -0.591507E-05
 48 0.4700       4.99999       38.4347      0.275987      -14.2459       4.53424     -0.591508E-05
 49 0.4800       4.99999       38.4348      0.275987      -14.2460       4.53425     -0.591507E-05
 50 0.4900       4.99999       38.4349      0.275987      -14.2460       4.53427     -0.591508E-05
 51 0.5000       4.99999       38.4351      0.275987      -14.2461       4.53428     -0.591507E-05
 52 0.5100       5.00213       38.4373      0.276001      -14.2472       4.53445     -0.591504E-05
 53 0.5200       5.01069       38.4584      0.276153      -14.2577       4.53689     -0.591447E-05
 54 0.5300       5.02573       38.5198      0.276592      -14.2883       4.54655     -0.591507E-05
 55 0.5400       5.04716       38.6278      0.277367      -14.3421       4.56525     -0.591508E-05
 56 0.5500       5.07485       38.7827      0.278478      -14.4191       4.59271     -0.591507E-05
 57 0.5600       5.10862       38.9841      0.279923      -14.5193       4.62877     -0.591507E-05
 58 0.5700       5.14827       39.2315      0.281699      -14.6424       4.67326     -0.591507E-05
 59 0.5800       5.19355       39.5239      0.283798      -14.7878       4.72600     -0.591507E-05
 60 0.5900       5.24418       39.8600      0.286209      -14.9548       4.78670     -0.591508E-05
 61 0.6000       5.29986       40.2377      0.288921      -15.1426       4.85505     -0.591507E-05
 62 0.6100       5.36023       40.6552      0.291917      -15.3500       4.93065     -0.591158E-05
 63 0.6200       5.42492       41.1098      0.295181      -15.5758       5.01305     -0.591183E-05
 64 0.6300       5.49354       41.5989      0.298692      -15.8187       5.10177     -0.591211E-05
 65 0.6400       5.56567       42.1196      0.302430      -16.0772       5.19626     -0.591240E-05
 66 0.6500       5.64086       42.6687      0.306371      -16.3498       5.29595     -0.591272E-05
 67 0.6600       5.71864       43.2430      0.310494      -16.6348       5.40025     -0.591304E-05
 68 0.6700       5.79854       43.8388      0.314771      -16.9304       5.50850     -0.591339E-05
 69 0.6800       5.88007       44.4527      0.319177      -17.2349       5.62005     -0.591374E-05
 70 0.6900       5.96273       45.0807      0.323685      -17.5463       5.73422     -0.591408E-05
 71 0.7000       6.04601       45.7193      0.328268      -17.8629       5.85031     -0.591447E-05
 72 0.7100       6.12940       46.3643      0.332898      -18.1826       5.96761     -0.591483E-05
 73 0.7200       6.21239       47.0119      0.337547      -18.5035       6.08540     -0.591519E-05
 74 0.7300       6.29448       47.6581      0.342185      -18.8236       6.20296     -0.591557E-05
 75 0.7400       6.37515       48.2990      0.346785      -19.1410       6.31957     -0.591594E-05
 76 0.7500       6.45393       48.9306      0.351319      -19.4537       6.43452     -0.591629E-05
 77 0.7600       6.53032       49.5492      0.355758      -19.7598       6.54712     -0.591664E-05
 78 0.7700       6.60387       50.1507      0.360076      -20.0575       6.65665     -0.591701E-05
 79 0.7800       6.67412       50.7318      0.364246      -20.3449       6.76247     -0.591730E-05
 80 0.7900       6.74065       51.2886      0.368243      -20.6202       6.86391     -0.591764E-05
 81 0.8000       6.80306       51.8179      0.372041      -20.8819       6.96037     -0.591794E-05
 82 0.8100       6.86096       52.3164      0.375618      -21.1282       7.05125     -0.591508E-05
 83 0.8200       6.91401       52.7809      0.378951      -21.3577       7.13599     -0.591508E-05
 84 0.8300       6.96188       53.2087      0.382021      -21.5689       7.21407     -0.591508E-05
 85 0.8400       7.00428       53.5971      0.384808      -21.7607       7.28503     -0.591508E-05
 86 0.8500       7.04097       53.9438      0.387295      -21.9317       7.34843     -0.591508E-05
 87 0.8600       7.07171       54.2465      0.389467      -22.0810       7.40387     -0.591507E-05
 88 0.8700       7.09631       54.5035      0.391310      -22.2077       7.45102     -0.591508E-05
 89 0.8800       7.11465       54.7132      0.392813      -22.3109       7.48960     -0.591508E-05
 90 0.8900       7.12659       54.8742      0.393967      -22.3901       7.51936     -0.591508E-05
 91 0.9000       7.13207       54.9856      0.394765      -22.4448       7.54012     -0.591508E-05
 92 0.9100       7.13105       55.0467      0.395201      -22.4745       7.55177     -0.591508E-05
 93 0.9200       7.12355       55.0570      0.395274      -22.4793       7.55422     -0.591508E-05
 94 0.9300       7.10961       55.0167      0.394982      -22.4589       7.54745     -0.591508E-05
 95 0.9400       7.08930       54.9258      0.394327      -22.4136       7.53152     -0.591508E-05
 96 0.9500       7.06276       54.7850      0.393315      -22.3436       7.50653     -0.591507E-05
 97 0.9600       7.03015       54.5951      0.391949      -22.2493       7.47262     -0.591507E-05
 98 0.9700       6.99166       54.3572      0.390240      -22.1314       7.42999     -0.591508E-05
 99 0.9800       6.94752       54.0730      0.388197      -21.9906       7.37892     -0.591508E-05
100 0.9900       6.89800       53.7440      0.385833      -21.8276       7.31972     -0.591508E-05
101  1.000       6.84340       53.3724      0.383163      -21.6436       7.25274     -0.591507E-05
102  1.010       6.78405       52.9604      0.380203      -21.4396       7.17839     -0.591508E-05
103  1.020       6.72032       52.5105      0.376971      -21.2168       7.09714     -0.591508E-05
104  1.030       6.65258       52.0256      0.373487      -20.9768       7.00947     -0.591507E-05
105  1.040       6.58126       51.5085      0.369773      -20.7208       6.91592     -0.591507E-05
106  1.050       6.50677       50.9625      0.365852      -20.4505       6.81706     -0.591508E-05
107  1.060       6.42959       50.3910      0.361746      -20.1675       6.71351     -0.591507E-05
108  1.070       6.35017       49.7973      0.357483      -19.8736       6.60588     -0.591507E-05
109  1.080       6.26900       49.1853      0.353087      -19.5706       6.49485     -0.591508E-05
110  1.090       6.18658       48.5586      0.348586      -19.2602       6.38108     -0.591507E-05
111  1.100       6.10341       47.9211      0.344007      -18.9445       6.26529     -0.591507E-05
112  1.110       6.02000       47.2767      0.339379      -18.6253       6.14816     -0.591508E-05
113  1.120       5.93686       46.6293      0.334730      -18.3047       6.03044     -0.591508E-05
114  1.130       5.85449       45.9829      0.330088      -17.9844       5.91282     -0.591507E-05
115  1.140       5.77342       45.3415      0.325481      -17.6666       5.79603     -0.591508E-05
116  1.150       5.69412       44.7090      0.320939      -17.3532       5.68079     -0.591507E-05
117  1.160       5.61710       44.0892      0.316488      -17.0460       5.56780     -0.591508E-05
118  1.170       5.54282       43.4860      0.312156      -16.7470       5.45776     -0.591507E-05
119  1.180       5.47174       42.9030      0.307969      -16.4580       5.35133     -0.591507E-05
120  1.190       5.40430       42.3438      0.303953      -16.1808       5.24917     -0.591508E-05
121  1.200       5.34091       41.8118      0.300133      -15.9170       5.15191     -0.591507E-05
122  1.210       5.28197       41.3103      0.296531      -15.6683       5.06014     -0.591507E-05
123  1.220       5.22783       40.8422      0.293169      -15.4362       4.97443     -0.591507E-05
124  1.230       5.17883       40.4106      0.290069      -15.2221       4.89529     -0.591507E-05
125  1.240       5.13528       40.0179      0.287248      -15.0274       4.82321     -0.591507E-05
126  1.250       5.09744       39.6665      0.284725      -14.8532       4.75864     -0.591507E-05
127  1.260       5.06555       39.3588      0.282514      -14.7005       4.70197     -0.591507E-05
128  1.270       5.03980       39.0963      0.280628      -14.5704       4.65355     -0.591507E-05
129  1.280       5.02035       38.8809      0.279080      -14.4636       4.61367     -0.591507E-05
130  1.290       5.00732       38.7138      0.277879      -14.3808       4.58258     -0.591507E-05
131  1.300       5.00080       38.5960      0.277031      -14.3225       4.56046     -0.591507E-05
132  1.310       4.99999       38.5277      0.276540      -14.2888       4.54744     -0.591507E-05
133  1.320       4.99999       38.4976      0.276322      -14.2740       4.54236     -0.591507E-05
134  1.330       4.99999       38.4833      0.276218      -14.2671       4.54078     -0.591507E-05
135  1.340       4.99999       38.4732      0.276143      -14.2621       4.53942     -0.591507E-05
136  1.350       4.99999       38.4661      0.276091      -14.2586       4.53833     -0.591507E-05
137  1.360       4.99999       38.4614      0.276055      -14.2563       4.53754     -0.591508E-05
138  1.370       4.99999       38.4583      0.276031      -14.2547       4.53700     -0.591507E-05
139  1.380       4.99999       38.4564      0.276016      -14.2538       4.53665     -0.591507E-05
140  1.390       4.99999       38.4552      0.276006      -14.2531       4.53643     -0.591507E-05
141  1.400       4.99999       38.4545      0.275999      -14.2528       4.53629     -0.591508E-05
142  1.410       4.99999       38.4542      0.275995      -14.2525       4.53621     -0.591508E-05
143  1.420       4.99999       38.4540      0.275992      -14.2524       4.53616     -0.591507E-05
144  1.430       4.99999       38.4540      0.275990      -14.2524       4.53614     -0.591508E-05
145  1.440       4.99999       38.4541      0.275989      -14.2524       4.53613     -0.591508E-05
146  1.450       4.99999       38.4542      0.275988      -14.2524       4.53613     -0.591508E-05
147  1.460       4.99999       38.4544      0.275988      -14.2524       4.53614     -0.591507E-05
148  1.470       4.99999       38.4546      0.275987      -14.2525       4.53615     -0.591508E-05
149  1.480       4.99999       38.4548      0.275987      -14.2525       4.53617     -0.591507E-05
150  1.490       4.99999       38.4550      0.275987      -14.2526       4.53618     -0.591508E-05
151  1.500       4.99999       38.4552      0.275987      -14.2527       4.53620     -0.591507E-05
152  1.510       4.99999       38.4555      0.275987      -14.2527       4.53622     -0.591508E-05
153  1.520       4.99999       38.4557      0.275987      -14.2528       4.53624     -0.591507E-05
154  1.530       4.99999       38.4559      0.275987      -14.2529       4.53626     -0.591507E-05
155  1.540       4.99999       38.4562      0.275987      -14.2529       4.53628     -0.591507E-05
156  1.550       4.99999       38.4564      0.275987      -14.2530       4.53629     -0.591508E-05
157  1.560       4.99999       38.4566      0.275987      -14.2531       4.53631     -0.591507E-05
158  1.570       4.99999       38.4569      0.275987      -14.2531       4.53633     -0.591508E-05
159  1.580       4.99999       38.4571      0.275987      -14.2532       4.53635     -0.591507E-05
160  1.590       4.99999       38.4574      0.275987      -14.2533       4.53638     -0.591507E-05
161  1.600       4.99999       38.4576      0.275987      -14.2534       4.53640     -0.591507E-05
162  1.610       4.99999       38.4578      0.275987      -14.2534       4.53642     -0.591507E-05
163  1.620       4.99999       38.4581      0.275987      -14.2535       4.53643     -0.591507E-05
164  1.630       4.99999       38.4583      0.275987      -14.2536       4.53645     -0.591507E-05
165  1.640       4.99999       38.4585      0.275987      -14.2536       4.53648     -0.591508E-05
166  1.650       4.99999       38.4588      0.275987      -14.2537       4.53649     -0.591507E-05
167  1.660       4.99999       38.4590      0.275987      -14.2538       4.53651     -0.591507E-05
168  1.670       4.99999       38.4593      0.275987      -14.2539       4.53653     -0.591507E-05
169  1.680       4.99999       38.4595      0.275987      -14.2539       4.53655     -0.591508E-05
170  1.690       4.99999       38.4597      0.275987      -14.2540       4.53657     -0.591508E-05
171  1.700       4.99999       38.4600      0.275987      -14.2541       4.53659     -0.591507E-05
172  1.710       4.99999       38.4602      0.275987      -14.2541       4.53661     -0.591508E-05
173  1.720       4.99999       38.4605      0.275987      -14.2542       4.53663     -0.591508E-05
174  1.730       4.99999       38.4607      0.275987      -14.2543       4.53665     -0.591507E-05
175  1.740       4.99999       38.4609      0.275987      -14.2544       4.53667     -0.591507E-05
176  1.750       4.99999       38.4612      0.275987      -14.2544       4.53669     -0.591508E-05
177  1.760       4.99999       38.4614      0.275987      -14.2545       4.53671     -0.591508E-05
178  1.770       4.99999       38.4617      0.275987      -14.2546       4.53673     -0.591507E-05
179  1.780       4.99999       38.4619      0.275987      -14.2546       4.53675     -0.591508E-05
180  1.790       4.99999       38.4621      0.275987      -14.2547       4.53677     -0.591508E-05
181  1.800       4.99999       38.4624      0.275987      -14.2548       4.53679     -0.591507E-05
182  1.810       4.99999       38.4626      0.275987      -14.2549       4.53681     -0.591507E-05
183  1.820       4.99999       38.4629      0.275987      -14.2549       4.53683     -0.591508E-05
184  1.830       4.99999       38.4631      0.275987      -14.2550       4.53685     -0.591508E-05
185  1.840       4.99999       38.4634      0.275987      -14.2551       4.53687     -0.591507E-05
186  1.850       4.99999       38.4636      0.275987      -14.2552       4.53689     -0.591507E-05
187  1.860       4.99999       38.4638      0.275987      -14.2552       4.53691     -0.591508E-05
188  1.870       4.99999       38.4641      0.275987      -14.2553       4.53693     -0.591508E-05
189  1.880       4.99999       38.4643      0.275987      -14.2554       4.53694     -0.591507E-05
190  1.890       4.99999       38.4645      0.275987      -14.2554       4.53696     -0.591508E-05
191  1.900       4.99999       38.4648      0.275987      -14.2555       4.53698     -0.591508E-05
192  1.910       4.99999       38.4650      0.275987      -14.2556       4.53700     -0.591508E-05
193  1.920       4.99999       38.4653      0.275987      -14.2557       4.53702     -0.591507E-05
194  1.930       4.99999       38.4655      0.275987      -14.2557       4.53704     -0.591507E-05
195  1.940       4.99999       38.4657      0.275987      -14.2558       4.53706     -0.591507E-05
196  1.950       4.99999       38.4660      0.275987      -14.2559       4.53708     -0.591507E-05
197  1.960       4.99999       38.4662      0.275987      -14.2559       4.53710     -0.591507E-05
198  1.970       4.99999       38.4664      0.275987      -14.2560       4.53712     -0.591508E-05
199  1.980       4.99999       38.4667      0.275987      -14.2561       4.53714     -0.591508E-05
200  1.990       4.99999       38.4669      0.275987      -14.2562       4.53716     -0.591508E-05
201  2.000       4.99999       38.4672      0.275987      -14.2562       4.53718     -0.591508E-05
