# FFWT Flare 20                                                                   
# Operating point sequence...
# i     t     Mc` mom[ 1]  
  1  0.000      0.550534    
  2 0.4000E-02  0.550534    
  3 0.8000E-02  0.550536    
  4 0.1200E-01  0.550538    
  5 0.1600E-01  0.550537    
  6 0.2000E-01  0.550535    
  7 0.2400E-01  0.550532    
  8 0.2800E-01  0.550530    
  9 0.3200E-01  0.550530    
 10 0.3600E-01  0.550529    
 11 0.4000E-01  0.550529    
 12 0.4400E-01  0.550529    
 13 0.4800E-01  0.550531    
 14 0.5200E-01  0.550532    
 15 0.5600E-01  0.550533    
 16 0.6000E-01  0.550533    
 17 0.6400E-01  0.550533    
 18 0.6800E-01  0.550533    
 19 0.7200E-01  0.550533    
 20 0.7600E-01  0.550529    
 21 0.8000E-01  0.550528    
 22 0.8400E-01  0.550529    
 23 0.8800E-01  0.550529    
 24 0.9200E-01  0.550530    
 25 0.9600E-01  0.550531    
 26 0.1000      0.550533    
 27 0.1040      0.550534    
 28 0.1080      0.550535    
 29 0.1120      0.550537    
 30 0.1160      0.550539    
 31 0.1200      0.550541    
 32 0.1240      0.550542    
 33 0.1280      0.550541    
 34 0.1320      0.550540    
 35 0.1360      0.550636    
 36 0.1400      0.551143    
 37 0.1440      0.552448    
 38 0.1480      0.554996    
 39 0.1520      0.559396    
 40 0.1560      0.566123    
 41 0.1600      0.575545    
 42 0.1640      0.587882    
 43 0.1680      0.603089    
 44 0.1720      0.620762    
 45 0.1760      0.640424    
 46 0.1800      0.661440    
 47 0.1840      0.683048    
 48 0.1880      0.704596    
 49 0.1920      0.725574    
 50 0.1960      0.745637    
 51 0.2000      0.764636    
 52 0.2040      0.782618    
 53 0.2080      0.799751    
 54 0.2120      0.816252    
 55 0.2160      0.832319    
 56 0.2200      0.848052    
 57 0.2240      0.863414    
 58 0.2280      0.878198    
 59 0.2320      0.892055    
 60 0.2360      0.904536    
 61 0.2400      0.915139    
 62 0.2440      0.923388    
 63 0.2480      0.928890    
 64 0.2520      0.931381    
 65 0.2560      0.930747    
 66 0.2600      0.927029    
 67 0.2640      0.920400    
 68 0.2680      0.911120    
 69 0.2720      0.899490    
 70 0.2760      0.885789    
 71 0.2800      0.870265    
 72 0.2840      0.853052    
 73 0.2880      0.834385    
 74 0.2920      0.814165    
 75 0.2960      0.792324    
 76 0.3000      0.768926    
 77 0.3040      0.743959    
 78 0.3080      0.717457    
 79 0.3120      0.689569    
 80 0.3160      0.660552    
 81 0.3200      0.630743    
 82 0.3240      0.600568    
 83 0.3280      0.570525    
 84 0.3320      0.541162    
 85 0.3360      0.513023    
 86 0.3400      0.486613    
 87 0.3440      0.462412    
 88 0.3480      0.440768    
 89 0.3520      0.421949    
 90 0.3560      0.406141    
 91 0.3600      0.393406    
 92 0.3640      0.383726    
 93 0.3680      0.377008    
 94 0.3720      0.373108    
 95 0.3760      0.371867    
 96 0.3800      0.373123    
 97 0.3840      0.376717    
 98 0.3880      0.382530    
 99 0.3920      0.390475    
100 0.3960      0.400503    
101 0.4000      0.412554    
102 0.4040      0.426366    
103 0.4080      0.441588    
104 0.4120      0.457782    
105 0.4160      0.474374    
106 0.4200      0.490695    
107 0.4240      0.506078    
108 0.4280      0.519965    
109 0.4320      0.532004    
110 0.4360      0.542058    
111 0.4400      0.550284    
112 0.4440      0.557038    
113 0.4480      0.562886    
114 0.4520      0.568472    
115 0.4560      0.574368    
116 0.4600      0.581001    
117 0.4640      0.588584    
118 0.4680      0.597045    
119 0.4720      0.606072    
120 0.4760      0.615168    
121 0.4800      0.623756    
122 0.4840      0.631285    
123 0.4880      0.637335    
124 0.4920      0.641702    
125 0.4960      0.644436    
126 0.5000      0.645814    
127 0.5040      0.646288    
128 0.5080      0.646386    
129 0.5120      0.646617    
130 0.5160      0.647367    
131 0.5200      0.648825    
132 0.5240      0.650968    
133 0.5280      0.653564    
134 0.5320      0.656228    
135 0.5360      0.658514    
136 0.5400      0.659995    
137 0.5440      0.660356    
138 0.5480      0.659443    
139 0.5520      0.657297    
140 0.5560      0.654129    
141 0.5600      0.650283    
142 0.5640      0.646161    
143 0.5680      0.642145    
144 0.5720      0.638522    
145 0.5760      0.635441    
146 0.5800      0.632894    
147 0.5840      0.630723    
148 0.5880      0.628663    
149 0.5920      0.626401    
150 0.5960      0.623641    
151 0.6000      0.620159    
152 0.6040      0.615847    
153 0.6080      0.610733    
154 0.6120      0.604965    
155 0.6160      0.598777    
156 0.6200      0.592450    
157 0.6240      0.586251    
158 0.6280      0.580397    
159 0.6320      0.575020    
160 0.6360      0.570138    
161 0.6400      0.565670    
162 0.6440      0.561462    
163 0.6480      0.557327    
164 0.6520      0.553071    
165 0.6560      0.548548    
166 0.6600      0.543669    
167 0.6640      0.538436    
168 0.6680      0.532934    
169 0.6720      0.527307    
170 0.6760      0.521748    
171 0.6800      0.516454    
172 0.6840      0.511601    
173 0.6880      0.507320    
174 0.6920      0.503672    
175 0.6960      0.500656    
176 0.7000      0.498211    
177 0.7040      0.496219    
178 0.7080      0.494551    
179 0.7120      0.493083    
180 0.7160      0.491716    
181 0.7200      0.490390    
182 0.7240      0.489100    
183 0.7280      0.487885    
184 0.7320      0.486835    
185 0.7360      0.486056    
186 0.7400      0.485660    
187 0.7440      0.485742    
188 0.7480      0.486370    
189 0.7520      0.487559    
190 0.7560      0.489277    
191 0.7600      0.491447    
192 0.7640      0.493963    
193 0.7680      0.496703    
194 0.7720      0.499543    
195 0.7760      0.502374    
196 0.7800      0.505134    
197 0.7840      0.507800    
198 0.7880      0.510374    
199 0.7920      0.512905    
200 0.7960      0.515464    
