# FFWT Flare 20                                                                   
# Operating point sequence...
# i     t     Mc` mom[ 1]  
  1  0.000      0.550534    
  2 0.2000E-02  0.550534    
  3 0.4000E-02  0.550534    
  4 0.6000E-02  0.550539    
  5 0.8000E-02  0.550541    
  6 0.1000E-01  0.550540    
  7 0.1200E-01  0.550541    
  8 0.1400E-01  0.550540    
  9 0.1600E-01  0.550537    
 10 0.1800E-01  0.550536    
 11 0.2000E-01  0.550534    
 12 0.2200E-01  0.550530    
 13 0.2400E-01  0.550527    
 14 0.2600E-01  0.550527    
 15 0.2800E-01  0.550526    
 16 0.3000E-01  0.550525    
 17 0.3200E-01  0.550524    
 18 0.3400E-01  0.550524    
 19 0.3600E-01  0.550527    
 20 0.3800E-01  0.550526    
 21 0.4000E-01  0.550522    
 22 0.4200E-01  0.550524    
 23 0.4400E-01  0.550529    
 24 0.4600E-01  0.550531    
 25 0.4800E-01  0.550530    
 26 0.5000E-01  0.550531    
 27 0.5200E-01  0.550532    
 28 0.5400E-01  0.550534    
 29 0.5600E-01  0.550535    
 30 0.5800E-01  0.550537    
 31 0.6000E-01  0.550538    
 32 0.6200E-01  0.550539    
 33 0.6400E-01  0.550541    
 34 0.6600E-01  0.550543    
 35 0.6800E-01  0.550568    
 36 0.7000E-01  0.550743    
 37 0.7200E-01  0.551263    
 38 0.7400E-01  0.552240    
 39 0.7600E-01  0.553766    
 40 0.7800E-01  0.556111    
 41 0.8000E-01  0.559523    
 42 0.8200E-01  0.564236    
 43 0.8400E-01  0.570486    
 44 0.8600E-01  0.578496    
 45 0.8800E-01  0.588505    
 46 0.9000E-01  0.600651    
 47 0.9200E-01  0.614973    
 48 0.9400E-01  0.631553    
 49 0.9600E-01  0.650354    
 50 0.9800E-01  0.671217    
 51 0.1000      0.693903    
 52 0.1020      0.718124    
 53 0.1040      0.743544    
 54 0.1060      0.769753    
 55 0.1080      0.796271    
 56 0.1100      0.822587    
 57 0.1120      0.848204    
 58 0.1140      0.872628    
 59 0.1160      0.895389    
 60 0.1180      0.916058    
 61 0.1200      0.934242    
 62 0.1220      0.949624    
 63 0.1240      0.961980    
 64 0.1260      0.971163    
 65 0.1280      0.977093    
 66 0.1300      0.979777    
 67 0.1320      0.979300    
 68 0.1340      0.975821    
 69 0.1360      0.969553    
 70 0.1380      0.960745    
 71 0.1400      0.949676    
 72 0.1420      0.936644    
 73 0.1440      0.921964    
 74 0.1460      0.905925    
 75 0.1480      0.888801    
 76 0.1500      0.870809    
 77 0.1520      0.852168    
 78 0.1540      0.833083    
 79 0.1560      0.813617    
 80 0.1580      0.793840    
 81 0.1600      0.773792    
 82 0.1620      0.753528    
 83 0.1640      0.733088    
 84 0.1660      0.712360    
 85 0.1680      0.691295    
 86 0.1700      0.669886    
 87 0.1720      0.648169    
 88 0.1740      0.626182    
 89 0.1760      0.603894    
 90 0.1780      0.581356    
 91 0.1800      0.558706    
 92 0.1820      0.536109    
 93 0.1840      0.513735    
 94 0.1860      0.491799    
 95 0.1880      0.470540    
 96 0.1900      0.450231    
 97 0.1920      0.431173    
 98 0.1940      0.413663    
 99 0.1960      0.397985    
100 0.1980      0.384427    
101 0.2000      0.373277    
102 0.2020      0.364727    
103 0.2040      0.358816    
104 0.2060      0.355576    
105 0.2080      0.354986    
106 0.2100      0.356965    
107 0.2120      0.361366    
108 0.2140      0.367915    
109 0.2160      0.376251    
110 0.2180      0.385979    
111 0.2200      0.396669    
112 0.2220      0.407860    
113 0.2240      0.419087    
114 0.2260      0.429902    
115 0.2280      0.439865    
116 0.2300      0.448606    
117 0.2320      0.455850    
118 0.2340      0.461350    
119 0.2360      0.464946    
120 0.2380      0.466592    
121 0.2400      0.466352    
122 0.2420      0.464355    
123 0.2440      0.460799    
124 0.2460      0.455983    
125 0.2480      0.450253    
126 0.2500      0.443989    
127 0.2520      0.437601    
128 0.2540      0.431517    
129 0.2560      0.426141    
130 0.2580      0.421850    
131 0.2600      0.418962    
132 0.2620      0.417751    
133 0.2640      0.418414    
134 0.2660      0.421047    
135 0.2680      0.425677    
136 0.2700      0.432243    
137 0.2720      0.440585    
138 0.2740      0.450476    
139 0.2760      0.461603    
140 0.2780      0.473583    
141 0.2800      0.486052    
142 0.2820      0.498609    
143 0.2840      0.510826    
144 0.2860      0.522282    
145 0.2880      0.532597    
146 0.2900      0.541478    
147 0.2920      0.548701    
148 0.2940      0.554095    
149 0.2960      0.557565    
150 0.2980      0.559133    
151 0.3000      0.558901    
152 0.3020      0.557057    
153 0.3040      0.553879    
154 0.3060      0.549697    
155 0.3080      0.544869    
156 0.3100      0.539780    
157 0.3120      0.534842    
158 0.3140      0.530466    
159 0.3160      0.527016    
160 0.3180      0.524789    
161 0.3200      0.524000    
162 0.3220      0.524826    
163 0.3240      0.527389    
164 0.3260      0.531653    
165 0.3280      0.537506    
166 0.3300      0.544781    
167 0.3320      0.553229    
168 0.3340      0.562531    
169 0.3360      0.572331    
170 0.3380      0.582240    
171 0.3400      0.591869    
172 0.3420      0.600846    
173 0.3440      0.608823    
174 0.3460      0.615503    
175 0.3480      0.620670    
176 0.3500      0.624180    
177 0.3520      0.625963    
178 0.3540      0.626038    
179 0.3560      0.624514    
180 0.3580      0.621584    
181 0.3600      0.617504    
182 0.3620      0.612576    
183 0.3640      0.607141    
184 0.3660      0.601566    
185 0.3680      0.596216    
186 0.3700      0.591432    
187 0.3720      0.587510    
188 0.3740      0.584696    
189 0.3760      0.583187    
190 0.3780      0.583094    
191 0.3800      0.584446    
192 0.3820      0.587189    
193 0.3840      0.591196    
194 0.3860      0.596278    
195 0.3880      0.602185    
196 0.3900      0.608618    
197 0.3920      0.615258    
198 0.3940      0.621775    
199 0.3960      0.627846    
200 0.3980      0.633173    
