# FFWT Flare 20                                                                   
# Operating point sequence...
# i     t     Mc` mom[ 1]  
  1  0.000      0.550534    
  2 0.2700E-02  0.550534    
  3 0.5400E-02  0.550535    
  4 0.8100E-02  0.550538    
  5 0.1080E-01  0.550538    
  6 0.1350E-01  0.550537    
  7 0.1620E-01  0.550537    
  8 0.1890E-01  0.550536    
  9 0.2160E-01  0.550538    
 10 0.2430E-01  0.550539    
 11 0.2700E-01  0.550536    
 12 0.2970E-01  0.550537    
 13 0.3240E-01  0.550537    
 14 0.3510E-01  0.550536    
 15 0.3780E-01  0.550534    
 16 0.4050E-01  0.550531    
 17 0.4320E-01  0.550529    
 18 0.4590E-01  0.550530    
 19 0.4860E-01  0.550531    
 20 0.5130E-01  0.550530    
 21 0.5400E-01  0.550528    
 22 0.5670E-01  0.550526    
 23 0.5940E-01  0.550529    
 24 0.6210E-01  0.550534    
 25 0.6480E-01  0.550533    
 26 0.6750E-01  0.550531    
 27 0.7020E-01  0.550531    
 28 0.7290E-01  0.550534    
 29 0.7560E-01  0.550538    
 30 0.7830E-01  0.550538    
 31 0.8100E-01  0.550536    
 32 0.8370E-01  0.550535    
 33 0.8640E-01  0.550536    
 34 0.8910E-01  0.550539    
 35 0.9180E-01  0.550661    
 36 0.9450E-01  0.551145    
 37 0.9720E-01  0.552192    
 38 0.9990E-01  0.554207    
 39 0.1026      0.557523    
 40 0.1053      0.562434    
 41 0.1080      0.569438    
 42 0.1107      0.578985    
 43 0.1134      0.591267    
 44 0.1161      0.606461    
 45 0.1188      0.624668    
 46 0.1215      0.645740    
 47 0.1242      0.669392    
 48 0.1269      0.695223    
 49 0.1296      0.722692    
 50 0.1323      0.751153    
 51 0.1350      0.779933    
 52 0.1377      0.808344    
 53 0.1404      0.835726    
 54 0.1431      0.861503    
 55 0.1458      0.885197    
 56 0.1485      0.906457    
 57 0.1512      0.925074    
 58 0.1539      0.940968    
 59 0.1566      0.954174    
 60 0.1593      0.964836    
 61 0.1620      0.973169    
 62 0.1647      0.979417    
 63 0.1674      0.983829    
 64 0.1701      0.986625    
 65 0.1728      0.987983    
 66 0.1755      0.987996    
 67 0.1782      0.986663    
 68 0.1809      0.983910    
 69 0.1836      0.979602    
 70 0.1863      0.973536    
 71 0.1890      0.965456    
 72 0.1917      0.955112    
 73 0.1944      0.942282    
 74 0.1971      0.926776    
 75 0.1998      0.908458    
 76 0.2025      0.887256    
 77 0.2052      0.863287    
 78 0.2079      0.836686    
 79 0.2106      0.807624    
 80 0.2133      0.776455    
 81 0.2160      0.743623    
 82 0.2187      0.709568    
 83 0.2214      0.674745    
 84 0.2241      0.639664    
 85 0.2268      0.604832    
 86 0.2295      0.570714    
 87 0.2322      0.537742    
 88 0.2349      0.506286    
 89 0.2376      0.476677    
 90 0.2403      0.449188    
 91 0.2430      0.424016    
 92 0.2457      0.401318    
 93 0.2484      0.381193    
 94 0.2511      0.363704    
 95 0.2538      0.348888    
 96 0.2565      0.336751    
 97 0.2592      0.327295    
 98 0.2619      0.320520    
 99 0.2646      0.316426    
100 0.2673      0.315024    
101 0.2700      0.316172    
102 0.2727      0.319656    
103 0.2754      0.325291    
104 0.2781      0.332859    
105 0.2808      0.342062    
106 0.2835      0.352533    
107 0.2862      0.363858    
108 0.2889      0.375597    
109 0.2916      0.387325    
110 0.2943      0.398654    
111 0.2970      0.409241    
112 0.2997      0.418814    
113 0.3024      0.427202    
114 0.3051      0.434335    
115 0.3078      0.440256    
116 0.3105      0.445098    
117 0.3132      0.449097    
118 0.3159      0.452548    
119 0.3186      0.455782    
120 0.3213      0.459149    
121 0.3240      0.462982    
122 0.3267      0.467589    
123 0.3294      0.473184    
124 0.3321      0.479904    
125 0.3348      0.487781    
126 0.3375      0.496751    
127 0.3402      0.506638    
128 0.3429      0.517168    
129 0.3456      0.528009    
130 0.3483      0.538795    
131 0.3510      0.549142    
132 0.3537      0.558682    
133 0.3564      0.567108    
134 0.3591      0.574208    
135 0.3618      0.579867    
136 0.3645      0.584075    
137 0.3672      0.586933    
138 0.3699      0.588653    
139 0.3726      0.589534    
140 0.3753      0.589920    
141 0.3780      0.590187    
142 0.3807      0.590705    
143 0.3834      0.591797    
144 0.3861      0.593711    
145 0.3888      0.596606    
146 0.3915      0.600520    
147 0.3942      0.605390    
148 0.3969      0.611046    
149 0.3996      0.617225    
150 0.4023      0.623610    
151 0.4050      0.629847    
152 0.4077      0.635591    
153 0.4104      0.640533    
154 0.4131      0.644424    
155 0.4158      0.647108    
156 0.4185      0.648527    
157 0.4212      0.648734    
158 0.4239      0.647872    
159 0.4266      0.646173    
160 0.4293      0.643925    
161 0.4320      0.641451    
162 0.4347      0.639067    
163 0.4374      0.637066    
164 0.4401      0.635672    
165 0.4428      0.635037    
166 0.4455      0.635226    
167 0.4482      0.636208    
168 0.4509      0.637862    
169 0.4536      0.639991    
170 0.4563      0.642344    
171 0.4590      0.644646    
172 0.4617      0.646619    
173 0.4644      0.648011    
174 0.4671      0.648621    
175 0.4698      0.648309    
176 0.4725      0.647021    
177 0.4752      0.644788    
178 0.4779      0.641716    
179 0.4806      0.637975    
180 0.4833      0.633784    
181 0.4860      0.629388    
182 0.4887      0.625037    
183 0.4914      0.620965    
184 0.4941      0.617355    
185 0.4968      0.614334    
186 0.4995      0.611960    
187 0.5022      0.610229    
188 0.5049      0.609061    
189 0.5076      0.608319    
190 0.5103      0.607829    
191 0.5130      0.607388    
192 0.5157      0.606787    
193 0.5184      0.605835    
194 0.5211      0.604377    
195 0.5238      0.602299    
196 0.5265      0.599537    
197 0.5292      0.596104    
198 0.5319      0.592074    
199 0.5346      0.587546    
200 0.5373      0.582664    
