# FFWT Flare 20                                                                   
# Operating point sequence...
# i     t     Mc` mom[ 1]  
  1  0.000      0.798657    
  2 0.2700E-02  0.798656    
  3 0.5400E-02  0.798675    
  4 0.8100E-02  0.798640    
  5 0.1080E-01  0.798666    
  6 0.1350E-01  0.798660    
  7 0.1620E-01  0.798655    
  8 0.1890E-01  0.798664    
  9 0.2160E-01  0.798648    
 10 0.2430E-01  0.798646    
 11 0.2700E-01  0.798663    
 12 0.2970E-01  0.798670    
 13 0.3240E-01  0.798655    
 14 0.3510E-01  0.798637    
 15 0.3780E-01  0.798674    
 16 0.4050E-01  0.798663    
 17 0.4320E-01  0.798629    
 18 0.4590E-01  0.798646    
 19 0.4860E-01  0.798736    
 20 0.5130E-01  0.798654    
 21 0.5400E-01  0.798503    
 22 0.5670E-01  0.798807    
 23 0.5940E-01  0.798329    
 24 0.6210E-01  0.799356    
 25 0.6480E-01  0.797849    
 26 0.6750E-01  0.799547    
 27 0.7020E-01  0.798056    
 28 0.7290E-01  0.798423    
 29 0.7560E-01  0.799172    
 30 0.7830E-01  0.798714    
 31 0.8100E-01  0.798018    
 32 0.8370E-01  0.799280    
 33 0.8640E-01  0.798390    
 34 0.8910E-01  0.798786    
 35 0.9180E-01  0.799453    
 36 0.9450E-01  0.802168    
 37 0.9720E-01  0.806928    
 38 0.9990E-01  0.813407    
 39 0.1026      0.821835    
 40 0.1053      0.832448    
 41 0.1080      0.844935    
 42 0.1107      0.858663    
 43 0.1134      0.874482    
 44 0.1161      0.891916    
 45 0.1188      0.909637    
 46 0.1215      0.929418    
 47 0.1242      0.949385    
 48 0.1269      0.970260    
 49 0.1296      0.991445    
 50 0.1323       1.01268    
 51 0.1350       1.03388    
 52 0.1377       1.05477    
 53 0.1404       1.07508    
 54 0.1431       1.09457    
 55 0.1458       1.11306    
 56 0.1485       1.13037    
 57 0.1512       1.14616    
 58 0.1539       1.16045    
 59 0.1566       1.17283    
 60 0.1593       1.18340    
 61 0.1620       1.19180    
 62 0.1647       1.19812    
 63 0.1674       1.20206    
 64 0.1701       1.20372    
 65 0.1728       1.20303    
 66 0.1755       1.19979    
 67 0.1782       1.19436    
 68 0.1809       1.18632    
 69 0.1836       1.17620    
 70 0.1863       1.16356    
 71 0.1890       1.14884    
 72 0.1917       1.13284    
 73 0.1944       1.11280    
 74 0.1971       1.09417    
 75 0.1998       1.07093    
 76 0.2025       1.04861    
 77 0.2052       1.02414    
 78 0.2079      0.998843    
 79 0.2106      0.972231    
 80 0.2133      0.946983    
 81 0.2160      0.920492    
 82 0.2187      0.893363    
 83 0.2214      0.868137    
 84 0.2241      0.842873    
 85 0.2268      0.818369    
 86 0.2295      0.795335    
 87 0.2322      0.773465    
 88 0.2349      0.753620    
 89 0.2376      0.735123    
 90 0.2403      0.719119    
 91 0.2430      0.704628    
 92 0.2457      0.693383    
 93 0.2484      0.684301    
 94 0.2511      0.677044    
 95 0.2538      0.673174    
 96 0.2565      0.672002    
 97 0.2592      0.673054    
 98 0.2619      0.677130    
 99 0.2646      0.683868    
100 0.2673      0.692974    
101 0.2700      0.703773    
102 0.2727      0.715237    
103 0.2754      0.727122    
104 0.2781      0.739262    
105 0.2808      0.751402    
106 0.2835      0.763591    
107 0.2862      0.775708    
108 0.2889      0.787500    
109 0.2916      0.799130    
110 0.2943      0.810421    
111 0.2970      0.821343    
112 0.2997      0.831832    
113 0.3024      0.841919    
114 0.3051      0.851437    
115 0.3078      0.860488    
116 0.3105      0.868947    
117 0.3132      0.876768    
118 0.3159      0.884059    
119 0.3186      0.890626    
120 0.3213      0.896573    
121 0.3240      0.901799    
122 0.3267      0.906348    
123 0.3294      0.910178    
124 0.3321      0.913295    
125 0.3348      0.915730    
126 0.3375      0.917356    
127 0.3402      0.918465    
128 0.3429      0.918615    
129 0.3456      0.918275    
130 0.3483      0.917231    
131 0.3510      0.915506    
132 0.3537      0.913170    
133 0.3564      0.910270    
134 0.3591      0.906780    
135 0.3618      0.902750    
136 0.3645      0.898286    
137 0.3672      0.893291    
138 0.3699      0.887913    
139 0.3726      0.882161    
140 0.3753      0.876016    
141 0.3780      0.869646    
142 0.3807      0.862963    
143 0.3834      0.856057    
144 0.3861      0.849005    
145 0.3888      0.841818    
146 0.3915      0.834491    
147 0.3942      0.827176    
148 0.3969      0.819791    
149 0.3996      0.812418    
150 0.4023      0.805215    
151 0.4050      0.798097    
152 0.4077      0.790955    
153 0.4104      0.784155    
154 0.4131      0.777606    
155 0.4158      0.771140    
156 0.4185      0.765144    
157 0.4212      0.759316    
158 0.4239      0.753889    
159 0.4266      0.748836    
160 0.4293      0.744183    
161 0.4320      0.739936    
162 0.4347      0.736097    
163 0.4374      0.732794    
164 0.4401      0.729844    
165 0.4428      0.727418    
166 0.4455      0.725478    
167 0.4482      0.724029    
168 0.4509      0.723041    
169 0.4536      0.722501    
170 0.4563      0.722457    
171 0.4590      0.722926    
172 0.4617      0.723775    
173 0.4644      0.725015    
174 0.4671      0.726772    
175 0.4698      0.728817    
176 0.4725      0.731316    
177 0.4752      0.734098    
178 0.4779      0.737209    
179 0.4806      0.740616    
180 0.4833      0.744282    
181 0.4860      0.748197    
182 0.4887      0.752225    
183 0.4914      0.756559    
184 0.4941      0.760899    
185 0.4968      0.765431    
186 0.4995      0.770045    
187 0.5022      0.774659    
188 0.5049      0.779310    
189 0.5076      0.784018    
190 0.5103      0.788602    
191 0.5130      0.793161    
192 0.5157      0.797667    
193 0.5184      0.802070    
194 0.5211      0.806255    
195 0.5238      0.810422    
196 0.5265      0.814345    
197 0.5292      0.817887    
198 0.5319      0.821882    
199 0.5346      0.824959    
200 0.5373      0.827756    
