# FFWT Flare 20                                                                   
# Operating point sequence...
# i     t     Mc` mom[ 1]  
  1  0.000      0.798657    
  2 0.2300E-02  0.798656    
  3 0.4600E-02  0.798680    
  4 0.6900E-02  0.798636    
  5 0.9200E-02  0.798645    
  6 0.1150E-01  0.798712    
  7 0.1380E-01  0.798604    
  8 0.1610E-01  0.798677    
  9 0.1840E-01  0.798664    
 10 0.2070E-01  0.798638    
 11 0.2300E-01  0.798694    
 12 0.2530E-01  0.798564    
 13 0.2760E-01  0.798823    
 14 0.2990E-01  0.798721    
 15 0.3220E-01  0.798219    
 16 0.3450E-01  0.799033    
 17 0.3680E-01  0.798358    
 18 0.3910E-01  0.799042    
 19 0.4140E-01  0.798529    
 20 0.4370E-01  0.798280    
 21 0.4600E-01  0.799077    
 22 0.4830E-01  0.798429    
 23 0.5060E-01  0.798876    
 24 0.5290E-01  0.798472    
 25 0.5520E-01  0.798984    
 26 0.5750E-01  0.797912    
 27 0.5980E-01  0.799416    
 28 0.6210E-01  0.798533    
 29 0.6440E-01  0.798294    
 30 0.6670E-01  0.799062    
 31 0.6900E-01  0.798425    
 32 0.7130E-01  0.798740    
 33 0.7360E-01  0.798753    
 34 0.7590E-01  0.798566    
 35 0.7820E-01  0.798908    
 36 0.8050E-01  0.801190    
 37 0.8280E-01  0.804015    
 38 0.8510E-01  0.809593    
 39 0.8740E-01  0.816771    
 40 0.8970E-01  0.825484    
 41 0.9200E-01  0.836295    
 42 0.9430E-01  0.848494    
 43 0.9660E-01  0.862615    
 44 0.9890E-01  0.877647    
 45 0.1012      0.893966    
 46 0.1035      0.911800    
 47 0.1058      0.932387    
 48 0.1081      0.947765    
 49 0.1104      0.970710    
 50 0.1127      0.989769    
 51 0.1150       1.01007    
 52 0.1173       1.03093    
 53 0.1196       1.04907    
 54 0.1219       1.07212    
 55 0.1242       1.08580    
 56 0.1265       1.10840    
 57 0.1288       1.12148    
 58 0.1311       1.13756    
 59 0.1334       1.15285    
 60 0.1357       1.16384    
 61 0.1380       1.17480    
 62 0.1403       1.18265    
 63 0.1426       1.19018    
 64 0.1449       1.19412    
 65 0.1472       1.19650    
 66 0.1495       1.19672    
 67 0.1518       1.19458    
 68 0.1541       1.19018    
 69 0.1564       1.18360    
 70 0.1587       1.17473    
 71 0.1610       1.16421    
 72 0.1633       1.15014    
 73 0.1656       1.13653    
 74 0.1679       1.11882    
 75 0.1702       1.10054    
 76 0.1725       1.08017    
 77 0.1748       1.05910    
 78 0.1771       1.03572    
 79 0.1794       1.01214    
 80 0.1817      0.987368    
 81 0.1840      0.962480    
 82 0.1863      0.936167    
 83 0.1886      0.910650    
 84 0.1909      0.885219    
 85 0.1932      0.859063    
 86 0.1955      0.834734    
 87 0.1978      0.810412    
 88 0.2001      0.787721    
 89 0.2024      0.765243    
 90 0.2047      0.745355    
 91 0.2070      0.726928    
 92 0.2093      0.709373    
 93 0.2116      0.693918    
 94 0.2139      0.683083    
 95 0.2162      0.670787    
 96 0.2185      0.663458    
 97 0.2208      0.657564    
 98 0.2231      0.654687    
 99 0.2254      0.653552    
100 0.2277      0.656307    
101 0.2300      0.660240    
102 0.2323      0.667041    
103 0.2346      0.673704    
104 0.2369      0.682264    
105 0.2392      0.690947    
106 0.2415      0.699276    
107 0.2438      0.708362    
108 0.2461      0.718419    
109 0.2484      0.727505    
110 0.2507      0.737148    
111 0.2530      0.747659    
112 0.2553      0.755937    
113 0.2576      0.766411    
114 0.2599      0.775738    
115 0.2622      0.785180    
116 0.2645      0.794240    
117 0.2668      0.803401    
118 0.2691      0.812141    
119 0.2714      0.820722    
120 0.2737      0.828908    
121 0.2760      0.836932    
122 0.2783      0.844512    
123 0.2806      0.851838    
124 0.2829      0.858720    
125 0.2852      0.865237    
126 0.2875      0.871375    
127 0.2898      0.877054    
128 0.2921      0.882370    
129 0.2944      0.887137    
130 0.2967      0.891523    
131 0.2990      0.895448    
132 0.3013      0.898797    
133 0.3036      0.901860    
134 0.3059      0.904399    
135 0.3082      0.906014    
136 0.3105      0.908013    
137 0.3128      0.908738    
138 0.3151      0.909446    
139 0.3174      0.909748    
140 0.3197      0.908966    
141 0.3220      0.908409    
142 0.3243      0.907238    
143 0.3266      0.905439    
144 0.3289      0.903579    
145 0.3312      0.900894    
146 0.3335      0.898438    
147 0.3358      0.894915    
148 0.3381      0.891655    
149 0.3404      0.887629    
150 0.3427      0.883859    
151 0.3450      0.879139    
152 0.3473      0.874597    
153 0.3496      0.870477    
154 0.3519      0.864112    
155 0.3542      0.860156    
156 0.3565      0.854072    
157 0.3588      0.848539    
158 0.3611      0.843423    
159 0.3634      0.837416    
160 0.3657      0.831790    
161 0.3680      0.826184    
162 0.3703      0.819928    
163 0.3726      0.814610    
164 0.3749      0.809112    
165 0.3772      0.802606    
166 0.3795      0.797119    
167 0.3818      0.792510    
168 0.3841      0.786634    
169 0.3864      0.781268    
170 0.3887      0.776361    
171 0.3910      0.771533    
172 0.3933      0.766822    
173 0.3956      0.762315    
174 0.3979      0.758147    
175 0.4002      0.754172    
176 0.4025      0.750424    
177 0.4048      0.747012    
178 0.4071      0.743852    
179 0.4094      0.741004    
180 0.4117      0.738422    
181 0.4140      0.736140    
182 0.4163      0.734471    
183 0.4186      0.732450    
184 0.4209      0.731400    
185 0.4232      0.730480    
186 0.4255      0.729638    
187 0.4278      0.729373    
188 0.4301      0.729394    
189 0.4324      0.729651    
190 0.4347      0.730215    
191 0.4370      0.731059    
192 0.4393      0.732214    
193 0.4416      0.733663    
194 0.4439      0.735314    
195 0.4462      0.737207    
196 0.4485      0.739382    
197 0.4508      0.741683    
198 0.4531      0.744266    
199 0.4554      0.747065    
200 0.4577      0.749897    
