# Mowe_temp                                                                       
# Operating point sequence...
# i     t     conv	stall	 alpha         CL            CD            CDi           CM           
  1  1.000      1  0  -6.00000      0.678777      0.537309E-01  0.129023E-01  0.172500E-12
  2  2.000      1  0  -5.75000      0.703351      0.547557E-01  0.139150E-01 -0.102051E-12
  3  3.000      1  0  -5.50000      0.727824      0.558021E-01  0.149665E-01 -0.457626E-12
  4  4.000      1  0  -5.25000      0.752199      0.568688E-01  0.160569E-01 -0.991703E-13
  5  5.000      1  0  -5.00000      0.776475      0.579541E-01  0.171862E-01 -0.235246E-12
  6  6.000      1  0  -4.75000      0.800653      0.590565E-01  0.183545E-01  0.281304E-12
  7  7.000      1  0  -4.50000      0.824738      0.601744E-01  0.195620E-01 -0.329507E-12
  8  8.000      1  0  -4.25000      0.848727      0.613062E-01  0.208088E-01 -0.649077E-13
  9  9.000      1  0  -4.00000      0.872623      0.624504E-01  0.220951E-01  0.356006E-13
 10  10.00      1  0  -3.75000      0.896427      0.636053E-01  0.234208E-01  0.155107E-12
 11  11.00      1  0  -3.50000      0.920140      0.647696E-01  0.247863E-01  0.185449E-12
 12  12.00      1  0  -3.25000      0.943763      0.659415E-01  0.261915E-01 -0.559801E-13
 13  13.00      1  0  -3.00000      0.967299      0.671196E-01  0.276368E-01  0.311888E-12
 14  14.00      1  0  -2.75000      0.990747      0.683023E-01  0.291222E-01  0.255399E-12
 15  15.00      1  0  -2.50000       1.01411      0.694879E-01  0.306480E-01  0.461593E-13
 16  16.00      1  0  -2.25000       1.03739      0.706750E-01  0.322141E-01  0.189632E-12
 17  17.00      1  0  -2.00000       1.06058      0.718619E-01  0.338210E-01  0.163367E-12
 18  18.00      1  0  -1.75000       1.08369      0.730470E-01  0.354687E-01 -0.323906E-12
 19  19.00      1  0  -1.50000       1.10672      0.742288E-01  0.371573E-01  0.720162E-13
 20  20.00      1  0  -1.25000       1.12967      0.754058E-01  0.388873E-01  0.207812E-12
 21  21.00      1  0  -1.00000       1.15253      0.765762E-01  0.406585E-01 -0.333452E-13
 22  22.00      1  0 -0.750000       1.17532      0.777386E-01  0.424716E-01  0.568619E-10
 23  23.00      1  0 -0.500000       1.19804      0.788912E-01  0.443263E-01  0.915460E-13
 24  24.00      1  0 -0.250000       1.22067      0.800324E-01  0.462231E-01 -0.275225E-12
 25  25.00      1  0  -0.00000       1.24323      0.811607E-01  0.481623E-01 -0.651577E-13
 26  26.00      1  0  0.250000       1.26572      0.822744E-01  0.501440E-01  0.886322E-13
 27  27.00      1  0  0.500000       1.28813      0.833717E-01  0.521684E-01 -0.963246E-13
 28  28.00      1  0  0.750000       1.31047      0.844511E-01  0.542355E-01  0.333928E-13
 29  29.00      1  0   1.00000       1.33273      0.855104E-01  0.563456E-01  0.340433E-13
 30  30.00      1  0   1.25000       1.35491      0.865477E-01  0.584982E-01  0.782077E-13
 31  31.00      1  0   1.50000       1.37699      0.875599E-01  0.606917E-01  0.148238E-12
 32  32.00      1  0   1.75000       1.39891      0.885420E-01  0.629220E-01  0.130072E-11
 33  33.00      1  0   2.00000       1.42056      0.894843E-01  0.651784E-01 -0.193186E-12
 34  34.00      1  0   2.25000       1.44168      0.903690E-01  0.674373E-01  0.218423E-11
 35  35.00      1  0   2.50000       1.46183      0.911680E-01  0.696558E-01  0.236827E-09
 36  36.00      1  0   2.75000       1.48049      0.918564E-01  0.717848E-01  0.231342E-11
 37  37.00      1  0   3.00000       1.49744      0.924346E-01  0.737961E-01 -0.488317E-11
 38  38.00      1  0   3.25000       1.51278      0.929292E-01  0.756939E-01  0.102056E-10
 39  39.00      1  1   3.50000       1.52677      0.933740E-01  0.774975E-01  0.987473E-10
 40  40.00      1  1   3.75000       1.53965      0.937975E-01  0.792262E-01  0.220393E-09
 41  41.00      1  1   4.00000       1.55163      0.942204E-01  0.808948E-01 -0.712800E-11
 42  42.00      1  1   4.25000       1.56284      0.946576E-01  0.825140E-01 -0.119542E-10
 43  43.00      1  1   4.50000       1.57339      0.951207E-01  0.840912E-01  0.499060E-11
 44  44.00      1  1   4.75000       1.58337      0.956179E-01  0.856320E-01 -0.608988E-11
 45  45.00      1  1   5.00000       1.59284      0.961561E-01  0.871403E-01 -0.767849E-12
 46  46.00      1  1   5.25000       1.60187      0.967414E-01  0.886195E-01 -0.592575E-11
 47  47.00      1  1   5.50000       1.61049      0.973785E-01  0.900719E-01  0.482825E-11
 48  48.00      1  1   5.75000       1.61873      0.980721E-01  0.914997E-01  0.905273E-11
 49  49.00      1  1   6.00000       1.62665      0.988258E-01  0.929043E-01  0.739494E-11
 50  50.00      1  1   6.25000       1.63425      0.996433E-01  0.942874E-01  0.312225E-11
 51  51.00      1  1   6.50000       1.64158      0.100528      0.956503E-01 -0.112277E-10
 52  52.00      1  1   6.75000       1.64865      0.101482      0.969940E-01 -0.127176E-10
 53  53.00      1  1   7.00000       1.65547      0.102509      0.983196E-01 -0.885522E-12
 54  54.00      1  1   7.25000       1.66208      0.103612      0.996278E-01  0.187710E-11
 55  55.00      1  1   7.50000       1.66848      0.104792      0.100920      0.391669E-11
 56  56.00      1  1   7.75000       1.67469      0.106051      0.102196     -0.296349E-11
 57  57.00      1  1   8.00000       1.68072      0.107393      0.103457      0.135216E-11
 58  58.00      1  1   8.25000       1.68659      0.108818      0.104703     -0.108836E-10
 59  59.00      1  1   8.50000       1.69231      0.110329      0.105936      0.613234E-11
 60  60.00      1  1   8.75000       1.69788      0.111926      0.107156     -0.703500E-11
 61  61.00      1  1   9.00000       1.70332      0.113613      0.108363      0.160302E-11
 62  62.00      1  1   9.25000       1.70863      0.115390      0.109557     -0.221372E-10
 63  63.00      1  1   9.50000       1.71382      0.117258      0.110740     -0.389325E-11
 64  64.00      1  1   9.75000       1.71891      0.119220      0.111912     -0.499899E-12
 65  65.00      1  1   10.0000       1.72389      0.121276      0.113072      0.484916E-11
 66  66.00      1  1   10.2500       1.72878      0.123427      0.114222     -0.153243E-10
 67  67.00      1  1   10.5000       1.73357      0.125674      0.115362     -0.399438E-11
 68  68.00      1  1   10.7500       1.73829      0.128019      0.116492     -0.278756E-11
 69  69.00      1  1   11.0000       1.74292      0.130463      0.117612      0.252442E-11
 70  70.00      1  1   12.2500       1.76506      0.144189      0.123083     -0.558268E-10
 71  71.00      1  1   12.5000       1.76931      0.147241      0.124152      0.702308E-10
 72  72.00      1  1   12.7500       1.77351      0.150398      0.125214      0.595234E-10
 73  73.00      1  1   13.0000       1.77767      0.153659      0.126269      0.436880E-10
 74  74.00      1  1   13.2500       1.78179      0.157025      0.127316      0.132192E-10
 75  75.00      1  1   13.5000       1.78586      0.160496      0.128357     -0.936468E-11
 76  76.00      1  1   13.7500       1.78990      0.164074      0.129391     -0.140122E-10
 77  77.00      1  1   14.0000       1.79390      0.167759      0.130419     -0.612876E-11
 78  78.00      1  1   14.2500       1.79787      0.171551      0.131440      0.403457E-11
 79  79.00      1  1   14.5000       1.80181      0.175450      0.132456     -0.940833E-11
 80  80.00      1  1   14.7500       1.80572      0.179457      0.133465     -0.390582E-11
 81  81.00      1  1   15.0000       1.80961      0.183573      0.134469      0.247984E-11
 82  82.00      1  1   15.2500       1.81348      0.187797      0.135467      0.265374E-11
 83  83.00      1  1   15.5000       1.81732      0.192130      0.136460     -0.529506E-12
 84  84.00      1  1   15.7500       1.82115      0.196571      0.137448      0.712409E-12
 85  85.00      1  1   16.0000       1.82496      0.201123      0.138431     -0.171748E-12
