# Rectangular_wing_no_flap                                                        
# Operating point sequence...
# i     t     conv	stall	 alpha         CL            CD            CDi           CM           
  1  1.000      1  0  -6.00000     -0.445608      0.193831E-01  0.892071E-02 -0.518023E-20
  2  2.000      1  0  -5.75000     -0.426869      0.186045E-01  0.819026E-02  0.271388E-19
  3  3.000      1  0  -5.50000     -0.408150      0.178613E-01  0.749139E-02 -0.112425E-20
  4  4.000      1  0  -5.25000     -0.389451      0.171531E-01  0.682402E-02 -0.143376E-20
  5  5.000      1  0  -5.00000     -0.370771      0.164797E-01  0.618808E-02 -0.171246E-20
  6  6.000      1  0  -4.75000     -0.352109      0.158409E-01  0.558351E-02  0.940236E-20
  7  7.000      1  0  -4.50000     -0.333465      0.152364E-01  0.501025E-02 -0.107235E-20
  8  8.000      1  0  -4.25000     -0.314837      0.146660E-01  0.446823E-02  0.131075E-20
  9  9.000      1  0  -4.00000     -0.296226      0.141296E-01  0.395742E-02  0.923141E-21
 10  10.00      1  0  -3.75000     -0.277630      0.136268E-01  0.347774E-02 -0.177544E-20
 11  11.00      1  0  -3.50000     -0.259048      0.131575E-01  0.302917E-02  0.974530E-21
 12  12.00      1  0  -3.25000     -0.240479      0.127215E-01  0.261166E-02  0.641110E-21
 13  13.00      1  0  -3.00000     -0.221924      0.123187E-01  0.222518E-02 -0.148024E-21
 14  14.00      1  0  -2.75000     -0.203381      0.119487E-01  0.186970E-02  0.425677E-21
 15  15.00      1  0  -2.50000     -0.184850      0.116114E-01  0.154518E-02 -0.211118E-20
 16  16.00      1  0  -2.25000     -0.166329      0.113066E-01  0.125160E-02  0.432208E-21
 17  17.00      1  0  -2.00000     -0.147818      0.110342E-01  0.988943E-03 -0.114078E-20
 18  18.00      1  0  -1.75000     -0.129316      0.107940E-01  0.757198E-03  0.377449E-21
 19  19.00      1  0  -1.50000     -0.110823      0.105858E-01  0.556348E-03  0.350938E-20
 20  20.00      1  0  -1.25000     -0.923377E-01  0.104095E-01  0.386390E-03  0.603319E-21
 21  21.00      1  0  -1.00000     -0.738591E-01  0.102648E-01  0.247318E-03 -0.121629E-20
 22  22.00      1  0 -0.750000     -0.553869E-01  0.101517E-01  0.139136E-03  0.688842E-21
 23  23.00      1  0 -0.500000     -0.369201E-01  0.100699E-01  0.618483E-04 -0.477943E-21
 24  24.00      1  0 -0.250000     -0.184581E-01  0.100194E-01  0.154649E-04  0.943303E-17
 25  25.00      1  0  -0.00000       0.00000      0.999990E-02  -0.00000       0.00000    
 26  26.00      1  0  0.250000      0.184548E-01  0.100114E-01  0.154717E-04  0.128474E-19
 27  27.00      1  0  0.500000      0.369072E-01  0.100537E-01  0.619023E-04 -0.367123E-21
 28  28.00      1  0  0.750000      0.553578E-01  0.101267E-01  0.139319E-03  0.311983E-21
 29  29.00      1  0   1.00000      0.738073E-01  0.102302E-01  0.247751E-03 -0.364752E-21
 30  30.00      1  0   1.25000      0.922568E-01  0.103642E-01  0.387236E-03  0.491035E-22
 31  31.00      1  0   1.50000      0.110707      0.105284E-01  0.557810E-03 -0.163641E-20
 32  32.00      1  0   1.75000      0.129158      0.107229E-01  0.759519E-03  0.168408E-20
 33  33.00      1  0   2.00000      0.147611      0.109474E-01  0.992410E-03  0.649328E-21
 34  34.00      1  0   2.25000      0.166067      0.112019E-01  0.125654E-02 -0.393332E-20
 35  35.00      1  0   2.50000      0.184526      0.114863E-01  0.155195E-02 -0.895913E-21
 36  36.00      1  0   2.75000      0.202990      0.118004E-01  0.187872E-02  0.148242E-20
 37  37.00      1  0   3.00000      0.221459      0.121443E-01  0.223691E-02 -0.334570E-21
 38  38.00      1  0   3.25000      0.239933      0.125176E-01  0.262658E-02 -0.849016E-21
 39  39.00      1  0   3.50000      0.258415      0.129205E-01  0.304781E-02 -0.258793E-21
 40  40.00      1  0   3.75000      0.276903      0.133528E-01  0.350067E-02  0.573125E-21
 41  41.00      1  0   4.00000      0.295400      0.138144E-01  0.398527E-02  0.330463E-20
 42  42.00      1  0   4.25000      0.313905      0.143052E-01  0.450166E-02  0.549972E-20
 43  43.00      1  0   4.50000      0.332420      0.148252E-01  0.504996E-02 -0.290249E-20
 44  44.00      1  0   4.75000      0.350946      0.153743E-01  0.563026E-02  0.301629E-20
 45  45.00      1  0   5.00000      0.369483      0.159524E-01  0.624265E-02  0.162680E-19
 46  46.00      1  0   5.25000      0.388031      0.165595E-01  0.688725E-02  0.541129E-20
 47  47.00      1  0   5.50000      0.406593      0.171954E-01  0.756415E-02  0.531723E-20
 48  48.00      1  0   5.75000      0.425168      0.178602E-01  0.827348E-02  0.750311E-20
 49  49.00      1  0   6.00000      0.443757      0.185538E-01  0.901537E-02 -0.103898E-19
 50  50.00      1  0   6.25000      0.462362      0.192762E-01  0.978992E-02  0.100806E-18
 51  51.00      1  0   6.50000      0.480982      0.200272E-01  0.105973E-01 -0.113425E-18
 52  52.00      1  0   6.75000      0.499620      0.208068E-01  0.114376E-01 -0.259200E-18
 53  53.00      1  0   7.00000      0.518274      0.216151E-01  0.123109E-01 -0.407402E-18
 54  54.00      1  0   7.25000      0.536947      0.224519E-01  0.132175E-01 -0.928593E-19
 55  55.00      1  0   7.50000      0.555640      0.233173E-01  0.141574E-01 -0.813106E-18
 56  56.00      1  0   7.75000      0.574352      0.242111E-01  0.151309E-01  0.212234E-18
 57  57.00      1  0   8.00000      0.593085      0.251334E-01  0.161380E-01  0.188050E-17
 58  58.00      1  0   8.25000      0.611840      0.260842E-01  0.171790E-01  0.138000E-17
 59  59.00      1  0   8.50000      0.630617      0.270634E-01  0.182540E-01 -0.782538E-18
 60  60.00      1  0   8.75000      0.649417      0.280710E-01  0.193631E-01 -0.751493E-18
 61  61.00      1  0   9.00000      0.668242      0.291070E-01  0.205066E-01  0.170514E-18
 62  62.00      1  0   9.25000      0.687091      0.301714E-01  0.216847E-01  0.254433E-18
 63  63.00      1  0   9.50000      0.705966      0.312641E-01  0.228975E-01 -0.131457E-18
 64  64.00      1  0   9.75000      0.724868      0.323852E-01  0.241452E-01 -0.516478E-19
 65  65.00      1  0   10.0000      0.743797      0.335347E-01  0.254281E-01 -0.109000E-17
 66  66.00      1  0   10.2500      0.762753      0.347124E-01  0.267462E-01 -0.466933E-18
 67  67.00      1  0   10.5000      0.781739      0.359185E-01  0.280999E-01 -0.858268E-18
 68  68.00      1  0   10.7500      0.800753      0.371529E-01  0.294892E-01  0.991349E-18
 69  69.00      1  0   11.0000      0.819798      0.384157E-01  0.309144E-01  0.854778E-19
 70  70.00      1  0   12.2500      0.915421      0.451494E-01  0.385814E-01  0.250947E-18
 71  71.00      1  0   12.5000      0.934598      0.465778E-01  0.402219E-01  0.588483E-17
 72  72.00      1  0   12.7500      0.953767      0.480315E-01  0.418964E-01  0.118733E-17
 73  73.00      1  0   13.0000      0.972901      0.495083E-01  0.436027E-01  0.138974E-17
 74  74.00      1  0   13.2500      0.991961      0.510053E-01  0.453374E-01 -0.932858E-18
 75  75.00      1  0   13.5000       1.01089      0.525178E-01  0.470954E-01  0.165942E-17
 76  76.00      1  0   13.7500       1.02959      0.540391E-01  0.488687E-01  0.291608E-17
 77  77.00      1  0   14.0000       1.04795      0.555600E-01  0.506463E-01  0.271377E-16
 78  78.00      1  0   14.2500       1.06583      0.570700E-01  0.524145E-01  0.100095E-09
 79  79.00      1  0   14.5000       1.08308      0.585586E-01  0.541579E-01  0.196818E-12
 80  80.00      1  0   14.7500       1.09955      0.600169E-01  0.558616E-01  0.808951E-11
 81  81.00      1  0   15.0000       1.11516      0.614414E-01  0.575142E-01 -0.329900E-10
 82  82.00      1  0   15.2500       1.12985      0.628332E-01  0.591085E-01 -0.227755E-09
 83  83.00      1  0   15.5000       1.14363      0.641989E-01  0.606420E-01  0.344572E-11
 84  84.00      1  0   15.7500       1.15655      0.655471E-01  0.621153E-01  0.135515E-10
 85  85.00      1  0   16.0000       1.16866      0.668889E-01  0.635312E-01 -0.251087E-10
