# FFWT Flare 20                                                                   
# Operating point sequence...
# i     t     Mc` mom[ 1]  
  1  0.000      0.550534    
  2 0.5300E-02  0.550534    
  3 0.1060E-01  0.550535    
  4 0.1590E-01  0.550535    
  5 0.2120E-01  0.550534    
  6 0.2650E-01  0.550531    
  7 0.3180E-01  0.550528    
  8 0.3710E-01  0.550527    
  9 0.4240E-01  0.550530    
 10 0.4770E-01  0.550535    
 11 0.5300E-01  0.550539    
 12 0.5830E-01  0.550540    
 13 0.6360E-01  0.550538    
 14 0.6890E-01  0.550534    
 15 0.7420E-01  0.550533    
 16 0.7950E-01  0.550532    
 17 0.8480E-01  0.550531    
 18 0.9010E-01  0.550531    
 19 0.9540E-01  0.550531    
 20 0.1007      0.550532    
 21 0.1060      0.550533    
 22 0.1113      0.550533    
 23 0.1166      0.550534    
 24 0.1219      0.550536    
 25 0.1272      0.550539    
 26 0.1325      0.550545    
 27 0.1378      0.550547    
 28 0.1431      0.550542    
 29 0.1484      0.550539    
 30 0.1537      0.550539    
 31 0.1590      0.550540    
 32 0.1643      0.550543    
 33 0.1696      0.550549    
 34 0.1749      0.550555    
 35 0.1802      0.550667    
 36 0.1855      0.551279    
 37 0.1908      0.552925    
 38 0.1961      0.556207    
 39 0.2014      0.561668    
 40 0.2067      0.569731    
 41 0.2120      0.580488    
 42 0.2173      0.593702    
 43 0.2226      0.608822    
 44 0.2279      0.625112    
 45 0.2332      0.641937    
 46 0.2385      0.658789    
 47 0.2438      0.675383    
 48 0.2491      0.691703    
 49 0.2544      0.707908    
 50 0.2597      0.724219    
 51 0.2650      0.740795    
 52 0.2703      0.757632    
 53 0.2756      0.774524    
 54 0.2809      0.791072    
 55 0.2862      0.806758    
 56 0.2915      0.821052    
 57 0.2968      0.833499    
 58 0.3021      0.843809    
 59 0.3074      0.851875    
 60 0.3127      0.857744    
 61 0.3180      0.861554    
 62 0.3233      0.863471    
 63 0.3286      0.863599    
 64 0.3339      0.861955    
 65 0.3392      0.858459    
 66 0.3445      0.852947    
 67 0.3498      0.845241    
 68 0.3551      0.835169    
 69 0.3604      0.822589    
 70 0.3657      0.807702    
 71 0.3710      0.790670    
 72 0.3763      0.771733    
 73 0.3816      0.751278    
 74 0.3869      0.729723    
 75 0.3922      0.707473    
 76 0.3975      0.684897    
 77 0.4028      0.662328    
 78 0.4081      0.640050    
 79 0.4134      0.618307    
 80 0.4187      0.597324    
 81 0.4240      0.577333    
 82 0.4293      0.558568    
 83 0.4346      0.541260    
 84 0.4399      0.525639    
 85 0.4452      0.511909    
 86 0.4505      0.500225    
 87 0.4558      0.490670    
 88 0.4611      0.483242    
 89 0.4664      0.477875    
 90 0.4717      0.474421    
 91 0.4770      0.472700    
 92 0.4823      0.472522    
 93 0.4876      0.473720    
 94 0.4929      0.476181    
 95 0.4982      0.479864    
 96 0.5035      0.484784    
 97 0.5088      0.491008    
 98 0.5141      0.498620    
 99 0.5194      0.507688    
100 0.5247      0.518244    
101 0.5300      0.530241    
102 0.5353      0.543330    
103 0.5406      0.556862    
104 0.5459      0.570098    
105 0.5512      0.582287    
106 0.5565      0.592800    
107 0.5618      0.601326    
108 0.5671      0.607951    
109 0.5724      0.613126    
110 0.5777      0.617494    
111 0.5830      0.621706    
112 0.5883      0.626215    
113 0.5936      0.631147    
114 0.5989      0.636292    
115 0.6042      0.641185    
116 0.6095      0.645268    
117 0.6148      0.648075    
118 0.6201      0.649370    
119 0.6254      0.649212    
120 0.6307      0.647916    
121 0.6360      0.645951    
122 0.6413      0.643785    
123 0.6466      0.641749    
124 0.6519      0.639954    
125 0.6572      0.638277    
126 0.6625      0.636423    
127 0.6678      0.634043    
128 0.6731      0.630845    
129 0.6784      0.626691    
130 0.6837      0.621632    
131 0.6890      0.615889    
132 0.6943      0.609776    
133 0.6996      0.603612    
134 0.7049      0.597627    
135 0.7102      0.591913    
136 0.7155      0.586420    
137 0.7208      0.580990    
138 0.7261      0.575417    
139 0.7314      0.569546    
140 0.7367      0.563295    
141 0.7420      0.556699    
142 0.7473      0.549911    
143 0.7526      0.543138    
144 0.7579      0.536609    
145 0.7632      0.530521    
146 0.7685      0.524989    
147 0.7738      0.520038    
148 0.7791      0.515615    
149 0.7844      0.511623    
150 0.7897      0.507959    
151 0.7950      0.504553    
152 0.8003      0.501398    
153 0.8056      0.498548    
154 0.8109      0.496104    
155 0.8162      0.494182    
156 0.8215      0.492895    
157 0.8268      0.492311    
158 0.8321      0.492438    
159 0.8374      0.493227    
160 0.8427      0.494572    
161 0.8480      0.496351    
162 0.8533      0.498451    
163 0.8586      0.500769    
164 0.8639      0.503259    
165 0.8692      0.505915    
166 0.8745      0.508765    
167 0.8798      0.511846    
168 0.8851      0.515188    
169 0.8904      0.518799    
170 0.8957      0.522636    
171 0.9010      0.526624    
172 0.9063      0.530677    
173 0.9116      0.534696    
174 0.9169      0.538592    
175 0.9222      0.542304    
176 0.9275      0.545822    
177 0.9328      0.549156    
178 0.9381      0.552344    
179 0.9434      0.555429    
180 0.9487      0.558435    
181 0.9540      0.561362    
182 0.9593      0.564188    
183 0.9646      0.566864    
184 0.9699      0.569330    
185 0.9752      0.571539    
186 0.9805      0.573453    
187 0.9858      0.575069    
188 0.9911      0.576404    
189 0.9964      0.577492    
190  1.002      0.578376    
191  1.007      0.579092    
192  1.012      0.579656    
193  1.018      0.580074    
194  1.023      0.580327    
195  1.028      0.580387    
196  1.033      0.580234    
197  1.039      0.579850    
198  1.044      0.579234    
199  1.049      0.578403    
200  1.055      0.577392    
