# Pazy Wing (simplified : constant stiffness properties)                          
# Operating point sequence...
# i     t     conv	stall	 RY pos[ 1]    Theta[ 1]    
  1  0.000      1  0 -0.124852     -0.224393    
  2 0.1000E-02  1  0 -0.124852     -0.224393    
  3 0.2000E-02  1  0 -0.124852     -0.224393    
  4 0.3000E-02  1  0 -0.124852     -0.224393    
  5 0.4000E-02  1  0 -0.124852     -0.224393    
  6 0.5000E-02  1  0 -0.124852     -0.224393    
  7 0.6000E-02  1  0 -0.124852     -0.224393    
  8 0.7000E-02  1  0 -0.124852     -0.224393    
  9 0.8000E-02  1  0 -0.124852     -0.224393    
 10 0.9000E-02  1  0 -0.124852     -0.224393    
 11 0.1000E-01  1  0 -0.124852     -0.224393    
 12 0.1100E-01  1  0 -0.124852     -0.224393    
 13 0.1200E-01  1  0 -0.124852     -0.224393    
 14 0.1300E-01  1  0 -0.124852     -0.224393    
 15 0.1400E-01  1  0 -0.124852     -0.224393    
 16 0.1500E-01  1  0 -0.124852     -0.224393    
 17 0.1600E-01  1  0 -0.124852     -0.224393    
 18 0.1700E-01  1  0 -0.124852     -0.224393    
 19 0.1800E-01  1  0 -0.124852     -0.224393    
 20 0.1900E-01  1  0 -0.124852     -0.224393    
 21 0.2000E-01  1  0 -0.124852     -0.224393    
 22 0.2100E-01  1  0 -0.124852     -0.224393    
 23 0.2200E-01  1  0 -0.124852     -0.224392    
 24 0.2300E-01  1  0 -0.124852     -0.224392    
 25 0.2400E-01  1  0 -0.124852     -0.224392    
 26 0.2500E-01  1  0 -0.124852     -0.224392    
 27 0.2600E-01  1  0 -0.124852     -0.224392    
 28 0.2700E-01  1  0 -0.124852     -0.224392    
 29 0.2800E-01  1  0 -0.124852     -0.224392    
 30 0.2900E-01  1  0 -0.124852     -0.224392    
 31 0.3000E-01  1  0 -0.124852     -0.224392    
 32 0.3100E-01  1  0 -0.124852     -0.224392    
 33 0.3200E-01  1  0 -0.124852     -0.224392    
 34 0.3300E-01  1  0 -0.124852     -0.224392    
 35 0.3400E-01  1  0 -0.124852     -0.224392    
 36 0.3500E-01  1  0 -0.124852     -0.224392    
 37 0.3600E-01  1  0 -0.124852     -0.224392    
 38 0.3700E-01  1  0 -0.124852     -0.224393    
 39 0.3800E-01  1  0 -0.124852     -0.224393    
 40 0.3900E-01  1  0 -0.124852     -0.224393    
 41 0.4000E-01  1  0 -0.124852     -0.224393    
 42 0.4100E-01  1  0 -0.124852     -0.224393    
 43 0.4200E-01  1  0 -0.124852     -0.224393    
 44 0.4300E-01  1  0 -0.124852     -0.224393    
 45 0.4400E-01  1  0 -0.124852     -0.224394    
 46 0.4500E-01  1  0 -0.124852     -0.224394    
 47 0.4600E-01  1  0 -0.124852     -0.224394    
 48 0.4700E-01  1  0 -0.124852     -0.224394    
 49 0.4800E-01  1  0 -0.124852     -0.224395    
 50 0.4900E-01  1  0 -0.124852     -0.224395    
 51 0.5000E-01  1  0 -0.124852     -0.224395    
 52 0.5100E-01  1  0 -0.124852     -0.224395    
 53 0.5200E-01  1  0 -0.124852     -0.224395    
 54 0.5300E-01  1  0 -0.124852     -0.224395    
 55 0.5400E-01  1  0 -0.124852     -0.224395    
 56 0.5500E-01  1  0 -0.124852     -0.224395    
 57 0.5600E-01  1  0 -0.124852     -0.224395    
 58 0.5700E-01  1  0 -0.124852     -0.224395    
 59 0.5800E-01  1  0 -0.124852     -0.224395    
 60 0.5900E-01  1  0 -0.124852     -0.224395    
 61 0.6000E-01  1  0 -0.124852     -0.224395    
 62 0.6100E-01  1  0 -0.124852     -0.224395    
 63 0.6200E-01  1  0 -0.124852     -0.224395    
 64 0.6300E-01  1  0 -0.124852     -0.224395    
 65 0.6400E-01  1  0 -0.124852     -0.224395    
 66 0.6500E-01  1  0 -0.124852     -0.224395    
 67 0.6600E-01  1  0 -0.124852     -0.224395    
 68 0.6700E-01  1  0 -0.124852     -0.224395    
 69 0.6800E-01  1  0 -0.124852     -0.224395    
 70 0.6900E-01  1  0 -0.124852     -0.224395    
 71 0.7000E-01  1  0 -0.124852     -0.224396    
 72 0.7100E-01  1  0 -0.124852     -0.224396    
 73 0.7200E-01  1  0 -0.124852     -0.224396    
 74 0.7300E-01  1  0 -0.124852     -0.224396    
 75 0.7400E-01  1  0 -0.124852     -0.224397    
 76 0.7500E-01  1  0 -0.124852     -0.224397    
 77 0.7600E-01  1  0 -0.124852     -0.224397    
 78 0.7700E-01  1  0 -0.124852     -0.224398    
 79 0.7800E-01  1  0 -0.124853     -0.224398    
 80 0.7900E-01  1  0 -0.124853     -0.224398    
 81 0.8000E-01  1  0 -0.124853     -0.224399    
 82 0.8100E-01  1  0 -0.124853     -0.224399    
 83 0.8200E-01  1  0 -0.124853     -0.224399    
 84 0.8300E-01  1  0 -0.124853     -0.224400    
 85 0.8400E-01  1  0 -0.124853     -0.224400    
 86 0.8500E-01  1  0 -0.124853     -0.224401    
 87 0.8600E-01  1  0 -0.124853     -0.224401    
 88 0.8700E-01  1  0 -0.124853     -0.224402    
 89 0.8800E-01  1  0 -0.124853     -0.224402    
 90 0.8900E-01  1  0 -0.124853     -0.224403    
 91 0.9000E-01  1  0 -0.124853     -0.224403    
 92 0.9100E-01  1  0 -0.124853     -0.224403    
 93 0.9200E-01  1  0 -0.124853     -0.224404    
 94 0.9300E-01  1  0 -0.124853     -0.224404    
 95 0.9400E-01  1  0 -0.124853     -0.224405    
 96 0.9500E-01  1  0 -0.124854     -0.224405    
 97 0.9600E-01  1  0 -0.124854     -0.224406    
 98 0.9700E-01  1  0 -0.124854     -0.224407    
 99 0.9800E-01  1  0 -0.124854     -0.224408    
100 0.9900E-01  1  0 -0.124854     -0.224408    
101 0.1000      1  0 -0.124854     -0.224409    
102 0.1010      1  0 -0.124854     -0.224410    
103 0.1020      1  0 -0.124854     -0.224411    
104 0.1030      1  0 -0.124854     -0.224412    
105 0.1040      1  0 -0.124855     -0.224412    
106 0.1050      1  0 -0.124855     -0.224413    
107 0.1060      1  0 -0.124855     -0.224414    
108 0.1070      1  0 -0.124855     -0.224415    
109 0.1080      1  0 -0.124855     -0.224416    
110 0.1090      1  0 -0.124855     -0.224417    
111 0.1100      1  0 -0.124856     -0.224418    
112 0.1110      1  0 -0.124856     -0.224419    
113 0.1120      1  0 -0.124856     -0.224419    
114 0.1130      1  0 -0.124856     -0.224420    
115 0.1140      1  0 -0.124856     -0.224421    
116 0.1150      1  0 -0.124856     -0.224422    
117 0.1160      1  0 -0.124857     -0.224423    
118 0.1170      1  0 -0.124857     -0.224424    
119 0.1180      1  0 -0.124857     -0.224425    
120 0.1190      1  0 -0.124857     -0.224426    
121 0.1200      1  0 -0.124858     -0.224427    
122 0.1210      1  0 -0.124858     -0.224428    
123 0.1220      1  0 -0.124858     -0.224430    
124 0.1230      1  0 -0.124858     -0.224431    
125 0.1240      1  0 -0.124859     -0.224432    
126 0.1250      1  0 -0.124859     -0.224433    
127 0.1260      1  0 -0.124859     -0.224435    
128 0.1270      1  0 -0.124859     -0.224436    
129 0.1280      1  0 -0.124860     -0.224437    
130 0.1290      1  0 -0.124860     -0.224439    
131 0.1300      1  0 -0.124860     -0.224440    
132 0.1310      1  0 -0.124861     -0.224441    
133 0.1320      1  0 -0.124861     -0.224443    
134 0.1330      1  0 -0.124861     -0.224445    
135 0.1340      1  0 -0.124862     -0.224446    
136 0.1350      1  0 -0.124862     -0.224448    
137 0.1360      1  0 -0.124863     -0.224450    
138 0.1370      1  0 -0.124863     -0.224451    
139 0.1380      1  0 -0.124863     -0.224453    
140 0.1390      1  0 -0.124864     -0.224455    
141 0.1400      1  0 -0.124864     -0.224456    
142 0.1410      1  0 -0.124865     -0.224458    
143 0.1420      1  0 -0.124865     -0.224460    
144 0.1430      1  0 -0.124866     -0.224462    
145 0.1440      1  0 -0.124866     -0.224463    
146 0.1450      1  0 -0.124866     -0.224465    
147 0.1460      1  0 -0.124867     -0.224467    
148 0.1470      1  0 -0.124867     -0.224469    
149 0.1480      1  0 -0.124868     -0.224471    
150 0.1490      1  0 -0.124868     -0.224473    
151 0.1500      1  0 -0.124869     -0.224474    
152 0.1510      1  0 -0.124870     -0.224476    
153 0.1520      1  0 -0.124870     -0.224478    
154 0.1530      1  0 -0.124871     -0.224480    
155 0.1540      1  0 -0.124871     -0.224481    
156 0.1550      1  0 -0.124872     -0.224483    
157 0.1560      1  0 -0.124872     -0.224485    
158 0.1570      1  0 -0.124873     -0.224487    
159 0.1580      1  0 -0.124874     -0.224489    
160 0.1590      1  0 -0.124874     -0.224492    
161 0.1600      1  0 -0.124875     -0.224494    
162 0.1610      1  0 -0.124876     -0.224496    
163 0.1620      1  0 -0.124876     -0.224498    
164 0.1630      1  0 -0.124877     -0.224500    
165 0.1640      1  0 -0.124878     -0.224503    
166 0.1650      1  0 -0.124878     -0.224505    
167 0.1660      1  0 -0.124879     -0.224507    
168 0.1670      1  0 -0.124880     -0.224509    
169 0.1680      1  0 -0.124881     -0.224511    
170 0.1690      1  0 -0.124881     -0.224514    
171 0.1700      1  0 -0.124882     -0.224516    
172 0.1710      1  0 -0.124883     -0.224519    
173 0.1720      1  0 -0.124884     -0.224522    
174 0.1730      1  0 -0.124885     -0.224524    
175 0.1740      1  0 -0.124885     -0.224527    
176 0.1750      1  0 -0.124886     -0.224530    
177 0.1760      1  0 -0.124887     -0.224532    
178 0.1770      1  0 -0.124888     -0.224535    
179 0.1780      1  0 -0.124889     -0.224537    
180 0.1790      1  0 -0.124889     -0.224540    
181 0.1800      1  0 -0.124890     -0.224542    
182 0.1810      1  0 -0.124891     -0.224545    
183 0.1820      1  0 -0.124892     -0.224547    
184 0.1830      1  0 -0.124893     -0.224550    
185 0.1840      1  0 -0.124894     -0.224553    
186 0.1850      1  0 -0.124895     -0.224556    
187 0.1860      1  0 -0.124896     -0.224559    
188 0.1870      1  0 -0.124897     -0.224562    
189 0.1880      1  0 -0.124897     -0.224565    
190 0.1890      1  0 -0.124898     -0.224568    
191 0.1900      1  0 -0.124899     -0.224571    
192 0.1910      1  0 -0.124900     -0.224574    
193 0.1920      1  0 -0.124901     -0.224576    
194 0.1930      1  0 -0.124902     -0.224579    
195 0.1940      1  0 -0.124903     -0.224582    
196 0.1950      1  0 -0.124904     -0.224586    
197 0.1960      1  0 -0.124905     -0.224589    
198 0.1970      1  0 -0.124906     -0.224592    
199 0.1980      1  0 -0.124907     -0.224596    
200 0.1990      1  0 -0.124908     -0.224599    
201 0.2000      1  0 -0.124909     -0.224603    
202 0.2010      1  0 -0.124910     -0.224606    
203 0.2020      1  0 -0.124911     -0.224610    
204 0.2030      1  0 -0.124912     -0.224613    
205 0.2040      1  0 -0.124914     -0.224617    
206 0.2050      1  0 -0.124915     -0.224620    
207 0.2060      1  0 -0.124916     -0.224624    
208 0.2070      1  0 -0.124917     -0.224627    
209 0.2080      1  0 -0.124918     -0.224631    
210 0.2090      1  0 -0.124919     -0.224635    
211 0.2100      1  0 -0.124920     -0.224639    
212 0.2110      1  0 -0.124921     -0.224643    
213 0.2120      1  0 -0.124922     -0.224646    
214 0.2130      1  0 -0.124923     -0.224650    
215 0.2140      1  0 -0.124925     -0.224654    
216 0.2150      1  0 -0.124926     -0.224658    
217 0.2160      1  0 -0.124927     -0.224661    
218 0.2170      1  0 -0.124928     -0.224665    
219 0.2180      1  0 -0.124929     -0.224668    
220 0.2190      1  0 -0.124930     -0.224672    
221 0.2200      1  0 -0.124931     -0.224676    
222 0.2210      1  0 -0.124933     -0.224680    
223 0.2220      1  0 -0.124934     -0.224684    
224 0.2230      1  0 -0.124935     -0.224688    
225 0.2240      1  0 -0.124936     -0.224692    
226 0.2250      1  0 -0.124937     -0.224696    
227 0.2260      1  0 -0.124939     -0.224701    
228 0.2270      1  0 -0.124940     -0.224705    
229 0.2280      1  0 -0.124941     -0.224709    
230 0.2290      1  0 -0.124942     -0.224713    
231 0.2300      1  0 -0.124943     -0.224717    
232 0.2310      1  0 -0.124945     -0.224721    
233 0.2320      1  0 -0.124946     -0.224725    
234 0.2330      1  0 -0.124947     -0.224729    
235 0.2340      1  0 -0.124949     -0.224734    
236 0.2350      1  0 -0.124950     -0.224738    
237 0.2360      1  0 -0.124951     -0.224743    
238 0.2370      1  0 -0.124952     -0.224747    
239 0.2380      1  0 -0.124954     -0.224752    
240 0.2390      1  0 -0.124955     -0.224757    
241 0.2400      1  0 -0.124956     -0.224762    
242 0.2410      1  0 -0.124958     -0.224766    
243 0.2420      1  0 -0.124959     -0.224771    
244 0.2430      1  0 -0.124960     -0.224775    
245 0.2440      1  0 -0.124962     -0.224780    
246 0.2450      1  0 -0.124963     -0.224784    
247 0.2460      1  0 -0.124964     -0.224788    
248 0.2470      1  0 -0.124966     -0.224793    
249 0.2480      1  0 -0.124967     -0.224798    
250 0.2490      1  0 -0.124968     -0.224802    
251 0.2500      1  0 -0.124978     -0.225596    
252 0.2510      1  0 -0.125004     -0.228218    
253 0.2520      1  0 -0.125052     -0.233816    
254 0.2530      1  0 -0.125123     -0.242972    
255 0.2540      1  0 -0.125219     -0.255186    
256 0.2550      1  0 -0.125334     -0.269076    
257 0.2560      1  0 -0.125464     -0.283031    
258 0.2570      1  0 -0.125606     -0.295847    
259 0.2580      1  0 -0.125762     -0.307027    
260 0.2590      1  0 -0.125934     -0.316654    
261 0.2600      1  0 -0.126129     -0.324999    
262 0.2610      1  0 -0.126352     -0.332185    
263 0.2620      1  0 -0.126609     -0.338123    
264 0.2630      1  0 -0.126901     -0.342676    
265 0.2640      1  0 -0.127231     -0.345868    
266 0.2650      1  0 -0.127601     -0.347929    
267 0.2660      1  0 -0.128010     -0.349167    
268 0.2670      1  0 -0.128460     -0.349749    
269 0.2680      1  0 -0.128951     -0.349549    
270 0.2690      1  0 -0.129480     -0.348161    
271 0.2700      1  0 -0.130046     -0.345067    
272 0.2710      1  0 -0.130646     -0.339854    
273 0.2720      1  0 -0.131278     -0.332379    
274 0.2730      1  0 -0.131942     -0.322806    
275 0.2740      1  0 -0.132636     -0.311554    
276 0.2750      1  0 -0.133362     -0.299210    
277 0.2760      1  0 -0.134119     -0.286475    
278 0.2770      1  0 -0.134904     -0.274141    
279 0.2780      1  0 -0.135716     -0.263081    
280 0.2790      1  0 -0.136551     -0.254191    
281 0.2800      1  0 -0.137405     -0.248272    
282 0.2810      1  0 -0.138273     -0.245886    
283 0.2820      1  0 -0.139150     -0.247236    
284 0.2830      1  0 -0.140032     -0.252127    
285 0.2840      1  0 -0.140913     -0.260021    
286 0.2850      1  0 -0.141791     -0.270153    
287 0.2860      1  0 -0.142660     -0.281664    
288 0.2870      1  0 -0.143520     -0.293709    
289 0.2880      1  0 -0.144367     -0.305544    
290 0.2890      1  0 -0.145203     -0.316587    
291 0.2900      1  0 -0.146025     -0.326464    
292 0.2910      1  0 -0.146836     -0.335044    
293 0.2920      1  0 -0.147635     -0.342435    
294 0.2930      1  0 -0.148423     -0.348940    
295 0.2940      1  0 -0.149204     -0.354960    
296 0.2950      1  0 -0.149977     -0.360885    
297 0.2960      1  0 -0.150745     -0.366984    
298 0.2970      1  0 -0.151511     -0.373333    
299 0.2980      1  0 -0.152277     -0.379791    
300 0.2990      1  0 -0.153045     -0.386019    
301 0.3000      1  0 -0.153819     -0.391527    
302 0.3010      1  0 -0.154600     -0.395749    
303 0.3020      1  0 -0.155392     -0.398116    
304 0.3030      1  0 -0.156194     -0.398147    
305 0.3040      1  0 -0.157008     -0.395521    
306 0.3050      1  0 -0.157833     -0.390146    
307 0.3060      1  0 -0.158670     -0.382196    
308 0.3070      1  0 -0.159517     -0.372116    
309 0.3080      1  0 -0.160372     -0.360584    
310 0.3090      1  0 -0.161235     -0.348447    
311 0.3100      1  0 -0.162104     -0.336623    
312 0.3110      1  0 -0.162977     -0.326013    
313 0.3120      1  0 -0.163852     -0.317399    
314 0.3130      1  0 -0.164727     -0.311372    
315 0.3140      1  0 -0.165600     -0.308275    
316 0.3150      1  0 -0.166468     -0.308174    
317 0.3160      1  0 -0.167328     -0.310866    
318 0.3170      1  0 -0.168174     -0.315916    
319 0.3180      1  0 -0.169004     -0.322728    
320 0.3190      1  0 -0.169812     -0.330634    
321 0.3200      1  0 -0.170594     -0.338988    
322 0.3210      1  0 -0.171347     -0.347261    
323 0.3220      1  0 -0.172066     -0.355099    
324 0.3230      1  0 -0.172750     -0.362364    
325 0.3240      1  0 -0.173398     -0.369123    
326 0.3250      1  0 -0.174011     -0.375622    
327 0.3260      1  0 -0.174589     -0.382215    
328 0.3270      1  0 -0.175136     -0.389292    
329 0.3280      1  0 -0.175654     -0.397189    
330 0.3290      1  0 -0.176146     -0.406117    
331 0.3300      1  0 -0.176615     -0.416105    
332 0.3310      1  0 -0.177065     -0.426974    
333 0.3320      1  0 -0.177497     -0.438337    
334 0.3330      1  0 -0.177914     -0.449641    
335 0.3340      1  0 -0.178318     -0.460220    
336 0.3350      1  0 -0.178709     -0.469378    
337 0.3360      1  0 -0.179089     -0.476463    
338 0.3370      1  0 -0.179460     -0.480952    
339 0.3380      1  0 -0.179823     -0.482503    
340 0.3390      1  0 -0.180180     -0.481004    
341 0.3400      1  0 -0.180533     -0.476586    
342 0.3410      1  0 -0.180884     -0.469609    
343 0.3420      1  0 -0.181234     -0.460624    
344 0.3430      1  0 -0.181585     -0.450321    
345 0.3440      1  0 -0.181937     -0.439446    
346 0.3450      1  0 -0.182290     -0.428731    
347 0.3460      1  0 -0.182643     -0.418819    
348 0.3470      1  0 -0.182994     -0.410203    
349 0.3480      1  0 -0.183340     -0.403185    
350 0.3490      1  0 -0.183679     -0.397868    
351 0.3500      1  0 -0.184005     -0.394165    
352 0.3510      1  0 -0.184309     -0.390485    
353 0.3520      1  0 -0.184576     -0.384629    
354 0.3530      1  0 -0.184800     -0.374491    
355 0.3540      1  0 -0.184976     -0.359198    
356 0.3550      1  0 -0.185102     -0.339762    
357 0.3560      1  0 -0.185179     -0.318692    
358 0.3570      1  0 -0.185213     -0.299012    
359 0.3580      1  0 -0.185203     -0.283215    
360 0.3590      1  0 -0.185151     -0.272639    
361 0.3600      1  0 -0.185053     -0.267512    
362 0.3610      1  0 -0.184903     -0.267439    
363 0.3620      1  0 -0.184695     -0.271874    
364 0.3630      1  0 -0.184427     -0.280217    
365 0.3640      1  0 -0.184095     -0.291584    
366 0.3650      1  0 -0.183698     -0.304571    
367 0.3660      1  0 -0.183234     -0.317308    
368 0.3670      1  0 -0.182704     -0.327876    
369 0.3680      1  0 -0.182108     -0.334857    
370 0.3690      1  0 -0.181451     -0.337732    
371 0.3700      1  0 -0.180738     -0.336926    
372 0.3710      1  0 -0.179973     -0.333546    
373 0.3720      1  0 -0.179163     -0.328998    
374 0.3730      1  0 -0.178316     -0.324684    
375 0.3740      1  0 -0.177436     -0.321847    
376 0.3750      1  0 -0.176529     -0.321512    
377 0.3760      1  0 -0.175597     -0.324431    
378 0.3770      1  0 -0.174645     -0.330958    
379 0.3780      1  0 -0.173676     -0.340922    
380 0.3790      1  0 -0.172693     -0.353548    
381 0.3800      1  0 -0.171699     -0.367535    
382 0.3810      1  0 -0.170695     -0.381261    
383 0.3820      1  0 -0.169685     -0.393072    
384 0.3830      1  0 -0.168668     -0.401547    
385 0.3840      1  0 -0.167647     -0.405685    
386 0.3850      1  0 -0.166621     -0.404994    
387 0.3860      1  0 -0.165590     -0.399502    
388 0.3870      1  0 -0.164553     -0.389723    
389 0.3880      1  0 -0.163510     -0.376600    
390 0.3890      1  0 -0.162459     -0.361401    
391 0.3900      1  0 -0.161400     -0.345578    
392 0.3910      1  0 -0.160332     -0.330574    
393 0.3920      1  0 -0.159254     -0.317623    
394 0.3930      1  0 -0.158166     -0.307571    
395 0.3940      1  0 -0.157068     -0.300777    
396 0.3950      1  0 -0.155958     -0.297093    
397 0.3960      1  0 -0.154837     -0.295937    
398 0.3970      1  0 -0.153701     -0.296422    
399 0.3980      1  0 -0.152550     -0.297515    
400 0.3990      1  0 -0.151382     -0.298208    
401 0.4000      1  0 -0.150193     -0.297675    
402 0.4010      1  0 -0.148983     -0.295397    
403 0.4020      1  0 -0.147750     -0.291254    
404 0.4030      1  0 -0.146494     -0.285542    
405 0.4040      1  0 -0.145218     -0.278927    
406 0.4050      1  0 -0.143925     -0.272325    
407 0.4060      1  0 -0.142618     -0.266748    
408 0.4070      1  0 -0.141304     -0.263118    
409 0.4080      1  0 -0.139988     -0.262114    
410 0.4090      1  0 -0.138676     -0.264056    
411 0.4100      1  0 -0.137373     -0.268851    
412 0.4110      1  0 -0.136084     -0.276004    
413 0.4120      1  0 -0.134811     -0.284681    
414 0.4130      1  0 -0.133557     -0.293823    
415 0.4140      1  0 -0.132322     -0.302292    
416 0.4150      1  0 -0.131107     -0.309013    
417 0.4160      1  0 -0.129911     -0.313121    
418 0.4170      1  0 -0.128735     -0.314062    
419 0.4180      1  0 -0.127579     -0.311653    
420 0.4190      1  0 -0.126445     -0.306094    
421 0.4200      1  0 -0.125334     -0.297917    
422 0.4210      1  0 -0.124250     -0.287899    
423 0.4220      1  0 -0.123194     -0.276946    
424 0.4230      1  0 -0.122170     -0.265967    
425 0.4240      1  0 -0.121180     -0.255750    
426 0.4250      1  0 -0.120223     -0.246869    
427 0.4260      1  0 -0.119299     -0.239622    
428 0.4270      1  0 -0.118406     -0.234017    
429 0.4280      1  0 -0.117542     -0.229803    
430 0.4290      1  0 -0.116701     -0.226542    
431 0.4300      1  0 -0.115880     -0.223711    
432 0.4310      1  0 -0.115076     -0.220821    
433 0.4320      1  0 -0.114284     -0.217517    
434 0.4330      1  0 -0.113502     -0.213659    
435 0.4340      1  0 -0.112729     -0.209356    
436 0.4350      1  0 -0.111965     -0.204953    
437 0.4360      1  0 -0.111212     -0.200962    
438 0.4370      1  0 -0.110470     -0.197971    
439 0.4380      1  0 -0.109741     -0.196519    
440 0.4390      1  0 -0.109026     -0.196987    
441 0.4400      1  0 -0.108326     -0.199512    
442 0.4410      1  0 -0.107643     -0.203935    
443 0.4420      1  0 -0.106975     -0.209813    
444 0.4430      1  0 -0.106322     -0.216469    
445 0.4440      1  0 -0.105684     -0.223086    
446 0.4450      1  0 -0.105062     -0.228831    
447 0.4460      1  0 -0.104456     -0.232966    
448 0.4470      1  0 -0.103868     -0.234959    
449 0.4480      1  0 -0.103301     -0.234546    
450 0.4490      1  0 -0.102757     -0.231762    
451 0.4500      1  0 -0.102241     -0.226910    
452 0.4510      1  0 -0.101757     -0.220507    
453 0.4520      1  0 -0.101309     -0.213188    
454 0.4530      1  0 -0.100900     -0.205611    
455 0.4540      1  0 -0.100533     -0.198360    
456 0.4550      1  0 -0.100210     -0.191868    
457 0.4560      1  0 -0.999308E-01 -0.186378    
458 0.4570      1  0 -0.996953E-01 -0.181935    
459 0.4580      1  0 -0.995026E-01 -0.178418    
460 0.4590      1  0 -0.993508E-01 -0.175592    
461 0.4600      1  0 -0.992378E-01 -0.173189    
462 0.4610      1  0 -0.991614E-01 -0.170980    
463 0.4620      1  0 -0.991191E-01 -0.168841    
464 0.4630      1  0 -0.991085E-01 -0.166788    
465 0.4640      1  0 -0.991271E-01 -0.164984    
466 0.4650      1  0 -0.991723E-01 -0.163708    
467 0.4660      1  0 -0.992414E-01 -0.163301    
468 0.4670      1  0 -0.993314E-01 -0.164086    
469 0.4680      1  0 -0.994390E-01 -0.166289    
470 0.4690      1  0 -0.995609E-01 -0.169975    
471 0.4700      1  0 -0.996936E-01 -0.175006    
472 0.4710      1  0 -0.998337E-01 -0.181041    
473 0.4720      1  0 -0.999781E-01 -0.187566    
474 0.4730      1  0 -0.100124     -0.193967    
475 0.4740      1  0 -0.100271     -0.199613    
476 0.4750      1  0 -0.100416     -0.203950    
477 0.4760      1  0 -0.100560     -0.206579    
478 0.4770      1  0 -0.100705     -0.207310    
479 0.4780      1  0 -0.100852     -0.206177    
480 0.4790      1  0 -0.101003     -0.203417    
481 0.4800      1  0 -0.101161     -0.199421    
482 0.4810      1  0 -0.101331     -0.194658    
483 0.4820      1  0 -0.101516     -0.189604    
484 0.4830      1  0 -0.101718     -0.184667    
485 0.4840      1  0 -0.101942     -0.180141    
486 0.4850      1  0 -0.102189     -0.176185    
487 0.4860      1  0 -0.102464     -0.172824    
488 0.4870      1  0 -0.102767     -0.169986    
489 0.4880      1  0 -0.103100     -0.167543    
490 0.4890      1  0 -0.103464     -0.165372    
491 0.4900      1  0 -0.103859     -0.163394    
492 0.4910      1  0 -0.104286     -0.161617    
493 0.4920      1  0 -0.104743     -0.160148    
494 0.4930      1  0 -0.105230     -0.159183    
495 0.4940      1  0 -0.105743     -0.158978    
496 0.4950      1  0 -0.106281     -0.159801    
497 0.4960      1  0 -0.106840     -0.161879    
498 0.4970      1  0 -0.107416     -0.165343    
499 0.4980      1  0 -0.108007     -0.170186    
500 0.4990      1  0 -0.108606     -0.176239    
501 0.5000      1  0 -0.109211     -0.183182    
502 0.5010      1  0 -0.109816     -0.190565    
503 0.5020      1  0 -0.110417     -0.197866    
504 0.5030      1  0 -0.111011     -0.204556    
505 0.5040      1  0 -0.111594     -0.210165    
506 0.5050      1  0 -0.112163     -0.214347    
507 0.5060      1  0 -0.112717     -0.216915    
508 0.5070      1  0 -0.113254     -0.217860    
509 0.5080      1  0 -0.113774     -0.217335    
510 0.5090      1  0 -0.114277     -0.215621    
511 0.5100      1  0 -0.114765     -0.213070    
512 0.5110      1  0 -0.115240     -0.210046    
513 0.5120      1  0 -0.115703     -0.206869    
514 0.5130      1  0 -0.116157     -0.203773    
515 0.5140      1  0 -0.116606     -0.200885    
516 0.5150      1  0 -0.117053     -0.198228    
517 0.5160      1  0 -0.117499     -0.195742    
518 0.5170      1  0 -0.117948     -0.193320    
519 0.5180      1  0 -0.118403     -0.190856    
520 0.5190      1  0 -0.118864     -0.188284    
521 0.5200      1  0 -0.119335     -0.185613    
522 0.5210      1  0 -0.119816     -0.182947    
523 0.5220      1  0 -0.120308     -0.180483    
524 0.5230      1  0 -0.120812     -0.178491    
525 0.5240      1  0 -0.121329     -0.177282    
526 0.5250      1  0 -0.121858     -0.177162    
527 0.5260      1  0 -0.122398     -0.178384    
528 0.5270      1  0 -0.122949     -0.181103    
529 0.5280      1  0 -0.123509     -0.185346    
530 0.5290      1  0 -0.124074     -0.190992    
531 0.5300      1  0 -0.124642     -0.197777    
532 0.5310      1  0 -0.125210     -0.205320    
533 0.5320      1  0 -0.125773     -0.213160    
534 0.5330      1  0 -0.126328     -0.220814    
535 0.5340      1  0 -0.126870     -0.227828    
536 0.5350      1  0 -0.127396     -0.233832    
537 0.5360      1  0 -0.127902     -0.238577    
538 0.5370      1  0 -0.128387     -0.241954    
539 0.5380      1  0 -0.128847     -0.243998    
540 0.5390      1  0 -0.129282     -0.244863    
541 0.5400      1  0 -0.129692     -0.244788    
542 0.5410      1  0 -0.130078     -0.244043    
543 0.5420      1  0 -0.130439     -0.242890    
544 0.5430      1  0 -0.130778     -0.241534    
545 0.5440      1  0 -0.131095     -0.240097    
546 0.5450      1  0 -0.131393     -0.238611    
547 0.5460      1  0 -0.131674     -0.237020    
548 0.5470      1  0 -0.131938     -0.235211    
549 0.5480      1  0 -0.132188     -0.233046    
550 0.5490      1  0 -0.132426     -0.230406    
551 0.5500      1  0 -0.132654     -0.227227    
552 0.5510      1  0 -0.132873     -0.223532    
553 0.5520      1  0 -0.133087     -0.219444    
554 0.5530      1  0 -0.133298     -0.215187    
555 0.5540      1  0 -0.133508     -0.211068    
556 0.5550      1  0 -0.133718     -0.207442    
557 0.5560      1  0 -0.133932     -0.204675    
558 0.5570      1  0 -0.134149     -0.203094    
559 0.5580      1  0 -0.134372     -0.202948    
560 0.5590      1  0 -0.134599     -0.204369    
561 0.5600      1  0 -0.134830     -0.207360    
562 0.5610      1  0 -0.135063     -0.211785    
563 0.5620      1  0 -0.135296     -0.217384    
564 0.5630      1  0 -0.135527     -0.223805    
565 0.5640      1  0 -0.135752     -0.230642    
566 0.5650      1  0 -0.135968     -0.237480    
567 0.5660      1  0 -0.136174     -0.243947    
568 0.5670      1  0 -0.136364     -0.249743    
569 0.5680      1  0 -0.136539     -0.254674    
570 0.5690      1  0 -0.136695     -0.258659    
571 0.5700      1  0 -0.136830     -0.261721    
572 0.5710      1  0 -0.136945     -0.263966    
573 0.5720      1  0 -0.137038     -0.265551    
574 0.5730      1  0 -0.137108     -0.266642    
575 0.5740      1  0 -0.137157     -0.267378    
576 0.5750      1  0 -0.137183     -0.267843    
577 0.5760      1  0 -0.137188     -0.268047    
578 0.5770      1  0 -0.137173     -0.267924    
579 0.5780      1  0 -0.137137     -0.267351    
580 0.5790      1  0 -0.137083     -0.266170    
581 0.5800      1  0 -0.137012     -0.264225    
582 0.5810      1  0 -0.136926     -0.261403    
583 0.5820      1  0 -0.136828     -0.257658    
584 0.5830      1  0 -0.136719     -0.253043    
585 0.5840      1  0 -0.136603     -0.247713    
586 0.5850      1  0 -0.136481     -0.241922    
587 0.5860      1  0 -0.136358     -0.236000    
588 0.5870      1  0 -0.136234     -0.230323    
589 0.5880      1  0 -0.136113     -0.225273    
590 0.5890      1  0 -0.135996     -0.221196    
591 0.5900      1  0 -0.135884     -0.218367    
592 0.5910      1  0 -0.135779     -0.216961    
593 0.5920      1  0 -0.135680     -0.217036    
594 0.5930      1  0 -0.135587     -0.218534    
595 0.5940      1  0 -0.135500     -0.221290    
596 0.5950      1  0 -0.135417     -0.225057    
597 0.5960      1  0 -0.135335     -0.229539    
598 0.5970      1  0 -0.135254     -0.234427    
599 0.5980      1  0 -0.135171     -0.239434    
600 0.5990      1  0 -0.135084     -0.244319    
601 0.6000      1  0 -0.134991     -0.248912    
602 0.6010      1  0 -0.134888     -0.253114    
603 0.6020      1  0 -0.134776     -0.256896    
604 0.6030      1  0 -0.134651     -0.260276    
605 0.6040      1  0 -0.134514     -0.263298    
606 0.6050      1  0 -0.134362     -0.266004    
607 0.6060      1  0 -0.134195     -0.268409    
608 0.6070      1  0 -0.134014     -0.270484    
609 0.6080      1  0 -0.133817     -0.272149    
610 0.6090      1  0 -0.133605     -0.273278    
611 0.6100      1  0 -0.133380     -0.273711    
612 0.6110      1  0 -0.133140     -0.273282    
613 0.6120      1  0 -0.132889     -0.271849    
614 0.6130      1  0 -0.132627     -0.269316    
615 0.6140      1  0 -0.132356     -0.265663    
616 0.6150      1  0 -0.132078     -0.260958    
617 0.6160      1  0 -0.131796     -0.255359    
618 0.6170      1  0 -0.131511     -0.249110    
619 0.6180      1  0 -0.131228     -0.242517    
620 0.6190      1  0 -0.130948     -0.235924    
621 0.6200      1  0 -0.130673     -0.229680    
622 0.6210      1  0 -0.130408     -0.224110    
623 0.6220      1  0 -0.130152     -0.219481    
624 0.6230      1  0 -0.129908     -0.215988    
625 0.6240      1  0 -0.129677     -0.213737    
626 0.6250      1  0 -0.129460     -0.212747    
627 0.6260      1  0 -0.129255     -0.212956    
628 0.6270      1  0 -0.129063     -0.214236    
629 0.6280      1  0 -0.128882     -0.216419    
630 0.6290      1  0 -0.128710     -0.219315    
631 0.6300      1  0 -0.128546     -0.222734    
632 0.6310      1  0 -0.128388     -0.226508    
633 0.6320      1  0 -0.128233     -0.230497    
634 0.6330      1  0 -0.128080     -0.234591    
635 0.6340      1  0 -0.127927     -0.238710    
636 0.6350      1  0 -0.127771     -0.242789    
637 0.6360      1  0 -0.127612     -0.246769    
638 0.6370      1  0 -0.127447     -0.250577    
639 0.6380      1  0 -0.127275     -0.254122    
640 0.6390      1  0 -0.127096     -0.257284    
641 0.6400      1  0 -0.126909     -0.259919    
642 0.6410      1  0 -0.126712     -0.261866    
643 0.6420      1  0 -0.126507     -0.262963    
644 0.6430      1  0 -0.126292     -0.263063    
645 0.6440      1  0 -0.126069     -0.262059    
646 0.6450      1  0 -0.125839     -0.259898    
647 0.6460      1  0 -0.125604     -0.256597    
648 0.6470      1  0 -0.125364     -0.252245    
649 0.6480      1  0 -0.125123     -0.247005    
650 0.6490      1  0 -0.124883     -0.241103    
651 0.6500      1  0 -0.124646     -0.234809    
652 0.6510      1  0 -0.124415     -0.228415    
653 0.6520      1  0 -0.124193     -0.222217    
654 0.6530      1  0 -0.123983     -0.216488    
655 0.6540      1  0 -0.123785     -0.211462    
656 0.6550      1  0 -0.123602     -0.207320    
657 0.6560      1  0 -0.123435     -0.204183    
658 0.6570      1  0 -0.123285     -0.202114    
659 0.6580      1  0 -0.123151     -0.201120    
660 0.6590      1  0 -0.123035     -0.201162    
661 0.6600      1  0 -0.122934     -0.202167    
662 0.6610      1  0 -0.122848     -0.204042    
663 0.6620      1  0 -0.122775     -0.206677    
664 0.6630      1  0 -0.122714     -0.209960    
665 0.6640      1  0 -0.122663     -0.213775    
666 0.6650      1  0 -0.122619     -0.218005    
667 0.6660      1  0 -0.122581     -0.222528    
668 0.6670      1  0 -0.122546     -0.227216    
669 0.6680      1  0 -0.122513     -0.231925    
670 0.6690      1  0 -0.122478     -0.236500    
671 0.6700      1  0 -0.122441     -0.240773    
672 0.6710      1  0 -0.122399     -0.244567    
673 0.6720      1  0 -0.122351     -0.247705    
674 0.6730      1  0 -0.122297     -0.250025    
675 0.6740      1  0 -0.122235     -0.251385    
676 0.6750      1  0 -0.122166     -0.251686    
677 0.6760      1  0 -0.122089     -0.250874    
678 0.6770      1  0 -0.122006     -0.248952    
679 0.6780      1  0 -0.121918     -0.245982    
680 0.6790      1  0 -0.121826     -0.242081    
681 0.6800      1  0 -0.121733     -0.237414    
682 0.6810      1  0 -0.121639     -0.232183    
683 0.6820      1  0 -0.121549     -0.226613    
684 0.6830      1  0 -0.121463     -0.220938    
685 0.6840      1  0 -0.121384     -0.215387    
686 0.6850      1  0 -0.121315     -0.210171    
687 0.6860      1  0 -0.121257     -0.205479    
688 0.6870      1  0 -0.121212     -0.201466    
689 0.6880      1  0 -0.121181     -0.198256    
690 0.6890      1  0 -0.121165     -0.195939    
691 0.6900      1  0 -0.121166     -0.194572    
692 0.6910      1  0 -0.121182     -0.194184    
693 0.6920      1  0 -0.121214     -0.194775    
694 0.6930      1  0 -0.121260     -0.196318    
695 0.6940      1  0 -0.121321     -0.198758    
696 0.6950      1  0 -0.121393     -0.202015    
697 0.6960      1  0 -0.121476     -0.205984    
698 0.6970      1  0 -0.121567     -0.210528    
699 0.6980      1  0 -0.121664     -0.215489    
700 0.6990      1  0 -0.121764     -0.220685    
701 0.7000      1  0 -0.121866     -0.225917    
702 0.7010      1  0 -0.121967     -0.230977    
703 0.7020      1  0 -0.122066     -0.235659    
704 0.7030      1  0 -0.122159     -0.239768    
705 0.7040      1  0 -0.122247     -0.243133    
706 0.7050      1  0 -0.122327     -0.245616    
707 0.7060      1  0 -0.122399     -0.247118    
708 0.7070      1  0 -0.122462     -0.247589    
709 0.7080      1  0 -0.122516     -0.247025    
710 0.7090      1  0 -0.122562     -0.245466    
711 0.7100      1  0 -0.122601     -0.242996    
712 0.7110      1  0 -0.122634     -0.239728    
713 0.7120      1  0 -0.122662     -0.235804    
714 0.7130      1  0 -0.122687     -0.231382    
715 0.7140      1  0 -0.122711     -0.226629    
716 0.7150      1  0 -0.122736     -0.221716    
717 0.7160      1  0 -0.122764     -0.216813    
718 0.7170      1  0 -0.122797     -0.212083    
719 0.7180      1  0 -0.122837     -0.207686    
720 0.7190      1  0 -0.122885     -0.203771    
721 0.7200      1  0 -0.122943     -0.200475    
722 0.7210      1  0 -0.123012     -0.197924    
723 0.7220      1  0 -0.123092     -0.196222    
724 0.7230      1  0 -0.123185     -0.195451    
725 0.7240      1  0 -0.123289     -0.195666    
726 0.7250      1  0 -0.123404     -0.196885    
727 0.7260      1  0 -0.123531     -0.199087    
728 0.7270      1  0 -0.123666     -0.202209    
729 0.7280      1  0 -0.123810     -0.206144    
730 0.7290      1  0 -0.123960     -0.210746    
731 0.7300      1  0 -0.124114     -0.215833    
732 0.7310      1  0 -0.124270     -0.221198    
733 0.7320      1  0 -0.124426     -0.226618    
734 0.7330      1  0 -0.124579     -0.231873    
735 0.7340      1  0 -0.124729     -0.236749    
736 0.7350      1  0 -0.124872     -0.241060    
737 0.7360      1  0 -0.125008     -0.244653    
738 0.7370      1  0 -0.125134     -0.247412    
739 0.7380      1  0 -0.125251     -0.249267    
740 0.7390      1  0 -0.125358     -0.250188    
741 0.7400      1  0 -0.125454     -0.250184    
742 0.7410      1  0 -0.125540     -0.249294    
743 0.7420      1  0 -0.125616     -0.247585    
744 0.7430      1  0 -0.125683     -0.245141    
745 0.7440      1  0 -0.125744     -0.242059    
746 0.7450      1  0 -0.125797     -0.238447    
747 0.7460      1  0 -0.125847     -0.234419    
748 0.7470      1  0 -0.125893     -0.230096    
749 0.7480      1  0 -0.125938     -0.225609    
750 0.7490      1  0 -0.125984     -0.221096    
751 0.7500      1  0 -0.126032     -0.216705    
752 0.7510      1  0 -0.126084     -0.212592    
753 0.7520      1  0 -0.126141     -0.208916    
754 0.7530      1  0 -0.126204     -0.205834    
755 0.7540      1  0 -0.126275     -0.203491    
756 0.7550      1  0 -0.126354     -0.202013    
757 0.7560      1  0 -0.126441     -0.201496    
758 0.7570      1  0 -0.126537     -0.201994    
759 0.7580      1  0 -0.126641     -0.203518    
760 0.7590      1  0 -0.126752     -0.206026    
761 0.7600      1  0 -0.126869     -0.209426    
762 0.7610      1  0 -0.126990     -0.213579    
763 0.7620      1  0 -0.127114     -0.218310    
764 0.7630      1  0 -0.127239     -0.223413    
765 0.7640      1  0 -0.127363     -0.228670    
766 0.7650      1  0 -0.127484     -0.233865    
767 0.7660      1  0 -0.127601     -0.238793    
768 0.7670      1  0 -0.127711     -0.243276    
769 0.7680      1  0 -0.127813     -0.247167    
770 0.7690      1  0 -0.127905     -0.250357    
771 0.7700      1  0 -0.127988     -0.252774    
772 0.7710      1  0 -0.128060     -0.254381    
773 0.7720      1  0 -0.128122     -0.255170    
774 0.7730      1  0 -0.128172     -0.255155    
775 0.7740      1  0 -0.128212     -0.254366    
776 0.7750      1  0 -0.128243     -0.252848    
777 0.7760      1  0 -0.128264     -0.250650    
778 0.7770      1  0 -0.128277     -0.247834    
779 0.7780      1  0 -0.128284     -0.244472    
780 0.7790      1  0 -0.128286     -0.240647    
781 0.7800      1  0 -0.128284     -0.236463    
782 0.7810      1  0 -0.128280     -0.232041    
783 0.7820      1  0 -0.128277     -0.227524    
784 0.7830      1  0 -0.128274     -0.223073    
785 0.7840      1  0 -0.128274     -0.218866    
786 0.7850      1  0 -0.128279     -0.215081    
787 0.7860      1  0 -0.128289     -0.211897    
788 0.7870      1  0 -0.128305     -0.209472    
789 0.7880      1  0 -0.128328     -0.207937    
790 0.7890      1  0 -0.128358     -0.207384    
791 0.7900      1  0 -0.128396     -0.207855    
792 0.7910      1  0 -0.128440     -0.209341    
793 0.7920      1  0 -0.128489     -0.211778    
794 0.7930      1  0 -0.128544     -0.215055    
795 0.7940      1  0 -0.128601     -0.219019    
796 0.7950      1  0 -0.128660     -0.223489    
797 0.7960      1  0 -0.128720     -0.228264    
798 0.7970      1  0 -0.128777     -0.233145    
799 0.7980      1  0 -0.128831     -0.237937    
800 0.7990      1  0 -0.128880     -0.242469    
801 0.8000      1  0 -0.128922     -0.246593    
802 0.8010      1  0 -0.128957     -0.250195    
803 0.8020      1  0 -0.128983     -0.253186    
804 0.8030      1  0 -0.129000     -0.255506    
805 0.8040      1  0 -0.129007     -0.257119    
806 0.8050      1  0 -0.129003     -0.258001    
807 0.8060      1  0 -0.128990     -0.258147    
808 0.8070      1  0 -0.128968     -0.257555    
809 0.8080      1  0 -0.128937     -0.256239    
810 0.8090      1  0 -0.128898     -0.254218    
811 0.8100      1  0 -0.128852     -0.251531    
812 0.8110      1  0 -0.128801     -0.248234    
813 0.8120      1  0 -0.128746     -0.244406    
814 0.8130      1  0 -0.128688     -0.240157    
815 0.8140      1  0 -0.128630     -0.235621    
816 0.8150      1  0 -0.128572     -0.230959    
817 0.8160      1  0 -0.128517     -0.226354    
818 0.8170      1  0 -0.128466     -0.221999    
819 0.8180      1  0 -0.128419     -0.218086    
820 0.8190      1  0 -0.128379     -0.214796    
821 0.8200      1  0 -0.128346     -0.212287    
822 0.8210      1  0 -0.128321     -0.210678    
823 0.8220      1  0 -0.128303     -0.210045    
824 0.8230      1  0 -0.128293     -0.210412    
825 0.8240      1  0 -0.128290     -0.211753    
826 0.8250      1  0 -0.128294     -0.213993    
827 0.8260      1  0 -0.128302     -0.217014    
828 0.8270      1  0 -0.128314     -0.220667    
829 0.8280      1  0 -0.128328     -0.224783    
830 0.8290      1  0 -0.128343     -0.229180    
831 0.8300      1  0 -0.128357     -0.233681    
832 0.8310      1  0 -0.128368     -0.238120    
833 0.8320      1  0 -0.128375     -0.242348    
834 0.8330      1  0 -0.128377     -0.246237    
835 0.8340      1  0 -0.128372     -0.249681    
836 0.8350      1  0 -0.128360     -0.252595    
837 0.8360      1  0 -0.128339     -0.254909    
838 0.8370      1  0 -0.128311     -0.256570    
839 0.8380      1  0 -0.128273     -0.257536    
840 0.8390      1  0 -0.128228     -0.257773    
841 0.8400      1  0 -0.128174     -0.257263    
842 0.8410      1  0 -0.128113     -0.255999    
843 0.8420      1  0 -0.128047     -0.253992    
844 0.8430      1  0 -0.127974     -0.251278    
845 0.8440      1  0 -0.127898     -0.247919    
846 0.8450      1  0 -0.127820     -0.244008    
847 0.8460      1  0 -0.127741     -0.239669    
848 0.8470      1  0 -0.127663     -0.235054    
849 0.8480      1  0 -0.127587     -0.230339    
850 0.8490      1  0 -0.127515     -0.225716    
851 0.8500      1  0 -0.127448     -0.221382    
852 0.8510      1  0 -0.127389     -0.217527    
853 0.8520      1  0 -0.127337     -0.214319    
854 0.8530      1  0 -0.127293     -0.211902    
855 0.8540      1  0 -0.127259     -0.210375    
856 0.8550      1  0 -0.127233     -0.209797    
857 0.8560      1  0 -0.127216     -0.210176    
858 0.8570      1  0 -0.127207     -0.211475    
859 0.8580      1  0 -0.127205     -0.213617    
860 0.8590      1  0 -0.127209     -0.216486    
861 0.8600      1  0 -0.127217     -0.219945    
862 0.8610      1  0 -0.127229     -0.223838    
863 0.8620      1  0 -0.127241     -0.228004    
864 0.8630      1  0 -0.127254     -0.232284    
865 0.8640      1  0 -0.127264     -0.236526    
866 0.8650      1  0 -0.127272     -0.240594    
867 0.8660      1  0 -0.127274     -0.244364    
868 0.8670      1  0 -0.127272     -0.247727    
869 0.8680      1  0 -0.127262     -0.250591    
870 0.8690      1  0 -0.127246     -0.252876    
871 0.8700      1  0 -0.127222     -0.254513    
872 0.8710      1  0 -0.127190     -0.255447    
873 0.8720      1  0 -0.127151     -0.255637    
874 0.8730      1  0 -0.127105     -0.255058    
875 0.8740      1  0 -0.127053     -0.253705    
876 0.8750      1  0 -0.126996     -0.251597    
877 0.8760      1  0 -0.126935     -0.248782    
878 0.8770      1  0 -0.126871     -0.245337    
879 0.8780      1  0 -0.126806     -0.241372    
880 0.8790      1  0 -0.126741     -0.237023    
881 0.8800      1  0 -0.126678     -0.232455    
882 0.8810      1  0 -0.126619     -0.227847    
883 0.8820      1  0 -0.126565     -0.223387    
884 0.8830      1  0 -0.126518     -0.219264    
885 0.8840      1  0 -0.126478     -0.215652    
886 0.8850      1  0 -0.126447     -0.212704    
887 0.8860      1  0 -0.126425     -0.210541    
888 0.8870      1  0 -0.126413     -0.209246    
889 0.8880      1  0 -0.126410     -0.208863    
890 0.8890      1  0 -0.126416     -0.209389    
891 0.8900      1  0 -0.126430     -0.210784    
892 0.8910      1  0 -0.126452     -0.212971    
893 0.8920      1  0 -0.126480     -0.215842    
894 0.8930      1  0 -0.126512     -0.219269    
895 0.8940      1  0 -0.126548     -0.223107    
896 0.8950      1  0 -0.126585     -0.227207    
897 0.8960      1  0 -0.126621     -0.231418    
898 0.8970      1  0 -0.126656     -0.235594    
899 0.8980      1  0 -0.126688     -0.239599    
900 0.8990      1  0 -0.126715     -0.243308    
901 0.9000      1  0 -0.126736     -0.246608    
902 0.9010      1  0 -0.126751     -0.249398    
903 0.9020      1  0 -0.126759     -0.251593    
904 0.9030      1  0 -0.126760     -0.253122    
905 0.9040      1  0 -0.126753     -0.253930    
906 0.9050      1  0 -0.126739     -0.253979    
907 0.9060      1  0 -0.126718     -0.253252    
908 0.9070      1  0 -0.126691     -0.251759    
909 0.9080      1  0 -0.126659     -0.249532    
910 0.9090      1  0 -0.126624     -0.246634    
911 0.9100      1  0 -0.126586     -0.243155    
912 0.9110      1  0 -0.126547     -0.239215    
913 0.9120      1  0 -0.126509     -0.234955    
914 0.9130      1  0 -0.126474     -0.230538    
915 0.9140      1  0 -0.126442     -0.226138    
916 0.9150      1  0 -0.126416     -0.221932    
917 0.9160      1  0 -0.126396     -0.218093    
918 0.9170      1  0 -0.126384     -0.214780    
919 0.9180      1  0 -0.126381     -0.212129    
920 0.9190      1  0 -0.126387     -0.210246    
921 0.9200      1  0 -0.126402     -0.209204    
922 0.9210      1  0 -0.126426     -0.209037    
923 0.9220      1  0 -0.126459     -0.209740    
924 0.9230      1  0 -0.126500     -0.211274    
925 0.9240      1  0 -0.126547     -0.213564    
926 0.9250      1  0 -0.126600     -0.216508    
927 0.9260      1  0 -0.126657     -0.219982    
928 0.9270      1  0 -0.126717     -0.223847    
929 0.9280      1  0 -0.126777     -0.227957    
930 0.9290      1  0 -0.126836     -0.232162    
931 0.9300      1  0 -0.126893     -0.236317    
932 0.9310      1  0 -0.126946     -0.240282    
933 0.9320      1  0 -0.126995     -0.243929    
934 0.9330      1  0 -0.127037     -0.247146    
935 0.9340      1  0 -0.127071     -0.249830    
936 0.9350      1  0 -0.127099     -0.251900    
937 0.9360      1  0 -0.127118     -0.253288    
938 0.9370      1  0 -0.127130     -0.253948    
939 0.9380      1  0 -0.127134     -0.253854    
940 0.9390      1  0 -0.127131     -0.253000    
941 0.9400      1  0 -0.127122     -0.251407    
942 0.9410      1  0 -0.127107     -0.249118    
943 0.9420      1  0 -0.127089     -0.246204    
944 0.9430      1  0 -0.127068     -0.242760    
945 0.9440      1  0 -0.127046     -0.238904    
946 0.9450      1  0 -0.127025     -0.234776    
947 0.9460      1  0 -0.127006     -0.230529    
948 0.9470      1  0 -0.126990     -0.226329    
949 0.9480      1  0 -0.126980     -0.222341    
950 0.9490      1  0 -0.126976     -0.218726    
951 0.9500      1  0 -0.126979     -0.215632    
952 0.9510      1  0 -0.126990     -0.213186    
953 0.9520      1  0 -0.127009     -0.211489    
954 0.9530      1  0 -0.127037     -0.210608    
955 0.9540      1  0 -0.127074     -0.210576    
956 0.9550      1  0 -0.127118     -0.211390    
957 0.9560      1  0 -0.127169     -0.213012    
958 0.9570      1  0 -0.127227     -0.215368    
959 0.9580      1  0 -0.127289     -0.218360    
960 0.9590      1  0 -0.127355     -0.221866    
961 0.9600      1  0 -0.127422     -0.225746    
962 0.9610      1  0 -0.127489     -0.229853    
963 0.9620      1  0 -0.127555     -0.234037    
964 0.9630      1  0 -0.127617     -0.238151    
965 0.9640      1  0 -0.127675     -0.242057    
966 0.9650      1  0 -0.127728     -0.245625    
967 0.9660      1  0 -0.127773     -0.248746    
968 0.9670      1  0 -0.127811     -0.251322    
969 0.9680      1  0 -0.127841     -0.253278    
970 0.9690      1  0 -0.127863     -0.254554    
971 0.9700      1  0 -0.127876     -0.255112    
972 0.9710      1  0 -0.127882     -0.254934    
973 0.9720      1  0 -0.127880     -0.254022    
974 0.9730      1  0 -0.127872     -0.252401    
975 0.9740      1  0 -0.127858     -0.250117    
976 0.9750      1  0 -0.127840     -0.247241    
977 0.9760      1  0 -0.127820     -0.243865    
978 0.9770      1  0 -0.127798     -0.240102    
979 0.9780      1  0 -0.127776     -0.236085    
980 0.9790      1  0 -0.127756     -0.231960    
981 0.9800      1  0 -0.127740     -0.227884    
982 0.9810      1  0 -0.127728     -0.224015    
983 0.9820      1  0 -0.127722     -0.220509    
984 0.9830      1  0 -0.127723     -0.217509    
985 0.9840      1  0 -0.127731     -0.215141    
986 0.9850      1  0 -0.127748     -0.213505    
987 0.9860      1  0 -0.127772     -0.212669    
988 0.9870      1  0 -0.127804     -0.212668    
989 0.9880      1  0 -0.127844     -0.213500    
990 0.9890      1  0 -0.127890     -0.215128    
991 0.9900      1  0 -0.127942     -0.217481    
992 0.9910      1  0 -0.127998     -0.220459    
993 0.9920      1  0 -0.128057     -0.223940    
994 0.9930      1  0 -0.128117     -0.227784    
995 0.9940      1  0 -0.128176     -0.231844    
996 0.9950      1  0 -0.128234     -0.235970    
997 0.9960      1  0 -0.128288     -0.240014    
998 0.9970      1  0 -0.128337     -0.243839    
999 0.9980      1  0 -0.128381     -0.247323    
