# Pazy Wing (simplified : constant stiffness properties)                          
# Operating point sequence...
# i     t     conv	stall	 RY pos[ 1]    Theta[ 1]    
  1  1.996      1  0 -0.126638     -0.239058    
  2  1.997      1  0 -0.126609     -0.236848    
  3  1.998      1  0 -0.126579     -0.234504    
  4  1.999      1  0 -0.126549     -0.232034    
  5  2.000      1  0 -0.126521     -0.229501    
  6  2.001      1  0 -0.126494     -0.226990    
  7  2.002      1  0 -0.126470     -0.224594    
  8  2.003      1  0 -0.126449     -0.222405    
  9  2.004      1  0 -0.126433     -0.220507    
 10  2.005      1  0 -0.126421     -0.218977    
 11  2.006      1  0 -0.126414     -0.217875    
 12  2.007      1  0 -0.126412     -0.217244    
 13  2.008      1  0 -0.126416     -0.217108    
 14  2.009      1  0 -0.126424     -0.217470    
 15  2.010      1  0 -0.126436     -0.218314    
 16  2.011      1  0 -0.126453     -0.219600    
 17  2.012      1  0 -0.126472     -0.221277    
 18  2.013      1  0 -0.126494     -0.223274    
 19  2.014      1  0 -0.126518     -0.225513    
 20  2.015      1  0 -0.126541     -0.227907    
 21  2.016      1  0 -0.126564     -0.230366    
 22  2.017      1  0 -0.126586     -0.232801    
 23  2.018      1  0 -0.126605     -0.235125    
 24  2.019      1  0 -0.126621     -0.237258    
 25  2.020      1  0 -0.126634     -0.239129    
 26  2.021      1  0 -0.126642     -0.240677    
 27  2.022      1  0 -0.126645     -0.241851    
 28  2.023      1  0 -0.126644     -0.242614    
 29  2.024      1  0 -0.126637     -0.242940    
 30  2.025      1  0 -0.126626     -0.242819    
 31  2.026      1  0 -0.126611     -0.242253    
 32  2.027      1  0 -0.126591     -0.241258    
 33  2.028      1  0 -0.126569     -0.239864    
 34  2.029      1  0 -0.126544     -0.238117    
 35  2.030      1  0 -0.126517     -0.236074    
 36  2.031      1  0 -0.126489     -0.233804    
 37  2.032      1  0 -0.126461     -0.231387    
 38  2.033      1  0 -0.126435     -0.228912    
 39  2.034      1  0 -0.126410     -0.226469    
 40  2.035      1  0 -0.126388     -0.224153    
 41  2.036      1  0 -0.126370     -0.222052    
 42  2.037      1  0 -0.126356     -0.220250    
 43  2.038      1  0 -0.126347     -0.218818    
 44  2.039      1  0 -0.126342     -0.217814    
 45  2.040      1  0 -0.126343     -0.217278    
 46  2.041      1  0 -0.126348     -0.217228    
 47  2.042      1  0 -0.126359     -0.217667    
 48  2.043      1  0 -0.126373     -0.218572    
 49  2.044      1  0 -0.126392     -0.219905    
 50  2.045      1  0 -0.126413     -0.221610    
 51  2.046      1  0 -0.126436     -0.223617    
 52  2.047      1  0 -0.126461     -0.225847    
 53  2.048      1  0 -0.126486     -0.228215    
 54  2.049      1  0 -0.126510     -0.230630    
 55  2.050      1  0 -0.126533     -0.233005    
 56  2.051      1  0 -0.126553     -0.235257    
 57  2.052      1  0 -0.126570     -0.237308    
 58  2.053      1  0 -0.126583     -0.239090    
 59  2.054      1  0 -0.126592     -0.240546    
 60  2.055      1  0 -0.126597     -0.241628    
 61  2.056      1  0 -0.126596     -0.242302    
 62  2.057      1  0 -0.126591     -0.242546    
 63  2.058      1  0 -0.126581     -0.242352    
 64  2.059      1  0 -0.126567     -0.241725    
 65  2.060      1  0 -0.126550     -0.240682    
 66  2.061      1  0 -0.126529     -0.239257    
 67  2.062      1  0 -0.126506     -0.237494    
 68  2.063      1  0 -0.126481     -0.235453    
 69  2.064      1  0 -0.126456     -0.233204    
 70  2.065      1  0 -0.126431     -0.230825    
 71  2.066      1  0 -0.126407     -0.228403    
 72  2.067      1  0 -0.126385     -0.226029    
 73  2.068      1  0 -0.126366     -0.223794    
 74  2.069      1  0 -0.126351     -0.221785    
 75  2.070      1  0 -0.126340     -0.220082    
 76  2.071      1  0 -0.126333     -0.218754    
 77  2.072      1  0 -0.126331     -0.217853    
 78  2.073      1  0 -0.126335     -0.217415    
 79  2.074      1  0 -0.126343     -0.217456    
 80  2.075      1  0 -0.126355     -0.217972    
 81  2.076      1  0 -0.126372     -0.218941    
 82  2.077      1  0 -0.126392     -0.220320    
 83  2.078      1  0 -0.126415     -0.222052    
 84  2.079      1  0 -0.126439     -0.224066    
 85  2.080      1  0 -0.126465     -0.226283    
 86  2.081      1  0 -0.126491     -0.228618    
 87  2.082      1  0 -0.126516     -0.230985    
 88  2.083      1  0 -0.126539     -0.233297    
 89  2.084      1  0 -0.126560     -0.235474    
 90  2.085      1  0 -0.126578     -0.237443    
 91  2.086      1  0 -0.126591     -0.239138    
 92  2.087      1  0 -0.126601     -0.240505    
 93  2.088      1  0 -0.126606     -0.241499    
 94  2.089      1  0 -0.126606     -0.242090    
 95  2.090      1  0 -0.126601     -0.242258    
 96  2.091      1  0 -0.126593     -0.241996    
 97  2.092      1  0 -0.126580     -0.241311    
 98  2.093      1  0 -0.126563     -0.240225    
 99  2.094      1  0 -0.126543     -0.238771    
100  2.095      1  0 -0.126522     -0.236995    
101  2.096      1  0 -0.126498     -0.234958    
102  2.097      1  0 -0.126475     -0.232729    
103  2.098      1  0 -0.126451     -0.230388    
104  2.099      1  0 -0.126429     -0.228022    
105  2.100      1  0 -0.126410     -0.225718    
106  2.101      1  0 -0.126392     -0.223566    
107  2.102      1  0 -0.126379     -0.221650    
108  2.103      1  0 -0.126370     -0.220047    
109  2.104      1  0 -0.126365     -0.218820    
110  2.105      1  0 -0.126365     -0.218019    
111  2.106      1  0 -0.126369     -0.217676    
112  2.107      1  0 -0.126379     -0.217802    
113  2.108      1  0 -0.126392     -0.218390    
114  2.109      1  0 -0.126410     -0.219414    
115  2.110      1  0 -0.126430     -0.220830    
116  2.111      1  0 -0.126454     -0.222580    
117  2.112      1  0 -0.126478     -0.224593    
118  2.113      1  0 -0.126504     -0.226790    
119  2.114      1  0 -0.126530     -0.229088    
120  2.115      1  0 -0.126554     -0.231402    
121  2.116      1  0 -0.126577     -0.233650    
122  2.117      1  0 -0.126597     -0.235752    
123  2.118      1  0 -0.126614     -0.237639    
124  2.119      1  0 -0.126627     -0.239249    
125  2.120      1  0 -0.126636     -0.240528    
126  2.121      1  0 -0.126640     -0.241438    
127  2.122      1  0 -0.126639     -0.241947    
128  2.123      1  0 -0.126634     -0.242041    
129  2.124      1  0 -0.126625     -0.241714    
130  2.125      1  0 -0.126611     -0.240975    
131  2.126      1  0 -0.126595     -0.239848    
132  2.127      1  0 -0.126575     -0.238367    
133  2.128      1  0 -0.126553     -0.236580    
134  2.129      1  0 -0.126530     -0.234548    
135  2.130      1  0 -0.126507     -0.232342    
136  2.131      1  0 -0.126484     -0.230040    
137  2.132      1  0 -0.126463     -0.227728    
138  2.133      1  0 -0.126444     -0.225493    
139  2.134      1  0 -0.126427     -0.223422    
140  2.135      1  0 -0.126415     -0.221595    
141  2.136      1  0 -0.126406     -0.220087    
142  2.137      1  0 -0.126401     -0.218956    
143  2.138      1  0 -0.126402     -0.218249    
144  2.139      1  0 -0.126407     -0.217992    
145  2.140      1  0 -0.126416     -0.218195    
146  2.141      1  0 -0.126430     -0.218846    
147  2.142      1  0 -0.126447     -0.219916    
148  2.143      1  0 -0.126467     -0.221362    
149  2.144      1  0 -0.126490     -0.223121    
150  2.145      1  0 -0.126514     -0.225126    
151  2.146      1  0 -0.126538     -0.227297    
152  2.147      1  0 -0.126563     -0.229554    
153  2.148      1  0 -0.126586     -0.231812    
154  2.149      1  0 -0.126607     -0.233992    
155  2.150      1  0 -0.126626     -0.236019    
156  2.151      1  0 -0.126641     -0.237825    
157  2.152      1  0 -0.126652     -0.239349    
158  2.153      1  0 -0.126659     -0.240544    
159  2.154      1  0 -0.126662     -0.241371    
160  2.155      1  0 -0.126660     -0.241802    
161  2.156      1  0 -0.126653     -0.241824    
162  2.157      1  0 -0.126643     -0.241434    
163  2.158      1  0 -0.126628     -0.240644    
164  2.159      1  0 -0.126611     -0.239477    
165  2.160      1  0 -0.126590     -0.237970    
166  2.161      1  0 -0.126568     -0.236174    
167  2.162      1  0 -0.126545     -0.234148    
168  2.163      1  0 -0.126521     -0.231965    
169  2.164      1  0 -0.126498     -0.229702    
170  2.165      1  0 -0.126477     -0.227445    
171  2.166      1  0 -0.126458     -0.225278    
172  2.167      1  0 -0.126442     -0.223286    
173  2.168      1  0 -0.126429     -0.221547    
174  2.169      1  0 -0.126420     -0.220130    
175  2.170      1  0 -0.126416     -0.219091    
176  2.171      1  0 -0.126417     -0.218472    
177  2.172      1  0 -0.126421     -0.218296    
178  2.173      1  0 -0.126431     -0.218568    
179  2.174      1  0 -0.126444     -0.219274    
180  2.175      1  0 -0.126460     -0.220384    
181  2.176      1  0 -0.126480     -0.221852    
182  2.177      1  0 -0.126501     -0.223616    
183  2.178      1  0 -0.126524     -0.225608    
184  2.179      1  0 -0.126547     -0.227750    
185  2.180      1  0 -0.126570     -0.229962    
186  2.181      1  0 -0.126592     -0.232164    
187  2.182      1  0 -0.126612     -0.234277    
188  2.183      1  0 -0.126628     -0.236229    
189  2.184      1  0 -0.126642     -0.237954    
190  2.185      1  0 -0.126651     -0.239396    
191  2.186      1  0 -0.126657     -0.240507    
192  2.187      1  0 -0.126658     -0.241252    
193  2.188      1  0 -0.126655     -0.241607    
194  2.189      1  0 -0.126647     -0.241558    
195  2.190      1  0 -0.126635     -0.241107    
196  2.191      1  0 -0.126620     -0.240266    
197  2.192      1  0 -0.126601     -0.239061    
198  2.193      1  0 -0.126580     -0.237531    
199  2.194      1  0 -0.126558     -0.235727    
200  2.195      1  0 -0.126534     -0.233710    
201  2.196      1  0 -0.126511     -0.231553    
202  2.197      1  0 -0.126488     -0.229332    
203  2.198      1  0 -0.126467     -0.227131    
204  2.199      1  0 -0.126448     -0.225033    
205  2.200      1  0 -0.126432     -0.223121    
206  2.201      1  0 -0.126420     -0.221468    
207  2.202      1  0 -0.126411     -0.220140    
208  2.203      1  0 -0.126408     -0.219191    
209  2.204      1  0 -0.126408     -0.218656    
210  2.205      1  0 -0.126413     -0.218557    
211  2.206      1  0 -0.126422     -0.218894    
212  2.207      1  0 -0.126435     -0.219653    
213  2.208      1  0 -0.126452     -0.220800    
214  2.209      1  0 -0.126471     -0.222287    
215  2.210      1  0 -0.126492     -0.224054    
216  2.211      1  0 -0.126514     -0.226032    
217  2.212      1  0 -0.126536     -0.228144    
218  2.213      1  0 -0.126558     -0.230312    
219  2.214      1  0 -0.126578     -0.232457    
220  2.215      1  0 -0.126597     -0.234504    
221  2.216      1  0 -0.126612     -0.236382    
222  2.217      1  0 -0.126625     -0.238027    
223  2.218      1  0 -0.126633     -0.239387    
224  2.219      1  0 -0.126637     -0.240416    
225  2.220      1  0 -0.126637     -0.241081    
226  2.221      1  0 -0.126633     -0.241360    
227  2.222      1  0 -0.126625     -0.241243    
228  2.223      1  0 -0.126612     -0.240733    
229  2.224      1  0 -0.126596     -0.239844    
230  2.225      1  0 -0.126578     -0.238605    
231  2.226      1  0 -0.126557     -0.237055    
232  2.227      1  0 -0.126534     -0.235247    
233  2.228      1  0 -0.126511     -0.233243    
234  2.229      1  0 -0.126488     -0.231114    
235  2.230      1  0 -0.126466     -0.228937    
236  2.231      1  0 -0.126445     -0.226795    
237  2.232      1  0 -0.126427     -0.224768    
238  2.233      1  0 -0.126412     -0.222936    
239  2.234      1  0 -0.126401     -0.221370    
240  2.235      1  0 -0.126393     -0.220132    
241  2.236      1  0 -0.126390     -0.219270    
242  2.237      1  0 -0.126392     -0.218819    
243  2.238      1  0 -0.126397     -0.218795    
244  2.239      1  0 -0.126407     -0.219196    
245  2.240      1  0 -0.126420     -0.220005    
246  2.241      1  0 -0.126437     -0.221187    
247  2.242      1  0 -0.126456     -0.222693    
248  2.243      1  0 -0.126477     -0.224462    
249  2.244      1  0 -0.126499     -0.226425    
250  2.245      1  0 -0.126521     -0.228507    
251  2.246      1  0 -0.126542     -0.230631    
252  2.247      1  0 -0.126562     -0.232721    
253  2.248      1  0 -0.126580     -0.234702    
254  2.249      1  0 -0.126594     -0.236506    
255  2.250      1  0 -0.126606     -0.238073    
256  2.251      1  0 -0.126614     -0.239352    
257  2.252      1  0 -0.126617     -0.240300    
258  2.253      1  0 -0.126617     -0.240886    
259  2.254      1  0 -0.126612     -0.241091    
260  2.255      1  0 -0.126603     -0.240908    
261  2.256      1  0 -0.126591     -0.240341    
262  2.257      1  0 -0.126575     -0.239408    
263  2.258      1  0 -0.126556     -0.238138    
264  2.259      1  0 -0.126536     -0.236572    
265  2.260      1  0 -0.126514     -0.234764    
266  2.261      1  0 -0.126491     -0.232776    
267  2.262      1  0 -0.126469     -0.230679    
268  2.263      1  0 -0.126448     -0.228550    
269  2.264      1  0 -0.126428     -0.226469    
270  2.265      1  0 -0.126411     -0.224514    
271  2.266      1  0 -0.126398     -0.222763    
272  2.267      1  0 -0.126387     -0.221283    
273  2.268      1  0 -0.126381     -0.220133    
274  2.269      1  0 -0.126379     -0.219359    
275  2.270      1  0 -0.126382     -0.218989    
276  2.271      1  0 -0.126388     -0.219039    
277  2.272      1  0 -0.126399     -0.219503    
278  2.273      1  0 -0.126413     -0.220361    
279  2.274      1  0 -0.126430     -0.221576    
280  2.275      1  0 -0.126449     -0.223100    
281  2.276      1  0 -0.126470     -0.224870    
282  2.277      1  0 -0.126492     -0.226818    
283  2.278      1  0 -0.126514     -0.228870    
284  2.279      1  0 -0.126535     -0.230950    
285  2.280      1  0 -0.126554     -0.232982    
286  2.281      1  0 -0.126572     -0.234897    
287  2.282      1  0 -0.126586     -0.236628    
288  2.283      1  0 -0.126597     -0.238117    
289  2.284      1  0 -0.126604     -0.239315    
290  2.285      1  0 -0.126607     -0.240183    
291  2.286      1  0 -0.126606     -0.240693    
292  2.287      1  0 -0.126601     -0.240828    
293  2.288      1  0 -0.126592     -0.240582    
294  2.289      1  0 -0.126580     -0.239962    
295  2.290      1  0 -0.126564     -0.238988    
296  2.291      1  0 -0.126546     -0.237690    
297  2.292      1  0 -0.126526     -0.236112    
298  2.293      1  0 -0.126504     -0.234306    
299  2.294      1  0 -0.126483     -0.232337    
300  2.295      1  0 -0.126461     -0.230275    
301  2.296      1  0 -0.126441     -0.228195    
302  2.297      1  0 -0.126423     -0.226175    
303  2.298      1  0 -0.126407     -0.224293    
304  2.299      1  0 -0.126395     -0.222622    
305  2.300      1  0 -0.126386     -0.221228    
306  2.301      1  0 -0.126381     -0.220165    
307  2.302      1  0 -0.126380     -0.219476    
308  2.303      1  0 -0.126383     -0.219187    
309  2.304      1  0 -0.126390     -0.219307    
310  2.305      1  0 -0.126402     -0.219831    
311  2.306      1  0 -0.126416     -0.220735    
312  2.307      1  0 -0.126434     -0.221982    
313  2.308      1  0 -0.126453     -0.223520    
314  2.309      1  0 -0.126474     -0.225288    
315  2.310      1  0 -0.126496     -0.227219    
316  2.311      1  0 -0.126517     -0.229238    
317  2.312      1  0 -0.126538     -0.231272    
318  2.313      1  0 -0.126557     -0.233248    
319  2.314      1  0 -0.126574     -0.235096    
320  2.315      1  0 -0.126587     -0.236754    
321  2.316      1  0 -0.126598     -0.238166    
322  2.317      1  0 -0.126604     -0.239285    
323  2.318      1  0 -0.126607     -0.240076    
324  2.319      1  0 -0.126605     -0.240512    
325  2.320      1  0 -0.126600     -0.240578    
326  2.321      1  0 -0.126591     -0.240272    
327  2.322      1  0 -0.126578     -0.239603    
328  2.323      1  0 -0.126563     -0.238591    
329  2.324      1  0 -0.126544     -0.237269    
330  2.325      1  0 -0.126525     -0.235681    
331  2.326      1  0 -0.126504     -0.233881    
332  2.327      1  0 -0.126483     -0.231933    
333  2.328      1  0 -0.126462     -0.229906    
334  2.329      1  0 -0.126443     -0.227876    
335  2.330      1  0 -0.126425     -0.225918    
336  2.331      1  0 -0.126410     -0.224109    
337  2.332      1  0 -0.126399     -0.222518    
338  2.333      1  0 -0.126391     -0.221207    
339  2.334      1  0 -0.126387     -0.220229    
340  2.335      1  0 -0.126387     -0.219623    
341  2.336      1  0 -0.126391     -0.219410    
342  2.337      1  0 -0.126399     -0.219598    
343  2.338      1  0 -0.126410     -0.220178    
344  2.339      1  0 -0.126425     -0.221125    
345  2.340      1  0 -0.126443     -0.222399    
346  2.341      1  0 -0.126462     -0.223948    
347  2.342      1  0 -0.126483     -0.225712    
348  2.343      1  0 -0.126504     -0.227622    
349  2.344      1  0 -0.126525     -0.229606    
350  2.345      1  0 -0.126545     -0.231592    
351  2.346      1  0 -0.126563     -0.233509    
352  2.347      1  0 -0.126579     -0.235291    
353  2.348      1  0 -0.126592     -0.236876    
354  2.349      1  0 -0.126602     -0.238212    
355  2.350      1  0 -0.126607     -0.239254    
356  2.351      1  0 -0.126609     -0.239969    
357  2.352      1  0 -0.126607     -0.240334    
358  2.353      1  0 -0.126601     -0.240335    
359  2.354      1  0 -0.126592     -0.239972    
360  2.355      1  0 -0.126579     -0.239256    
361  2.356      1  0 -0.126563     -0.238209    
362  2.357      1  0 -0.126545     -0.236865    
363  2.358      1  0 -0.126525     -0.235269    
364  2.359      1  0 -0.126504     -0.233477    
365  2.360      1  0 -0.126484     -0.231551    
366  2.361      1  0 -0.126464     -0.229562    
367  2.362      1  0 -0.126445     -0.227582    
368  2.363      1  0 -0.126428     -0.225686    
369  2.364      1  0 -0.126414     -0.223949    
370  2.365      1  0 -0.126403     -0.222436    
371  2.366      1  0 -0.126396     -0.221208    
372  2.367      1  0 -0.126393     -0.220313    
373  2.368      1  0 -0.126393     -0.219785    
374  2.369      1  0 -0.126398     -0.219646    
375  2.370      1  0 -0.126406     -0.219898    
376  2.371      1  0 -0.126418     -0.220530    
377  2.372      1  0 -0.126433     -0.221515    
378  2.373      1  0 -0.126450     -0.222812    
379  2.374      1  0 -0.126469     -0.224369    
380  2.375      1  0 -0.126490     -0.226124    
381  2.376      1  0 -0.126510     -0.228011    
382  2.377      1  0 -0.126531     -0.229958    
383  2.378      1  0 -0.126550     -0.231896    
384  2.379      1  0 -0.126567     -0.233754    
385  2.380      1  0 -0.126582     -0.235469    
386  2.381      1  0 -0.126594     -0.236982    
387  2.382      1  0 -0.126603     -0.238243    
388  2.383      1  0 -0.126608     -0.239210    
389  2.384      1  0 -0.126609     -0.239851    
390  2.385      1  0 -0.126606     -0.240146    
391  2.386      1  0 -0.126599     -0.240085    
392  2.387      1  0 -0.126589     -0.239667    
393  2.388      1  0 -0.126575     -0.238907    
394  2.389      1  0 -0.126559     -0.237827    
395  2.390      1  0 -0.126541     -0.236465    
396  2.391      1  0 -0.126522     -0.234864    
397  2.392      1  0 -0.126501     -0.233082    
398  2.393      1  0 -0.126481     -0.231180    
399  2.394      1  0 -0.126461     -0.229229    
400  2.395      1  0 -0.126443     -0.227301    
401  2.396      1  0 -0.126427     -0.225468    
402  2.397      1  0 -0.126413     -0.223801    
403  2.398      1  0 -0.126403     -0.222365    
404  2.399      1  0 -0.126397     -0.221217    
405  2.400      1  0 -0.126394     -0.220402    
406  2.401      1  0 -0.126395     -0.219951    
407  2.402      1  0 -0.126400     -0.219881    
408  2.403      1  0 -0.126409     -0.220194    
409  2.404      1  0 -0.126421     -0.220874    
410  2.405      1  0 -0.126436     -0.221893    
411  2.406      1  0 -0.126453     -0.223210    
412  2.407      1  0 -0.126472     -0.224772    
413  2.408      1  0 -0.126492     -0.226516    
414  2.409      1  0 -0.126512     -0.228378    
415  2.410      1  0 -0.126531     -0.230287    
416  2.411      1  0 -0.126550     -0.232175    
417  2.412      1  0 -0.126566     -0.233974    
418  2.413      1  0 -0.126580     -0.235622    
419  2.414      1  0 -0.126591     -0.237064    
420  2.415      1  0 -0.126599     -0.238251    
421  2.416      1  0 -0.126603     -0.239144    
422  2.417      1  0 -0.126603     -0.239714    
423  2.418      1  0 -0.126599     -0.239942    
424  2.419      1  0 -0.126592     -0.239820    
425  2.420      1  0 -0.126581     -0.239351    
426  2.421      1  0 -0.126568     -0.238549    
427  2.422      1  0 -0.126551     -0.237440    
428  2.423      1  0 -0.126533     -0.236061    
429  2.424      1  0 -0.126514     -0.234458    
430  2.425      1  0 -0.126494     -0.232687    
431  2.426      1  0 -0.126474     -0.230812    
432  2.427      1  0 -0.126455     -0.228901    
433  2.428      1  0 -0.126437     -0.227025    
434  2.429      1  0 -0.126421     -0.225254    
435  2.430      1  0 -0.126409     -0.223659    
436  2.431      1  0 -0.126399     -0.222300    
437  2.432      1  0 -0.126393     -0.221231    
438  2.433      1  0 -0.126391     -0.220493    
439  2.434      1  0 -0.126393     -0.220117    
440  2.435      1  0 -0.126398     -0.220114    
441  2.436      1  0 -0.126407     -0.220483    
442  2.437      1  0 -0.126419     -0.221209    
443  2.438      1  0 -0.126434     -0.222260    
444  2.439      1  0 -0.126452     -0.223594    
445  2.440      1  0 -0.126470     -0.225157    
446  2.441      1  0 -0.126490     -0.226889    
447  2.442      1  0 -0.126509     -0.228724    
448  2.443      1  0 -0.126528     -0.230594    
449  2.444      1  0 -0.126546     -0.232431    
450  2.445      1  0 -0.126562     -0.234171    
451  2.446      1  0 -0.126575     -0.235753    
452  2.447      1  0 -0.126585     -0.237125    
453  2.448      1  0 -0.126592     -0.238240    
454  2.449      1  0 -0.126595     -0.239061    
455  2.450      1  0 -0.126594     -0.239561    
456  2.451      1  0 -0.126590     -0.239724    
457  2.452      1  0 -0.126583     -0.239544    
458  2.453      1  0 -0.126571     -0.239026    
459  2.454      1  0 -0.126558     -0.238185    
460  2.455      1  0 -0.126541     -0.237049    
461  2.456      1  0 -0.126523     -0.235656    
462  2.457      1  0 -0.126504     -0.234054    
463  2.458      1  0 -0.126484     -0.232297    
464  2.459      1  0 -0.126465     -0.230451    
465  2.460      1  0 -0.126446     -0.228581    
466  2.461      1  0 -0.126429     -0.226758    
467  2.462      1  0 -0.126415     -0.225051    
468  2.463      1  0 -0.126403     -0.223527    
469  2.464      1  0 -0.126394     -0.222244    
470  2.465      1  0 -0.126389     -0.221252    
471  2.466      1  0 -0.126387     -0.220591    
472  2.467      1  0 -0.126390     -0.220286    
473  2.468      1  0 -0.126396     -0.220347    
474  2.469      1  0 -0.126405     -0.220771    
475  2.470      1  0 -0.126417     -0.221539    
476  2.471      1  0 -0.126433     -0.222619    
477  2.472      1  0 -0.126450     -0.223967    
478  2.473      1  0 -0.126468     -0.225530    
479  2.474      1  0 -0.126487     -0.227248    
480  2.475      1  0 -0.126506     -0.229054    
481  2.476      1  0 -0.126525     -0.230884    
482  2.477      1  0 -0.126542     -0.232671    
483  2.478      1  0 -0.126557     -0.234352    
484  2.479      1  0 -0.126569     -0.235869    
485  2.480      1  0 -0.126579     -0.237171    
486  2.481      1  0 -0.126585     -0.238215    
487  2.482      1  0 -0.126587     -0.238965    
488  2.483      1  0 -0.126586     -0.239398    
489  2.484      1  0 -0.126582     -0.239498    
490  2.485      1  0 -0.126574     -0.239263    
491  2.486      1  0 -0.126562     -0.238697    
492  2.487      1  0 -0.126548     -0.237821    
493  2.488      1  0 -0.126532     -0.236661    
494  2.489      1  0 -0.126514     -0.235257    
495  2.490      1  0 -0.126495     -0.233658    
496  2.491      1  0 -0.126476     -0.231918    
497  2.492      1  0 -0.126457     -0.230102    
498  2.493      1  0 -0.126439     -0.228276    
499  2.494      1  0 -0.126423     -0.226507    
500  2.495      1  0 -0.126409     -0.224864    
501  2.496      1  0 -0.126398     -0.223410    
502  2.497      1  0 -0.126390     -0.222202    
503  2.498      1  0 -0.126386     -0.221287    
504  2.499      1  0 -0.126385     -0.220700    
505  2.500      1  0 -0.126388     -0.220464    
506  2.501      1  0 -0.126395     -0.220587    
507  2.502      1  0 -0.126404     -0.221063    
508  2.503      1  0 -0.126417     -0.221871    
509  2.504      1  0 -0.126432     -0.222977    
510  2.505      1  0 -0.126449     -0.224337    
511  2.506      1  0 -0.126468     -0.225898    
512  2.507      1  0 -0.126487     -0.227599    
513  2.508      1  0 -0.126505     -0.229376    
514  2.509      1  0 -0.126523     -0.231164    
515  2.510      1  0 -0.126540     -0.232900    
516  2.511      1  0 -0.126554     -0.234521    
517  2.512      1  0 -0.126566     -0.235973    
518  2.513      1  0 -0.126575     -0.237207    
519  2.514      1  0 -0.126580     -0.238181    
520  2.515      1  0 -0.126582     -0.238863    
521  2.516      1  0 -0.126580     -0.239230    
522  2.517      1  0 -0.126575     -0.239270    
523  2.518      1  0 -0.126567     -0.238981    
524  2.519      1  0 -0.126555     -0.238372    
525  2.520      1  0 -0.126541     -0.237462    
526  2.521      1  0 -0.126525     -0.236281    
527  2.522      1  0 -0.126508     -0.234869    
528  2.523      1  0 -0.126489     -0.233274    
529  2.524      1  0 -0.126470     -0.231554    
530  2.525      1  0 -0.126452     -0.229770    
531  2.526      1  0 -0.126435     -0.227987    
532  2.527      1  0 -0.126419     -0.226274    
533  2.528      1  0 -0.126406     -0.224696    
534  2.529      1  0 -0.126396     -0.223312    
535  2.530      1  0 -0.126389     -0.222178    
536  2.531      1  0 -0.126385     -0.221338    
537  2.532      1  0 -0.126385     -0.220823    
538  2.533      1  0 -0.126389     -0.220654    
539  2.534      1  0 -0.126396     -0.220836    
540  2.535      1  0 -0.126406     -0.221361    
541  2.536      1  0 -0.126419     -0.222205    
542  2.537      1  0 -0.126434     -0.223334    
543  2.538      1  0 -0.126451     -0.224703    
544  2.539      1  0 -0.126470     -0.226259    
545  2.540      1  0 -0.126488     -0.227941    
546  2.541      1  0 -0.126506     -0.229688    
547  2.542      1  0 -0.126524     -0.231434    
548  2.543      1  0 -0.126540     -0.233118    
549  2.544      1  0 -0.126553     -0.234680    
550  2.545      1  0 -0.126564     -0.236068    
551  2.546      1  0 -0.126573     -0.237234    
552  2.547      1  0 -0.126577     -0.238139    
553  2.548      1  0 -0.126579     -0.238754    
554  2.549      1  0 -0.126576     -0.239058    
555  2.550      1  0 -0.126571     -0.239040    
556  2.551      1  0 -0.126562     -0.238700    
557  2.552      1  0 -0.126550     -0.238050    
558  2.553      1  0 -0.126536     -0.237109    
559  2.554      1  0 -0.126520     -0.235910    
560  2.555      1  0 -0.126503     -0.234492    
561  2.556      1  0 -0.126484     -0.232905    
562  2.557      1  0 -0.126466     -0.231206    
563  2.558      1  0 -0.126448     -0.229456    
564  2.559      1  0 -0.126432     -0.227719    
565  2.560      1  0 -0.126417     -0.226061    
566  2.561      1  0 -0.126405     -0.224547    
567  2.562      1  0 -0.126395     -0.223233    
568  2.563      1  0 -0.126389     -0.222171    
569  2.564      1  0 -0.126386     -0.221403    
570  2.565      1  0 -0.126387     -0.220959    
571  2.566      1  0 -0.126391     -0.220854    
572  2.567      1  0 -0.126398     -0.221092    
573  2.568      1  0 -0.126409     -0.221662    
574  2.569      1  0 -0.126422     -0.222539    
575  2.570      1  0 -0.126437     -0.223689    
576  2.571      1  0 -0.126454     -0.225065    
577  2.572      1  0 -0.126472     -0.226613    
578  2.573      1  0 -0.126490     -0.228275    
579  2.574      1  0 -0.126508     -0.229989    
580  2.575      1  0 -0.126525     -0.231692    
581  2.576      1  0 -0.126540     -0.233324    
582  2.577      1  0 -0.126553     -0.234827    
583  2.578      1  0 -0.126563     -0.236151    
584  2.579      1  0 -0.126571     -0.237250    
585  2.580      1  0 -0.126575     -0.238088    
586  2.581      1  0 -0.126575     -0.238638    
587  2.582      1  0 -0.126573     -0.238880    
588  2.583      1  0 -0.126567     -0.238806    
589  2.584      1  0 -0.126558     -0.238419    
590  2.585      1  0 -0.126546     -0.237729    
591  2.586      1  0 -0.126531     -0.236761    
592  2.587      1  0 -0.126515     -0.235545    
593  2.588      1  0 -0.126498     -0.234124    
594  2.589      1  0 -0.126480     -0.232547    
595  2.590      1  0 -0.126462     -0.230870    
596  2.591      1  0 -0.126445     -0.229155    
597  2.592      1  0 -0.126429     -0.227465    
598  2.593      1  0 -0.126415     -0.225864    
599  2.594      1  0 -0.126403     -0.224413    
600  2.595      1  0 -0.126395     -0.223168    
601  2.596      1  0 -0.126389     -0.222178    
602  2.597      1  0 -0.126387     -0.221480    
603  2.598      1  0 -0.126388     -0.221103    
604  2.599      1  0 -0.126393     -0.221059    
605  2.600      1  0 -0.126400     -0.221350    
606  2.601      1  0 -0.126411     -0.221962    
607  2.602      1  0 -0.126424     -0.222870    
608  2.603      1  0 -0.126440     -0.224037    
609  2.604      1  0 -0.126456     -0.225417    
610  2.605      1  0 -0.126474     -0.226956    
611  2.606      1  0 -0.126491     -0.228596    
612  2.607      1  0 -0.126509     -0.230276    
613  2.608      1  0 -0.126525     -0.231936    
614  2.609      1  0 -0.126539     -0.233515    
615  2.610      1  0 -0.126551     -0.234960    
616  2.611      1  0 -0.126561     -0.236220    
617  2.612      1  0 -0.126568     -0.237254    
618  2.613      1  0 -0.126571     -0.238026    
619  2.614      1  0 -0.126571     -0.238512    
620  2.615      1  0 -0.126568     -0.238694    
621  2.616      1  0 -0.126561     -0.238567    
622  2.617      1  0 -0.126552     -0.238133    
623  2.618      1  0 -0.126540     -0.237408    
624  2.619      1  0 -0.126525     -0.236414    
625  2.620      1  0 -0.126509     -0.235185    
626  2.621      1  0 -0.126492     -0.233763    
627  2.622      1  0 -0.126474     -0.232198    
628  2.623      1  0 -0.126457     -0.230546    
629  2.624      1  0 -0.126440     -0.228867    
630  2.625      1  0 -0.126425     -0.227224    
631  2.626      1  0 -0.126412     -0.225679    
632  2.627      1  0 -0.126401     -0.224291    
633  2.628      1  0 -0.126393     -0.223114    
634  2.629      1  0 -0.126388     -0.222193    
635  2.630      1  0 -0.126386     -0.221565    
636  2.631      1  0 -0.126388     -0.221253    
637  2.632      1  0 -0.126393     -0.221268    
638  2.633      1  0 -0.126401     -0.221609    
639  2.634      1  0 -0.126412     -0.222261    
640  2.635      1  0 -0.126425     -0.223197    
641  2.636      1  0 -0.126440     -0.224379    
642  2.637      1  0 -0.126457     -0.225761    
643  2.638      1  0 -0.126474     -0.227289    
644  2.639      1  0 -0.126491     -0.228905    
645  2.640      1  0 -0.126508     -0.230550    
646  2.641      1  0 -0.126523     -0.232164    
647  2.642      1  0 -0.126537     -0.233691    
648  2.643      1  0 -0.126549     -0.235076    
649  2.644      1  0 -0.126557     -0.236274    
650  2.645      1  0 -0.126563     -0.237243    
651  2.646      1  0 -0.126566     -0.237951    
652  2.647      1  0 -0.126565     -0.238375    
653  2.648      1  0 -0.126562     -0.238500    
654  2.649      1  0 -0.126555     -0.238322    
655  2.650      1  0 -0.126545     -0.237845    
656  2.651      1  0 -0.126533     -0.237086    
657  2.652      1  0 -0.126518     -0.236070    
658  2.653      1  0 -0.126502     -0.234829    
659  2.654      1  0 -0.126485     -0.233409    
660  2.655      1  0 -0.126468     -0.231857    
661  2.656      1  0 -0.126451     -0.230231    
662  2.657      1  0 -0.126435     -0.228590    
663  2.658      1  0 -0.126420     -0.226995    
664  2.659      1  0 -0.126407     -0.225506    
665  2.660      1  0 -0.126397     -0.224181    
666  2.661      1  0 -0.126390     -0.223071    
667  2.662      1  0 -0.126385     -0.222219    
668  2.663      1  0 -0.126384     -0.221658    
669  2.664      1  0 -0.126387     -0.221409    
670  2.665      1  0 -0.126392     -0.221481    
671  2.666      1  0 -0.126401     -0.221870    
672  2.667      1  0 -0.126412     -0.222559    
673  2.668      1  0 -0.126425     -0.223521    
674  2.669      1  0 -0.126440     -0.224715    
675  2.670      1  0 -0.126456     -0.226096    
676  2.671      1  0 -0.126473     -0.227610    
677  2.672      1  0 -0.126490     -0.229201    
678  2.673      1  0 -0.126506     -0.230810    
679  2.674      1  0 -0.126521     -0.232379    
680  2.675      1  0 -0.126534     -0.233852    
681  2.676      1  0 -0.126545     -0.235179    
682  2.677      1  0 -0.126553     -0.236315    
683  2.678      1  0 -0.126559     -0.237221    
684  2.679      1  0 -0.126561     -0.237867    
685  2.680      1  0 -0.126560     -0.238230    
686  2.681      1  0 -0.126555     -0.238300    
687  2.682      1  0 -0.126548     -0.238073    
688  2.683      1  0 -0.126538     -0.237555    
689  2.684      1  0 -0.126526     -0.236765    
690  2.685      1  0 -0.126511     -0.235727    
691  2.686      1  0 -0.126495     -0.234478    
692  2.687      1  0 -0.126479     -0.233061    
693  2.688      1  0 -0.126462     -0.231525    
694  2.689      1  0 -0.126445     -0.229926    
695  2.690      1  0 -0.126430     -0.228324    
696  2.691      1  0 -0.126416     -0.226777    
697  2.692      1  0 -0.126404     -0.225346    
698  2.693      1  0 -0.126394     -0.224084    
699  2.694      1  0 -0.126387     -0.223040    
700  2.695      1  0 -0.126384     -0.222255    
701  2.696      1  0 -0.126383     -0.221760    
702  2.697      1  0 -0.126386     -0.221572    
703  2.698      1  0 -0.126392     -0.221698    
704  2.699      1  0 -0.126401     -0.222132    
705  2.700      1  0 -0.126412     -0.222856    
706  2.701      1  0 -0.126426     -0.223839    
707  2.702      1  0 -0.126441     -0.225043    
708  2.703      1  0 -0.126457     -0.226422    
709  2.704      1  0 -0.126473     -0.227921    
710  2.705      1  0 -0.126490     -0.229485    
711  2.706      1  0 -0.126505     -0.231057    
712  2.707      1  0 -0.126520     -0.232580    
713  2.708      1  0 -0.126532     -0.234001    
714  2.709      1  0 -0.126542     -0.235271    
715  2.710      1  0 -0.126550     -0.236345    
716  2.711      1  0 -0.126555     -0.237189    
717  2.712      1  0 -0.126556     -0.237773    
718  2.713      1  0 -0.126554     -0.238078    
719  2.714      1  0 -0.126550     -0.238095    
720  2.715      1  0 -0.126542     -0.237820    
721  2.716      1  0 -0.126532     -0.237265    
722  2.717      1  0 -0.126519     -0.236446    
723  2.718      1  0 -0.126505     -0.235390    
724  2.719      1  0 -0.126489     -0.234135    
725  2.720      1  0 -0.126473     -0.232723    
726  2.721      1  0 -0.126456     -0.231205    
727  2.722      1  0 -0.126440     -0.229635    
728  2.723      1  0 -0.126425     -0.228072    
729  2.724      1  0 -0.126412     -0.226575    
730  2.725      1  0 -0.126401     -0.225200    
731  2.726      1  0 -0.126392     -0.224000    
732  2.727      1  0 -0.126386     -0.223022    
733  2.728      1  0 -0.126383     -0.222303    
734  2.729      1  0 -0.126383     -0.221870    
735  2.730      1  0 -0.126386     -0.221741    
736  2.731      1  0 -0.126392     -0.221919    
737  2.732      1  0 -0.126402     -0.222396    
738  2.733      1  0 -0.126413     -0.223151    
739  2.734      1  0 -0.126426     -0.224155    
740  2.735      1  0 -0.126441     -0.225367    
741  2.736      1  0 -0.126457     -0.226740    
742  2.737      1  0 -0.126474     -0.228222    
743  2.738      1  0 -0.126490     -0.229758    
744  2.739      1  0 -0.126505     -0.231292    
745  2.740      1  0 -0.126519     -0.232769    
746  2.741      1  0 -0.126531     -0.234137    
747  2.742      1  0 -0.126540     -0.235349    
748  2.743      1  0 -0.126547     -0.236364    
749  2.744      1  0 -0.126551     -0.237147    
750  2.745      1  0 -0.126552     -0.237672    
751  2.746      1  0 -0.126550     -0.237921    
752  2.747      1  0 -0.126545     -0.237886    
753  2.748      1  0 -0.126537     -0.237567    
754  2.749      1  0 -0.126526     -0.236975    
755  2.750      1  0 -0.126514     -0.236129    
756  2.751      1  0 -0.126499     -0.235057    
757  2.752      1  0 -0.126484     -0.233797    
758  2.753      1  0 -0.126468     -0.232392    
759  2.754      1  0 -0.126452     -0.230894    
760  2.755      1  0 -0.126436     -0.229355    
761  2.756      1  0 -0.126422     -0.227834    
762  2.757      1  0 -0.126409     -0.226387    
763  2.758      1  0 -0.126398     -0.225069    
764  2.759      1  0 -0.126390     -0.223931    
765  2.760      1  0 -0.126384     -0.223017    
766  2.761      1  0 -0.126382     -0.222362    
767  2.762      1  0 -0.126383     -0.221990    
768  2.763      1  0 -0.126387     -0.221917    
769  2.764      1  0 -0.126393     -0.222144    
770  2.765      1  0 -0.126402     -0.222660    
771  2.766      1  0 -0.126414     -0.223444    
772  2.767      1  0 -0.126428     -0.224465    
773  2.768      1  0 -0.126442     -0.225682    
774  2.769      1  0 -0.126458     -0.227049    
775  2.770      1  0 -0.126474     -0.228513    
776  2.771      1  0 -0.126490     -0.230021    
777  2.772      1  0 -0.126504     -0.231517    
778  2.773      1  0 -0.126517     -0.232947    
779  2.774      1  0 -0.126529     -0.234263    
780  2.775      1  0 -0.126538     -0.235418    
781  2.776      1  0 -0.126544     -0.236373    
782  2.777      1  0 -0.126547     -0.237096    
783  2.778      1  0 -0.126548     -0.237562    
784  2.779      1  0 -0.126545     -0.237757    
785  2.780      1  0 -0.126539     -0.237672    
786  2.781      1  0 -0.126531     -0.237311    
787  2.782      1  0 -0.126520     -0.236685    
788  2.783      1  0 -0.126508     -0.235814    
789  2.784      1  0 -0.126494     -0.234730    
790  2.785      1  0 -0.126478     -0.233468    
791  2.786      1  0 -0.126462     -0.232073    
792  2.787      1  0 -0.126447     -0.230595    
793  2.788      1  0 -0.126432     -0.229089    
794  2.789      1  0 -0.126418     -0.227609    
795  2.790      1  0 -0.126405     -0.226212    
796  2.791      1  0 -0.126395     -0.224951    
797  2.792      1  0 -0.126388     -0.223874    
798  2.793      1  0 -0.126383     -0.223022    
799  2.794      1  0 -0.126381     -0.222429    
800  2.795      1  0 -0.126382     -0.222117    
801  2.796      1  0 -0.126387     -0.222098    
802  2.797      1  0 -0.126394     -0.222371    
803  2.798      1  0 -0.126403     -0.222924    
804  2.799      1  0 -0.126415     -0.223735    
805  2.800      1  0 -0.126428     -0.224771    
806  2.801      1  0 -0.126443     -0.225992    
807  2.802      1  0 -0.126458     -0.227350    
808  2.803      1  0 -0.126474     -0.228795    
809  2.804      1  0 -0.126489     -0.230272    
810  2.805      1  0 -0.126503     -0.231729    
811  2.806      1  0 -0.126516     -0.233113    
812  2.807      1  0 -0.126526     -0.234376    
813  2.808      1  0 -0.126535     -0.235474    
814  2.809      1  0 -0.126540     -0.236371    
815  2.810      1  0 -0.126543     -0.237035    
816  2.811      1  0 -0.126543     -0.237445    
817  2.812      1  0 -0.126540     -0.237586    
818  2.813      1  0 -0.126534     -0.237454    
819  2.814      1  0 -0.126525     -0.237053    
820  2.815      1  0 -0.126514     -0.236395    
821  2.816      1  0 -0.126502     -0.235504    
822  2.817      1  0 -0.126487     -0.234408    
823  2.818      1  0 -0.126472     -0.233146    
824  2.819      1  0 -0.126457     -0.231763    
825  2.820      1  0 -0.126441     -0.230308    
826  2.821      1  0 -0.126427     -0.228835    
827  2.822      1  0 -0.126414     -0.227397    
828  2.823      1  0 -0.126402     -0.226050    
829  2.824      1  0 -0.126392     -0.224845    
830  2.825      1  0 -0.126386     -0.223828    
831  2.826      1  0 -0.126381     -0.223038    
832  2.827      1  0 -0.126380     -0.222505    
833  2.828      1  0 -0.126382     -0.222251    
834  2.829      1  0 -0.126386     -0.222283    
835  2.830      1  0 -0.126394     -0.222601    
836  2.831      1  0 -0.126403     -0.223189    
837  2.832      1  0 -0.126415     -0.224024    
838  2.833      1  0 -0.126429     -0.225074    
839  2.834      1  0 -0.126443     -0.226296    
840  2.835      1  0 -0.126458     -0.227643    
841  2.836      1  0 -0.126473     -0.229066    
842  2.837      1  0 -0.126488     -0.230512    
843  2.838      1  0 -0.126502     -0.231929    
844  2.839      1  0 -0.126514     -0.233266    
845  2.840      1  0 -0.126524     -0.234476    
846  2.841      1  0 -0.126531     -0.235519    
847  2.842      1  0 -0.126536     -0.236358    
848  2.843      1  0 -0.126539     -0.236965    
849  2.844      1  0 -0.126538     -0.237320    
850  2.845      1  0 -0.126534     -0.237411    
851  2.846      1  0 -0.126528     -0.237234    
852  2.847      1  0 -0.126519     -0.236795    
853  2.848      1  0 -0.126508     -0.236108    
854  2.849      1  0 -0.126496     -0.235196    
855  2.850      1  0 -0.126482     -0.234091    
856  2.851      1  0 -0.126467     -0.232831    
857  2.852      1  0 -0.126451     -0.231461    
858  2.853      1  0 -0.126437     -0.230030    
859  2.854      1  0 -0.126422     -0.228590    
860  2.855      1  0 -0.126410     -0.227196    
861  2.856      1  0 -0.126399     -0.225899    
862  2.857      1  0 -0.126390     -0.224750    
863  2.858      1  0 -0.126383     -0.223793    
864  2.859      1  0 -0.126380     -0.223063    
865  2.860      1  0 -0.126379     -0.222591    
866  2.861      1  0 -0.126381     -0.222392    
867  2.862      1  0 -0.126386     -0.222474    
868  2.863      1  0 -0.126394     -0.222832    
869  2.864      1  0 -0.126404     -0.223453    
870  2.865      1  0 -0.126416     -0.224310    
871  2.866      1  0 -0.126429     -0.225369    
872  2.867      1  0 -0.126444     -0.226590    
873  2.868      1  0 -0.126458     -0.227926    
874  2.869      1  0 -0.126473     -0.229327    
875  2.870      1  0 -0.126487     -0.230740    
876  2.871      1  0 -0.126500     -0.232117    
877  2.872      1  0 -0.126512     -0.233407    
878  2.873      1  0 -0.126521     -0.234565    
879  2.874      1  0 -0.126528     -0.235553    
880  2.875      1  0 -0.126533     -0.236335    
881  2.876      1  0 -0.126534     -0.236887    
882  2.877      1  0 -0.126533     -0.237188    
883  2.878      1  0 -0.126529     -0.237230    
884  2.879      1  0 -0.126523     -0.237010    
885  2.880      1  0 -0.126514     -0.236535    
886  2.881      1  0 -0.126503     -0.235821    
887  2.882      1  0 -0.126490     -0.234892    
888  2.883      1  0 -0.126476     -0.233780    
889  2.884      1  0 -0.126461     -0.232524    
890  2.885      1  0 -0.126447     -0.231169    
891  2.886      1  0 -0.126432     -0.229764    
892  2.887      1  0 -0.126418     -0.228359    
893  2.888      1  0 -0.126406     -0.227009    
894  2.889      1  0 -0.126396     -0.225763    
895  2.890      1  0 -0.126388     -0.224670    
896  2.891      1  0 -0.126382     -0.223770    
897  2.892      1  0 -0.126379     -0.223100    
898  2.893      1  0 -0.126379     -0.222684    
899  2.894      1  0 -0.126381     -0.222539    
900  2.895      1  0 -0.126387     -0.222668    
901  2.896      1  0 -0.126395     -0.223066    
902  2.897      1  0 -0.126405     -0.223717    
903  2.898      1  0 -0.126417     -0.224593    
904  2.899      1  0 -0.126430     -0.225661    
905  2.900      1  0 -0.126444     -0.226880    
906  2.901      1  0 -0.126459     -0.228202    
907  2.902      1  0 -0.126473     -0.229579    
908  2.903      1  0 -0.126487     -0.230959    
909  2.904      1  0 -0.126499     -0.232294    
910  2.905      1  0 -0.126510     -0.233537    
911  2.906      1  0 -0.126519     -0.234643    
912  2.907      1  0 -0.126525     -0.235576    
913  2.908      1  0 -0.126529     -0.236303    
914  2.909      1  0 -0.126530     -0.236800    
915  2.910      1  0 -0.126529     -0.237050    
916  2.911      1  0 -0.126524     -0.237045    
917  2.912      1  0 -0.126518     -0.236784    
918  2.913      1  0 -0.126508     -0.236275    
919  2.914      1  0 -0.126497     -0.235537    
920  2.915      1  0 -0.126485     -0.234593    
921  2.916      1  0 -0.126471     -0.233476    
922  2.917      1  0 -0.126456     -0.232226    
923  2.918      1  0 -0.126442     -0.230887    
924  2.919      1  0 -0.126428     -0.229508    
925  2.920      1  0 -0.126415     -0.228140    
926  2.921      1  0 -0.126403     -0.226833    
927  2.922      1  0 -0.126393     -0.225638    
928  2.923      1  0 -0.126386     -0.224599    
929  2.924      1  0 -0.126380     -0.223758    
930  2.925      1  0 -0.126378     -0.223146    
931  2.926      1  0 -0.126378     -0.222786    
932  2.927      1  0 -0.126381     -0.222691    
933  2.928      1  0 -0.126387     -0.222866    
934  2.929      1  0 -0.126395     -0.223301    
935  2.930      1  0 -0.126405     -0.223979    
936  2.931      1  0 -0.126417     -0.224873    
937  2.932      1  0 -0.126431     -0.225947    
938  2.933      1  0 -0.126445     -0.227161    
939  2.934      1  0 -0.126459     -0.228468    
940  2.935      1  0 -0.126473     -0.229819    
941  2.936      1  0 -0.126486     -0.231166    
942  2.937      1  0 -0.126498     -0.232460    
943  2.938      1  0 -0.126508     -0.233655    
944  2.939      1  0 -0.126517     -0.234710    
945  2.940      1  0 -0.126522     -0.235590    
946  2.941      1  0 -0.126526     -0.236263    
947  2.942      1  0 -0.126526     -0.236707    
948  2.943      1  0 -0.126524     -0.236907    
949  2.944      1  0 -0.126520     -0.236856    
950  2.945      1  0 -0.126512     -0.236556    
951  2.946      1  0 -0.126503     -0.236016    
952  2.947      1  0 -0.126492     -0.235255    
953  2.948      1  0 -0.126479     -0.234298    
954  2.949      1  0 -0.126466     -0.233178    
955  2.950      1  0 -0.126451     -0.231936    
956  2.951      1  0 -0.126437     -0.230615    
957  2.952      1  0 -0.126424     -0.229263    
958  2.953      1  0 -0.126411     -0.227932    
959  2.954      1  0 -0.126400     -0.226670    
960  2.955      1  0 -0.126391     -0.225525    
961  2.956      1  0 -0.126384     -0.224541    
962  2.957      1  0 -0.126379     -0.223756    
963  2.958      1  0 -0.126377     -0.223200    
964  2.959      1  0 -0.126378     -0.222894    
965  2.960      1  0 -0.126381     -0.222849    
966  2.961      1  0 -0.126387     -0.223066    
967  2.962      1  0 -0.126396     -0.223536    
968  2.963      1  0 -0.126406     -0.224239    
969  2.964      1  0 -0.126418     -0.225148    
970  2.965      1  0 -0.126431     -0.226226    
971  2.966      1  0 -0.126445     -0.227434    
972  2.967      1  0 -0.126459     -0.228724    
973  2.968      1  0 -0.126472     -0.230049    
974  2.969      1  0 -0.126485     -0.231361    
975  2.970      1  0 -0.126497     -0.232613    
976  2.971      1  0 -0.126506     -0.233762    
977  2.972      1  0 -0.126514     -0.234766    
978  2.973      1  0 -0.126519     -0.235593    
979  2.974      1  0 -0.126522     -0.236213    
980  2.975      1  0 -0.126522     -0.236605    
981  2.976      1  0 -0.126520     -0.236757    
982  2.977      1  0 -0.126515     -0.236663    
983  2.978      1  0 -0.126507     -0.236325    
984  2.979      1  0 -0.126498     -0.235756    
985  2.980      1  0 -0.126486     -0.234974    
986  2.981      1  0 -0.126474     -0.234006    
987  2.982      1  0 -0.126460     -0.232885    
988  2.983      1  0 -0.126446     -0.231652    
989  2.984      1  0 -0.126433     -0.230351    
990  2.985      1  0 -0.126419     -0.229028    
991  2.986      1  0 -0.126407     -0.227734    
992  2.987      1  0 -0.126397     -0.226517    
993  2.988      1  0 -0.126388     -0.225422    
994  2.989      1  0 -0.126381     -0.224492    
995  2.990      1  0 -0.126377     -0.223763    
996  2.991      1  0 -0.126376     -0.223261    
997  2.992      1  0 -0.126377     -0.223007    
998  2.993      1  0 -0.126381     -0.223010    
999  2.994      1  0 -0.126387     -0.223268    
