# Pazy Wing (simplified : constant stiffness properties)                          
# Operating point sequence...
# i     t     conv	stall	 RY pos[ 1]    Theta[ 1]    
  1 0.9980      1  0 -0.148022     -0.333665    
  2 0.9990      1  0 -0.148082     -0.285917    
  3  1.000      1  0 -0.148197     -0.240245    
  4  1.001      1  0 -0.148382     -0.198893    
  5  1.002      1  0 -0.148640     -0.163881    
  6  1.003      1  0 -0.148967     -0.136912    
  7  1.004      1  0 -0.149353     -0.119167    
  8  1.005      1  0 -0.149786     -0.111168    
  9  1.006      1  0 -0.150252     -0.112713    
 10  1.007      1  0 -0.150734     -0.122899    
 11  1.008      1  0 -0.151216     -0.140224    
 12  1.009      1  0 -0.151679     -0.162776    
 13  1.010      1  0 -0.152108     -0.188473    
 14  1.011      1  0 -0.152486     -0.215344    
 15  1.012      1  0 -0.152801     -0.241777    
 16  1.013      1  0 -0.153044     -0.266710    
 17  1.014      1  0 -0.153208     -0.289728    
 18  1.015      1  0 -0.153289     -0.311032    
 19  1.016      1  0 -0.153288     -0.331314    
 20  1.017      1  0 -0.153207     -0.351521    
 21  1.018      1  0 -0.153052     -0.372589    
 22  1.019      1  0 -0.152830     -0.395175    
 23  1.020      1  0 -0.152548     -0.419448    
 24  1.021      1  0 -0.152216     -0.444967    
 25  1.022      1  0 -0.151845     -0.470680    
 26  1.023      1  0 -0.151444     -0.495023    
 27  1.024      1  0 -0.151024     -0.516100    
 28  1.025      1  0 -0.150597     -0.531917    
 29  1.026      1  0 -0.150174     -0.540621    
 30  1.027      1  0 -0.149766     -0.540718    
 31  1.028      1  0 -0.149385     -0.531244    
 32  1.029      1  0 -0.149043     -0.511876    
 33  1.030      1  0 -0.148750     -0.482980    
 34  1.031      1  0 -0.148516     -0.445603    
 35  1.032      1  0 -0.148350     -0.401408    
 36  1.033      1  0 -0.148260     -0.352570    
 37  1.034      1  0 -0.148250     -0.301635    
 38  1.035      1  0 -0.148325     -0.251353    
 39  1.036      1  0 -0.148485     -0.204490    
 40  1.037      1  0 -0.148726     -0.163623    
 41  1.038      1  0 -0.149042     -0.130942    
 42  1.039      1  0 -0.149426     -0.108067    
 43  1.040      1  0 -0.149865     -0.958929E-01
 44  1.041      1  0 -0.150344     -0.944987E-01
 45  1.042      1  0 -0.150845     -0.103134    
 46  1.043      1  0 -0.151351     -0.120299    
 47  1.044      1  0 -0.151843     -0.143925    
 48  1.045      1  0 -0.152302     -0.171635    
 49  1.046      1  0 -0.152711     -0.201056    
 50  1.047      1  0 -0.153056     -0.230141    
 51  1.048      1  0 -0.153325     -0.257428    
 52  1.049      1  0 -0.153510     -0.282208    
 53  1.050      1  0 -0.153607     -0.304548    
 54  1.051      1  0 -0.153615     -0.325175    
 55  1.052      1  0 -0.153537     -0.345240    
 56  1.053      1  0 -0.153378     -0.366002    
 57  1.054      1  0 -0.153145     -0.388495    
 58  1.055      1  0 -0.152847     -0.413249    
 59  1.056      1  0 -0.152494     -0.440104    
 60  1.057      1  0 -0.152096     -0.468154    
 61  1.058      1  0 -0.151665     -0.495824    
 62  1.059      1  0 -0.151212     -0.521051    
 63  1.060      1  0 -0.150749     -0.541548    
 64  1.061      1  0 -0.150286     -0.555080    
 65  1.062      1  0 -0.149837     -0.559735    
 66  1.063      1  0 -0.149414     -0.554142    
 67  1.064      1  0 -0.149027     -0.537620    
 68  1.065      1  0 -0.148690     -0.510262    
 69  1.066      1  0 -0.148412     -0.472938    
 70  1.067      1  0 -0.148204     -0.427250    
 71  1.068      1  0 -0.148074     -0.375425    
 72  1.069      1  0 -0.148029     -0.320172    
 73  1.070      1  0 -0.148072     -0.264508    
 74  1.071      1  0 -0.148207     -0.211549    
 75  1.072      1  0 -0.148430     -0.164289    
 76  1.073      1  0 -0.148737     -0.125370    
 77  1.074      1  0 -0.149119     -0.968586E-01
 78  1.075      1  0 -0.149566     -0.800517E-01
 79  1.076      1  0 -0.150061     -0.753394E-01
 80  1.077      1  0 -0.150586     -0.821491E-01
 81  1.078      1  0 -0.151124     -0.989972E-01
 82  1.079      1  0 -0.151652     -0.123657    
 83  1.080      1  0 -0.152151     -0.153435    
 84  1.081      1  0 -0.152601     -0.185533    
 85  1.082      1  0 -0.152986     -0.217422    
 86  1.083      1  0 -0.153292     -0.247196    
 87  1.084      1  0 -0.153510     -0.273808    
 88  1.085      1  0 -0.153634     -0.297153    
 89  1.086      1  0 -0.153663     -0.317986    
 90  1.087      1  0 -0.153598     -0.337671    
 91  1.088      1  0 -0.153445     -0.357821    
 92  1.089      1  0 -0.153212     -0.379896    
 93  1.090      1  0 -0.152908     -0.404841    
 94  1.091      1  0 -0.152542     -0.432821    
 95  1.092      1  0 -0.152128     -0.463108    
 96  1.093      1  0 -0.151674     -0.494131    
 97  1.094      1  0 -0.151195     -0.523660    
 98  1.095      1  0 -0.150702     -0.549093    
 99  1.096      1  0 -0.150206     -0.567790    
100  1.097      1  0 -0.149720     -0.577390    
101  1.098      1  0 -0.149258     -0.576085    
102  1.099      1  0 -0.148831     -0.562815    
103  1.100      1  0 -0.148452     -0.537376    
104  1.101      1  0 -0.148133     -0.500451    
105  1.102      1  0 -0.147885     -0.453566    
106  1.103      1  0 -0.147717     -0.398990    
107  1.104      1  0 -0.147638     -0.339584    
108  1.105      1  0 -0.147653     -0.278616    
109  1.106      1  0 -0.147764     -0.219544    
110  1.107      1  0 -0.147973     -0.165771    
111  1.108      1  0 -0.148273     -0.120392    
112  1.109      1  0 -0.148659     -0.859344E-01
113  1.110      1  0 -0.149118     -0.641235E-01
114  1.111      1  0 -0.149635     -0.557009E-01
115  1.112      1  0 -0.150193     -0.603219E-01
116  1.113      1  0 -0.150769     -0.765701E-01
117  1.114      1  0 -0.151343     -0.102105    
118  1.115      1  0 -0.151892     -0.133946    
119  1.116      1  0 -0.152394     -0.168864    
120  1.117      1  0 -0.152831     -0.203830    
121  1.118      1  0 -0.153186     -0.236437    
122  1.119      1  0 -0.153449     -0.265234    
123  1.120      1  0 -0.153613     -0.289879    
124  1.121      1  0 -0.153674     -0.311092    
125  1.122      1  0 -0.153634     -0.330417    
126  1.123      1  0 -0.153498     -0.349813    
127  1.124      1  0 -0.153275     -0.371193    
128  1.125      1  0 -0.152974     -0.395962    
129  1.126      1  0 -0.152605     -0.424670    
130  1.127      1  0 -0.152180     -0.456834    
131  1.128      1  0 -0.151712     -0.490936    
132  1.129      1  0 -0.151213     -0.524617    
133  1.130      1  0 -0.150695     -0.554981    
134  1.131      1  0 -0.150171     -0.578979    
135  1.132      1  0 -0.149653     -0.593791    
136  1.133      1  0 -0.149156     -0.597146    
137  1.134      1  0 -0.148691     -0.587574    
138  1.135      1  0 -0.148274     -0.564542    
139  1.136      1  0 -0.147915     -0.528510    
140  1.137      1  0 -0.147628     -0.480894    
141  1.138      1  0 -0.147424     -0.423967    
142  1.139      1  0 -0.147311     -0.360707    
143  1.140      1  0 -0.147297     -0.294605    
144  1.141      1  0 -0.147387     -0.229433    
145  1.142      1  0 -0.147581     -0.168992    
146  1.143      1  0 -0.147875     -0.116827    
147  1.144      1  0 -0.148265     -0.759482E-01
148  1.145      1  0 -0.148738     -0.485525E-01
149  1.146      1  0 -0.149279     -0.357940E-01
150  1.147      1  0 -0.149870     -0.376324E-01
151  1.148      1  0 -0.150489     -0.527988E-01
152  1.149      1  0 -0.151113     -0.789103E-01
153  1.150      1  0 -0.151717     -0.112745    
154  1.151      1  0 -0.152277     -0.150656    
155  1.152      1  0 -0.152773     -0.189079    
156  1.153      1  0 -0.153185     -0.225044    
157  1.154      1  0 -0.153501     -0.256596    
158  1.155      1  0 -0.153710     -0.283049    
159  1.156      1  0 -0.153811     -0.304997    
160  1.157      1  0 -0.153802     -0.324095    
161  1.158      1  0 -0.153690     -0.342633    
162  1.159      1  0 -0.153481     -0.362993    
163  1.160      1  0 -0.153187     -0.387107    
164  1.161      1  0 -0.152818     -0.415999    
165  1.162      1  0 -0.152387     -0.449523    
166  1.163      1  0 -0.151907     -0.486311    
167  1.164      1  0 -0.151389     -0.523935    
168  1.165      1  0 -0.150848     -0.559244    
169  1.166      1  0 -0.150296     -0.588787    
170  1.167      1  0 -0.149747     -0.609257    
171  1.168      1  0 -0.149213     -0.617882    
172  1.169      1  0 -0.148711     -0.612724    
173  1.170      1  0 -0.148252     -0.592862    
174  1.171      1  0 -0.147852     -0.558468    
175  1.172      1  0 -0.147524     -0.510790    
176  1.173      1  0 -0.147279     -0.452050    
177  1.174      1  0 -0.147130     -0.385298    
178  1.175      1  0 -0.147083     -0.314209    
179  1.176      1  0 -0.147146     -0.242846    
180  1.177      1  0 -0.147320     -0.175397    
181  1.178      1  0 -0.147604     -0.115873    
182  1.179      1  0 -0.147993     -0.678018E-01
183  1.180      1  0 -0.148475     -0.339119E-01
184  1.181      1  0 -0.149036     -0.158547E-01
185  1.182      1  0 -0.149658     -0.139944E-01
186  1.183      1  0 -0.150318     -0.273144E-01
187  1.184      1  0 -0.150991     -0.534827E-01
188  1.185      1  0 -0.151650     -0.890988E-01
189  1.186      1  0 -0.152270     -0.130119    
190  1.187      1  0 -0.152827     -0.172410    
191  1.188      1  0 -0.153298     -0.212350    
192  1.189      1  0 -0.153670     -0.247361    
193  1.190      1  0 -0.153929     -0.276272    
194  1.191      1  0 -0.154072     -0.299426    
195  1.192      1  0 -0.154098     -0.318500    
196  1.193      1  0 -0.154010     -0.336074    
197  1.194      1  0 -0.153818     -0.355029    
198  1.195      1  0 -0.153531     -0.377898    
199  1.196      1  0 -0.153163     -0.406297    
200  1.197      1  0 -0.152724     -0.440547    
201  1.198      1  0 -0.152230     -0.479546    
202  1.199      1  0 -0.151693     -0.520891    
203  1.200      1  0 -0.151127     -0.561223    
204  1.201      1  0 -0.150545     -0.596694    
205  1.202      1  0 -0.149961     -0.623480    
206  1.203      1  0 -0.149389     -0.638242    
207  1.204      1  0 -0.148844     -0.638498    
208  1.205      1  0 -0.148341     -0.622852    
209  1.206      1  0 -0.147895     -0.591107    
210  1.207      1  0 -0.147520     -0.544263    
211  1.208      1  0 -0.147230     -0.484427    
212  1.209      1  0 -0.147036     -0.414660    
213  1.210      1  0 -0.146950     -0.338781    
214  1.211      1  0 -0.146979     -0.261119    
215  1.212      1  0 -0.147125     -0.186239    
216  1.213      1  0 -0.147391     -0.118636    
217  1.214      1  0 -0.147770     -0.623960E-01
218  1.215      1  0 -0.148254     -0.208511E-01
219  1.216      1  0 -0.148829      0.375265E-02
220  1.217      1  0 -0.149476      0.105279E-01
221  1.218      1  0 -0.150172      0.111284E-03
222  1.219      1  0 -0.150891     -0.253338E-01
223  1.220      1  0 -0.151604     -0.623172E-01
224  1.221      1  0 -0.152283     -0.106436    
225  1.222      1  0 -0.152901     -0.152963    
226  1.223      1  0 -0.153435     -0.197537    
227  1.224      1  0 -0.153865     -0.236816    
228  1.225      1  0 -0.154178     -0.268979    
229  1.226      1  0 -0.154366     -0.293955    
230  1.227      1  0 -0.154428     -0.313318    
231  1.228      1  0 -0.154368     -0.329879    
232  1.229      1  0 -0.154193     -0.347025    
233  1.230      1  0 -0.153915     -0.367973    
234  1.231      1  0 -0.153546     -0.395062    
235  1.232      1  0 -0.153100     -0.429240    
236  1.233      1  0 -0.152591     -0.469820    
237  1.234      1  0 -0.152032     -0.514542    
238  1.235      1  0 -0.151439     -0.559910    
239  1.236      1  0 -0.150825     -0.601694    
240  1.237      1  0 -0.150204     -0.635518    
241  1.238      1  0 -0.149591     -0.657409    
242  1.239      1  0 -0.149001     -0.664248    
243  1.240      1  0 -0.148450     -0.654060    
244  1.241      1  0 -0.147953     -0.626183    
245  1.242      1  0 -0.147526     -0.581277    
246  1.243      1  0 -0.147184     -0.521254    
247  1.244      1  0 -0.146940     -0.449129    
248  1.245      1  0 -0.146807     -0.368809    
249  1.246      1  0 -0.146793     -0.284856    
250  1.247      1  0 -0.146904     -0.202203    
251  1.248      1  0 -0.147143     -0.125834    
252  1.249      1  0 -0.147505     -0.604314E-01
253  1.250      1  0 -0.147983     -0.999518E-02
254  1.251      1  0 -0.148565      0.225349E-01
255  1.252      1  0 -0.149231      0.356224E-01
256  1.253      1  0 -0.149959      0.293812E-01
257  1.254      1  0 -0.150720      0.566373E-02
258  1.255      1  0 -0.151487     -0.320684E-01
259  1.256      1  0 -0.152226     -0.791209E-01
260  1.257      1  0 -0.152909     -0.130175    
261  1.258      1  0 -0.153509     -0.180052    
262  1.259      1  0 -0.154002     -0.224503    
263  1.260      1  0 -0.154373     -0.260868    
264  1.261      1  0 -0.154613     -0.288465    
265  1.262      1  0 -0.154716     -0.308604    
266  1.263      1  0 -0.154688     -0.324222    
267  1.264      1  0 -0.154535     -0.339200    
268  1.265      1  0 -0.154268     -0.357507    
269  1.266      1  0 -0.153901     -0.382344    
270  1.267      1  0 -0.153448     -0.415460    
271  1.268      1  0 -0.152925     -0.456764    
272  1.269      1  0 -0.152347     -0.504294    
273  1.270      1  0 -0.151727     -0.554510    
274  1.271      1  0 -0.151081     -0.602840    
275  1.272      1  0 -0.150422     -0.644332    
276  1.273      1  0 -0.149767     -0.674312    
277  1.274      1  0 -0.149130     -0.688920    
278  1.275      1  0 -0.148529     -0.685502    
279  1.276      1  0 -0.147978     -0.662817    
280  1.277      1  0 -0.147496     -0.621092    
281  1.278      1  0 -0.147097     -0.561960    
282  1.279      1  0 -0.146799     -0.488314    
283  1.280      1  0 -0.146613     -0.404099    
284  1.281      1  0 -0.146550     -0.314067    
285  1.282      1  0 -0.146619     -0.223492    
286  1.283      1  0 -0.146823     -0.137841    
287  1.284      1  0 -0.147161     -0.624131E-01
288  1.285      1  0 -0.147627     -0.192806E-02
289  1.286      1  0 -0.148210      0.398964E-01
290  1.287      1  0 -0.148890      0.607548E-01
291  1.288      1  0 -0.149646      0.600903E-01
292  1.289      1  0 -0.150449      0.392842E-01
293  1.290      1  0 -0.151269      0.162224E-02
294  1.291      1  0 -0.152071     -0.480168E-01
295  1.292      1  0 -0.152823     -0.103760    
296  1.293      1  0 -0.153494     -0.159564    
297  1.294      1  0 -0.154059     -0.210141    
298  1.295      1  0 -0.154496     -0.251796    
299  1.296      1  0 -0.154794     -0.283015    
300  1.297      1  0 -0.154948     -0.304635    
301  1.298      1  0 -0.154958     -0.319576    
302  1.299      1  0 -0.154832     -0.332155    
303  1.300      1  0 -0.154582     -0.347133    
304  1.301      1  0 -0.154222     -0.368703    
305  1.302      1  0 -0.153767     -0.399603    
306  1.303      1  0 -0.153234     -0.440546    
307  1.304      1  0 -0.152637     -0.490049    
308  1.305      1  0 -0.151993     -0.544666    
309  1.306      1  0 -0.151317     -0.599544    
310  1.307      1  0 -0.150622     -0.649155    
311  1.308      1  0 -0.149926     -0.688057    
312  1.309      1  0 -0.149243     -0.711562    
313  1.310      1  0 -0.148590     -0.716221    
314  1.311      1  0 -0.147985     -0.700101    
315  1.312      1  0 -0.147445     -0.662894    
316  1.313      1  0 -0.146988     -0.605863    
317  1.314      1  0 -0.146630     -0.531707    
318  1.315      1  0 -0.146387     -0.444343    
319  1.316      1  0 -0.146271     -0.348665    
320  1.317      1  0 -0.146292     -0.250247    
321  1.318      1  0 -0.146455     -0.155022    
322  1.319      1  0 -0.146763     -0.689009E-01
323  1.320      1  0 -0.147210      0.264831E-02
324  1.321      1  0 -0.147787      0.550654E-01
325  1.322      1  0 -0.148478      0.851711E-01
326  1.323      1  0 -0.149258      0.915944E-01
327  1.324      1  0 -0.150102      0.750745E-01
328  1.325      1  0 -0.150975      0.385456E-01
329  1.326      1  0 -0.151842     -0.130778E-01
330  1.327      1  0 -0.152667     -0.734549E-01
331  1.328      1  0 -0.153416     -0.135678    
332  1.329      1  0 -0.154059     -0.193316    
333  1.330      1  0 -0.154571     -0.241453    
334  1.331      1  0 -0.154937     -0.277497    
335  1.332      1  0 -0.155149     -0.301568    
336  1.333      1  0 -0.155207     -0.316368    
337  1.334      1  0 -0.155117     -0.326534    
338  1.335      1  0 -0.154890     -0.337624    
339  1.336      1  0 -0.154542     -0.354923    
340  1.337      1  0 -0.154090     -0.382347    
341  1.338      1  0 -0.153550     -0.421638    
342  1.339      1  0 -0.152940     -0.472016    
343  1.340      1  0 -0.152274     -0.530303    
344  1.341      1  0 -0.151570     -0.591468    
345  1.342      1  0 -0.150842     -0.649430    
346  1.343      1  0 -0.150106     -0.697941    
347  1.344      1  0 -0.149377     -0.731393    
348  1.345      1  0 -0.148674     -0.745422    
349  1.346      1  0 -0.148014     -0.737293    
350  1.347      1  0 -0.147416     -0.706047    
351  1.348      1  0 -0.146897     -0.652483    
352  1.349      1  0 -0.146477     -0.579020    
353  1.350      1  0 -0.146172     -0.489480    
354  1.351      1  0 -0.145997     -0.388832    
355  1.352      1  0 -0.145964     -0.282904    
356  1.353      1  0 -0.146081     -0.178047    
357  1.354      1  0 -0.146352     -0.807658E-01
358  1.355      1  0 -0.146774      0.272275E-02
359  1.356      1  0 -0.147339      0.669763E-01
360  1.357      1  0 -0.148033      0.107856    
361  1.358      1  0 -0.148833      0.123042    
362  1.359      1  0 -0.149713      0.112451    
363  1.360      1  0 -0.150638      0.784606E-01
364  1.361      1  0 -0.151571      0.258245E-01
365  1.362      1  0 -0.152472     -0.387969E-01
366  1.363      1  0 -0.153304     -0.107690    
367  1.364      1  0 -0.154032     -0.173228    
368  1.365      1  0 -0.154628     -0.229103    
369  1.366      1  0 -0.155071     -0.271393    
370  1.367      1  0 -0.155351     -0.299207    
371  1.368      1  0 -0.155464     -0.314763    
372  1.369      1  0 -0.155417     -0.322836    
373  1.370      1  0 -0.155221     -0.329707    
374  1.371      1  0 -0.154892     -0.341822    
375  1.372      1  0 -0.154447     -0.364446    
376  1.373      1  0 -0.153905     -0.400598    
377  1.374      1  0 -0.153283     -0.450463    
378  1.375      1  0 -0.152600     -0.511359    
379  1.376      1  0 -0.151870     -0.578236    
380  1.377      1  0 -0.151110     -0.644527    
381  1.378      1  0 -0.150336     -0.703164    
382  1.379      1  0 -0.149563     -0.747535    
383  1.380      1  0 -0.148810     -0.772253    
384  1.381      1  0 -0.148094     -0.773641    
385  1.382      1  0 -0.147435     -0.749969    
386  1.383      1  0 -0.146853     -0.701459    
387  1.384      1  0 -0.146367     -0.630150    
388  1.385      1  0 -0.145996     -0.539685    
389  1.386      1  0 -0.145757     -0.435034    
390  1.387      1  0 -0.145663     -0.322205    
391  1.388      1  0 -0.145727     -0.207913    
392  1.389      1  0 -0.145952     -0.992068E-01
393  1.390      1  0 -0.146340     -0.303279E-02
394  1.391      1  0 -0.146886      0.742698E-01
395  1.392      1  0 -0.147575      0.127538    
396  1.393      1  0 -0.148389      0.153377    
397  1.394      1  0 -0.149299      0.150695    
398  1.395      1  0 -0.150272      0.121081    
399  1.396      1  0 -0.151269      0.688763E-01
400  1.397      1  0 -0.152247      0.843395E-03
401  1.398      1  0 -0.153166     -0.746318E-01
402  1.399      1  0 -0.153984     -0.148736    
403  1.400      1  0 -0.154671     -0.213634    
404  1.401      1  0 -0.155199     -0.263812    
405  1.402      1  0 -0.155556     -0.297035    
406  1.403      1  0 -0.155734     -0.314691    
407  1.404      1  0 -0.155739     -0.321418    
408  1.405      1  0 -0.155581     -0.324069    
409  1.406      1  0 -0.155276     -0.330247    
410  1.407      1  0 -0.154843     -0.346718    
411  1.408      1  0 -0.154302     -0.378037    
412  1.409      1  0 -0.153673     -0.425661    
413  1.410      1  0 -0.152974     -0.487703    
414  1.411      1  0 -0.152221     -0.559320    
415  1.412      1  0 -0.151431     -0.633589    
416  1.413      1  0 -0.150620     -0.702644    
417  1.414      1  0 -0.149804     -0.758811    
418  1.415      1  0 -0.149000     -0.795553    
419  1.416      1  0 -0.148228     -0.808115    
420  1.417      1  0 -0.147508     -0.793843    
421  1.418      1  0 -0.146859     -0.752246    
422  1.419      1  0 -0.146304     -0.684869    
423  1.420      1  0 -0.145862     -0.595067    
424  1.421      1  0 -0.145553     -0.487719    
425  1.422      1  0 -0.145392     -0.368928    
426  1.423      1  0 -0.145393     -0.245694    
427  1.424      1  0 -0.145565     -0.125543    
428  1.425      1  0 -0.145910     -0.161078E-01
429  1.426      1  0 -0.146425      0.753875E-01
430  1.427      1  0 -0.147101      0.142714    
431  1.428      1  0 -0.147918      0.181291    
432  1.429      1  0 -0.148851      0.188837    
433  1.430      1  0 -0.149866      0.165892    
434  1.431      1  0 -0.150923      0.116092    
435  1.432      1  0 -0.151977      0.460088E-01
436  1.433      1  0 -0.152983     -0.355197E-01
437  1.434      1  0 -0.153897     -0.118582    
438  1.435      1  0 -0.154681     -0.193739    
439  1.436      1  0 -0.155304     -0.253636    
440  1.437      1  0 -0.155747     -0.294319    
441  1.438      1  0 -0.156001     -0.315926    
442  1.439      1  0 -0.156066     -0.322576    
443  1.440      1  0 -0.155954     -0.321436    
444  1.441      1  0 -0.155680     -0.321183    
445  1.442      1  0 -0.155265     -0.330183    
446  1.443      1  0 -0.154730     -0.354785    
447  1.444      1  0 -0.154097     -0.398073    
448  1.445      1  0 -0.153384     -0.459325    
449  1.446      1  0 -0.152611     -0.534218    
450  1.447      1  0 -0.151793     -0.615683    
451  1.448      1  0 -0.150946     -0.695132    
452  1.449      1  0 -0.150088     -0.763792    
453  1.450      1  0 -0.149235     -0.813862    
454  1.451      1  0 -0.148407     -0.839343    
455  1.452      1  0 -0.147624     -0.836486    
456  1.453      1  0 -0.146907     -0.803926    
457  1.454      1  0 -0.146280     -0.742570    
458  1.455      1  0 -0.145763     -0.655361    
459  1.456      1  0 -0.145377     -0.546980    
460  1.457      1  0 -0.145142     -0.423525    
461  1.458      1  0 -0.145074     -0.292186    
462  1.459      1  0 -0.145182     -0.160887    
463  1.460      1  0 -0.145474     -0.378733E-01
464  1.461      1  0 -0.145948      0.687793E-01
465  1.462      1  0 -0.146599      0.151766    
466  1.463      1  0 -0.147409      0.205243    
467  1.464      1  0 -0.148354      0.225567    
468  1.465      1  0 -0.149403      0.211979    
469  1.466      1  0 -0.150514      0.167075    
470  1.467      1  0 -0.151642      0.968841E-01
471  1.468      1  0 -0.152736      0.103808E-01
472  1.469      1  0 -0.153750     -0.816155E-01
473  1.470      1  0 -0.154638     -0.168065    
474  1.471      1  0 -0.155365     -0.239572    
475  1.472      1  0 -0.155905     -0.290079    
476  1.473      1  0 -0.156244     -0.317992    
477  1.474      1  0 -0.156381     -0.326421    
478  1.475      1  0 -0.156325     -0.322467    
479  1.476      1  0 -0.156091     -0.315683    
480  1.477      1  0 -0.155701     -0.316061    
481  1.478      1  0 -0.155177     -0.331972    
482  1.479      1  0 -0.154544     -0.368509    
483  1.480      1  0 -0.153822     -0.426552    
484  1.481      1  0 -0.153030     -0.502709    
485  1.482      1  0 -0.152186     -0.590057    
486  1.483      1  0 -0.151307     -0.679441    
487  1.484      1  0 -0.150408     -0.760998    
488  1.485      1  0 -0.149508     -0.825556    
489  1.486      1  0 -0.148625     -0.865696    
490  1.487      1  0 -0.147779     -0.876382    
491  1.488      1  0 -0.146994     -0.855183    
492  1.489      1  0 -0.146291     -0.802204    
493  1.490      1  0 -0.145696     -0.719838    
494  1.491      1  0 -0.145229     -0.612441    
495  1.492      1  0 -0.144914     -0.485999    
496  1.493      1  0 -0.144767     -0.347790    
497  1.494      1  0 -0.144803     -0.206032    
498  1.495      1  0 -0.145031     -0.694999E-01
499  1.496      1  0 -0.145454      0.529527E-01
500  1.497      1  0 -0.146067      0.152973    
501  1.498      1  0 -0.146858      0.223417    
502  1.499      1  0 -0.147805      0.259156    
503  1.500      1  0 -0.148877      0.257897    
504  1.501      1  0 -0.150035      0.220863    
505  1.502      1  0 -0.151231      0.153131    
506  1.503      1  0 -0.152413      0.634122E-01
507  1.504      1  0 -0.153528     -0.368783E-01
508  1.505      1  0 -0.154526     -0.135229    
509  1.506      1  0 -0.155366     -0.220090    
510  1.507      1  0 -0.156014     -0.282956    
511  1.508      1  0 -0.156451     -0.319978    
512  1.509      1  0 -0.156672     -0.332681    
513  1.510      1  0 -0.156683     -0.327579    
514  1.511      1  0 -0.156500     -0.314762    
515  1.512      1  0 -0.156143     -0.305750    
516  1.513      1  0 -0.155638     -0.311098    
517  1.514      1  0 -0.155010     -0.338276    
518  1.515      1  0 -0.154283     -0.390259    
519  1.516      1  0 -0.153477     -0.465080    
520  1.517      1  0 -0.152611     -0.556371    
521  1.518      1  0 -0.151702     -0.654663    
522  1.519      1  0 -0.150766     -0.749074    
523  1.520      1  0 -0.149821     -0.828988    
524  1.521      1  0 -0.148884     -0.885397    
525  1.522      1  0 -0.147977     -0.911762    
526  1.523      1  0 -0.147123     -0.904374    
527  1.524      1  0 -0.146344     -0.862344    
528  1.525      1  0 -0.145667     -0.787355    
529  1.526      1  0 -0.145116     -0.683309    
530  1.527      1  0 -0.144714     -0.555958    
531  1.528      1  0 -0.144482     -0.412555    
532  1.529      1  0 -0.144436     -0.261502    
533  1.530      1  0 -0.144590     -0.111988    
534  1.531      1  0 -0.144949      0.264542E-01
535  1.532      1  0 -0.145513      0.144499    
536  1.533      1  0 -0.146272      0.233722    
537  1.534      1  0 -0.147208      0.287446    
538  1.535      1  0 -0.148292      0.301658    
539  1.536      1  0 -0.149486      0.275892    
540  1.537      1  0 -0.150742      0.213847    
541  1.538      1  0 -0.152008      0.123481    
542  1.539      1  0 -0.153225      0.163624E-01
543  1.540      1  0 -0.154338     -0.938091E-01
544  1.541      1  0 -0.155298     -0.193365    
545  1.542      1  0 -0.156066     -0.271094    
546  1.543      1  0 -0.156614     -0.320383    
547  1.544      1  0 -0.156934     -0.340514    
548  1.545      1  0 -0.157025     -0.336762    
549  1.546      1  0 -0.156903     -0.319236    
550  1.547      1  0 -0.156590     -0.300718    
551  1.548      1  0 -0.156112     -0.293980    
552  1.549      1  0 -0.155497     -0.309185    
553  1.550      1  0 -0.154770     -0.351908    
554  1.551      1  0 -0.153955     -0.422197    
555  1.552      1  0 -0.153071     -0.514769    
556  1.553      1  0 -0.152136     -0.620215    
557  1.554      1  0 -0.151166     -0.726816    
558  1.555      1  0 -0.150179     -0.822499    
559  1.556      1  0 -0.149192     -0.896517    
560  1.557      1  0 -0.148226     -0.940602    
561  1.558      1  0 -0.147303     -0.949531    
562  1.559      1  0 -0.146449     -0.921202    
563  1.560      1  0 -0.145688     -0.856404    
564  1.561      1  0 -0.145049     -0.758430    
565  1.562      1  0 -0.144555     -0.632673    
566  1.563      1  0 -0.144230     -0.486235    
567  1.564      1  0 -0.144095     -0.327579    
568  1.565      1  0 -0.144164     -0.166177    
569  1.566      1  0 -0.144448     -0.121061E-01
570  1.567      1  0 -0.144949      0.124452    
571  1.568      1  0 -0.145662      0.233875    
572  1.569      1  0 -0.146572      0.307937    
573  1.570      1  0 -0.147654      0.340796    
574  1.571      1  0 -0.148871      0.330033    
575  1.572      1  0 -0.150178      0.277541    
576  1.573      1  0 -0.151520      0.189982    
577  1.574      1  0 -0.152837      0.785073E-01
578  1.575      1  0 -0.154067     -0.424645E-01
579  1.576      1  0 -0.155154     -0.157368    
580  1.577      1  0 -0.156051     -0.252180    
581  1.578      1  0 -0.156725     -0.317082    
582  1.579      1  0 -0.157157     -0.348423    
583  1.580      1  0 -0.157344     -0.349445    
584  1.581      1  0 -0.157298     -0.329567    
585  1.582      1  0 -0.157041     -0.302355    
586  1.583      1  0 -0.156600     -0.282647    
587  1.584      1  0 -0.156005     -0.283494    
588  1.585      1  0 -0.155285     -0.313561    
589  1.586      1  0 -0.154466     -0.375556    
590  1.587      1  0 -0.153568     -0.465947    
591  1.588      1  0 -0.152612     -0.575920    
592  1.589      1  0 -0.151612     -0.693242    
593  1.590      1  0 -0.150587     -0.804469    
594  1.591      1  0 -0.149553     -0.897013    
595  1.592      1  0 -0.148531     -0.960656    
596  1.593      1  0 -0.147542     -0.988392    
597  1.594      1  0 -0.146612     -0.976653    
598  1.595      1  0 -0.145768     -0.925116    
599  1.596      1  0 -0.145037     -0.836294    
600  1.597      1  0 -0.144448     -0.715066    
601  1.598      1  0 -0.144025     -0.568255    
602  1.599      1  0 -0.143791     -0.404245    
603  1.600      1  0 -0.143766     -0.232648    
604  1.601      1  0 -0.143962     -0.639307E-01
605  1.602      1  0 -0.144387      0.910285E-01
606  1.603      1  0 -0.145039      0.221545    
607  1.604      1  0 -0.145907      0.317925    
608  1.605      1  0 -0.146971      0.372466    
609  1.606      1  0 -0.148196      0.380612    
610  1.607      1  0 -0.149541      0.342072    
611  1.608      1  0 -0.150949      0.261649    
612  1.609      1  0 -0.152359      0.149398    
613  1.610      1  0 -0.153705      0.198133E-01
614  1.611      1  0 -0.154923     -0.110096    
615  1.612      1  0 -0.155959     -0.223603    
616  1.613      1  0 -0.156770     -0.307383    
617  1.614      1  0 -0.157330     -0.354182    
618  1.615      1  0 -0.157629     -0.364328    
619  1.616      1  0 -0.157675     -0.345640    
620  1.617      1  0 -0.157488     -0.311737    
621  1.618      1  0 -0.157096     -0.279132    
622  1.619      1  0 -0.156532     -0.263775    
623  1.620      1  0 -0.155826     -0.277820    
624  1.621      1  0 -0.155008     -0.327313    
625  1.622      1  0 -0.154103     -0.411255    
626  1.623      1  0 -0.153129     -0.522144    
627  1.624      1  0 -0.152105     -0.647731    
628  1.625      1  0 -0.151046     -0.773440    
629  1.626      1  0 -0.149969     -0.884821    
630  1.627      1  0 -0.148894     -0.969503    
631  1.628      1  0 -0.147843      -1.01841    
632  1.629      1  0 -0.146839      -1.02622    
633  1.630      1  0 -0.145912     -0.991231    
634  1.631      1  0 -0.145089     -0.914962    
635  1.632      1  0 -0.144400     -0.801614    
636  1.633      1  0 -0.143873     -0.657579    
637  1.634      1  0 -0.143534     -0.491026    
638  1.635      1  0 -0.143405     -0.311550    
639  1.636      1  0 -0.143503     -0.129838    
640  1.637      1  0 -0.143838      0.427193E-01
641  1.638      1  0 -0.144413      0.194560    
642  1.639      1  0 -0.145223      0.314671    
643  1.640      1  0 -0.146250      0.393561    
644  1.641      1  0 -0.147466      0.424450    
645  1.642      1  0 -0.148831      0.404577    
646  1.643      1  0 -0.150291      0.336357    
647  1.644      1  0 -0.151784      0.228027    
648  1.645      1  0 -0.153240      0.933466E-01
649  1.646      1  0 -0.154591     -0.499226E-01
650  1.647      1  0 -0.155773     -0.182729    
651  1.648      1  0 -0.156733     -0.288167    
652  1.649      1  0 -0.157436     -0.354836    
653  1.650      1  0 -0.157864     -0.379228    
654  1.651      1  0 -0.158020     -0.366490    
655  1.652      1  0 -0.157920     -0.329307    
656  1.653      1  0 -0.157592     -0.285175    
657  1.654      1  0 -0.157069     -0.252697    
658  1.655      1  0 -0.156387     -0.247744    
659  1.656      1  0 -0.155578     -0.280329    
660  1.657      1  0 -0.154670     -0.352852    
661  1.658      1  0 -0.153684     -0.460013    
662  1.659      1  0 -0.152640     -0.590272    
663  1.660      1  0 -0.151553     -0.728349    
664  1.661      1  0 -0.150438     -0.858040    
665  1.662      1  0 -0.149315     -0.964685    
666  1.663      1  0 -0.148205      -1.03685    
667  1.664      1  0 -0.147131      -1.06710    
668  1.665      1  0 -0.146122      -1.05207    
669  1.666      1  0 -0.145207     -0.992007    
670  1.667      1  0 -0.144417     -0.890248    
671  1.668      1  0 -0.143783     -0.752593    
672  1.669      1  0 -0.143332     -0.586842    
673  1.670      1  0 -0.143091     -0.402425    
674  1.671      1  0 -0.143079     -0.210073    
675  1.672      1  0 -0.143311     -0.214864E-01
676  1.673      1  0 -0.143794      0.151113    
677  1.674      1  0 -0.144527      0.295609    
678  1.675      1  0 -0.145499      0.400879    
679  1.676      1  0 -0.146686      0.457964    
680  1.677      1  0 -0.148051      0.461474    
681  1.678      1  0 -0.149545      0.411013    
682  1.679      1  0 -0.151107      0.312291    
683  1.680      1  0 -0.152665      0.177432    
684  1.681      1  0 -0.154144      0.240268E-01
685  1.682      1  0 -0.155475     -0.127242    
686  1.683      1  0 -0.156593     -0.256132    
687  1.684      1  0 -0.157454     -0.346770    
688  1.685      1  0 -0.158030     -0.390980    
689  1.686      1  0 -0.158315     -0.390066    
690  1.687      1  0 -0.158320     -0.354546    
691  1.688      1  0 -0.158072     -0.301884    
692  1.689      1  0 -0.157606     -0.252752    
693  1.690      1  0 -0.156959     -0.226690    
694  1.691      1  0 -0.156168     -0.238165    
695  1.692      1  0 -0.155264     -0.293849    
696  1.693      1  0 -0.154272     -0.391679    
697  1.694      1  0 -0.153212     -0.521779    
698  1.695      1  0 -0.152101     -0.668837    
699  1.696      1  0 -0.150955     -0.815209    
700  1.697      1  0 -0.149790     -0.943915    
701  1.698      1  0 -0.148626      -1.04089    
702  1.699      1  0 -0.147487      -1.09625    
703  1.700      1  0 -0.146399      -1.10455    
704  1.701      1  0 -0.145394      -1.06450    
705  1.702      1  0 -0.144503     -0.978322    
706  1.703      1  0 -0.143758     -0.851031    
707  1.704      1  0 -0.143191     -0.689915    
708  1.705      1  0 -0.142829     -0.504086    
709  1.706      1  0 -0.142697     -0.304149    
710  1.707      1  0 -0.142814     -0.101910    
711  1.708      1  0 -0.143190      0.899901E-01
712  1.709      1  0 -0.143830      0.258590    
713  1.710      1  0 -0.144727      0.391384    
714  1.711      1  0 -0.145862      0.477405    
715  1.712      1  0 -0.147206      0.508633    
716  1.713      1  0 -0.148713      0.481598    
717  1.714      1  0 -0.150325      0.398886    
718  1.715      1  0 -0.151970      0.270069    
719  1.716      1  0 -0.153570      0.111475    
720  1.717      1  0 -0.155048     -0.555879E-01
721  1.718      1  0 -0.156332     -0.208169    
722  1.719      1  0 -0.157363     -0.325962    
723  1.720      1  0 -0.158104     -0.395497    
724  1.721      1  0 -0.158538     -0.413084    
725  1.722      1  0 -0.158670     -0.385668    
726  1.723      1  0 -0.158522     -0.329338    
727  1.724      1  0 -0.158129     -0.265848    
728  1.725      1  0 -0.157531     -0.217997    
729  1.726      1  0 -0.156768     -0.204915    
730  1.727      1  0 -0.155876     -0.238311    
731  1.728      1  0 -0.154885     -0.320473    
732  1.729      1  0 -0.153816     -0.444354    
733  1.730      1  0 -0.152688     -0.595572    
734  1.731      1  0 -0.151516     -0.755620    
735  1.732      1  0 -0.150315     -0.905350    
736  1.733      1  0 -0.149104      -1.02790    
737  1.734      1  0 -0.147904      -1.11053    
738  1.735      1  0 -0.146743      -1.14535    
739  1.736      1  0 -0.145651      -1.12913    
740  1.737      1  0 -0.144660      -1.06267    
741  1.738      1  0 -0.143804     -0.950022    
742  1.739      1  0 -0.143117     -0.797780    
743  1.740      1  0 -0.142630     -0.614592    
744  1.741      1  0 -0.142370     -0.410777    
745  1.742      1  0 -0.142360     -0.198054    
746  1.743      1  0 -0.142615      0.107574E-01
747  1.744      1  0 -0.143145      0.202142    
748  1.745      1  0 -0.143947      0.362519    
749  1.746      1  0 -0.145010      0.479196    
750  1.747      1  0 -0.146309      0.541696    
751  1.748      1  0 -0.147806      0.543410    
752  1.749      1  0 -0.149444      0.483394    
753  1.750      1  0 -0.151157      0.367849    
754  1.751      1  0 -0.152865      0.210691    
755  1.752      1  0 -0.154485      0.325835E-01
756  1.753      1  0 -0.155934     -0.141861    
757  1.754      1  0 -0.157146     -0.288395    
758  1.755      1  0 -0.158067     -0.388004    
759  1.756      1  0 -0.158671     -0.431035    
760  1.757      1  0 -0.158952     -0.419390    
761  1.758      1  0 -0.158926     -0.366164    
762  1.759      1  0 -0.158627     -0.292800    
763  1.760      1  0 -0.158095     -0.224472    
764  1.761      1  0 -0.157374     -0.184790    
765  1.762      1  0 -0.156504     -0.191021    
766  1.763      1  0 -0.155521     -0.250857    
767  1.764      1  0 -0.154449     -0.361410    
768  1.765      1  0 -0.153310     -0.510477    
769  1.766      1  0 -0.152118     -0.679590    
770  1.767      1  0 -0.150889     -0.847867    
771  1.768      1  0 -0.149638     -0.995619    
772  1.769      1  0 -0.148386      -1.10695    
773  1.770      1  0 -0.147158      -1.17105    
774  1.771      1  0 -0.145984      -1.18231    
775  1.772      1  0 -0.144897      -1.13977    
776  1.773      1  0 -0.143931      -1.04622    
777  1.774      1  0 -0.143123     -0.907392    
778  1.775      1  0 -0.142506     -0.731330    
779  1.776      1  0 -0.142112     -0.527916    
780  1.777      1  0 -0.141965     -0.308605    
781  1.778      1  0 -0.142087     -0.861656E-01
782  1.779      1  0 -0.142491      0.125620    
783  1.780      1  0 -0.143180      0.312447    
784  1.781      1  0 -0.144149      0.460264    
785  1.782      1  0 -0.145379      0.556453    
786  1.783      1  0 -0.146839      0.591427    
787  1.784      1  0 -0.148479      0.560546    
788  1.785      1  0 -0.150237      0.466041    
789  1.786      1  0 -0.152032      0.318335    
790  1.787      1  0 -0.153780      0.136038    
791  1.788      1  0 -0.155392     -0.559969E-01
792  1.789      1  0 -0.156788     -0.230592    
793  1.790      1  0 -0.157903     -0.363462    
794  1.791      1  0 -0.158695     -0.438383    
795  1.792      1  0 -0.159148     -0.450860    
796  1.793      1  0 -0.159269     -0.409219    
797  1.794      1  0 -0.159087     -0.332810    
798  1.795      1  0 -0.158640     -0.247801    
799  1.796      1  0 -0.157977     -0.181578    
800  1.797      1  0 -0.157143     -0.157067    
801  1.798      1  0 -0.156177     -0.188228    
802  1.799      1  0 -0.155110     -0.277681    
803  1.800      1  0 -0.153966     -0.416902    
804  1.801      1  0 -0.152762     -0.588732    
805  1.802      1  0 -0.151511     -0.771342    
806  1.803      1  0 -0.150228     -0.942468    
807  1.804      1  0 -0.148932      -1.08286    
808  1.805      1  0 -0.147645      -1.17832    
809  1.806      1  0 -0.146396      -1.22036    
810  1.807      1  0 -0.145218      -1.20582    
811  1.808      1  0 -0.144146      -1.13590    
812  1.809      1  0 -0.143218      -1.01526    
813  1.810      1  0 -0.142470     -0.851147    
814  1.811      1  0 -0.141935     -0.652885    
815  1.812      1  0 -0.141645     -0.431505    
816  1.813      1  0 -0.141623     -0.199527    
817  1.814      1  0 -0.141886      0.292747E-01
818  1.815      1  0 -0.142445      0.240217    
819  1.816      1  0 -0.143299      0.418309    
820  1.817      1  0 -0.144437      0.549224    
821  1.818      1  0 -0.145833      0.620739    
822  1.819      1  0 -0.147447      0.624635    
823  1.820      1  0 -0.149220      0.558867    
824  1.821      1  0 -0.151079      0.429505    
825  1.822      1  0 -0.152936      0.251717    
826  1.823      1  0 -0.154699      0.489282E-01
827  1.824      1  0 -0.156278     -0.150275    
828  1.825      1  0 -0.157594     -0.317225    
829  1.826      1  0 -0.158591     -0.429080    
830  1.827      1  0 -0.159238     -0.473919    
831  1.828      1  0 -0.159531     -0.453542    
832  1.829      1  0 -0.159491     -0.383151    
833  1.830      1  0 -0.159154     -0.288024    
834  1.831      1  0 -0.158568     -0.198028    
835  1.832      1  0 -0.157784     -0.141302    
836  1.833      1  0 -0.156847     -0.138530    
837  1.834      1  0 -0.155793     -0.199061    
838  1.835      1  0 -0.154652     -0.319682    
839  1.836      1  0 -0.153441     -0.486162    
840  1.837      1  0 -0.152176     -0.676942    
841  1.838      1  0 -0.150869     -0.867798    
842  1.839      1  0 -0.149538      -1.03615    
843  1.840      1  0 -0.148201      -1.16406    
844  1.841      1  0 -0.146886      -1.23961    
845  1.842      1  0 -0.145624      -1.25687    
846  1.843      1  0 -0.144452      -1.21508    
847  1.844      1  0 -0.143407      -1.11749    
848  1.845      1  0 -0.142527     -0.970382    
849  1.846      1  0 -0.141851     -0.782375    
850  1.847      1  0 -0.141411     -0.563948    
851  1.848      1  0 -0.141236     -0.327198    
852  1.849      1  0 -0.141347     -0.856569E-01
853  1.850      1  0 -0.141760      0.145941    
854  1.851      1  0 -0.142480      0.352084    
855  1.852      1  0 -0.143502      0.517230    
856  1.853      1  0 -0.144809      0.627017    
857  1.854      1  0 -0.146366      0.670009    
858  1.855      1  0 -0.148125      0.639913    
859  1.856      1  0 -0.150017      0.537935    
860  1.857      1  0 -0.151958      0.374626    
861  1.858      1  0 -0.153853      0.170257    
862  1.859      1  0 -0.155605     -0.470798E-01
863  1.860      1  0 -0.157123     -0.245869    
864  1.861      1  0 -0.158337     -0.397309    
865  1.862      1  0 -0.159198     -0.481594    
866  1.863      1  0 -0.159688     -0.492501    
867  1.864      1  0 -0.159816     -0.438936    
868  1.865      1  0 -0.159615     -0.343002    
869  1.866      1  0 -0.159130     -0.235147    
870  1.867      1  0 -0.158415     -0.147602    
871  1.868      1  0 -0.157521     -0.107655    
872  1.869      1  0 -0.156491     -0.132248    
873  1.870      1  0 -0.155359     -0.225068    
874  1.871      1  0 -0.154149     -0.376677    
875  1.872      1  0 -0.152877     -0.567451    
876  1.873      1  0 -0.151555     -0.772293    
877  1.874      1  0 -0.150197     -0.965688    
878  1.875      1  0 -0.148820      -1.12576    
879  1.876      1  0 -0.147449      -1.23664    
880  1.877      1  0 -0.146113      -1.28903    
881  1.878      1  0 -0.144848      -1.27962    
882  1.879      1  0 -0.143691      -1.20990    
883  1.880      1  0 -0.142684      -1.08496    
884  1.881      1  0 -0.141865     -0.912526    
885  1.882      1  0 -0.141273     -0.702419    
886  1.883      1  0 -0.140938     -0.466175    
887  1.884      1  0 -0.140887     -0.216895    
888  1.885      1  0 -0.141141      0.309158E-01
889  1.886      1  0 -0.141710      0.261613    
890  1.887      1  0 -0.142595      0.458942    
891  1.888      1  0 -0.143786      0.606979    
892  1.889      1  0 -0.145258      0.691630    
893  1.890      1  0 -0.146969      0.702706    
894  1.891      1  0 -0.148861      0.636454    
895  1.892      1  0 -0.150855      0.498021    
896  1.893      1  0 -0.152856      0.302981    
897  1.894      1  0 -0.154764      0.768615E-01
898  1.895      1  0 -0.156479     -0.148050    
899  1.896      1  0 -0.157913     -0.338437    
900  1.897      1  0 -0.159003     -0.466919    
901  1.898      1  0 -0.159713     -0.518306    
902  1.899      1  0 -0.160039     -0.493228    
903  1.900      1  0 -0.160002     -0.408114    
904  1.901      1  0 -0.159645     -0.291555    
905  1.902      1  0 -0.159021     -0.178047    
906  1.903      1  0 -0.158187     -0.100631    
907  1.904      1  0 -0.157194     -0.841240E-01
908  1.905      1  0 -0.156082     -0.140403    
909  1.906      1  0 -0.154879     -0.266759    
910  1.907      1  0 -0.153606     -0.447531    
911  1.908      1  0 -0.152276     -0.658366    
912  1.909      1  0 -0.150901     -0.871699    
913  1.910      1  0 -0.149495      -1.06186    
914  1.911      1  0 -0.148079      -1.20859    
915  1.912      1  0 -0.146680      -1.29860    
916  1.913      1  0 -0.145331      -1.32539    
917  1.914      1  0 -0.144072      -1.28818    
918  1.915      1  0 -0.142942      -1.19051    
919  1.916      1  0 -0.141984      -1.03906    
920  1.917      1  0 -0.141238     -0.842834    
921  1.918      1  0 -0.140740     -0.612717    
922  1.919      1  0 -0.140521     -0.361233    
923  1.920      1  0 -0.140604     -0.102440    
924  1.921      1  0 -0.141007      0.148215    
925  1.922      1  0 -0.141736      0.374228    
926  1.923      1  0 -0.142788      0.558714    
927  1.924      1  0 -0.144147      0.685587    
928  1.925      1  0 -0.145780      0.741380    
929  1.926      1  0 -0.147636      0.717693    
930  1.927      1  0 -0.149647      0.613981    
931  1.928      1  0 -0.151722      0.439995    
932  1.929      1  0 -0.153761      0.216745    
933  1.930      1  0 -0.155656     -0.251071E-01
934  1.931      1  0 -0.157308     -0.249887    
935  1.932      1  0 -0.158636     -0.423877    
936  1.933      1  0 -0.159585     -0.522782    
937  1.934      1  0 -0.160134     -0.537474    
938  1.935      1  0 -0.160291     -0.476259    
939  1.936      1  0 -0.160091     -0.363080    
940  1.937      1  0 -0.159586     -0.232198    
941  1.938      1  0 -0.158835     -0.120746    
942  1.939      1  0 -0.157894     -0.609119E-01
943  1.940      1  0 -0.156813     -0.735026E-01
944  1.941      1  0 -0.155626     -0.164266    
945  1.942      1  0 -0.154360     -0.323733    
946  1.943      1  0 -0.153029     -0.530401    
947  1.944      1  0 -0.151646     -0.756135    
948  1.945      1  0 -0.150221     -0.972081    
949  1.946      1  0 -0.148771      -1.15348    
950  1.947      1  0 -0.147321      -1.28242    
951  1.948      1  0 -0.145902      -1.34850    
952  1.949      1  0 -0.144549      -1.34803    
953  1.950      1  0 -0.143306      -1.28256    
954  1.951      1  0 -0.142214      -1.15744    
955  1.952      1  0 -0.141318     -0.980723    
956  1.953      1  0 -0.140655     -0.762533    
957  1.954      1  0 -0.140262     -0.514721    
958  1.955      1  0 -0.140167     -0.250747    
959  1.956      1  0 -0.140392      0.143982E-01
960  1.957      1  0 -0.140949      0.264357    
961  1.958      1  0 -0.141841      0.481836    
962  1.959      1  0 -0.143061      0.649465    
963  1.960      1  0 -0.144584      0.751270    
964  1.961      1  0 -0.146371      0.774855    
965  1.962      1  0 -0.148361      0.714212    
966  1.963      1  0 -0.150474      0.572713    
967  1.964      1  0 -0.152610      0.365308    
968  1.965      1  0 -0.154661      0.118648    
969  1.966      1  0 -0.156518     -0.131905    
970  1.967      1  0 -0.158084     -0.348428    
971  1.968      1  0 -0.159285     -0.498415    
972  1.969      1  0 -0.160080     -0.562309    
973  1.970      1  0 -0.160460     -0.538250    
974  1.971      1  0 -0.160449     -0.442653    
975  1.972      1  0 -0.160092     -0.306539    
976  1.973      1  0 -0.159449     -0.168663    
977  1.974      1  0 -0.158581     -0.671845E-01
978  1.975      1  0 -0.157545     -0.317610E-01
979  1.976      1  0 -0.156385     -0.778244E-01
980  1.977      1  0 -0.155133     -0.204248    
981  1.978      1  0 -0.153808     -0.394831    
982  1.979      1  0 -0.152424     -0.622946    
983  1.980      1  0 -0.150989     -0.857816    
984  1.981      1  0 -0.149518      -1.07050    
985  1.982      1  0 -0.148030      -1.23807    
986  1.983      1  0 -0.146553      -1.34549    
987  1.984      1  0 -0.145120      -1.38538    
988  1.985      1  0 -0.143774      -1.35671    
989  1.986      1  0 -0.142557      -1.26309    
990  1.987      1  0 -0.141515      -1.11146    
991  1.988      1  0 -0.140690     -0.911045    
992  1.989      1  0 -0.140122     -0.672960    
993  1.990      1  0 -0.139843     -0.409960    
994  1.991      1  0 -0.139881     -0.136404    
995  1.992      1  0 -0.140253      0.131804    
996  1.993      1  0 -0.140969      0.377437    
997  1.994      1  0 -0.142026      0.582503    
998  1.995      1  0 -0.143412      0.729344    
999  1.996      1  0 -0.145095      0.802432    
