# Pazy Wing (simplified : constant stiffness properties)                          
# Operating point sequence...
# i     t     conv	stall	 RY pos[ 1]    Theta[ 1]    
  1  2.994      1  0 -0.142541      0.955989    
  2  2.995      1  0 -0.144816      0.980936    
  3  2.996      1  0 -0.147231      0.933540    
  4  2.997      1  0 -0.149781      0.789335    
  5  2.998      1  0 -0.152381      0.553299    
  6  2.999      1  0 -0.154911      0.251065    
  7  3.000      1  0 -0.157236     -0.751723E-01
  8  3.001      1  0 -0.159232     -0.373850    
  9  3.002      1  0 -0.160796     -0.595414    
 10  3.003      1  0 -0.161865     -0.704541    
 11  3.004      1  0 -0.162422     -0.689238    
 12  3.005      1  0 -0.162489     -0.564068    
 13  3.006      1  0 -0.162125     -0.366740    
 14  3.007      1  0 -0.161405     -0.149314    
 15  3.008      1  0 -0.160410      0.334381E-01
 16  3.009      1  0 -0.159212      0.135701    
 17  3.010      1  0 -0.157871      0.129779    
 18  3.011      1  0 -0.156425      0.107936E-01
 19  3.012      1  0 -0.154897     -0.204045    
 20  3.013      1  0 -0.153298     -0.481213    
 21  3.014      1  0 -0.151633     -0.779721    
 22  3.015      1  0 -0.149912      -1.06016    
 23  3.016      1  0 -0.148155      -1.29132    
 24  3.017      1  0 -0.146391      -1.45304    
 25  3.018      1  0 -0.144663      -1.53579    
 26  3.019      1  0 -0.143021      -1.53833    
 27  3.020      1  0 -0.141521      -1.46489    
 28  3.021      1  0 -0.140218      -1.32303    
 29  3.022      1  0 -0.139165      -1.12228    
 30  3.023      1  0 -0.138409     -0.873682    
 31  3.024      1  0 -0.137988     -0.589655    
 32  3.025      1  0 -0.137931     -0.284224    
 33  3.026      1  0 -0.138258      0.267268E-01
 34  3.027      1  0 -0.138980      0.325252    
 35  3.028      1  0 -0.140096      0.591401    
 36  3.029      1  0 -0.141595      0.803814    
 37  3.030      1  0 -0.143451      0.941139    
 38  3.031      1  0 -0.145618      0.984601    
 39  3.032      1  0 -0.148029      0.921864    
 40  3.033      1  0 -0.150590      0.751884    
 41  3.034      1  0 -0.153181      0.489473    
 42  3.035      1  0 -0.155669      0.167318    
 43  3.036      1  0 -0.157916     -0.166865    
 44  3.037      1  0 -0.159798     -0.458791    
 45  3.038      1  0 -0.161223     -0.659823    
 46  3.039      1  0 -0.162139     -0.739065    
 47  3.040      1  0 -0.162541     -0.691286    
 48  3.041      1  0 -0.162460     -0.538268    
 49  3.042      1  0 -0.161963     -0.323557    
 50  3.043      1  0 -0.161128     -0.102453    
 51  3.044      1  0 -0.160040      0.701101E-01
 52  3.045      1  0 -0.158770      0.151031    
 53  3.046      1  0 -0.157374      0.117469    
 54  3.047      1  0 -0.155887     -0.296050E-01
 55  3.048      1  0 -0.154329     -0.267533    
 56  3.049      1  0 -0.152707     -0.558972    
 57  3.050      1  0 -0.151028     -0.861429    
 58  3.051      1  0 -0.149300      -1.13618    
 59  3.052      1  0 -0.147547      -1.35414    
 60  3.053      1  0 -0.145800      -1.49771    
 61  3.054      1  0 -0.144104      -1.55966    
 62  3.055      1  0 -0.142510      -1.54038    
 63  3.056      1  0 -0.141073      -1.44522    
 64  3.057      1  0 -0.139846      -1.28248    
 65  3.058      1  0 -0.138881      -1.06235    
 66  3.059      1  0 -0.138222     -0.796567    
 67  3.060      1  0 -0.137905     -0.498424    
 68  3.061      1  0 -0.137959     -0.182973    
 69  3.062      1  0 -0.138401      0.132704    
 70  3.063      1  0 -0.139240      0.429357    
 71  3.064      1  0 -0.140473      0.685785    
 72  3.065      1  0 -0.142087      0.879699    
 73  3.066      1  0 -0.144051      0.989541    
 74  3.067      1  0 -0.146313      0.997593    
 75  3.068      1  0 -0.148797      0.894406    
 76  3.069      1  0 -0.151400      0.683955    
 77  3.070      1  0 -0.153993      0.387794    
 78  3.071      1  0 -0.156437      0.456584E-01
 79  3.072      1  0 -0.158594     -0.289518    
 80  3.073      1  0 -0.160346     -0.562073    
 81  3.074      1  0 -0.161613     -0.726741    
 82  3.075      1  0 -0.162356     -0.760117    
 83  3.076      1  0 -0.162585     -0.666654    
 84  3.077      1  0 -0.162347     -0.477600    
 85  3.078      1  0 -0.161717     -0.243586    
 86  3.079      1  0 -0.160779     -0.232056E-01
 87  3.080      1  0 -0.159617      0.129613    
 88  3.081      1  0 -0.158299      0.176672    
 89  3.082      1  0 -0.156874      0.102688    
 90  3.083      1  0 -0.155371     -0.830265E-01
 91  3.084      1  0 -0.153803     -0.350695    
 92  3.085      1  0 -0.152174     -0.658634    
 93  3.086      1  0 -0.150489     -0.963311    
 94  3.087      1  0 -0.148759      -1.22773    
 95  3.088      1  0 -0.147010      -1.42605    
 96  3.089      1  0 -0.145277      -1.54429    
 97  3.090      1  0 -0.143606      -1.57828    
 98  3.091      1  0 -0.142052      -1.53072    
 99  3.092      1  0 -0.140669      -1.40857    
100  3.093      1  0 -0.139512      -1.22131    
101  3.094      1  0 -0.138631     -0.980110    
102  3.095      1  0 -0.138069     -0.697635    
103  3.096      1  0 -0.137862     -0.388109    
104  3.097      1  0 -0.138033     -0.675732E-01
105  3.098      1  0 -0.138600      0.245886    
106  3.099      1  0 -0.139567      0.532105    
107  3.100      1  0 -0.140930      0.769260    
108  3.101      1  0 -0.142670      0.935055    
109  3.102      1  0 -0.144748       1.00899    
110  3.103      1  0 -0.147105      0.975958    
111  3.104      1  0 -0.149653      0.831051    
112  3.105      1  0 -0.152280      0.584563    
113  3.106      1  0 -0.154849      0.265116    
114  3.107      1  0 -0.157219     -0.816390E-01
115  3.108      1  0 -0.159256     -0.400171    
116  3.109      1  0 -0.160853     -0.636972    
117  3.110      1  0 -0.161944     -0.753631    
118  3.111      1  0 -0.162509     -0.736687    
119  3.112      1  0 -0.162573     -0.601126    
120  3.113      1  0 -0.162194     -0.386772    
121  3.114      1  0 -0.161454     -0.149021    
122  3.115      1  0 -0.160438      0.534482E-01
123  3.116      1  0 -0.159225      0.171117    
124  3.117      1  0 -0.157877      0.173559    
125  3.118      1  0 -0.156433      0.547449E-01
126  3.119      1  0 -0.154915     -0.167490    
127  3.120      1  0 -0.153332     -0.457520    
128  3.121      1  0 -0.151686     -0.771492    
129  3.122      1  0 -0.149983      -1.06719    
130  3.123      1  0 -0.148239      -1.31124    
131  3.124      1  0 -0.146482      -1.48223    
132  3.125      1  0 -0.144754      -1.57020    
133  3.126      1  0 -0.143104      -1.57405    
134  3.127      1  0 -0.141587      -1.49851    
135  3.128      1  0 -0.140261      -1.35178    
136  3.129      1  0 -0.139179      -1.14413    
137  3.130      1  0 -0.138390     -0.887324    
138  3.131      1  0 -0.137936     -0.594523    
139  3.132      1  0 -0.137847     -0.280457    
140  3.133      1  0 -0.138145      0.383126E-01
141  3.134      1  0 -0.138844      0.343210    
142  3.135      1  0 -0.139945      0.613717    
143  3.136      1  0 -0.141438      0.828007    
144  3.137      1  0 -0.143297      0.964428    
145  3.138      1  0 -0.145478       1.00415    
146  3.139      1  0 -0.147910      0.935136    
147  3.140      1  0 -0.150499      0.757047    
148  3.141      1  0 -0.153122      0.485851    
149  3.142      1  0 -0.155640      0.155714    
150  3.143      1  0 -0.157914     -0.184089    
151  3.144      1  0 -0.159817     -0.477989    
152  3.145      1  0 -0.161255     -0.676698    
153  3.146      1  0 -0.162178     -0.749544    
154  3.147      1  0 -0.162581     -0.692390    
155  3.148      1  0 -0.162500     -0.528772    
156  3.149      1  0 -0.162002     -0.304262    
157  3.150      1  0 -0.161171     -0.760177E-01
158  3.151      1  0 -0.160089      0.997197E-01
159  3.152      1  0 -0.158830      0.179362    
160  3.153      1  0 -0.157448      0.140474    
161  3.154      1  0 -0.155976     -0.148174E-01
162  3.155      1  0 -0.154432     -0.262250    
163  3.156      1  0 -0.152821     -0.562843    
164  3.157      1  0 -0.151146     -0.872792    
165  3.158      1  0 -0.149417      -1.15262    
166  3.159      1  0 -0.147655      -1.37303    
167  3.160      1  0 -0.145892      -1.51674    
168  3.161      1  0 -0.144175      -1.57706    
169  3.162      1  0 -0.142554      -1.55506    
170  3.163      1  0 -0.141088      -1.45670    
171  3.164      1  0 -0.139831      -1.29078    
172  3.165      1  0 -0.138837      -1.06791    
173  3.166      1  0 -0.138151     -0.800051    
174  3.167      1  0 -0.137812     -0.500608    
175  3.168      1  0 -0.137847     -0.184624    
176  3.169      1  0 -0.138274      0.130945    
177  3.170      1  0 -0.139104      0.427086    
178  3.171      1  0 -0.140332      0.682927    
179  3.172      1  0 -0.141946      0.876571    
180  3.173      1  0 -0.143912      0.986872    
181  3.174      1  0 -0.146181      0.996455    
182  3.175      1  0 -0.148674      0.896014    
183  3.176      1  0 -0.151287      0.689351    
184  3.177      1  0 -0.153894      0.397491    
185  3.178      1  0 -0.156354      0.593861E-01
186  3.179      1  0 -0.158529     -0.272840    
187  3.180      1  0 -0.160301     -0.544110    
188  3.181      1  0 -0.161589     -0.709369    
189  3.182      1  0 -0.162355     -0.745019    
190  3.183      1  0 -0.162607     -0.655016    
191  3.184      1  0 -0.162392     -0.469940    
192  3.185      1  0 -0.161782     -0.239735    
193  3.186      1  0 -0.160862     -0.223966E-01
194  3.187      1  0 -0.159713      0.128533    
195  3.188      1  0 -0.158404      0.174974    
196  3.189      1  0 -0.156983      0.101468    
197  3.190      1  0 -0.155479     -0.830677E-01
198  3.191      1  0 -0.153905     -0.349348    
199  3.192      1  0 -0.152266     -0.656133    
200  3.193      1  0 -0.150567     -0.960198    
201  3.194      1  0 -0.148820      -1.22470    
202  3.195      1  0 -0.147051      -1.42387    
203  3.196      1  0 -0.145296      -1.54369    
204  3.197      1  0 -0.143603      -1.57996    
205  3.198      1  0 -0.142026      -1.53530    
206  3.199      1  0 -0.140621      -1.41652    
207  3.200      1  0 -0.139443      -1.23290    
208  3.201      1  0 -0.138543     -0.995331    
209  3.202      1  0 -0.137964     -0.716121    
210  3.203      1  0 -0.137741     -0.409094    
211  3.204      1  0 -0.137898     -0.898557E-01
212  3.205      1  0 -0.138451      0.223951    
213  3.206      1  0 -0.139406      0.512562    
214  3.207      1  0 -0.140758      0.754445    
215  3.208      1  0 -0.142487      0.927378    
216  3.209      1  0 -0.144556       1.01059    
217  3.210      1  0 -0.146908      0.988205    
218  3.211      1  0 -0.149457      0.853986    
219  3.212      1  0 -0.152092      0.616422    
220  3.213      1  0 -0.154679      0.302218    
221  3.214      1  0 -0.157076     -0.444408E-01
222  3.215      1  0 -0.159149     -0.368494    
223  3.216      1  0 -0.160787     -0.615630    
224  3.217      1  0 -0.161921     -0.745494    
225  3.218      1  0 -0.162528     -0.742024    
226  3.219      1  0 -0.162628     -0.617587    
227  3.220      1  0 -0.162278     -0.409963    
228  3.221      1  0 -0.161556     -0.173485    
229  3.222      1  0 -0.160549      0.330815E-01
230  3.223      1  0 -0.159337      0.159041    
231  3.224      1  0 -0.157982      0.171994    
232  3.225      1  0 -0.156528      0.636224E-01
233  3.226      1  0 -0.154998     -0.150295    
234  3.227      1  0 -0.153402     -0.435495    
235  3.228      1  0 -0.151744     -0.748581    
236  3.229      1  0 -0.150030      -1.04698    
237  3.230      1  0 -0.148275      -1.29646    
238  3.231      1  0 -0.146508      -1.47458    
239  3.232      1  0 -0.144768      -1.57044    
240  3.233      1  0 -0.143107      -1.58216    
241  3.234      1  0 -0.141578      -1.51392    
242  3.235      1  0 -0.140237      -1.37345    
243  3.236      1  0 -0.139140      -1.17068    
244  3.237      1  0 -0.138335     -0.917055    
245  3.238      1  0 -0.137861     -0.625461    
246  3.239      1  0 -0.137753     -0.310406    
247  3.240      1  0 -0.138031      0.117094E-01
248  3.241      1  0 -0.138709      0.322362    
249  3.242      1  0 -0.139790      0.600930    
250  3.243      1  0 -0.141264      0.825244    
251  3.244      1  0 -0.143109      0.972978    
252  3.245      1  0 -0.145280       1.02422    
253  3.246      1  0 -0.147713      0.965420    
254  3.247      1  0 -0.150313      0.794446    
255  3.248      1  0 -0.152959      0.525533    
256  3.249      1  0 -0.155512      0.191726    
257  3.250      1  0 -0.157831     -0.157685    
258  3.251      1  0 -0.159784     -0.465719    
259  3.252      1  0 -0.161274     -0.680478    
260  3.253      1  0 -0.162244     -0.768086    
261  3.254      1  0 -0.162685     -0.721421    
262  3.255      1  0 -0.162633     -0.561959    
263  3.256      1  0 -0.162152     -0.334587    
264  3.257      1  0 -0.161326     -0.972467E-01
265  3.258      1  0 -0.160242      0.917921E-01
266  3.259      1  0 -0.158977      0.186141    
267  3.260      1  0 -0.157586      0.160428    
268  3.261      1  0 -0.156107      0.143723E-01
269  3.262      1  0 -0.154558     -0.229135    
270  3.263      1  0 -0.152944     -0.531242    
271  3.264      1  0 -0.151268     -0.847210    
272  3.265      1  0 -0.149540      -1.13601    
273  3.266      1  0 -0.147777      -1.36668    
274  3.267      1  0 -0.146012      -1.52053    
275  3.268      1  0 -0.144288      -1.58991    
276  3.269      1  0 -0.142657      -1.57529    
277  3.270      1  0 -0.141176      -1.48237    
278  3.271      1  0 -0.139902      -1.31987    
279  3.272      1  0 -0.138886      -1.09836    
280  3.273      1  0 -0.138176     -0.829875    
281  3.274      1  0 -0.137810     -0.527909    
282  3.275      1  0 -0.137818     -0.207627    
283  3.276      1  0 -0.138219      0.113842    
284  3.277      1  0 -0.139023      0.417234    
285  3.278      1  0 -0.140231      0.681311    
286  3.279      1  0 -0.141827      0.883641    
287  3.280      1  0 -0.143784       1.00235    
288  3.281      1  0 -0.146051       1.01910    
289  3.282      1  0 -0.148553      0.923485    
290  3.283      1  0 -0.151187      0.718234    
291  3.284      1  0 -0.153824      0.423627    
292  3.285      1  0 -0.156323      0.785740E-01
293  3.286      1  0 -0.158542     -0.263890    
294  3.287      1  0 -0.160360     -0.546859    
295  3.288      1  0 -0.161690     -0.722902    
296  3.289      1  0 -0.162492     -0.766102    
297  3.290      1  0 -0.162772     -0.678756    
298  3.291      1  0 -0.162575     -0.490853    
299  3.292      1  0 -0.161976     -0.252931    
300  3.293      1  0 -0.161060     -0.245943E-01
301  3.294      1  0 -0.159912      0.138378    
302  3.295      1  0 -0.158603      0.195537    
303  3.296      1  0 -0.157181      0.129447    
304  3.297      1  0 -0.155679     -0.521424E-01
305  3.298      1  0 -0.154107     -0.320102    
306  3.299      1  0 -0.152471     -0.632423    
307  3.300      1  0 -0.150774     -0.944523    
308  3.301      1  0 -0.149027      -1.21806    
309  3.302      1  0 -0.147253      -1.42598    
310  3.303      1  0 -0.145489      -1.55343    
311  3.304      1  0 -0.143782      -1.59577    
312  3.305      1  0 -0.142185      -1.55553    
313  3.306      1  0 -0.140756      -1.43959    
314  3.307      1  0 -0.139552      -1.25740    
315  3.308      1  0 -0.138622      -1.02000    
316  3.309      1  0 -0.138013     -0.739845    
317  3.310      1  0 -0.137759     -0.430869    
318  3.311      1  0 -0.137887     -0.108748    
319  3.312      1  0 -0.138413      0.208822    
320  3.313      1  0 -0.139344      0.502023    
321  3.314      1  0 -0.140675      0.749226    
322  3.315      1  0 -0.142389      0.928028    
323  3.316      1  0 -0.144449       1.01733    
324  3.317      1  0 -0.146800       1.00077    
325  3.318      1  0 -0.149355      0.871370    
326  3.319      1  0 -0.152005      0.636796    
327  3.320      1  0 -0.154616      0.322989    
328  3.321      1  0 -0.157044     -0.262419E-01
329  3.322      1  0 -0.159151     -0.355564    
330  3.323      1  0 -0.160827     -0.609667    
331  3.324      1  0 -0.161999     -0.746680    
332  3.325      1  0 -0.162639     -0.748909    
333  3.326      1  0 -0.162767     -0.627417    
334  3.327      1  0 -0.162439     -0.419333    
335  3.328      1  0 -0.161734     -0.179110    
336  3.329      1  0 -0.160738      0.336539E-01
337  3.330      1  0 -0.159532      0.166937    
338  3.331      1  0 -0.158181      0.186824    
339  3.332      1  0 -0.156729      0.836275E-01
340  3.333      1  0 -0.155199     -0.127789    
341  3.334      1  0 -0.153602     -0.413444    
342  3.335      1  0 -0.151941     -0.729608    
343  3.336      1  0 -0.150221      -1.03296    
344  3.337      1  0 -0.148457      -1.28836    
345  3.338      1  0 -0.146676      -1.47263    
346  3.339      1  0 -0.144919      -1.57433    
347  3.340      1  0 -0.143236      -1.59134    
348  3.341      1  0 -0.141681      -1.52773    
349  3.342      1  0 -0.140313      -1.39124    
350  3.343      1  0 -0.139187      -1.19177    
351  3.344      1  0 -0.138351     -0.940725    
352  3.345      1  0 -0.137847     -0.650878    
353  3.346      1  0 -0.137708     -0.336576    
354  3.347      1  0 -0.137957     -0.140038E-01
355  3.348      1  0 -0.138608      0.298562    
356  3.349      1  0 -0.139663      0.580731    
357  3.350      1  0 -0.141114      0.810490    
358  3.351      1  0 -0.142939      0.965500    
359  3.352      1  0 -0.145096       1.02555    
360  3.353      1  0 -0.147520      0.976382    
361  3.354      1  0 -0.150119      0.814686    
362  3.355      1  0 -0.152774      0.553142    
363  3.356      1  0 -0.155348      0.223211    
364  3.357      1  0 -0.157696     -0.126919    
365  3.358      1  0 -0.159687     -0.440415    
366  3.359      1  0 -0.161220     -0.664387    
367  3.360      1  0 -0.162235     -0.763030    
368  3.361      1  0 -0.162718     -0.726856    
369  3.362      1  0 -0.162702     -0.575151    
370  3.363      1  0 -0.162251     -0.351284    
371  3.364      1  0 -0.161446     -0.112646    
372  3.365      1  0 -0.160376      0.820189E-01
373  3.366      1  0 -0.159116      0.184964    
374  3.367      1  0 -0.157726      0.168911    
375  3.368      1  0 -0.156244      0.315710E-01
376  3.369      1  0 -0.154690     -0.205790    
377  3.370      1  0 -0.153070     -0.505224    
378  3.371      1  0 -0.151387     -0.822068    
379  3.372      1  0 -0.149649      -1.11472    
380  3.373      1  0 -0.147874      -1.35132    
381  3.374      1  0 -0.146095      -1.51226    
382  3.375      1  0 -0.144354      -1.58914    
383  3.376      1  0 -0.142704      -1.58194    
384  3.377      1  0 -0.141200      -1.49599    
385  3.378      1  0 -0.139900      -1.33976    
386  3.379      1  0 -0.138857      -1.12359    
387  3.380      1  0 -0.138118     -0.859271    
388  3.381      1  0 -0.137723     -0.560025    
389  3.382      1  0 -0.137700     -0.240728    
390  3.383      1  0 -0.138071      0.817913E-01
391  3.384      1  0 -0.138845      0.388541    
392  3.385      1  0 -0.140023      0.658466    
393  3.386      1  0 -0.141593      0.869139    
394  3.387      1  0 -0.143526      0.998379    
395  3.388      1  0 -0.145775       1.02712    
396  3.389      1  0 -0.148268      0.943649    
397  3.390      1  0 -0.150903      0.748893    
398  3.391      1  0 -0.153554      0.461081    
399  3.392      1  0 -0.156081      0.117381    
400  3.393      1  0 -0.158340     -0.229966    
401  3.394      1  0 -0.160207     -0.523450    
402  3.395      1  0 -0.161591     -0.713646    
403  3.396      1  0 -0.162446     -0.771707    
404  3.397      1  0 -0.162773     -0.696827    
405  3.398      1  0 -0.162616     -0.516472    
406  3.399      1  0 -0.162046     -0.279777    
407  3.400      1  0 -0.161149     -0.463213E-01
408  3.401      1  0 -0.160010      0.126835    
409  3.402      1  0 -0.158703      0.196972    
410  3.403      1  0 -0.157281      0.143939    
411  3.404      1  0 -0.155775     -0.270355E-01
412  3.405      1  0 -0.154199     -0.288582    
413  3.406      1  0 -0.152560     -0.599357    
414  3.407      1  0 -0.150860     -0.914400    
415  3.408      1  0 -0.149109      -1.19428    
416  3.409      1  0 -0.147330      -1.41061    
417  3.410      1  0 -0.145557      -1.54731    
418  3.411      1  0 -0.143838      -1.59883    
419  3.412      1  0 -0.142226      -1.56707    
420  3.413      1  0 -0.140778      -1.45855    
421  3.414      1  0 -0.139549      -1.28245    
422  3.415      1  0 -0.138593      -1.04963    
423  3.416      1  0 -0.137954     -0.772368    
424  3.417      1  0 -0.137669     -0.464423    
425  3.418      1  0 -0.137764     -0.141305    
426  3.419      1  0 -0.138257      0.179436    
427  3.420      1  0 -0.139156      0.478065    
428  3.421      1  0 -0.140456      0.732912    
429  3.422      1  0 -0.142143      0.921314    
430  3.423      1  0 -0.144182       1.02159    
431  3.424      1  0 -0.146519       1.01635    
432  3.425      1  0 -0.149072      0.897180    
433  3.426      1  0 -0.151732      0.669938    
434  3.427      1  0 -0.154366      0.358854    
435  3.428      1  0 -0.156831      0.664193E-02
436  3.429      1  0 -0.158986     -0.331295    
437  3.430      1  0 -0.160716     -0.598207    
438  3.431      1  0 -0.161942     -0.749656    
439  3.432      1  0 -0.162634     -0.764898    
440  3.433      1  0 -0.162807     -0.652244    
441  3.434      1  0 -0.162514     -0.447020    
442  3.435      1  0 -0.161833     -0.203207    
443  3.436      1  0 -0.160853      0.187057E-01
444  3.437      1  0 -0.159655      0.164688    
445  3.438      1  0 -0.158308      0.198173    
446  3.439      1  0 -0.156858      0.106797    
447  3.440      1  0 -0.155331     -0.966680E-01
448  3.441      1  0 -0.153736     -0.379309    
449  3.442      1  0 -0.152078     -0.697328    
450  3.443      1  0 -0.150361      -1.00643    
451  3.444      1  0 -0.148598      -1.27006    
452  3.445      1  0 -0.146815      -1.46360    
453  3.446      1  0 -0.145052      -1.57451    
454  3.447      1  0 -0.143357      -1.59993    
455  3.448      1  0 -0.141786      -1.54352    
456  3.449      1  0 -0.140397      -1.41284    
457  3.450      1  0 -0.139244      -1.21773    
458  3.451      1  0 -0.138378     -0.969518    
459  3.452      1  0 -0.137842     -0.680968    
460  3.453      1  0 -0.137669     -0.366364    
461  3.454      1  0 -0.137883     -0.418301E-01
462  3.455      1  0 -0.138500      0.274415    
463  3.456      1  0 -0.139523      0.561999    
464  3.457      1  0 -0.140945      0.798823    
465  3.458      1  0 -0.142746      0.962285    
466  3.459      1  0 -0.144885       1.03164    
467  3.460      1  0 -0.147300      0.991723    
468  3.461      1  0 -0.149900      0.837985    
469  3.462      1  0 -0.152569      0.581634    
470  3.463      1  0 -0.155169      0.252804    
471  3.464      1  0 -0.157555     -0.101004    
472  3.465      1  0 -0.159592     -0.422608    
473  3.466      1  0 -0.161175     -0.657626    
474  3.467      1  0 -0.162240     -0.767932    
475  3.468      1  0 -0.162770     -0.741493    
476  3.469      1  0 -0.162794     -0.595481    
477  3.470      1  0 -0.162374     -0.372081    
478  3.471      1  0 -0.161593     -0.128661    
479  3.472      1  0 -0.160538      0.749461E-01
480  3.473      1  0 -0.159290      0.189079    
481  3.474      1  0 -0.157907      0.184160    
482  3.475      1  0 -0.156431      0.557559E-01
483  3.476      1  0 -0.154882     -0.176383    
484  3.477      1  0 -0.153266     -0.474887    
485  3.478      1  0 -0.151587     -0.794744    
486  3.479      1  0 -0.149852      -1.09333    
487  3.480      1  0 -0.148076      -1.33755    
488  3.481      1  0 -0.146292      -1.50663    
489  3.482      1  0 -0.144540      -1.59136    
490  3.483      1  0 -0.142874      -1.59124    
491  3.484      1  0 -0.141349      -1.51136    
492  3.485      1  0 -0.140024      -1.36011    
493  3.486      1  0 -0.138951      -1.14782    
494  3.487      1  0 -0.138180     -0.886241    
495  3.488      1  0 -0.137750     -0.588523    
496  3.489      1  0 -0.137693     -0.269443    
497  3.490      1  0 -0.138028      0.543126E-01
498  3.491      1  0 -0.138769      0.363913    
499  3.492      1  0 -0.139915      0.638439    
500  3.493      1  0 -0.141455      0.855511    
501  3.494      1  0 -0.143363      0.992811    
502  3.495      1  0 -0.145594       1.03083    
503  3.496      1  0 -0.148076      0.957023    
504  3.497      1  0 -0.150710      0.771016    
505  3.498      1  0 -0.153374      0.489463    
506  3.499      1  0 -0.155924      0.148047    
507  3.500      1  0 -0.158218     -0.201845    
508  3.501      1  0 -0.160128     -0.502501    
509  3.502      1  0 -0.161560     -0.703121    
510  3.503      1  0 -0.162464     -0.772632    
511  3.504      1  0 -0.162838     -0.707726    
512  3.505      1  0 -0.162721     -0.533736    
513  3.506      1  0 -0.162183     -0.298521    
514  3.507      1  0 -0.161310     -0.614751E-01
515  3.508      1  0 -0.160189      0.119447    
516  3.509      1  0 -0.158893      0.199795    
517  3.510      1  0 -0.157477      0.157259    
518  3.511      1  0 -0.155975     -0.500701E-02
519  3.512      1  0 -0.154403     -0.261142    
520  3.513      1  0 -0.152765     -0.570449    
521  3.514      1  0 -0.151065     -0.887739    
522  3.515      1  0 -0.149312      -1.17273    
523  3.516      1  0 -0.147528      -1.39596    
524  3.517      1  0 -0.145746      -1.54033    
525  3.518      1  0 -0.144013      -1.59956    
526  3.519      1  0 -0.142382      -1.57510    
527  3.520      1  0 -0.140910      -1.47322    
528  3.521      1  0 -0.139655      -1.30292    
529  3.522      1  0 -0.138668      -1.07495    
530  3.523      1  0 -0.137996     -0.801411    
531  3.524      1  0 -0.137676     -0.495887    
532  3.525      1  0 -0.137735     -0.173654    
533  3.526      1  0 -0.138192      0.148004    
534  3.527      1  0 -0.139055      0.449621    
535  3.528      1  0 -0.140321      0.709739    
536  3.529      1  0 -0.141976      0.905765    
537  3.530      1  0 -0.143987       1.01582    
538  3.531      1  0 -0.146302       1.02190    
539  3.532      1  0 -0.148842      0.914419    
540  3.533      1  0 -0.151500      0.697551    
541  3.534      1  0 -0.154146      0.393537    
542  3.535      1  0 -0.156635      0.433519E-01
543  3.536      1  0 -0.158828     -0.298462    
544  3.537      1  0 -0.160605     -0.574683    
545  3.538      1  0 -0.161883     -0.739053    
546  3.539      1  0 -0.162628     -0.768093    
547  3.540      1  0 -0.162849     -0.667175    
548  3.541      1  0 -0.162598     -0.469206    
549  3.542      1  0 -0.161950     -0.226792    
550  3.543      1  0 -0.160992     -0.329717E-03
551  3.544      1  0 -0.159810      0.154993    
552  3.545      1  0 -0.158471      0.200513    
553  3.546      1  0 -0.157025      0.121326    
554  3.547      1  0 -0.155499     -0.721697E-01
555  3.548      1  0 -0.153905     -0.348720    
556  3.549      1  0 -0.152247     -0.665166    
557  3.550      1  0 -0.150528     -0.976875    
558  3.551      1  0 -0.148762      -1.24631    
559  3.552      1  0 -0.146974      -1.44764    
560  3.553      1  0 -0.145202      -1.56723    
561  3.554      1  0 -0.143493      -1.60141    
562  3.555      1  0 -0.141904      -1.55330    
563  3.556      1  0 -0.140491      -1.43012    
564  3.557      1  0 -0.139311      -1.24148    
565  3.558      1  0 -0.138415     -0.998508    
566  3.559      1  0 -0.137845     -0.713752    
567  3.560      1  0 -0.137636     -0.401263    
568  3.561      1  0 -0.137814     -0.769078E-01
569  3.562      1  0 -0.138392      0.241358    
570  3.563      1  0 -0.139377      0.533391    
571  3.564      1  0 -0.140763      0.777213    
572  3.565      1  0 -0.142529      0.950129    
573  3.566      1  0 -0.144639       1.03095    
574  3.567      1  0 -0.147033       1.00357    
575  3.568      1  0 -0.149622      0.861914    
576  3.569      1  0 -0.152294      0.615203    
577  3.570      1  0 -0.154911      0.291506    
578  3.571      1  0 -0.157328     -0.631909E-01
579  3.572      1  0 -0.159410     -0.392022    
580  3.573      1  0 -0.161046     -0.639427    
581  3.574      1  0 -0.162167     -0.764784    
582  3.575      1  0 -0.162752     -0.752875    
583  3.576      1  0 -0.162824     -0.617814    
584  3.577      1  0 -0.162444     -0.399577    
585  3.578      1  0 -0.161693     -0.154625    
586  3.579      1  0 -0.160658      0.566793E-01
587  3.580      1  0 -0.159421      0.182890    
588  3.581      1  0 -0.158045      0.191821    
589  3.582      1  0 -0.156573      0.762281E-01
590  3.583      1  0 -0.155025     -0.146484    
591  3.584      1  0 -0.153412     -0.440322    
592  3.585      1  0 -0.151735     -0.760488    
593  3.586      1  0 -0.150002      -1.06361    
594  3.587      1  0 -0.148226      -1.31529    
595  3.588      1  0 -0.146438      -1.49342    
596  3.589      1  0 -0.144679      -1.58762    
597  3.590      1  0 -0.143001      -1.59661    
598  3.591      1  0 -0.141458      -1.52501    
599  3.592      1  0 -0.140109      -1.38092    
600  3.593      1  0 -0.139009      -1.17446    
601  3.594      1  0 -0.138206     -0.917232    
602  3.595      1  0 -0.137741     -0.622235    
603  3.596      1  0 -0.137646     -0.304063    
604  3.597      1  0 -0.137943      0.207859E-01
605  3.598      1  0 -0.138643      0.333663    
606  3.599      1  0 -0.139751      0.613776    
607  3.600      1  0 -0.141254      0.838742    
608  3.601      1  0 -0.143130      0.985999    
609  3.602      1  0 -0.145334       1.03543    
610  3.603      1  0 -0.147799      0.973382    
611  3.604      1  0 -0.150429      0.797883    
612  3.605      1  0 -0.153101      0.523662    
613  3.606      1  0 -0.155675      0.184627    
614  3.607      1  0 -0.158006     -0.168842    
615  3.608      1  0 -0.159965     -0.478751    
616  3.609      1  0 -0.161452     -0.692604    
617  3.610      1  0 -0.162412     -0.776578    
618  3.611      1  0 -0.162838     -0.724268    
619  3.612      1  0 -0.162766     -0.558348    
620  3.613      1  0 -0.162265     -0.325063    
621  3.614      1  0 -0.161419     -0.835566E-01
622  3.615      1  0 -0.160316      0.107123    
623  3.616      1  0 -0.159031      0.200375    
624  3.617      1  0 -0.157623      0.171194    
625  3.618      1  0 -0.156127      0.201294E-01
626  3.619      1  0 -0.154560     -0.228868    
627  3.620      1  0 -0.152928     -0.535942    
628  3.621      1  0 -0.151233     -0.855645    
629  3.622      1  0 -0.149484      -1.14665    
630  3.623      1  0 -0.147701      -1.37808    
631  3.624      1  0 -0.145916      -1.53158    
632  3.625      1  0 -0.144175      -1.59987    
633  3.626      1  0 -0.142530      -1.58378    
634  3.627      1  0 -0.141039      -1.48923    
635  3.628      1  0 -0.139758      -1.32507    
636  3.629      1  0 -0.138742      -1.10191    
637  3.630      1  0 -0.138036     -0.831783    
638  3.631      1  0 -0.137678     -0.528142    
639  3.632      1  0 -0.137699     -0.206129    
640  3.633      1  0 -0.138117      0.117132    
641  3.634      1  0 -0.138940      0.422336    
642  3.635      1  0 -0.140169      0.688136    
643  3.636      1  0 -0.141788      0.891915    
644  3.637      1  0 -0.143769       1.01153    
645  3.638      1  0 -0.146061       1.02835    
646  3.639      1  0 -0.148587      0.931698    
647  3.640      1  0 -0.151244      0.724159    
648  3.641      1  0 -0.153902      0.426175    
649  3.642      1  0 -0.156419      0.771633E-01
650  3.643      1  0 -0.158651     -0.269051    
651  3.644      1  0 -0.160476     -0.554694    
652  3.645      1  0 -0.161808     -0.731672    
653  3.646      1  0 -0.162606     -0.773820    
654  3.647      1  0 -0.162878     -0.683674    
655  3.648      1  0 -0.162669     -0.491866    
656  3.649      1  0 -0.162055     -0.249791    
657  3.650      1  0 -0.161123     -0.179203E-01
658  3.651      1  0 -0.159959      0.147284    
659  3.652      1  0 -0.158632      0.205001    
660  3.653      1  0 -0.157195      0.137803    
661  3.654      1  0 -0.155676     -0.462058E-01
662  3.655      1  0 -0.154089     -0.317313    
663  3.656      1  0 -0.152437     -0.632875    
664  3.657      1  0 -0.150723     -0.947798    
665  3.658      1  0 -0.148960      -1.22346    
666  3.659      1  0 -0.147171      -1.43275    
667  3.660      1  0 -0.145393      -1.56091    
668  3.661      1  0 -0.143674      -1.60346    
669  3.662      1  0 -0.142068      -1.56306    
670  3.663      1  0 -0.140633      -1.44667    
671  3.664      1  0 -0.139426      -1.26375    
672  3.665      1  0 -0.138498      -1.02535    
673  3.666      1  0 -0.137892     -0.743888    
674  3.667      1  0 -0.137646     -0.433272    
675  3.668      1  0 -0.137784     -0.109186    
676  3.669      1  0 -0.138323      0.210628    
677  3.670      1  0 -0.139269      0.506242    
678  3.671      1  0 -0.140617      0.755833    
679  3.672      1  0 -0.142349      0.936712    
680  3.673      1  0 -0.144429       1.02742    
681  3.674      1  0 -0.146800       1.01116    
682  3.675      1  0 -0.149377      0.880658    
683  3.676      1  0 -0.152049      0.643413    
684  3.677      1  0 -0.154680      0.325589    
685  3.678      1  0 -0.157125     -0.283817E-01
686  3.679      1  0 -0.159247     -0.362230    
687  3.680      1  0 -0.160932     -0.619650    
688  3.681      1  0 -0.162107     -0.758003    
689  3.682      1  0 -0.162745     -0.759283    
690  3.683      1  0 -0.162867     -0.634771    
691  3.684      1  0 -0.162529     -0.422257    
692  3.685      1  0 -0.161811     -0.177129    
693  3.686      1  0 -0.160801      0.400343E-01
694  3.687      1  0 -0.159581      0.176389    
695  3.688      1  0 -0.158216      0.197523    
696  3.689      1  0 -0.156751      0.936647E-01
697  3.690      1  0 -0.155210     -0.120004    
698  3.691      1  0 -0.153602     -0.408904    
699  3.692      1  0 -0.151930     -0.728620    
700  3.693      1  0 -0.150199      -1.03524    
701  3.694      1  0 -0.148424      -1.29326    
702  3.695      1  0 -0.146633      -1.47936    
703  3.696      1  0 -0.144867      -1.58212    
704  3.697      1  0 -0.143175      -1.59953    
705  3.698      1  0 -0.141614      -1.53576    
706  3.699      1  0 -0.140241      -1.39864    
707  3.700      1  0 -0.139112      -1.19815    
708  3.701      1  0 -0.138277     -0.945712    
709  3.702      1  0 -0.137776     -0.654158    
710  3.703      1  0 -0.137642     -0.337880    
711  3.704      1  0 -0.137899     -0.131324E-01
712  3.705      1  0 -0.138560      0.301698    
713  3.706      1  0 -0.139627      0.586063    
714  3.707      1  0 -0.141092      0.817727    
715  3.708      1  0 -0.142933      0.974074    
716  3.709      1  0 -0.145107       1.03458    
717  3.710      1  0 -0.147549      0.984706    
718  3.711      1  0 -0.150168      0.820979    
719  3.712      1  0 -0.152842      0.556167    
720  3.713      1  0 -0.155433      0.222146    
721  3.714      1  0 -0.157796     -0.132168    
722  3.715      1  0 -0.159799     -0.449059    
723  3.716      1  0 -0.161337     -0.674841    
724  3.717      1  0 -0.162353     -0.773241    
725  3.718      1  0 -0.162834     -0.734775    
726  3.719      1  0 -0.162811     -0.579190    
727  3.720      1  0 -0.162350     -0.350650    
728  3.721      1  0 -0.161536     -0.107480    
729  3.722      1  0 -0.160454      0.907151E-01
730  3.723      1  0 -0.159185      0.195578    
731  3.724      1  0 -0.157786      0.179584    
732  3.725      1  0 -0.156295      0.405997E-01
733  3.726      1  0 -0.154733     -0.199628    
734  3.727      1  0 -0.153105     -0.502494    
735  3.728      1  0 -0.151414     -0.822695    
736  3.729      1  0 -0.149668      -1.11815    
737  3.730      1  0 -0.147885      -1.35677    
738  3.731      1  0 -0.146097      -1.51890    
739  3.732      1  0 -0.144347      -1.59626    
740  3.733      1  0 -0.142689      -1.58897    
741  3.734      1  0 -0.141178      -1.50250    
742  3.735      1  0 -0.139873      -1.34543    
743  3.736      1  0 -0.138827      -1.12820    
744  3.737      1  0 -0.138087     -0.862652    
745  3.738      1  0 -0.137693     -0.562055    
746  3.739      1  0 -0.137675     -0.241330    
747  3.740      1  0 -0.138051      0.826458E-01
748  3.741      1  0 -0.138833      0.390812    
749  3.742      1  0 -0.140021      0.662018    
750  3.743      1  0 -0.141601      0.873706    
751  3.744      1  0 -0.143547       1.00354    
752  3.745      1  0 -0.145810       1.03228    
753  3.746      1  0 -0.148316      0.948098    
754  3.747      1  0 -0.150966      0.751863    
755  3.748      1  0 -0.153631      0.461936    
756  3.749      1  0 -0.156170      0.115808    
757  3.750      1  0 -0.158439     -0.233795    
758  3.751      1  0 -0.160313     -0.528832    
759  3.752      1  0 -0.161700     -0.719459    
760  3.753      1  0 -0.162555     -0.776660    
761  3.754      1  0 -0.162880     -0.699761    
762  3.755      1  0 -0.162719     -0.516627    
763  3.756      1  0 -0.162142     -0.276953    
764  3.757      1  0 -0.161239     -0.408970E-01
765  3.758      1  0 -0.160093      0.134002    
766  3.759      1  0 -0.158779      0.204746    
767  3.760      1  0 -0.157350      0.151156    
768  3.761      1  0 -0.155837     -0.213346E-01
769  3.762      1  0 -0.154255     -0.284982    
770  3.763      1  0 -0.152608     -0.598016    
771  3.764      1  0 -0.150900     -0.915110    
772  3.765      1  0 -0.149140      -1.19661    
773  3.766      1  0 -0.147352      -1.41405    
774  3.767      1  0 -0.145571      -1.55139    
775  3.768      1  0 -0.143843      -1.60320    
776  3.769      1  0 -0.142222      -1.57150    
777  3.770      1  0 -0.140767      -1.46289    
778  3.771      1  0 -0.139534      -1.28660    
779  3.772      1  0 -0.138575      -1.05353    
780  3.773      1  0 -0.137935     -0.775927    
781  3.774      1  0 -0.137650     -0.467550    
782  3.775      1  0 -0.137748     -0.143880    
783  3.776      1  0 -0.138245      0.177555    
784  3.777      1  0 -0.139149      0.477029    
785  3.778      1  0 -0.140456      0.732855    
786  3.779      1  0 -0.142149      0.922313    
787  3.780      1  0 -0.144196       1.02362    
788  3.781      1  0 -0.146542       1.01926    
789  3.782      1  0 -0.149103      0.900613    
790  3.783      1  0 -0.151772      0.673408    
791  3.784      1  0 -0.154416      0.361789    
792  3.785      1  0 -0.156889      0.852955E-02
793  3.786      1  0 -0.159051     -0.330756    
794  3.787      1  0 -0.160787     -0.598999    
795  3.788      1  0 -0.162018     -0.751428    
796  3.789      1  0 -0.162713     -0.767049    
797  3.790      1  0 -0.162886     -0.654077    
798  3.791      1  0 -0.162592     -0.447908    
799  3.792      1  0 -0.161908     -0.202728    
800  3.793      1  0 -0.160924      0.206922E-01
801  3.794      1  0 -0.159721      0.168027    
802  3.795      1  0 -0.158369      0.202464    
803  3.796      1  0 -0.156912      0.111489    
804  3.797      1  0 -0.155378     -0.921530E-01
805  3.798      1  0 -0.153776     -0.375460    
806  3.799      1  0 -0.152111     -0.694472    
807  3.800      1  0 -0.150386      -1.00471    
808  3.801      1  0 -0.148615      -1.26950    
809  3.802      1  0 -0.146824      -1.46412    
810  3.803      1  0 -0.145053      -1.57603    
811  3.804      1  0 -0.143351      -1.60235    
812  3.805      1  0 -0.141774      -1.54675    
813  3.806      1  0 -0.140379      -1.41681    
814  3.807      1  0 -0.139222      -1.22230    
815  3.808      1  0 -0.138354     -0.974556    
816  3.809      1  0 -0.137816     -0.686255    
817  3.810      1  0 -0.137643     -0.371632    
818  3.811      1  0 -0.137859     -0.467536E-01
819  3.812      1  0 -0.138478      0.270206    
820  3.813      1  0 -0.139503      0.558892    
821  3.814      1  0 -0.140928      0.797182    
822  3.815      1  0 -0.142732      0.962388    
823  3.816      1  0 -0.144875       1.03360    
824  3.817      1  0 -0.147294      0.995437    
825  3.818      1  0 -0.149901      0.843030    
826  3.819      1  0 -0.152577      0.587295    
827  3.820      1  0 -0.155184      0.258166    
828  3.821      1  0 -0.157578     -0.968742E-01
829  3.822      1  0 -0.159624     -0.420427    
830  3.823      1  0 -0.161215     -0.657703    
831  3.824      1  0 -0.162287     -0.770081    
832  3.825      1  0 -0.162822     -0.745076    
833  3.826      1  0 -0.162849     -0.599563    
834  3.827      1  0 -0.162429     -0.375645    
835  3.828      1  0 -0.161647     -0.130818    
836  3.829      1  0 -0.160589      0.747798E-01
837  3.830      1  0 -0.159336      0.191083    
838  3.831      1  0 -0.157948      0.188096    
839  3.832      1  0 -0.156467      0.610448E-01
840  3.833      1  0 -0.154912     -0.170512    
841  3.834      1  0 -0.153291     -0.469221    
842  3.835      1  0 -0.151606     -0.789939    
843  3.836      1  0 -0.149865      -1.08984    
844  3.837      1  0 -0.148085      -1.33559    
845  3.838      1  0 -0.146295      -1.50626    
846  3.839      1  0 -0.144538      -1.59253    
847  3.840      1  0 -0.142867      -1.59380    
848  3.841      1  0 -0.141338      -1.51514    
849  3.842      1  0 -0.140009      -1.36489    
850  3.843      1  0 -0.138933      -1.15334    
851  3.844      1  0 -0.138160     -0.892211    
852  3.845      1  0 -0.137728     -0.594606    
853  3.846      1  0 -0.137669     -0.275266    
854  3.847      1  0 -0.138004      0.491490E-01
855  3.848      1  0 -0.138744      0.359818    
856  3.849      1  0 -0.139890      0.635798    
857  3.850      1  0 -0.141431      0.854637    
858  3.851      1  0 -0.143341      0.993883    
859  3.852      1  0 -0.145574       1.03382    
860  3.853      1  0 -0.148060      0.961628    
861  3.854      1  0 -0.150699      0.776626    
862  3.855      1  0 -0.153370      0.495199    
863  3.856      1  0 -0.155928      0.152907    
864  3.857      1  0 -0.158231     -0.198775    
865  3.858      1  0 -0.160151     -0.501805    
866  3.859      1  0 -0.161591     -0.704885    
867  3.860      1  0 -0.162503     -0.776404    
868  3.861      1  0 -0.162882     -0.712614    
869  3.862      1  0 -0.162768     -0.538611    
870  3.863      1  0 -0.162232     -0.302265    
871  3.864      1  0 -0.161358     -0.632111E-01
872  3.865      1  0 -0.160235      0.120185    
873  3.866      1  0 -0.158936      0.202989    
874  3.867      1  0 -0.157517      0.162436    
875  3.868      1  0 -0.156011      0.135622E-02
876  3.869      1  0 -0.154436     -0.254522    
877  3.870      1  0 -0.152795     -0.564434    
878  3.871      1  0 -0.151093     -0.882979    
879  3.872      1  0 -0.149337      -1.16961    
880  3.873      1  0 -0.147550      -1.39459    
881  3.874      1  0 -0.145765      -1.54065    
882  3.875      1  0 -0.144028      -1.60140    
883  3.876      1  0 -0.142394      -1.57822    
884  3.877      1  0 -0.140918      -1.47736    
885  3.878      1  0 -0.139659      -1.30781    
886  3.879      1  0 -0.138669      -1.08030    
887  3.880      1  0 -0.137994     -0.806946    
888  3.881      1  0 -0.137671     -0.501308    
889  3.882      1  0 -0.137728     -0.178657    
890  3.883      1  0 -0.138183      0.143726    
891  3.884      1  0 -0.139044      0.446364    
892  3.885      1  0 -0.140309      0.707768    
893  3.886      1  0 -0.141964      0.905273    
894  3.887      1  0 -0.143976       1.01688    
895  3.888      1  0 -0.146292       1.02443    
896  3.889      1  0 -0.148835      0.918123    
897  3.890      1  0 -0.151498      0.701896    
898  3.891      1  0 -0.154150      0.397815    
899  3.892      1  0 -0.156647      0.467957E-01
900  3.893      1  0 -0.158848     -0.296505    
901  3.894      1  0 -0.160633     -0.574575    
902  3.895      1  0 -0.161919     -0.740749    
903  3.896      1  0 -0.162671     -0.771134    
904  3.897      1  0 -0.162897     -0.670792    
905  3.898      1  0 -0.162649     -0.472492    
906  3.899      1  0 -0.162003     -0.228901    
907  3.900      1  0 -0.161046     -0.654951E-03
908  3.901      1  0 -0.159863      0.156706    
909  3.902      1  0 -0.158523      0.204127    
910  3.903      1  0 -0.157076      0.126362    
911  3.904      1  0 -0.155548     -0.664117E-01
912  3.905      1  0 -0.153953     -0.342999    
913  3.906      1  0 -0.152294     -0.660149    
914  3.907      1  0 -0.150574     -0.973033    
915  3.908      1  0 -0.148806      -1.24389    
916  3.909      1  0 -0.147015      -1.44669    
917  3.910      1  0 -0.145240      -1.56767    
918  3.911      1  0 -0.143528      -1.60307    
919  3.912      1  0 -0.141935      -1.55601    
920  3.913      1  0 -0.140519      -1.43370    
921  3.914      1  0 -0.139335      -1.24572    
922  3.915      1  0 -0.138434      -1.00323    
923  3.916      1  0 -0.137861     -0.718758    
924  3.917      1  0 -0.137648     -0.406339    
925  3.918      1  0 -0.137823     -0.818189E-01
926  3.919      1  0 -0.138398      0.236869    
927  3.920      1  0 -0.139381      0.529601    
928  3.921      1  0 -0.140764      0.774402    
929  3.922      1  0 -0.142529      0.948554    
930  3.923      1  0 -0.144638       1.03080    
931  3.924      1  0 -0.147032       1.00492    
932  3.925      1  0 -0.149623      0.864648    
933  3.926      1  0 -0.152297      0.618985    
934  3.927      1  0 -0.154918      0.295778    
935  3.928      1  0 -0.157342     -0.591249E-01
936  3.929      1  0 -0.159430     -0.388853    
937  3.930      1  0 -0.161073     -0.637664    
938  3.931      1  0 -0.162201     -0.764623    
939  3.932      1  0 -0.162793     -0.754143    
940  3.933      1  0 -0.162872     -0.620011    
941  3.934      1  0 -0.162496     -0.401999    
942  3.935      1  0 -0.161748     -0.156521    
943  3.936      1  0 -0.160715      0.559463E-01
944  3.937      1  0 -0.159479      0.183714    
945  3.938      1  0 -0.158103      0.194281    
946  3.939      1  0 -0.156630      0.800880E-01
947  3.940      1  0 -0.155081     -0.141705    
948  3.941      1  0 -0.153467     -0.435227    
949  3.942      1  0 -0.151789     -0.755673    
950  3.943      1  0 -0.150053      -1.05956    
951  3.944      1  0 -0.148276      -1.31233    
952  3.945      1  0 -0.146486      -1.49171    
953  3.946      1  0 -0.144724      -1.58722    
954  3.947      1  0 -0.143042      -1.59750    
955  3.948      1  0 -0.141496      -1.52710    
956  3.949      1  0 -0.140143      -1.38412    
957  3.950      1  0 -0.139038      -1.17863    
958  3.951      1  0 -0.138231     -0.922229    
959  3.952      1  0 -0.137762     -0.627853    
960  3.953      1  0 -0.137663     -0.310058    
961  3.954      1  0 -0.137956      0.147106E-01
962  3.955      1  0 -0.138652      0.327860    
963  3.956      1  0 -0.139756      0.608649    
964  3.957      1  0 -0.141256      0.834721    
965  3.958      1  0 -0.143128      0.983506    
966  3.959      1  0 -0.145329       1.03481    
967  3.960      1  0 -0.147792      0.974840    
968  3.961      1  0 -0.150421      0.801356    
969  3.962      1  0 -0.153094      0.528761    
970  3.963      1  0 -0.155672      0.190633    
971  3.964      1  0 -0.158008     -0.162883    
972  3.965      1  0 -0.159973     -0.473828    
973  3.966      1  0 -0.161468     -0.689514    
974  3.967      1  0 -0.162437     -0.775722    
975  3.968      1  0 -0.162871     -0.725562    
976  3.969      1  0 -0.162807     -0.561245    
977  3.970      1  0 -0.162311     -0.328692    
978  3.971      1  0 -0.161469     -0.869124E-01
979  3.972      1  0 -0.160368      0.104963    
980  3.973      1  0 -0.159084      0.200061    
981  3.974      1  0 -0.157676      0.172986    
982  3.975      1  0 -0.156179      0.238630E-01
983  3.976      1  0 -0.154611     -0.223709    
984  3.977      1  0 -0.152978     -0.530079    
985  3.978      1  0 -0.151282     -0.849837    
986  3.979      1  0 -0.149531      -1.14155    
987  3.980      1  0 -0.147747      -1.37417    
988  3.981      1  0 -0.145960      -1.52914    
989  3.982      1  0 -0.144216      -1.59903    
990  3.983      1  0 -0.142569      -1.58457    
991  3.984      1  0 -0.141074      -1.49157    
992  3.985      1  0 -0.139790      -1.32882    
993  3.986      1  0 -0.138770      -1.10691    
994  3.987      1  0 -0.138059     -0.837785    
995  3.988      1  0 -0.137698     -0.534866    
996  3.989      1  0 -0.137713     -0.213227    
997  3.990      1  0 -0.138126      0.110067    
998  3.991      1  0 -0.138944      0.415769    
999  3.992      1  0 -0.140167      0.682575    
