# Pazy Wing (simplified : constant stiffness properties)                          
# Operating point sequence...
# i     t     conv	stall	 RY pos[ 1]    Theta[ 1]    
  1 0.9980      1  0 -0.160349     -0.329612    
  2 0.9990      1  0 -0.160160     -0.350766    
  3  1.000      1  0 -0.159938     -0.373019    
  4  1.001      1  0 -0.159677     -0.396760    
  5  1.002      1  0 -0.159380     -0.421725    
  6  1.003      1  0 -0.159056     -0.447263    
  7  1.004      1  0 -0.158713     -0.472382    
  8  1.005      1  0 -0.158362     -0.495817    
  9  1.006      1  0 -0.158012     -0.516167    
 10  1.007      1  0 -0.157673     -0.532035    
 11  1.008      1  0 -0.157355     -0.542162    
 12  1.009      1  0 -0.157067     -0.545545    
 13  1.010      1  0 -0.156817     -0.541539    
 14  1.011      1  0 -0.156614     -0.529910    
 15  1.012      1  0 -0.156463     -0.510878    
 16  1.013      1  0 -0.156370     -0.485104    
 17  1.014      1  0 -0.156338     -0.453668    
 18  1.015      1  0 -0.156370     -0.417997    
 19  1.016      1  0 -0.156466     -0.379791    
 20  1.017      1  0 -0.156625     -0.340910    
 21  1.018      1  0 -0.156843     -0.303255    
 22  1.019      1  0 -0.157114     -0.268641    
 23  1.020      1  0 -0.157432     -0.238666    
 24  1.021      1  0 -0.157788     -0.214591    
 25  1.022      1  0 -0.158171     -0.197247    
 26  1.023      1  0 -0.158568     -0.186972    
 27  1.024      1  0 -0.158968     -0.183602    
 28  1.025      1  0 -0.159357     -0.186515    
 29  1.026      1  0 -0.159722     -0.194725    
 30  1.027      1  0 -0.160051     -0.207025    
 31  1.028      1  0 -0.160333     -0.222158    
 32  1.029      1  0 -0.160558     -0.238986    
 33  1.030      1  0 -0.160720     -0.256629    
 34  1.031      1  0 -0.160814     -0.274562    
 35  1.032      1  0 -0.160837     -0.292634    
 36  1.033      1  0 -0.160791     -0.311025    
 37  1.034      1  0 -0.160679     -0.330133    
 38  1.035      1  0 -0.160504     -0.350427    
 39  1.036      1  0 -0.160274     -0.372282    
 40  1.037      1  0 -0.159997     -0.395829    
 41  1.038      1  0 -0.159682     -0.420857    
 42  1.039      1  0 -0.159338     -0.446758    
 43  1.040      1  0 -0.158976     -0.472552    
 44  1.041      1  0 -0.158605     -0.496957    
 45  1.042      1  0 -0.158237     -0.518513    
 46  1.043      1  0 -0.157881     -0.535724    
 47  1.044      1  0 -0.157547     -0.547208    
 48  1.045      1  0 -0.157244     -0.551833    
 49  1.046      1  0 -0.156981     -0.548826    
 50  1.047      1  0 -0.156764     -0.537854    
 51  1.048      1  0 -0.156602     -0.519061    
 52  1.049      1  0 -0.156498     -0.493075    
 53  1.050      1  0 -0.156456     -0.460977    
 54  1.051      1  0 -0.156480     -0.424241    
 55  1.052      1  0 -0.156568     -0.384645    
 56  1.053      1  0 -0.156720     -0.344158    
 57  1.054      1  0 -0.156932     -0.304812    
 58  1.055      1  0 -0.157199     -0.268558    
 59  1.056      1  0 -0.157513     -0.237123    
 60  1.057      1  0 -0.157866     -0.211876    
 61  1.058      1  0 -0.158247     -0.193722    
 62  1.059      1  0 -0.158644     -0.183026    
 63  1.060      1  0 -0.159043     -0.179609    
 64  1.061      1  0 -0.159431     -0.182780    
 65  1.062      1  0 -0.159795     -0.191453    
 66  1.063      1  0 -0.160123     -0.204302    
 67  1.064      1  0 -0.160401     -0.219945    
 68  1.065      1  0 -0.160622     -0.237140    
 69  1.066      1  0 -0.160778     -0.254939    
 70  1.067      1  0 -0.160864     -0.272796    
 71  1.068      1  0 -0.160878     -0.290593    
 72  1.069      1  0 -0.160821     -0.308584    
 73  1.070      1  0 -0.160696     -0.327275    
 74  1.071      1  0 -0.160508     -0.347255    
 75  1.072      1  0 -0.160264     -0.369007    
 76  1.073      1  0 -0.159973     -0.392747    
 77  1.074      1  0 -0.159642     -0.418301    
 78  1.075      1  0 -0.159284     -0.445058    
 79  1.076      1  0 -0.158907     -0.471984    
 80  1.077      1  0 -0.158522     -0.497710    
 81  1.078      1  0 -0.158140     -0.520662    
 82  1.079      1  0 -0.157770     -0.539221    
 83  1.080      1  0 -0.157424     -0.551887    
 84  1.081      1  0 -0.157109     -0.557428    
 85  1.082      1  0 -0.156834     -0.555000    
 86  1.083      1  0 -0.156607     -0.544228    
 87  1.084      1  0 -0.156435     -0.525251    
 88  1.085      1  0 -0.156323     -0.498721    
 89  1.086      1  0 -0.156274     -0.465772    
 90  1.087      1  0 -0.156292     -0.427955    
 91  1.088      1  0 -0.156376     -0.387135    
 92  1.089      1  0 -0.156525     -0.345380    
 93  1.090      1  0 -0.156735     -0.304815    
 94  1.091      1  0 -0.157003     -0.267473    
 95  1.092      1  0 -0.157319     -0.235147    
 96  1.093      1  0 -0.157675     -0.209246    
 97  1.094      1  0 -0.158060     -0.190688    
 98  1.095      1  0 -0.158462     -0.179823    
 99  1.096      1  0 -0.158866     -0.176425    
100  1.097      1  0 -0.159260     -0.179745    
101  1.098      1  0 -0.159630     -0.188622    
102  1.099      1  0 -0.159962     -0.201658    
103  1.100      1  0 -0.160244     -0.217415    
104  1.101      1  0 -0.160468     -0.234615    
105  1.102      1  0 -0.160626     -0.252306    
106  1.103      1  0 -0.160712     -0.269966    
107  1.104      1  0 -0.160725     -0.287529    
108  1.105      1  0 -0.160666     -0.305318    
109  1.106      1  0 -0.160537     -0.323912    
110  1.107      1  0 -0.160345     -0.343962    
111  1.108      1  0 -0.160095     -0.365997    
112  1.109      1  0 -0.159798     -0.390246    
113  1.110      1  0 -0.159461     -0.416522    
114  1.111      1  0 -0.159096     -0.444171    
115  1.112      1  0 -0.158712     -0.472093    
116  1.113      1  0 -0.158320     -0.498840    
117  1.114      1  0 -0.157931     -0.522758    
118  1.115      1  0 -0.157554     -0.542154    
119  1.116      1  0 -0.157201     -0.555469    
120  1.117      1  0 -0.156880     -0.561430    
121  1.118      1  0 -0.156600     -0.559172    
122  1.119      1  0 -0.156368     -0.548321    
123  1.120      1  0 -0.156192     -0.529031    
124  1.121      1  0 -0.156077     -0.501988    
125  1.122      1  0 -0.156027     -0.468369    
126  1.123      1  0 -0.156045     -0.429770    
127  1.124      1  0 -0.156131     -0.388109    
128  1.125      1  0 -0.156283     -0.345502    
129  1.126      1  0 -0.156499     -0.304122    
130  1.127      1  0 -0.156772     -0.266041    
131  1.128      1  0 -0.157096     -0.233084    
132  1.129      1  0 -0.157461     -0.206681    
133  1.130      1  0 -0.157856     -0.187757    
134  1.131      1  0 -0.158268     -0.176662    
135  1.132      1  0 -0.158683     -0.173157    
136  1.133      1  0 -0.159088     -0.176470    
137  1.134      1  0 -0.159468     -0.185414    
138  1.135      1  0 -0.159810     -0.198560    
139  1.136      1  0 -0.160102     -0.214444    
140  1.137      1  0 -0.160334     -0.231770    
141  1.138      1  0 -0.160499     -0.249576    
142  1.139      1  0 -0.160591     -0.267346    
143  1.140      1  0 -0.160609     -0.285025    
144  1.141      1  0 -0.160553     -0.302958    
145  1.142      1  0 -0.160426     -0.321748    
146  1.143      1  0 -0.160235     -0.342069    
147  1.144      1  0 -0.159985     -0.364463    
148  1.145      1  0 -0.159687     -0.389165    
149  1.146      1  0 -0.159348     -0.415979    
150  1.147      1  0 -0.158980     -0.444230    
151  1.148      1  0 -0.158593     -0.472788    
152  1.149      1  0 -0.158197     -0.500170    
153  1.150      1  0 -0.157804     -0.524684    
154  1.151      1  0 -0.157424     -0.544599    
155  1.152      1  0 -0.157067     -0.558325    
156  1.153      1  0 -0.156743     -0.564564    
157  1.154      1  0 -0.156460     -0.562433    
158  1.155      1  0 -0.156227     -0.551549    
159  1.156      1  0 -0.156050     -0.532064    
160  1.157      1  0 -0.155936     -0.504672    
161  1.158      1  0 -0.155887     -0.470561    
162  1.159      1  0 -0.155908     -0.431348    
163  1.160      1  0 -0.155997     -0.388980    
164  1.161      1  0 -0.156155     -0.345606    
165  1.162      1  0 -0.156377     -0.303434    
166  1.163      1  0 -0.156659     -0.264582    
167  1.164      1  0 -0.156992     -0.230915    
168  1.165      1  0 -0.157367     -0.203907    
169  1.166      1  0 -0.157772     -0.184516    
170  1.167      1  0 -0.158195     -0.173117    
171  1.168      1  0 -0.158622     -0.169482    
172  1.169      1  0 -0.159039     -0.172833    
173  1.170      1  0 -0.159430     -0.181961    
174  1.171      1  0 -0.159783     -0.195405    
175  1.172      1  0 -0.160085     -0.211656    
176  1.173      1  0 -0.160326     -0.229373    
177  1.174      1  0 -0.160499     -0.247553    
178  1.175      1  0 -0.160597     -0.265652    
179  1.176      1  0 -0.160620     -0.283600    
180  1.177      1  0 -0.160568     -0.301745    
181  1.178      1  0 -0.160443     -0.320711    
182  1.179      1  0 -0.160252     -0.341197    
183  1.180      1  0 -0.160002     -0.363781    
184  1.181      1  0 -0.159702     -0.388728    
185  1.182      1  0 -0.159360     -0.415864    
186  1.183      1  0 -0.158989     -0.444523    
187  1.184      1  0 -0.158597     -0.473571    
188  1.185      1  0 -0.158198     -0.501502    
189  1.186      1  0 -0.157800     -0.526592    
190  1.187      1  0 -0.157415     -0.547070    
191  1.188      1  0 -0.157054     -0.561300    
192  1.189      1  0 -0.156726     -0.567940    
193  1.190      1  0 -0.156439     -0.566068    
194  1.191      1  0 -0.156203     -0.555269    
195  1.192      1  0 -0.156025     -0.535679    
196  1.193      1  0 -0.155909     -0.507979    
197  1.194      1  0 -0.155861     -0.473368    
198  1.195      1  0 -0.155883     -0.433482    
199  1.196      1  0 -0.155975     -0.390302    
200  1.197      1  0 -0.156136     -0.346023    
201  1.198      1  0 -0.156363     -0.302910    
202  1.199      1  0 -0.156650     -0.263143    
203  1.200      1  0 -0.156990     -0.228650    
204  1.201      1  0 -0.157373     -0.200961    
205  1.202      1  0 -0.157787     -0.181081    
206  1.203      1  0 -0.158220     -0.169413    
207  1.204      1  0 -0.158656     -0.165734    
208  1.205      1  0 -0.159082     -0.169250    
209  1.206      1  0 -0.159483     -0.178712    
210  1.207      1  0 -0.159844     -0.192600    
211  1.208      1  0 -0.160154     -0.209341    
212  1.209      1  0 -0.160402     -0.227528    
213  1.210      1  0 -0.160580     -0.246105    
214  1.211      1  0 -0.160683     -0.264494    
215  1.212      1  0 -0.160708     -0.282618    
216  1.213      1  0 -0.160656     -0.300843    
217  1.214      1  0 -0.160531     -0.319830    
218  1.215      1  0 -0.160338     -0.340333    
219  1.216      1  0 -0.160084     -0.362984    
220  1.217      1  0 -0.159779     -0.388097    
221  1.218      1  0 -0.159432     -0.415531    
222  1.219      1  0 -0.159055     -0.444632    
223  1.220      1  0 -0.158657     -0.474253    
224  1.221      1  0 -0.158250     -0.502856    
225  1.222      1  0 -0.157846     -0.528666    
226  1.223      1  0 -0.157454     -0.549854    
227  1.224      1  0 -0.157086     -0.564719    
228  1.225      1  0 -0.156751     -0.571863    
229  1.226      1  0 -0.156459     -0.570313    
230  1.227      1  0 -0.156218     -0.559621    
231  1.228      1  0 -0.156035     -0.539901    
232  1.229      1  0 -0.155916     -0.511836    
233  1.230      1  0 -0.155865     -0.476638    
234  1.231      1  0 -0.155886     -0.435978    
235  1.232      1  0 -0.155977     -0.391885    
236  1.233      1  0 -0.156140     -0.346612    
237  1.234      1  0 -0.156369     -0.302490    
238  1.235      1  0 -0.156659     -0.261768    
239  1.236      1  0 -0.157004     -0.226439    
240  1.237      1  0 -0.157392     -0.198087    
241  1.238      1  0 -0.157812     -0.177757    
242  1.239      1  0 -0.158251     -0.165869    
243  1.240      1  0 -0.158695     -0.162196    
244  1.241      1  0 -0.159129     -0.165911    
245  1.242      1  0 -0.159536     -0.175717    
246  1.243      1  0 -0.159905     -0.190030    
247  1.244      1  0 -0.160220     -0.207206    
248  1.245      1  0 -0.160473     -0.225779    
249  1.246      1  0 -0.160654     -0.244649    
250  1.247      1  0 -0.160758     -0.263216    
251  1.248      1  0 -0.160783     -0.281410    
252  1.249      1  0 -0.160730     -0.299629    
253  1.250      1  0 -0.160602     -0.318582    
254  1.251      1  0 -0.160405     -0.339084    
255  1.252      1  0 -0.160146     -0.361822    
256  1.253      1  0 -0.159835     -0.387156    
257  1.254      1  0 -0.159481     -0.414968    
258  1.255      1  0 -0.159096     -0.444604    
259  1.256      1  0 -0.158690     -0.474892    
260  1.257      1  0 -0.158275     -0.504251    
261  1.258      1  0 -0.157862     -0.530846    
262  1.259      1  0 -0.157462     -0.552781    
263  1.260      1  0 -0.157086     -0.568296    
264  1.261      1  0 -0.156743     -0.575932    
265  1.262      1  0 -0.156444     -0.574675    
266  1.263      1  0 -0.156196     -0.564049    
267  1.264      1  0 -0.156007     -0.544157    
268  1.265      1  0 -0.155883     -0.515688    
269  1.266      1  0 -0.155828     -0.479877    
270  1.267      1  0 -0.155846     -0.438433    
271  1.268      1  0 -0.155936     -0.393431    
272  1.269      1  0 -0.156098     -0.347182    
273  1.270      1  0 -0.156328     -0.302082    
274  1.271      1  0 -0.156621     -0.260439    
275  1.272      1  0 -0.156969     -0.224306    
276  1.273      1  0 -0.157361     -0.195315    
277  1.274      1  0 -0.157787     -0.174544    
278  1.275      1  0 -0.158233     -0.162427    
279  1.276      1  0 -0.158683     -0.158729    
280  1.277      1  0 -0.159123     -0.162597    
281  1.278      1  0 -0.159537     -0.172686    
282  1.279      1  0 -0.159911     -0.187355    
283  1.280      1  0 -0.160232     -0.204903    
284  1.281      1  0 -0.160489     -0.223808    
285  1.282      1  0 -0.160673     -0.242933    
286  1.283      1  0 -0.160778     -0.261663    
287  1.284      1  0 -0.160804     -0.279934    
288  1.285      1  0 -0.160749     -0.298174    
289  1.286      1  0 -0.160619     -0.317138    
290  1.287      1  0 -0.160417     -0.337690    
291  1.288      1  0 -0.160153     -0.360568    
292  1.289      1  0 -0.159836     -0.386167    
293  1.290      1  0 -0.159475     -0.414387    
294  1.291      1  0 -0.159083     -0.444569    
295  1.292      1  0 -0.158669     -0.475516    
296  1.293      1  0 -0.158246     -0.505603    
297  1.294      1  0 -0.157824     -0.532941    
298  1.295      1  0 -0.157416     -0.555575    
299  1.296      1  0 -0.157032     -0.571686    
300  1.297      1  0 -0.156681     -0.579766    
301  1.298      1  0 -0.156375     -0.578765    
302  1.299      1  0 -0.156120     -0.568179    
303  1.300      1  0 -0.155925     -0.548106    
304  1.301      1  0 -0.155796     -0.519239    
305  1.302      1  0 -0.155738     -0.482834    
306  1.303      1  0 -0.155753     -0.440633    
307  1.304      1  0 -0.155842     -0.394754    
308  1.305      1  0 -0.156004     -0.347562    
309  1.306      1  0 -0.156235     -0.301509    
310  1.307      1  0 -0.156531     -0.258962    
311  1.308      1  0 -0.156883     -0.222030    
312  1.309      1  0 -0.157281     -0.192395    
313  1.310      1  0 -0.157712     -0.171169    
314  1.311      1  0 -0.158165     -0.158805    
315  1.312      1  0 -0.158622     -0.155066    
316  1.313      1  0 -0.159070     -0.159076    
317  1.314      1  0 -0.159491     -0.169450    
318  1.315      1  0 -0.159872     -0.184492    
319  1.316      1  0 -0.160199     -0.202441    
320  1.317      1  0 -0.160461     -0.221723    
321  1.318      1  0 -0.160649     -0.241159    
322  1.319      1  0 -0.160757     -0.260109    
323  1.320      1  0 -0.160783     -0.278515    
324  1.321      1  0 -0.160728     -0.296823    
325  1.322      1  0 -0.160596     -0.315831    
326  1.323      1  0 -0.160392     -0.336450    
327  1.324      1  0 -0.160124     -0.359465    
328  1.325      1  0 -0.159801     -0.385308    
329  1.326      1  0 -0.159434     -0.413901    
330  1.327      1  0 -0.159035     -0.444584    
331  1.328      1  0 -0.158614     -0.476140    
332  1.329      1  0 -0.158183     -0.506904    
333  1.330      1  0 -0.157754     -0.534938    
334  1.331      1  0 -0.157339     -0.558229    
335  1.332      1  0 -0.156947     -0.574903    
336  1.333      1  0 -0.156590     -0.583402    
337  1.334      1  0 -0.156276     -0.582636    
338  1.335      1  0 -0.156016     -0.572076    
339  1.336      1  0 -0.155817     -0.551808    
340  1.337      1  0 -0.155684     -0.522530    
341  1.338      1  0 -0.155623     -0.485517    
342  1.339      1  0 -0.155636     -0.442540    
343  1.340      1  0 -0.155725     -0.395764    
344  1.341      1  0 -0.155888     -0.347606    
345  1.342      1  0 -0.156122     -0.300577    
346  1.343      1  0 -0.156421     -0.257109    
347  1.344      1  0 -0.156778     -0.219370    
348  1.345      1  0 -0.157182     -0.189093    
349  1.346      1  0 -0.157621     -0.167432    
350  1.347      1  0 -0.158081     -0.154858    
351  1.348      1  0 -0.158547     -0.151132    
352  1.349      1  0 -0.159003     -0.155355    
353  1.350      1  0 -0.159433     -0.166095    
354  1.351      1  0 -0.159822     -0.181597    
355  1.352      1  0 -0.160156     -0.200034    
356  1.353      1  0 -0.160424     -0.219768    
357  1.354      1  0 -0.160616     -0.239574    
358  1.355      1  0 -0.160728     -0.258786    
359  1.356      1  0 -0.160756     -0.277344    
360  1.357      1  0 -0.160701     -0.295720    
361  1.358      1  0 -0.160568     -0.314753    
362  1.359      1  0 -0.160361     -0.335410    
363  1.360      1  0 -0.160089     -0.358529    
364  1.361      1  0 -0.159762     -0.384586    
365  1.362      1  0 -0.159390     -0.413527    
366  1.363      1  0 -0.158984     -0.444694    
367  1.364      1  0 -0.158557     -0.476849    
368  1.365      1  0 -0.158119     -0.508287    
369  1.366      1  0 -0.157683     -0.537016    
370  1.367      1  0 -0.157261     -0.560963    
371  1.368      1  0 -0.156862     -0.578191    
372  1.369      1  0 -0.156499     -0.587092    
373  1.370      1  0 -0.156180     -0.586533    
374  1.371      1  0 -0.155914     -0.575958    
375  1.372      1  0 -0.155711     -0.555443    
376  1.373      1  0 -0.155575     -0.525691    
377  1.374      1  0 -0.155511     -0.488000    
378  1.375      1  0 -0.155523     -0.444179    
379  1.376      1  0 -0.155613     -0.396442    
380  1.377      1  0 -0.155777     -0.347264    
381  1.378      1  0 -0.156014     -0.299225    
382  1.379      1  0 -0.156318     -0.254821    
383  1.380      1  0 -0.156681     -0.216285    
384  1.381      1  0 -0.157092     -0.185403    
385  1.382      1  0 -0.157538     -0.163364    
386  1.383      1  0 -0.158007     -0.150659    
387  1.384      1  0 -0.158482     -0.147039    
388  1.385      1  0 -0.158947     -0.151570    
389  1.386      1  0 -0.159386     -0.162768    
390  1.387      1  0 -0.159783     -0.178809    
391  1.388      1  0 -0.160125     -0.197794    
392  1.389      1  0 -0.160398     -0.218017    
393  1.390      1  0 -0.160596     -0.238205    
394  1.391      1  0 -0.160711     -0.257670    
395  1.392      1  0 -0.160741     -0.276357    
396  1.393      1  0 -0.160686     -0.294770    
397  1.394      1  0 -0.160552     -0.313800    
398  1.395      1  0 -0.160342     -0.334475    
399  1.396      1  0 -0.160067     -0.357691    
400  1.397      1  0 -0.159734     -0.383969    
401  1.398      1  0 -0.159357     -0.413279    
402  1.399      1  0 -0.158945     -0.444961    
403  1.400      1  0 -0.158511     -0.477751    
404  1.401      1  0 -0.158066     -0.509896    
405  1.402      1  0 -0.157623     -0.539342    
406  1.403      1  0 -0.157193     -0.563950    
407  1.404      1  0 -0.156788     -0.581720    
408  1.405      1  0 -0.156418     -0.590989    
409  1.406      1  0 -0.156093     -0.590584    
410  1.407      1  0 -0.155823     -0.579926    
411  1.408      1  0 -0.155615     -0.559084    
412  1.409      1  0 -0.155475     -0.528775    
413  1.410      1  0 -0.155410     -0.490325    
414  1.411      1  0 -0.155421     -0.445588    
415  1.412      1  0 -0.155511     -0.396831    
416  1.413      1  0 -0.155678     -0.346595    
417  1.414      1  0 -0.155918     -0.297528    
418  1.415      1  0 -0.156226     -0.252194    
419  1.416      1  0 -0.156595     -0.212887    
420  1.417      1  0 -0.157013     -0.181446    
421  1.418      1  0 -0.157467     -0.159091    
422  1.419      1  0 -0.157945     -0.146322    
423  1.420      1  0 -0.158429     -0.142877    
424  1.421      1  0 -0.158903     -0.147781    
425  1.422      1  0 -0.159350     -0.159490    
426  1.423      1  0 -0.159756     -0.176108    
427  1.424      1  0 -0.160104     -0.195659    
428  1.425      1  0 -0.160384     -0.216375    
429  1.426      1  0 -0.160586     -0.236938    
430  1.427      1  0 -0.160703     -0.256640    
431  1.428      1  0 -0.160735     -0.275439    
432  1.429      1  0 -0.160680     -0.293878    
433  1.430      1  0 -0.160543     -0.312904    
434  1.431      1  0 -0.160330     -0.333609    
435  1.432      1  0 -0.160050     -0.356948    
436  1.433      1  0 -0.159713     -0.383483    
437  1.434      1  0 -0.159329     -0.413205    
438  1.435      1  0 -0.158910     -0.445445    
439  1.436      1  0 -0.158468     -0.478905    
440  1.437      1  0 -0.158016     -0.511780    
441  1.438      1  0 -0.157566     -0.541950    
442  1.439      1  0 -0.157128     -0.567209    
443  1.440      1  0 -0.156716     -0.585493    
444  1.441      1  0 -0.156339     -0.595085    
445  1.442      1  0 -0.156008     -0.594776    
446  1.443      1  0 -0.155732     -0.583968    
447  1.444      1  0 -0.155520     -0.562730    
448  1.445      1  0 -0.155377     -0.531796    
449  1.446      1  0 -0.155309     -0.492525    
450  1.447      1  0 -0.155320     -0.446817    
451  1.448      1  0 -0.155410     -0.397000    
452  1.449      1  0 -0.155579     -0.345679    
453  1.450      1  0 -0.155822     -0.295570    
454  1.451      1  0 -0.156136     -0.249307    
455  1.452      1  0 -0.156510     -0.209246    
456  1.453      1  0 -0.156935     -0.177270    
457  1.454      1  0 -0.157398     -0.154633    
458  1.455      1  0 -0.157884     -0.141839    
459  1.456      1  0 -0.158377     -0.138609    
460  1.457      1  0 -0.158860     -0.143925    
461  1.458      1  0 -0.159316     -0.156180    
462  1.459      1  0 -0.159729     -0.173403    
463  1.460      1  0 -0.160085     -0.193543    
464  1.461      1  0 -0.160370     -0.214768    
465  1.462      1  0 -0.160576     -0.235714    
466  1.463      1  0 -0.160696     -0.255661    
467  1.464      1  0 -0.160727     -0.274579    
468  1.465      1  0 -0.160672     -0.293053    
469  1.466      1  0 -0.160532     -0.312088    
470  1.467      1  0 -0.160316     -0.332841    
471  1.468      1  0 -0.160030     -0.356324    
472  1.469      1  0 -0.159687     -0.383143    
473  1.470      1  0 -0.159296     -0.413302    
474  1.471      1  0 -0.158870     -0.446123    
475  1.472      1  0 -0.158421     -0.480270    
476  1.473      1  0 -0.157961     -0.513883    
477  1.474      1  0 -0.157502     -0.544775    
478  1.475      1  0 -0.157057     -0.570671    
479  1.476      1  0 -0.156637     -0.589442    
480  1.477      1  0 -0.156253     -0.599321    
481  1.478      1  0 -0.155916     -0.599063    
482  1.479      1  0 -0.155635     -0.588054    
483  1.480      1  0 -0.155417     -0.566365    
484  1.481      1  0 -0.155271     -0.534749    
485  1.482      1  0 -0.155202     -0.494602    
486  1.483      1  0 -0.155211     -0.447872    
487  1.484      1  0 -0.155302     -0.396948    
488  1.485      1  0 -0.155473     -0.344504    
489  1.486      1  0 -0.155720     -0.293325    
490  1.487      1  0 -0.156039     -0.246117    
491  1.488      1  0 -0.156419     -0.205295    
492  1.489      1  0 -0.156852     -0.172795    
493  1.490      1  0 -0.157323     -0.149898    
494  1.491      1  0 -0.157818     -0.137116    
495  1.492      1  0 -0.158320     -0.134146    
496  1.493      1  0 -0.158813     -0.139927    
497  1.494      1  0 -0.159278     -0.152783    
498  1.495      1  0 -0.159699     -0.170664    
499  1.496      1  0 -0.160061     -0.191442    
500  1.497      1  0 -0.160351     -0.213214    
501  1.498      1  0 -0.160561     -0.234572    
502  1.499      1  0 -0.160683     -0.254781    
503  1.500      1  0 -0.160715     -0.273826    
504  1.501      1  0 -0.160657     -0.292337    
505  1.502      1  0 -0.160515     -0.311381    
506  1.503      1  0 -0.160294     -0.332183    
507  1.504      1  0 -0.160003     -0.355817    
508  1.505      1  0 -0.159653     -0.382929    
509  1.506      1  0 -0.159255     -0.413540    
510  1.507      1  0 -0.158821     -0.446959    
511  1.508      1  0 -0.158364     -0.481812    
512  1.509      1  0 -0.157895     -0.516179    
513  1.510      1  0 -0.157428     -0.547801    
514  1.511      1  0 -0.156975     -0.574330    
515  1.512      1  0 -0.156548     -0.593575    
516  1.513      1  0 -0.156157     -0.603714    
517  1.514      1  0 -0.155813     -0.603466    
518  1.515      1  0 -0.155526     -0.592205    
519  1.516      1  0 -0.155305     -0.570002    
520  1.517      1  0 -0.155156     -0.537635    
521  1.518      1  0 -0.155084     -0.496539    
522  1.519      1  0 -0.155093     -0.448716    
523  1.520      1  0 -0.155185     -0.396619    
524  1.521      1  0 -0.155359     -0.342994    
525  1.522      1  0 -0.155610     -0.290704    
526  1.523      1  0 -0.155934     -0.242525    
527  1.524      1  0 -0.156322     -0.200940    
528  1.525      1  0 -0.156762     -0.167933    
529  1.526      1  0 -0.157242     -0.144816    
530  1.527      1  0 -0.157747     -0.132102    
531  1.528      1  0 -0.158259     -0.129466    
532  1.529      1  0 -0.158761     -0.135791    
533  1.530      1  0 -0.159235     -0.149329    
534  1.531      1  0 -0.159664     -0.167943    
535  1.532      1  0 -0.160033     -0.189417    
536  1.533      1  0 -0.160328     -0.211778    
537  1.534      1  0 -0.160541     -0.233571    
538  1.535      1  0 -0.160665     -0.254046    
539  1.536      1  0 -0.160697     -0.273211    
540  1.537      1  0 -0.160638     -0.291743    
541  1.538      1  0 -0.160492     -0.310780    
542  1.539      1  0 -0.160266     -0.331621    
543  1.540      1  0 -0.159969     -0.355405    
544  1.541      1  0 -0.159612     -0.382823    
545  1.542      1  0 -0.159206     -0.413910    
546  1.543      1  0 -0.158764     -0.447959    
547  1.544      1  0 -0.158298     -0.483550    
548  1.545      1  0 -0.157822     -0.518700    
549  1.546      1  0 -0.157347     -0.551072    
550  1.547      1  0 -0.156885     -0.578241    
551  1.548      1  0 -0.156450     -0.597945    
552  1.549      1  0 -0.156052     -0.608310    
553  1.550      1  0 -0.155702     -0.608021    
554  1.551      1  0 -0.155410     -0.596436    
555  1.552      1  0 -0.155184     -0.573636    
556  1.553      1  0 -0.155032     -0.540427    
557  1.554      1  0 -0.154959     -0.498287    
558  1.555      1  0 -0.154969     -0.449280    
559  1.556      1  0 -0.155062     -0.395930    
560  1.557      1  0 -0.155239     -0.341062    
561  1.558      1  0 -0.155495     -0.287618    
562  1.559      1  0 -0.155825     -0.238452    
563  1.560      1  0 -0.156220     -0.196114    
564  1.561      1  0 -0.156669     -0.162639    
565  1.562      1  0 -0.157159     -0.139364    
566  1.563      1  0 -0.157673     -0.126801    
567  1.564      1  0 -0.158196     -0.124591    
568  1.565      1  0 -0.158707     -0.131558    
569  1.566      1  0 -0.159191     -0.145867    
570  1.567      1  0 -0.159628     -0.165288    
571  1.568      1  0 -0.160004     -0.187513    
572  1.569      1  0 -0.160305     -0.210493    
573  1.570      1  0 -0.160521     -0.232728    
574  1.571      1  0 -0.160646     -0.253459    
575  1.572      1  0 -0.160677     -0.272721    
576  1.573      1  0 -0.160616     -0.291251    
577  1.574      1  0 -0.160466     -0.310263    
578  1.575      1  0 -0.160235     -0.331139    
579  1.576      1  0 -0.159931     -0.355085    
580  1.577      1  0 -0.159567     -0.382837    
581  1.578      1  0 -0.159153     -0.414442    
582  1.579      1  0 -0.158702     -0.449170    
583  1.580      1  0 -0.158228     -0.485549    
584  1.581      1  0 -0.157742     -0.521519    
585  1.582      1  0 -0.157259     -0.554663    
586  1.583      1  0 -0.156789     -0.582471    
587  1.584      1  0 -0.156346     -0.602610    
588  1.585      1  0 -0.155941     -0.613152    
589  1.586      1  0 -0.155585     -0.612750    
590  1.587      1  0 -0.155288     -0.600751    
591  1.588      1  0 -0.155058     -0.577253    
592  1.589      1  0 -0.154903     -0.543094    
593  1.590      1  0 -0.154829     -0.499807    
594  1.591      1  0 -0.154839     -0.449522    
595  1.592      1  0 -0.154935     -0.394839    
596  1.593      1  0 -0.155115     -0.338668    
597  1.594      1  0 -0.155377     -0.284037    
598  1.595      1  0 -0.155714     -0.233879    
599  1.596      1  0 -0.156117     -0.190812    
600  1.597      1  0 -0.156575     -0.156918    
601  1.598      1  0 -0.157075     -0.133557    
602  1.599      1  0 -0.157600     -0.121233    
603  1.600      1  0 -0.158133     -0.119546    
604  1.601      1  0 -0.158655     -0.127248    
605  1.602      1  0 -0.159148     -0.142414    
606  1.603      1  0 -0.159594     -0.162709    
607  1.604      1  0 -0.159976     -0.185730    
608  1.605      1  0 -0.160282     -0.209351    
609  1.606      1  0 -0.160502     -0.232029    
610  1.607      1  0 -0.160627     -0.253002    
611  1.608      1  0 -0.160658     -0.272340    
612  1.609      1  0 -0.160593     -0.290849    
613  1.610      1  0 -0.160439     -0.309829    
614  1.611      1  0 -0.160202     -0.330745    
615  1.612      1  0 -0.159891     -0.354879    
616  1.613      1  0 -0.159519     -0.383005    
617  1.614      1  0 -0.159096     -0.415178    
618  1.615      1  0 -0.158637     -0.450637    
619  1.616      1  0 -0.158153     -0.487851    
620  1.617      1  0 -0.157658     -0.524678    
621  1.618      1  0 -0.157165     -0.558609    
622  1.619      1  0 -0.156687     -0.587048    
623  1.620      1  0 -0.156236     -0.607588    
624  1.621      1  0 -0.155824     -0.618248    
625  1.622      1  0 -0.155462     -0.617652    
626  1.623      1  0 -0.155160     -0.605144    
627  1.624      1  0 -0.154927     -0.580841    
628  1.625      1  0 -0.154770     -0.545623    
629  1.626      1  0 -0.154695     -0.501082    
630  1.627      1  0 -0.154706     -0.449422    
631  1.628      1  0 -0.154804     -0.393327    
632  1.629      1  0 -0.154989     -0.335797    
633  1.630      1  0 -0.155256     -0.279947    
634  1.631      1  0 -0.155601     -0.228794    
635  1.632      1  0 -0.156013     -0.185022    
636  1.633      1  0 -0.156481     -0.150761    
637  1.634      1  0 -0.156992     -0.127388    
638  1.635      1  0 -0.157528     -0.115392    
639  1.636      1  0 -0.158072     -0.114325    
640  1.637      1  0 -0.158605     -0.122858    
641  1.638      1  0 -0.159108     -0.138965    
642  1.639      1  0 -0.159562     -0.160204    
643  1.640      1  0 -0.159951     -0.184067    
644  1.641      1  0 -0.160262     -0.208352    
645  1.642      1  0 -0.160483     -0.231476    
646  1.643      1  0 -0.160610     -0.252678    
647  1.644      1  0 -0.160638     -0.272074    
648  1.645      1  0 -0.160570     -0.290545    
649  1.646      1  0 -0.160410     -0.309485    
650  1.647      1  0 -0.160166     -0.330451    
651  1.648      1  0 -0.159848     -0.354797    
652  1.649      1  0 -0.159467     -0.383338    
653  1.650      1  0 -0.159035     -0.416130    
654  1.651      1  0 -0.158566     -0.452374    
655  1.652      1  0 -0.158073     -0.490470    
656  1.653      1  0 -0.157568     -0.528186    
657  1.654      1  0 -0.157066     -0.562916    
658  1.655      1  0 -0.156580     -0.591973    
659  1.656      1  0 -0.156121     -0.612877    
660  1.657      1  0 -0.155701     -0.623593    
661  1.658      1  0 -0.155333     -0.622721    
662  1.659      1  0 -0.155026     -0.609605    
663  1.660      1  0 -0.154789     -0.584389    
664  1.661      1  0 -0.154630     -0.547999    
665  1.662      1  0 -0.154555     -0.502095    
666  1.663      1  0 -0.154567     -0.448961    
667  1.664      1  0 -0.154669     -0.391371    
668  1.665      1  0 -0.154858     -0.332419    
669  1.666      1  0 -0.155132     -0.275315    
670  1.667      1  0 -0.155485     -0.223159    
671  1.668      1  0 -0.155907     -0.178705    
672  1.669      1  0 -0.156386     -0.144128    
673  1.670      1  0 -0.156908     -0.120820    
674  1.671      1  0 -0.157456     -0.109248    
675  1.672      1  0 -0.158011     -0.108905    
676  1.673      1  0 -0.158555     -0.118375    
677  1.674      1  0 -0.159068     -0.135520    
678  1.675      1  0 -0.159530     -0.157779    
679  1.676      1  0 -0.159926     -0.182538    
680  1.677      1  0 -0.160241     -0.207515    
681  1.678      1  0 -0.160464     -0.231089    
682  1.679      1  0 -0.160591     -0.252507    
683  1.680      1  0 -0.160617     -0.271938    
684  1.681      1  0 -0.160544     -0.290350    
685  1.682      1  0 -0.160378     -0.309238    
686  1.683      1  0 -0.160127     -0.330258    
687  1.684      1  0 -0.159800     -0.354838    
688  1.685      1  0 -0.159409     -0.383834    
689  1.686      1  0 -0.158967     -0.417297    
690  1.687      1  0 -0.158488     -0.454383    
691  1.688      1  0 -0.157984     -0.493412    
692  1.689      1  0 -0.157470     -0.532053    
693  1.690      1  0 -0.156958     -0.567599    
694  1.691      1  0 -0.156462     -0.597265    
695  1.692      1  0 -0.155995     -0.618494    
696  1.693      1  0 -0.155568     -0.629201    
697  1.694      1  0 -0.155193     -0.627963    
698  1.695      1  0 -0.154881     -0.614131    
699  1.696      1  0 -0.154641     -0.587880    
700  1.697      1  0 -0.154480     -0.550195    
701  1.698      1  0 -0.154405     -0.502806    
702  1.699      1  0 -0.154419     -0.448087    
703  1.700      1  0 -0.154525     -0.388910    
704  1.701      1  0 -0.154720     -0.328469    
705  1.702      1  0 -0.155001     -0.270072    
706  1.703      1  0 -0.155363     -0.216908    
707  1.704      1  0 -0.155795     -0.171802    
708  1.705      1  0 -0.156285     -0.136971    
709  1.706      1  0 -0.156819     -0.113818    
710  1.707      1  0 -0.157380     -0.102780    
711  1.708      1  0 -0.157947     -0.103284    
712  1.709      1  0 -0.158503     -0.113812    
713  1.710      1  0 -0.159025     -0.132104    
714  1.711      1  0 -0.159496     -0.155469    
715  1.712      1  0 -0.159898     -0.181182    
716  1.713      1  0 -0.160216     -0.206878    
717  1.714      1  0 -0.160442     -0.230901    
718  1.715      1  0 -0.160567     -0.252513    
719  1.716      1  0 -0.160589     -0.271949    
720  1.717      1  0 -0.160512     -0.290273    
721  1.718      1  0 -0.160339     -0.309092    
722  1.719      1  0 -0.160078     -0.330170    
723  1.720      1  0 -0.159742     -0.355011    
724  1.721      1  0 -0.159341     -0.384509    
725  1.722      1  0 -0.158888     -0.418704    
726  1.723      1  0 -0.158398     -0.456696    
727  1.724      1  0 -0.157883     -0.496717    
728  1.725      1  0 -0.157359     -0.536327    
729  1.726      1  0 -0.156837     -0.572705    
730  1.727      1  0 -0.156331     -0.602967    
731  1.728      1  0 -0.155855     -0.624475    
732  1.729      1  0 -0.155421     -0.635095    
733  1.730      1  0 -0.155040     -0.633386    
734  1.731      1  0 -0.154724     -0.618712    
735  1.732      1  0 -0.154480     -0.591288    
736  1.733      1  0 -0.154318     -0.552163    
737  1.734      1  0 -0.154244     -0.503151    
738  1.735      1  0 -0.154261     -0.446722    
739  1.736      1  0 -0.154370     -0.385854    
740  1.737      1  0 -0.154572     -0.323851    
741  1.738      1  0 -0.154862     -0.264124    
742  1.739      1  0 -0.155233     -0.209955    
743  1.740      1  0 -0.155676     -0.164239    
744  1.741      1  0 -0.156179     -0.129236    
745  1.742      1  0 -0.156726     -0.106349    
746  1.743      1  0 -0.157299     -0.959806E-01
747  1.744      1  0 -0.157880     -0.974759E-01
748  1.745      1  0 -0.158446     -0.109203    
749  1.746      1  0 -0.158979     -0.128763    
750  1.747      1  0 -0.159458     -0.153330    
751  1.748      1  0 -0.159866     -0.180054    
752  1.749      1  0 -0.160189     -0.206491    
753  1.750      1  0 -0.160415     -0.230951    
754  1.751      1  0 -0.160538     -0.252725    
755  1.752      1  0 -0.160557     -0.272123    
756  1.753      1  0 -0.160473     -0.290322    
757  1.754      1  0 -0.160292     -0.309054    
758  1.755      1  0 -0.160022     -0.330195    
759  1.756      1  0 -0.159675     -0.355331    
760  1.757      1  0 -0.159263     -0.385388    
761  1.758      1  0 -0.158799     -0.420387    
762  1.759      1  0 -0.158298     -0.459363    
763  1.760      1  0 -0.157772     -0.500443    
764  1.761      1  0 -0.157236     -0.541067    
765  1.762      1  0 -0.156704     -0.578292    
766  1.763      1  0 -0.156189     -0.609127    
767  1.764      1  0 -0.155704     -0.630854    
768  1.765      1  0 -0.155263     -0.641292    
769  1.766      1  0 -0.154876     -0.638986    
770  1.767      1  0 -0.154555     -0.623322    
771  1.768      1  0 -0.154309     -0.594565    
772  1.769      1  0 -0.154146     -0.553837    
773  1.770      1  0 -0.154073     -0.503046    
774  1.771      1  0 -0.154093     -0.444771    
775  1.772      1  0 -0.154208     -0.382105    
776  1.773      1  0 -0.154416     -0.318467    
777  1.774      1  0 -0.154715     -0.257380    
778  1.775      1  0 -0.155098     -0.202220    
779  1.776      1  0 -0.155553     -0.155954    
780  1.777      1  0 -0.156069     -0.120878    
781  1.778      1  0 -0.156630     -0.983928E-01
782  1.779      1  0 -0.157217     -0.888499E-01
783  1.780      1  0 -0.157811     -0.915003E-01
784  1.781      1  0 -0.158390     -0.104581    
785  1.782      1  0 -0.158934     -0.125543    
786  1.783      1  0 -0.159421     -0.151407    
787  1.784      1  0 -0.159835     -0.179197    
788  1.785      1  0 -0.160160     -0.206387    
789  1.786      1  0 -0.160387     -0.231263    
790  1.787      1  0 -0.160508     -0.253155    
791  1.788      1  0 -0.160522     -0.272465    
792  1.789      1  0 -0.160431     -0.290498    
793  1.790      1  0 -0.160241     -0.309124    
794  1.791      1  0 -0.159961     -0.330341    
795  1.792      1  0 -0.159603     -0.355816    
796  1.793      1  0 -0.159179     -0.386503    
797  1.794      1  0 -0.158703     -0.422394    
798  1.795      1  0 -0.158189     -0.462440    
799  1.796      1  0 -0.157651     -0.504653    
800  1.797      1  0 -0.157104     -0.546339    
801  1.798      1  0 -0.156561     -0.584422    
802  1.799      1  0 -0.156036     -0.615799    
803  1.800      1  0 -0.155543     -0.637672    
804  1.801      1  0 -0.155094     -0.647815    
805  1.802      1  0 -0.154701     -0.644768    
806  1.803      1  0 -0.154376     -0.627946    
807  1.804      1  0 -0.154128     -0.597676    
808  1.805      1  0 -0.153965     -0.555166    
809  1.806      1  0 -0.153893     -0.502430    
810  1.807      1  0 -0.153917     -0.442164    
811  1.808      1  0 -0.154039     -0.377587    
812  1.809      1  0 -0.154256     -0.312244    
813  1.810      1  0 -0.154565     -0.249772    
814  1.811      1  0 -0.154960     -0.193647    
815  1.812      1  0 -0.155429     -0.146906    
816  1.813      1  0 -0.155959     -0.111877    
817  1.814      1  0 -0.156535     -0.899474E-01
818  1.815      1  0 -0.157137     -0.814046E-01
819  1.816      1  0 -0.157745     -0.853888E-01
820  1.817      1  0 -0.158336     -0.999887E-01
821  1.818      1  0 -0.158891     -0.122488    
822  1.819      1  0 -0.159386     -0.149745    
823  1.820      1  0 -0.159806     -0.178650    
824  1.821      1  0 -0.160134     -0.206595    
825  1.822      1  0 -0.160360     -0.231854    
826  1.823      1  0 -0.160478     -0.253808    
827  1.824      1  0 -0.160485     -0.272972    
828  1.825      1  0 -0.160386     -0.290796    
829  1.826      1  0 -0.160186     -0.309302    
830  1.827      1  0 -0.159895     -0.330615    
831  1.828      1  0 -0.159524     -0.356485    
832  1.829      1  0 -0.159087     -0.387886    
833  1.830      1  0 -0.158598     -0.424766    
834  1.831      1  0 -0.158071     -0.465981    
835  1.832      1  0 -0.157521     -0.509408    
836  1.833      1  0 -0.156962     -0.552203    
837  1.834      1  0 -0.156408     -0.591149    
838  1.835      1  0 -0.155873     -0.623027    
839  1.836      1  0 -0.155371     -0.644957    
840  1.837      1  0 -0.154915     -0.654676    
841  1.838      1  0 -0.154516     -0.650725    
842  1.839      1  0 -0.154187     -0.632562    
843  1.840      1  0 -0.153937     -0.600583    
844  1.841      1  0 -0.153775     -0.556099    
845  1.842      1  0 -0.153706     -0.501240    
846  1.843      1  0 -0.153735     -0.438833    
847  1.844      1  0 -0.153864     -0.372232    
848  1.845      1  0 -0.154090     -0.305114    
849  1.846      1  0 -0.154411     -0.241241    
850  1.847      1  0 -0.154819     -0.184188    
851  1.848      1  0 -0.155302     -0.137060    
852  1.849      1  0 -0.155848     -0.102213    
853  1.850      1  0 -0.156440     -0.810088E-01
854  1.851      1  0 -0.157058     -0.736566E-01
855  1.852      1  0 -0.157680     -0.791675E-01
856  1.853      1  0 -0.158285     -0.954627E-01
857  1.854      1  0 -0.158850     -0.119641    
858  1.855      1  0 -0.159354     -0.148386    
859  1.856      1  0 -0.159779     -0.178449    
860  1.857      1  0 -0.160109     -0.207143    
861  1.858      1  0 -0.160333     -0.232740    
862  1.859      1  0 -0.160447     -0.254693    
863  1.860      1  0 -0.160447     -0.273646    
864  1.861      1  0 -0.160338     -0.291213    
865  1.862      1  0 -0.160127     -0.309585    
866  1.863      1  0 -0.159823     -0.331021    
867  1.864      1  0 -0.159439     -0.357352    
868  1.865      1  0 -0.158988     -0.389563    
869  1.866      1  0 -0.158485     -0.427544    
870  1.867      1  0 -0.157945     -0.470034    
871  1.868      1  0 -0.157381     -0.514758    
872  1.869      1  0 -0.156809     -0.558709    
873  1.870      1  0 -0.156244     -0.598519    
874  1.871      1  0 -0.155699     -0.630846    
875  1.872      1  0 -0.155188     -0.652733    
876  1.873      1  0 -0.154724     -0.661881    
877  1.874      1  0 -0.154320     -0.656846    
878  1.875      1  0 -0.153987     -0.637138    
879  1.876      1  0 -0.153736     -0.603241    
880  1.877      1  0 -0.153575     -0.556576    
881  1.878      1  0 -0.153509     -0.499405    
882  1.879      1  0 -0.153544     -0.434698    
883  1.880      1  0 -0.153681     -0.365954    
884  1.881      1  0 -0.153919     -0.296995    
885  1.882      1  0 -0.154252     -0.231709    
886  1.883      1  0 -0.154674     -0.173775    
887  1.884      1  0 -0.155174     -0.126366    
888  1.885      1  0 -0.155737     -0.918558E-01
889  1.886      1  0 -0.156345     -0.715700E-01
890  1.887      1  0 -0.156980     -0.656216E-01
891  1.888      1  0 -0.157617     -0.728720E-01
892  1.889      1  0 -0.158236     -0.910540E-01
893  1.890      1  0 -0.158812     -0.117063    
894  1.891      1  0 -0.159324     -0.147392    
895  1.892      1  0 -0.159753     -0.178650    
896  1.893      1  0 -0.160084     -0.208078    
897  1.894      1  0 -0.160306     -0.233956    
898  1.895      1  0 -0.160414     -0.255829    
899  1.896      1  0 -0.160406     -0.274495    
900  1.897      1  0 -0.160286     -0.291754    
901  1.898      1  0 -0.160062     -0.309978    
902  1.899      1  0 -0.159744     -0.331570    
903  1.900      1  0 -0.159346     -0.358440    
904  1.901      1  0 -0.158880     -0.391570    
905  1.902      1  0 -0.158362     -0.430774    
906  1.903      1  0 -0.157807     -0.474657    
907  1.904      1  0 -0.157229     -0.520769    
908  1.905      1  0 -0.156644     -0.565924    
909  1.906      1  0 -0.156067     -0.606591    
910  1.907      1  0 -0.155511     -0.639305    
911  1.908      1  0 -0.154991     -0.661028    
912  1.909      1  0 -0.154520     -0.669440    
913  1.910      1  0 -0.154111     -0.663118    
914  1.911      1  0 -0.153775     -0.641640    
915  1.912      1  0 -0.153523     -0.605591    
916  1.913      1  0 -0.153364     -0.556518    
917  1.914      1  0 -0.153303     -0.496832    
918  1.915      1  0 -0.153345     -0.429656    
919  1.916      1  0 -0.153492     -0.358650    
920  1.917      1  0 -0.153741     -0.287786    
921  1.918      1  0 -0.154089     -0.221087    
922  1.919      1  0 -0.154527     -0.162339    
923  1.920      1  0 -0.155044     -0.114778    
924  1.921      1  0 -0.155625     -0.807868E-01
925  1.922      1  0 -0.156252     -0.616410E-01
926  1.923      1  0 -0.156904     -0.573369E-01
927  1.924      1  0 -0.157558     -0.665627E-01
928  1.925      1  0 -0.158190     -0.868386E-01
929  1.926      1  0 -0.158777     -0.114835    
930  1.927      1  0 -0.159297     -0.146843    
931  1.928      1  0 -0.159730     -0.179323    
932  1.929      1  0 -0.160062     -0.209450    
933  1.930      1  0 -0.160280     -0.235532    
934  1.931      1  0 -0.160381     -0.257228    
935  1.932      1  0 -0.160363     -0.275517    
936  1.933      1  0 -0.160231     -0.292409    
937  1.934      1  0 -0.159993     -0.310475    
938  1.935      1  0 -0.159660     -0.332268    
939  1.936      1  0 -0.159245     -0.359768    
940  1.937      1  0 -0.158763     -0.393945    
941  1.938      1  0 -0.158229     -0.434515    
942  1.939      1  0 -0.157659     -0.479919    
943  1.940      1  0 -0.157067     -0.527516    
944  1.941      1  0 -0.156469     -0.573921    
945  1.942      1  0 -0.155879     -0.615430    
946  1.943      1  0 -0.155312     -0.648450    
947  1.944      1  0 -0.154783     -0.669870    
948  1.945      1  0 -0.154305     -0.677354    
949  1.946      1  0 -0.153891     -0.669517    
950  1.947      1  0 -0.153553     -0.646017    
951  1.948      1  0 -0.153301     -0.607559    
952  1.949      1  0 -0.153145     -0.555834    
953  1.950      1  0 -0.153089     -0.493414    
954  1.951      1  0 -0.153140     -0.423594    
955  1.952      1  0 -0.153298     -0.350204    
956  1.953      1  0 -0.153561     -0.277379    
957  1.954      1  0 -0.153924     -0.209283    
958  1.955      1  0 -0.154380     -0.149809    
959  1.956      1  0 -0.154916     -0.102252    
960  1.957      1  0 -0.155517     -0.689943E-01
961  1.958      1  0 -0.156163     -0.512417E-01
962  1.959      1  0 -0.156833     -0.488508E-01
963  1.960      1  0 -0.157504     -0.603098E-01
964  1.961      1  0 -0.158151     -0.828991E-01
965  1.962      1  0 -0.158750     -0.113042    
966  1.963      1  0 -0.159277     -0.146813    
967  1.964      1  0 -0.159713     -0.180524    
968  1.965      1  0 -0.160044     -0.211292    
969  1.966      1  0 -0.160257     -0.237475    
970  1.967      1  0 -0.160350     -0.258876    
971  1.968      1  0 -0.160320     -0.276685    
972  1.969      1  0 -0.160174     -0.293149    
973  1.970      1  0 -0.159920     -0.311054    
974  1.971      1  0 -0.159571     -0.333106    
975  1.972      1  0 -0.159139     -0.361352    
976  1.973      1  0 -0.158640     -0.396726    
977  1.974      1  0 -0.158089     -0.438821    
978  1.975      1  0 -0.157503     -0.485893    
979  1.976      1  0 -0.156895     -0.535077    
980  1.977      1  0 -0.156283     -0.582776    
981  1.978      1  0 -0.155681     -0.625100    
982  1.979      1  0 -0.155103     -0.658328    
983  1.980      1  0 -0.154565     -0.679282    
984  1.981      1  0 -0.154080     -0.685621    
985  1.982      1  0 -0.153662     -0.676013    
986  1.983      1  0 -0.153322     -0.650217    
987  1.984      1  0 -0.153071     -0.609074    
988  1.985      1  0 -0.152918     -0.554437    
989  1.986      1  0 -0.152870     -0.489056    
990  1.987      1  0 -0.152930     -0.416415    
991  1.988      1  0 -0.153100     -0.340527    
992  1.989      1  0 -0.153379     -0.265698    
993  1.990      1  0 -0.153760     -0.196241    
994  1.991      1  0 -0.154235     -0.136154    
995  1.992      1  0 -0.154791     -0.887856E-01
996  1.993      1  0 -0.155413     -0.565054E-01
997  1.994      1  0 -0.156080     -0.404269E-01
998  1.995      1  0 -0.156771     -0.402407E-01
999  1.996      1  0 -0.157459     -0.542048E-01
