# Pazy Wing (simplified : constant stiffness properties)                          
# Operating point sequence...
# i     t     conv	stall	 RY pos[ 1]    Theta[ 1]    
  1  1.996      1  0 -0.173361     -0.432059    
  2  1.997      1  0 -0.173356     -0.432134    
  3  1.998      1  0 -0.173352     -0.432183    
  4  1.999      1  0 -0.173347     -0.432199    
  5  2.000      1  0 -0.173343     -0.432177    
  6  2.001      1  0 -0.173339     -0.432118    
  7  2.002      1  0 -0.173335     -0.432024    
  8  2.003      1  0 -0.173332     -0.431896    
  9  2.004      1  0 -0.173329     -0.431737    
 10  2.005      1  0 -0.173326     -0.431552    
 11  2.006      1  0 -0.173323     -0.431343    
 12  2.007      1  0 -0.173321     -0.431116    
 13  2.008      1  0 -0.173318     -0.430877    
 14  2.009      1  0 -0.173316     -0.430632    
 15  2.010      1  0 -0.173314     -0.430387    
 16  2.011      1  0 -0.173312     -0.430147    
 17  2.012      1  0 -0.173310     -0.429920    
 18  2.013      1  0 -0.173307     -0.429711    
 19  2.014      1  0 -0.173305     -0.429526    
 20  2.015      1  0 -0.173303     -0.429369    
 21  2.016      1  0 -0.173300     -0.429245    
 22  2.017      1  0 -0.173298     -0.429156    
 23  2.018      1  0 -0.173295     -0.429103    
 24  2.019      1  0 -0.173292     -0.429089    
 25  2.020      1  0 -0.173289     -0.429111    
 26  2.021      1  0 -0.173285     -0.429170    
 27  2.022      1  0 -0.173282     -0.429262    
 28  2.023      1  0 -0.173278     -0.429384    
 29  2.024      1  0 -0.173274     -0.429533    
 30  2.025      1  0 -0.173270     -0.429703    
 31  2.026      1  0 -0.173266     -0.429891    
 32  2.027      1  0 -0.173262     -0.430090    
 33  2.028      1  0 -0.173258     -0.430296    
 34  2.029      1  0 -0.173254     -0.430503    
 35  2.030      1  0 -0.173250     -0.430707    
 36  2.031      1  0 -0.173246     -0.430902    
 37  2.032      1  0 -0.173242     -0.431082    
 38  2.033      1  0 -0.173238     -0.431244    
 39  2.034      1  0 -0.173235     -0.431382    
 40  2.035      1  0 -0.173232     -0.431494    
 41  2.036      1  0 -0.173229     -0.431576    
 42  2.037      1  0 -0.173226     -0.431626    
 43  2.038      1  0 -0.173224     -0.431641    
 44  2.039      1  0 -0.173222     -0.431622    
 45  2.040      1  0 -0.173220     -0.431568    
 46  2.041      1  0 -0.173218     -0.431481    
 47  2.042      1  0 -0.173217     -0.431363    
 48  2.043      1  0 -0.173216     -0.431216    
 49  2.044      1  0 -0.173216     -0.431045    
 50  2.045      1  0 -0.173215     -0.430854    
 51  2.046      1  0 -0.173215     -0.430650    
 52  2.047      1  0 -0.173215     -0.430436    
 53  2.048      1  0 -0.173215     -0.430219    
 54  2.049      1  0 -0.173215     -0.430004    
 55  2.050      1  0 -0.173215     -0.429798    
 56  2.051      1  0 -0.173216     -0.429604    
 57  2.052      1  0 -0.173216     -0.429429    
 58  2.053      1  0 -0.173216     -0.429275    
 59  2.054      1  0 -0.173216     -0.429146    
 60  2.055      1  0 -0.173217     -0.429046    
 61  2.056      1  0 -0.173217     -0.428976    
 62  2.057      1  0 -0.173216     -0.428937    
 63  2.058      1  0 -0.173216     -0.428930    
 64  2.059      1  0 -0.173216     -0.428955    
 65  2.060      1  0 -0.173215     -0.429011    
 66  2.061      1  0 -0.173214     -0.429095    
 67  2.062      1  0 -0.173213     -0.429207    
 68  2.063      1  0 -0.173212     -0.429342    
 69  2.064      1  0 -0.173211     -0.429498    
 70  2.065      1  0 -0.173210     -0.429670    
 71  2.066      1  0 -0.173209     -0.429854    
 72  2.067      1  0 -0.173208     -0.430044    
 73  2.068      1  0 -0.173207     -0.430237    
 74  2.069      1  0 -0.173205     -0.430426    
 75  2.070      1  0 -0.173204     -0.430607    
 76  2.071      1  0 -0.173203     -0.430774    
 77  2.072      1  0 -0.173202     -0.430924    
 78  2.073      1  0 -0.173202     -0.431052    
 79  2.074      1  0 -0.173201     -0.431155    
 80  2.075      1  0 -0.173201     -0.431229    
 81  2.076      1  0 -0.173201     -0.431273    
 82  2.077      1  0 -0.173201     -0.431286    
 83  2.078      1  0 -0.173202     -0.431268    
 84  2.079      1  0 -0.173202     -0.431220    
 85  2.080      1  0 -0.173203     -0.431143    
 86  2.081      1  0 -0.173204     -0.431040    
 87  2.082      1  0 -0.173206     -0.430913    
 88  2.083      1  0 -0.173207     -0.430767    
 89  2.084      1  0 -0.173209     -0.430605    
 90  2.085      1  0 -0.173211     -0.430431    
 91  2.086      1  0 -0.173213     -0.430251    
 92  2.087      1  0 -0.173215     -0.430068    
 93  2.088      1  0 -0.173217     -0.429888    
 94  2.089      1  0 -0.173219     -0.429715    
 95  2.090      1  0 -0.173221     -0.429552    
 96  2.091      1  0 -0.173223     -0.429405    
 97  2.092      1  0 -0.173225     -0.429276    
 98  2.093      1  0 -0.173227     -0.429168    
 99  2.094      1  0 -0.173229     -0.429085    
100  2.095      1  0 -0.173231     -0.429029    
101  2.096      1  0 -0.173232     -0.429000    
102  2.097      1  0 -0.173234     -0.429001    
103  2.098      1  0 -0.173235     -0.429030    
104  2.099      1  0 -0.173236     -0.429087    
105  2.100      1  0 -0.173237     -0.429171    
106  2.101      1  0 -0.173237     -0.429280    
107  2.102      1  0 -0.173238     -0.429410    
108  2.103      1  0 -0.173238     -0.429559    
109  2.104      1  0 -0.173238     -0.429721    
110  2.105      1  0 -0.173238     -0.429893    
111  2.106      1  0 -0.173238     -0.430069    
112  2.107      1  0 -0.173239     -0.430246    
113  2.108      1  0 -0.173239     -0.430417    
114  2.109      1  0 -0.173239     -0.430580    
115  2.110      1  0 -0.173239     -0.430729    
116  2.111      1  0 -0.173239     -0.430861    
117  2.112      1  0 -0.173239     -0.430974    
118  2.113      1  0 -0.173240     -0.431063    
119  2.114      1  0 -0.173240     -0.431129    
120  2.115      1  0 -0.173241     -0.431168    
121  2.116      1  0 -0.173242     -0.431181    
122  2.117      1  0 -0.173243     -0.431168    
123  2.118      1  0 -0.173244     -0.431129    
124  2.119      1  0 -0.173246     -0.431066    
125  2.120      1  0 -0.173247     -0.430979    
126  2.121      1  0 -0.173249     -0.430871    
127  2.122      1  0 -0.173251     -0.430746    
128  2.123      1  0 -0.173253     -0.430605    
129  2.124      1  0 -0.173255     -0.430454    
130  2.125      1  0 -0.173257     -0.430296    
131  2.126      1  0 -0.173259     -0.430135    
132  2.127      1  0 -0.173261     -0.429976    
133  2.128      1  0 -0.173263     -0.429823    
134  2.129      1  0 -0.173265     -0.429680    
135  2.130      1  0 -0.173267     -0.429551    
136  2.131      1  0 -0.173269     -0.429440    
137  2.132      1  0 -0.173271     -0.429349    
138  2.133      1  0 -0.173272     -0.429280    
139  2.134      1  0 -0.173274     -0.429237    
140  2.135      1  0 -0.173275     -0.429218    
141  2.136      1  0 -0.173276     -0.429225    
142  2.137      1  0 -0.173277     -0.429258    
143  2.138      1  0 -0.173278     -0.429315    
144  2.139      1  0 -0.173278     -0.429395    
145  2.140      1  0 -0.173278     -0.429495    
146  2.141      1  0 -0.173279     -0.429613    
147  2.142      1  0 -0.173279     -0.429746    
148  2.143      1  0 -0.173278     -0.429889    
149  2.144      1  0 -0.173278     -0.430041    
150  2.145      1  0 -0.173278     -0.430196    
151  2.146      1  0 -0.173277     -0.430350    
152  2.147      1  0 -0.173277     -0.430501    
153  2.148      1  0 -0.173277     -0.430643    
154  2.149      1  0 -0.173276     -0.430774    
155  2.150      1  0 -0.173276     -0.430891    
156  2.151      1  0 -0.173276     -0.430990    
157  2.152      1  0 -0.173275     -0.431069    
158  2.153      1  0 -0.173275     -0.431127    
159  2.154      1  0 -0.173276     -0.431162    
160  2.155      1  0 -0.173276     -0.431172    
161  2.156      1  0 -0.173276     -0.431159    
162  2.157      1  0 -0.173276     -0.431122    
163  2.158      1  0 -0.173277     -0.431062    
164  2.159      1  0 -0.173278     -0.430981    
165  2.160      1  0 -0.173279     -0.430882    
166  2.161      1  0 -0.173280     -0.430766    
167  2.162      1  0 -0.173281     -0.430638    
168  2.163      1  0 -0.173282     -0.430500    
169  2.164      1  0 -0.173283     -0.430358    
170  2.165      1  0 -0.173284     -0.430213    
171  2.166      1  0 -0.173285     -0.430072    
172  2.167      1  0 -0.173286     -0.429936    
173  2.168      1  0 -0.173287     -0.429811    
174  2.169      1  0 -0.173288     -0.429698    
175  2.170      1  0 -0.173289     -0.429601    
176  2.171      1  0 -0.173290     -0.429522    
177  2.172      1  0 -0.173290     -0.429464    
178  2.173      1  0 -0.173291     -0.429426    
179  2.174      1  0 -0.173291     -0.429411    
180  2.175      1  0 -0.173291     -0.429418    
181  2.176      1  0 -0.173291     -0.429446    
182  2.177      1  0 -0.173291     -0.429496    
183  2.178      1  0 -0.173290     -0.429565    
184  2.179      1  0 -0.173290     -0.429652    
185  2.180      1  0 -0.173289     -0.429754    
186  2.181      1  0 -0.173288     -0.429870    
187  2.182      1  0 -0.173287     -0.429996    
188  2.183      1  0 -0.173286     -0.430128    
189  2.184      1  0 -0.173285     -0.430264    
190  2.185      1  0 -0.173284     -0.430400    
191  2.186      1  0 -0.173283     -0.430532    
192  2.187      1  0 -0.173281     -0.430657    
193  2.188      1  0 -0.173280     -0.430772    
194  2.189      1  0 -0.173279     -0.430873    
195  2.190      1  0 -0.173278     -0.430957    
196  2.191      1  0 -0.173277     -0.431023    
197  2.192      1  0 -0.173277     -0.431069    
198  2.193      1  0 -0.173276     -0.431094    
199  2.194      1  0 -0.173275     -0.431097    
200  2.195      1  0 -0.173275     -0.431078    
201  2.196      1  0 -0.173275     -0.431039    
202  2.197      1  0 -0.173274     -0.430980    
203  2.198      1  0 -0.173274     -0.430904    
204  2.199      1  0 -0.173274     -0.430812    
205  2.200      1  0 -0.173275     -0.430707    
206  2.201      1  0 -0.173275     -0.430591    
207  2.202      1  0 -0.173275     -0.430468    
208  2.203      1  0 -0.173276     -0.430341    
209  2.204      1  0 -0.173276     -0.430213    
210  2.205      1  0 -0.173276     -0.430087    
211  2.206      1  0 -0.173277     -0.429967    
212  2.207      1  0 -0.173277     -0.429855    
213  2.208      1  0 -0.173277     -0.429754    
214  2.209      1  0 -0.173277     -0.429667    
215  2.210      1  0 -0.173277     -0.429596    
216  2.211      1  0 -0.173277     -0.429542    
217  2.212      1  0 -0.173277     -0.429507    
218  2.213      1  0 -0.173277     -0.429492    
219  2.214      1  0 -0.173276     -0.429498    
220  2.215      1  0 -0.173276     -0.429523    
221  2.216      1  0 -0.173275     -0.429567    
222  2.217      1  0 -0.173274     -0.429629    
223  2.218      1  0 -0.173273     -0.429707    
224  2.219      1  0 -0.173272     -0.429799    
225  2.220      1  0 -0.173271     -0.429902    
226  2.221      1  0 -0.173270     -0.430014    
227  2.222      1  0 -0.173269     -0.430131    
228  2.223      1  0 -0.173267     -0.430251    
229  2.224      1  0 -0.173266     -0.430369    
230  2.225      1  0 -0.173264     -0.430483    
231  2.226      1  0 -0.173263     -0.430590    
232  2.227      1  0 -0.173262     -0.430687    
233  2.228      1  0 -0.173261     -0.430771    
234  2.229      1  0 -0.173260     -0.430842    
235  2.230      1  0 -0.173258     -0.430896    
236  2.231      1  0 -0.173258     -0.430933    
237  2.232      1  0 -0.173257     -0.430951    
238  2.233      1  0 -0.173256     -0.430951    
239  2.234      1  0 -0.173255     -0.430932    
240  2.235      1  0 -0.173255     -0.430896    
241  2.236      1  0 -0.173255     -0.430842    
242  2.237      1  0 -0.173255     -0.430772    
243  2.238      1  0 -0.173255     -0.430689    
244  2.239      1  0 -0.173255     -0.430595    
245  2.240      1  0 -0.173255     -0.430490    
246  2.241      1  0 -0.173255     -0.430380    
247  2.242      1  0 -0.173255     -0.430266    
248  2.243      1  0 -0.173255     -0.430151    
249  2.244      1  0 -0.173256     -0.430038    
250  2.245      1  0 -0.173256     -0.429931    
251  2.246      1  0 -0.173256     -0.429831    
252  2.247      1  0 -0.173256     -0.429742    
253  2.248      1  0 -0.173257     -0.429665    
254  2.249      1  0 -0.173257     -0.429603    
255  2.250      1  0 -0.173257     -0.429557    
256  2.251      1  0 -0.173256     -0.429529    
257  2.252      1  0 -0.173256     -0.429518    
258  2.253      1  0 -0.173256     -0.429526    
259  2.254      1  0 -0.173255     -0.429550    
260  2.255      1  0 -0.173255     -0.429592    
261  2.256      1  0 -0.173254     -0.429648    
262  2.257      1  0 -0.173253     -0.429718    
263  2.258      1  0 -0.173252     -0.429800    
264  2.259      1  0 -0.173252     -0.429891    
265  2.260      1  0 -0.173251     -0.429989    
266  2.261      1  0 -0.173250     -0.430091    
267  2.262      1  0 -0.173249     -0.430196    
268  2.263      1  0 -0.173247     -0.430299    
269  2.264      1  0 -0.173246     -0.430399    
270  2.265      1  0 -0.173245     -0.430492    
271  2.266      1  0 -0.173245     -0.430577    
272  2.267      1  0 -0.173244     -0.430651    
273  2.268      1  0 -0.173243     -0.430713    
274  2.269      1  0 -0.173242     -0.430760    
275  2.270      1  0 -0.173242     -0.430792    
276  2.271      1  0 -0.173241     -0.430808    
277  2.272      1  0 -0.173241     -0.430806    
278  2.273      1  0 -0.173240     -0.430788    
279  2.274      1  0 -0.173240     -0.430754    
280  2.275      1  0 -0.173240     -0.430705    
281  2.276      1  0 -0.173240     -0.430642    
282  2.277      1  0 -0.173241     -0.430567    
283  2.278      1  0 -0.173241     -0.430482    
284  2.279      1  0 -0.173241     -0.430389    
285  2.280      1  0 -0.173242     -0.430291    
286  2.281      1  0 -0.173242     -0.430190    
287  2.282      1  0 -0.173243     -0.430089    
288  2.283      1  0 -0.173243     -0.429991    
289  2.284      1  0 -0.173244     -0.429897    
290  2.285      1  0 -0.173244     -0.429811    
291  2.286      1  0 -0.173245     -0.429734    
292  2.287      1  0 -0.173245     -0.429669    
293  2.288      1  0 -0.173245     -0.429617    
294  2.289      1  0 -0.173245     -0.429579    
295  2.290      1  0 -0.173246     -0.429556    
296  2.291      1  0 -0.173246     -0.429548    
297  2.292      1  0 -0.173246     -0.429556    
298  2.293      1  0 -0.173246     -0.429580    
299  2.294      1  0 -0.173245     -0.429617    
300  2.295      1  0 -0.173245     -0.429669    
301  2.296      1  0 -0.173245     -0.429732    
302  2.297      1  0 -0.173244     -0.429805    
303  2.298      1  0 -0.173243     -0.429888    
304  2.299      1  0 -0.173243     -0.429975    
305  2.300      1  0 -0.173242     -0.430067    
306  2.301      1  0 -0.173242     -0.430161    
307  2.302      1  0 -0.173241     -0.430253    
308  2.303      1  0 -0.173240     -0.430341    
309  2.304      1  0 -0.173240     -0.430424    
310  2.305      1  0 -0.173239     -0.430499    
311  2.306      1  0 -0.173239     -0.430565    
312  2.307      1  0 -0.173238     -0.430618    
313  2.308      1  0 -0.173238     -0.430659    
314  2.309      1  0 -0.173238     -0.430686    
315  2.310      1  0 -0.173237     -0.430699    
316  2.311      1  0 -0.173237     -0.430696    
317  2.312      1  0 -0.173237     -0.430679    
318  2.313      1  0 -0.173237     -0.430648    
319  2.314      1  0 -0.173238     -0.430604    
320  2.315      1  0 -0.173238     -0.430548    
321  2.316      1  0 -0.173238     -0.430481    
322  2.317      1  0 -0.173239     -0.430406    
323  2.318      1  0 -0.173239     -0.430324    
324  2.319      1  0 -0.173240     -0.430238    
325  2.320      1  0 -0.173241     -0.430150    
326  2.321      1  0 -0.173241     -0.430062    
327  2.322      1  0 -0.173242     -0.429976    
328  2.323      1  0 -0.173242     -0.429895    
329  2.324      1  0 -0.173243     -0.429820    
330  2.325      1  0 -0.173244     -0.429754    
331  2.326      1  0 -0.173244     -0.429698    
332  2.327      1  0 -0.173244     -0.429654    
333  2.328      1  0 -0.173245     -0.429622    
334  2.329      1  0 -0.173245     -0.429603    
335  2.330      1  0 -0.173245     -0.429598    
336  2.331      1  0 -0.173245     -0.429607    
337  2.332      1  0 -0.173245     -0.429630    
338  2.333      1  0 -0.173245     -0.429665    
339  2.334      1  0 -0.173245     -0.429712    
340  2.335      1  0 -0.173245     -0.429770    
341  2.336      1  0 -0.173245     -0.429837    
342  2.337      1  0 -0.173244     -0.429911    
343  2.338      1  0 -0.173244     -0.429990    
344  2.339      1  0 -0.173243     -0.430072    
345  2.340      1  0 -0.173243     -0.430155    
346  2.341      1  0 -0.173242     -0.430237    
347  2.342      1  0 -0.173242     -0.430315    
348  2.343      1  0 -0.173241     -0.430388    
349  2.344      1  0 -0.173241     -0.430454    
350  2.345      1  0 -0.173241     -0.430511    
351  2.346      1  0 -0.173240     -0.430557    
352  2.347      1  0 -0.173240     -0.430592    
353  2.348      1  0 -0.173240     -0.430615    
354  2.349      1  0 -0.173240     -0.430625    
355  2.350      1  0 -0.173240     -0.430622    
356  2.351      1  0 -0.173240     -0.430606    
357  2.352      1  0 -0.173240     -0.430577    
358  2.353      1  0 -0.173240     -0.430537    
359  2.354      1  0 -0.173240     -0.430487    
360  2.355      1  0 -0.173241     -0.430428    
361  2.356      1  0 -0.173241     -0.430361    
362  2.357      1  0 -0.173242     -0.430289    
363  2.358      1  0 -0.173242     -0.430213    
364  2.359      1  0 -0.173243     -0.430135    
365  2.360      1  0 -0.173243     -0.430057    
366  2.361      1  0 -0.173244     -0.429982    
367  2.362      1  0 -0.173244     -0.429910    
368  2.363      1  0 -0.173245     -0.429845    
369  2.364      1  0 -0.173245     -0.429787    
370  2.365      1  0 -0.173246     -0.429738    
371  2.366      1  0 -0.173246     -0.429699    
372  2.367      1  0 -0.173246     -0.429672    
373  2.368      1  0 -0.173246     -0.429657    
374  2.369      1  0 -0.173246     -0.429655    
375  2.370      1  0 -0.173247     -0.429664    
376  2.371      1  0 -0.173246     -0.429685    
377  2.372      1  0 -0.173246     -0.429718    
378  2.373      1  0 -0.173246     -0.429761    
379  2.374      1  0 -0.173246     -0.429813    
380  2.375      1  0 -0.173245     -0.429873    
381  2.376      1  0 -0.173245     -0.429939    
382  2.377      1  0 -0.173245     -0.430009    
383  2.378      1  0 -0.173244     -0.430081    
384  2.379      1  0 -0.173244     -0.430154    
385  2.380      1  0 -0.173243     -0.430226    
386  2.381      1  0 -0.173243     -0.430295    
387  2.382      1  0 -0.173242     -0.430359    
388  2.383      1  0 -0.173242     -0.430416    
389  2.384      1  0 -0.173241     -0.430465    
390  2.385      1  0 -0.173241     -0.430505    
391  2.386      1  0 -0.173240     -0.430535    
392  2.387      1  0 -0.173240     -0.430554    
393  2.388      1  0 -0.173240     -0.430562    
394  2.389      1  0 -0.173240     -0.430559    
395  2.390      1  0 -0.173240     -0.430543    
396  2.391      1  0 -0.173240     -0.430517    
397  2.392      1  0 -0.173240     -0.430481    
398  2.393      1  0 -0.173240     -0.430435    
399  2.394      1  0 -0.173240     -0.430382    
400  2.395      1  0 -0.173241     -0.430322    
401  2.396      1  0 -0.173241     -0.430257    
402  2.397      1  0 -0.173241     -0.430189    
403  2.398      1  0 -0.173242     -0.430119    
404  2.399      1  0 -0.173242     -0.430050    
405  2.400      1  0 -0.173242     -0.429983    
406  2.401      1  0 -0.173243     -0.429920    
407  2.402      1  0 -0.173243     -0.429863    
408  2.403      1  0 -0.173243     -0.429812    
409  2.404      1  0 -0.173244     -0.429770    
410  2.405      1  0 -0.173244     -0.429736    
411  2.406      1  0 -0.173244     -0.429713    
412  2.407      1  0 -0.173244     -0.429701    
413  2.408      1  0 -0.173244     -0.429699    
414  2.409      1  0 -0.173244     -0.429708    
415  2.410      1  0 -0.173244     -0.429727    
416  2.411      1  0 -0.173243     -0.429757    
417  2.412      1  0 -0.173243     -0.429795    
418  2.413      1  0 -0.173243     -0.429841    
419  2.414      1  0 -0.173242     -0.429894    
420  2.415      1  0 -0.173242     -0.429952    
421  2.416      1  0 -0.173241     -0.430014    
422  2.417      1  0 -0.173241     -0.430078    
423  2.418      1  0 -0.173240     -0.430143    
424  2.419      1  0 -0.173240     -0.430206    
425  2.420      1  0 -0.173239     -0.430266    
426  2.421      1  0 -0.173239     -0.430322    
427  2.422      1  0 -0.173238     -0.430371    
428  2.423      1  0 -0.173238     -0.430414    
429  2.424      1  0 -0.173237     -0.430448    
430  2.425      1  0 -0.173237     -0.430474    
431  2.426      1  0 -0.173236     -0.430489    
432  2.427      1  0 -0.173236     -0.430494    
433  2.428      1  0 -0.173236     -0.430490    
434  2.429      1  0 -0.173236     -0.430475    
435  2.430      1  0 -0.173236     -0.430450    
436  2.431      1  0 -0.173236     -0.430417    
437  2.432      1  0 -0.173236     -0.430376    
438  2.433      1  0 -0.173236     -0.430328    
439  2.434      1  0 -0.173236     -0.430274    
440  2.435      1  0 -0.173236     -0.430216    
441  2.436      1  0 -0.173236     -0.430155    
442  2.437      1  0 -0.173237     -0.430092    
443  2.438      1  0 -0.173237     -0.430031    
444  2.439      1  0 -0.173237     -0.429971    
445  2.440      1  0 -0.173237     -0.429916    
446  2.441      1  0 -0.173238     -0.429865    
447  2.442      1  0 -0.173238     -0.429821    
448  2.443      1  0 -0.173238     -0.429784    
449  2.444      1  0 -0.173238     -0.429756    
450  2.445      1  0 -0.173238     -0.429736    
451  2.446      1  0 -0.173238     -0.429726    
452  2.447      1  0 -0.173238     -0.429725    
453  2.448      1  0 -0.173238     -0.429734    
454  2.449      1  0 -0.173237     -0.429752    
455  2.450      1  0 -0.173237     -0.429778    
456  2.451      1  0 -0.173237     -0.429813    
457  2.452      1  0 -0.173236     -0.429853    
458  2.453      1  0 -0.173236     -0.429900    
459  2.454      1  0 -0.173236     -0.429952    
460  2.455      1  0 -0.173235     -0.430007    
461  2.456      1  0 -0.173234     -0.430063    
462  2.457      1  0 -0.173234     -0.430120    
463  2.458      1  0 -0.173233     -0.430176    
464  2.459      1  0 -0.173233     -0.430229    
465  2.460      1  0 -0.173232     -0.430278    
466  2.461      1  0 -0.173232     -0.430322    
467  2.462      1  0 -0.173231     -0.430359    
468  2.463      1  0 -0.173231     -0.430388    
469  2.464      1  0 -0.173230     -0.430409    
470  2.465      1  0 -0.173230     -0.430421    
471  2.466      1  0 -0.173230     -0.430424    
472  2.467      1  0 -0.173230     -0.430418    
473  2.468      1  0 -0.173230     -0.430403    
474  2.469      1  0 -0.173229     -0.430380    
475  2.470      1  0 -0.173229     -0.430350    
476  2.471      1  0 -0.173229     -0.430312    
477  2.472      1  0 -0.173230     -0.430269    
478  2.473      1  0 -0.173230     -0.430221    
479  2.474      1  0 -0.173230     -0.430169    
480  2.475      1  0 -0.173230     -0.430115    
481  2.476      1  0 -0.173230     -0.430061    
482  2.477      1  0 -0.173230     -0.430006    
483  2.478      1  0 -0.173231     -0.429954    
484  2.479      1  0 -0.173231     -0.429905    
485  2.480      1  0 -0.173231     -0.429861    
486  2.481      1  0 -0.173231     -0.429822    
487  2.482      1  0 -0.173231     -0.429790    
488  2.483      1  0 -0.173231     -0.429765    
489  2.484      1  0 -0.173231     -0.429749    
490  2.485      1  0 -0.173231     -0.429741    
491  2.486      1  0 -0.173231     -0.429741    
492  2.487      1  0 -0.173231     -0.429749    
493  2.488      1  0 -0.173231     -0.429766    
494  2.489      1  0 -0.173231     -0.429790    
495  2.490      1  0 -0.173230     -0.429821    
496  2.491      1  0 -0.173230     -0.429858    
497  2.492      1  0 -0.173229     -0.429900    
498  2.493      1  0 -0.173229     -0.429947    
499  2.494      1  0 -0.173229     -0.429995    
500  2.495      1  0 -0.173228     -0.430045    
501  2.496      1  0 -0.173228     -0.430096    
502  2.497      1  0 -0.173227     -0.430145    
503  2.498      1  0 -0.173227     -0.430192    
504  2.499      1  0 -0.173226     -0.430234    
505  2.500      1  0 -0.173226     -0.430272    
506  2.501      1  0 -0.173225     -0.430304    
507  2.502      1  0 -0.173225     -0.430328    
508  2.503      1  0 -0.173225     -0.430346    
509  2.504      1  0 -0.173225     -0.430356    
510  2.505      1  0 -0.173224     -0.430358    
511  2.506      1  0 -0.173224     -0.430352    
512  2.507      1  0 -0.173224     -0.430338    
513  2.508      1  0 -0.173224     -0.430317    
514  2.509      1  0 -0.173224     -0.430289    
515  2.510      1  0 -0.173224     -0.430255    
516  2.511      1  0 -0.173224     -0.430216    
517  2.512      1  0 -0.173225     -0.430174    
518  2.513      1  0 -0.173225     -0.430128    
519  2.514      1  0 -0.173225     -0.430080    
520  2.515      1  0 -0.173225     -0.430032    
521  2.516      1  0 -0.173225     -0.429984    
522  2.517      1  0 -0.173226     -0.429938    
523  2.518      1  0 -0.173226     -0.429895    
524  2.519      1  0 -0.173226     -0.429856    
525  2.520      1  0 -0.173226     -0.429822    
526  2.521      1  0 -0.173226     -0.429795    
527  2.522      1  0 -0.173226     -0.429774    
528  2.523      1  0 -0.173226     -0.429760    
529  2.524      1  0 -0.173226     -0.429753    
530  2.525      1  0 -0.173226     -0.429755    
531  2.526      1  0 -0.173226     -0.429763    
532  2.527      1  0 -0.173226     -0.429779    
533  2.528      1  0 -0.173226     -0.429801    
534  2.529      1  0 -0.173226     -0.429829    
535  2.530      1  0 -0.173225     -0.429862    
536  2.531      1  0 -0.173225     -0.429900    
537  2.532      1  0 -0.173225     -0.429941    
538  2.533      1  0 -0.173224     -0.429984    
539  2.534      1  0 -0.173224     -0.430029    
540  2.535      1  0 -0.173224     -0.430073    
541  2.536      1  0 -0.173223     -0.430116    
542  2.537      1  0 -0.173223     -0.430157    
543  2.538      1  0 -0.173222     -0.430194    
544  2.539      1  0 -0.173222     -0.430227    
545  2.540      1  0 -0.173222     -0.430255    
546  2.541      1  0 -0.173221     -0.430276    
547  2.542      1  0 -0.173221     -0.430291    
548  2.543      1  0 -0.173221     -0.430299    
549  2.544      1  0 -0.173221     -0.430300    
550  2.545      1  0 -0.173221     -0.430294    
551  2.546      1  0 -0.173221     -0.430281    
552  2.547      1  0 -0.173221     -0.430262    
553  2.548      1  0 -0.173221     -0.430237    
554  2.549      1  0 -0.173221     -0.430207    
555  2.550      1  0 -0.173221     -0.430172    
556  2.551      1  0 -0.173221     -0.430134    
557  2.552      1  0 -0.173221     -0.430093    
558  2.553      1  0 -0.173222     -0.430051    
559  2.554      1  0 -0.173222     -0.430008    
560  2.555      1  0 -0.173222     -0.429966    
561  2.556      1  0 -0.173222     -0.429926    
562  2.557      1  0 -0.173222     -0.429888    
563  2.558      1  0 -0.173223     -0.429855    
564  2.559      1  0 -0.173223     -0.429826    
565  2.560      1  0 -0.173223     -0.429802    
566  2.561      1  0 -0.173223     -0.429784    
567  2.562      1  0 -0.173223     -0.429773    
568  2.563      1  0 -0.173223     -0.429768    
569  2.564      1  0 -0.173223     -0.429770    
570  2.565      1  0 -0.173223     -0.429778    
571  2.566      1  0 -0.173223     -0.429792    
572  2.567      1  0 -0.173223     -0.429813    
573  2.568      1  0 -0.173222     -0.429838    
574  2.569      1  0 -0.173222     -0.429868    
575  2.570      1  0 -0.173222     -0.429902    
576  2.571      1  0 -0.173222     -0.429938    
577  2.572      1  0 -0.173221     -0.429976    
578  2.573      1  0 -0.173221     -0.430015    
579  2.574      1  0 -0.173221     -0.430054    
580  2.575      1  0 -0.173220     -0.430091    
581  2.576      1  0 -0.173220     -0.430127    
582  2.577      1  0 -0.173220     -0.430159    
583  2.578      1  0 -0.173219     -0.430187    
584  2.579      1  0 -0.173219     -0.430211    
585  2.580      1  0 -0.173219     -0.430230    
586  2.581      1  0 -0.173219     -0.430243    
587  2.582      1  0 -0.173218     -0.430249    
588  2.583      1  0 -0.173218     -0.430249    
589  2.584      1  0 -0.173218     -0.430244    
590  2.585      1  0 -0.173218     -0.430232    
591  2.586      1  0 -0.173218     -0.430214    
592  2.587      1  0 -0.173218     -0.430191    
593  2.588      1  0 -0.173218     -0.430163    
594  2.589      1  0 -0.173218     -0.430132    
595  2.590      1  0 -0.173219     -0.430098    
596  2.591      1  0 -0.173219     -0.430062    
597  2.592      1  0 -0.173219     -0.430024    
598  2.593      1  0 -0.173219     -0.429987    
599  2.594      1  0 -0.173219     -0.429951    
600  2.595      1  0 -0.173219     -0.429915    
601  2.596      1  0 -0.173219     -0.429883    
602  2.597      1  0 -0.173219     -0.429853    
603  2.598      1  0 -0.173220     -0.429828    
604  2.599      1  0 -0.173220     -0.429808    
605  2.600      1  0 -0.173220     -0.429792    
606  2.601      1  0 -0.173220     -0.429782    
607  2.602      1  0 -0.173220     -0.429778    
608  2.603      1  0 -0.173220     -0.429780    
609  2.604      1  0 -0.173219     -0.429788    
610  2.605      1  0 -0.173219     -0.429801    
611  2.606      1  0 -0.173219     -0.429820    
612  2.607      1  0 -0.173219     -0.429843    
613  2.608      1  0 -0.173219     -0.429869    
614  2.609      1  0 -0.173218     -0.429900    
615  2.610      1  0 -0.173218     -0.429932    
616  2.611      1  0 -0.173218     -0.429966    
617  2.612      1  0 -0.173217     -0.430000    
618  2.613      1  0 -0.173217     -0.430034    
619  2.614      1  0 -0.173217     -0.430067    
620  2.615      1  0 -0.173216     -0.430098    
621  2.616      1  0 -0.173216     -0.430126    
622  2.617      1  0 -0.173216     -0.430151    
623  2.618      1  0 -0.173215     -0.430171    
624  2.619      1  0 -0.173215     -0.430186    
625  2.620      1  0 -0.173215     -0.430197    
626  2.621      1  0 -0.173215     -0.430202    
627  2.622      1  0 -0.173215     -0.430202    
628  2.623      1  0 -0.173214     -0.430196    
629  2.624      1  0 -0.173214     -0.430185    
630  2.625      1  0 -0.173214     -0.430169    
631  2.626      1  0 -0.173214     -0.430148    
632  2.627      1  0 -0.173214     -0.430123    
633  2.628      1  0 -0.173214     -0.430095    
634  2.629      1  0 -0.173214     -0.430065    
635  2.630      1  0 -0.173215     -0.430032    
636  2.631      1  0 -0.173215     -0.429999    
637  2.632      1  0 -0.173215     -0.429966    
638  2.633      1  0 -0.173215     -0.429934    
639  2.634      1  0 -0.173215     -0.429903    
640  2.635      1  0 -0.173215     -0.429874    
641  2.636      1  0 -0.173215     -0.429849    
642  2.637      1  0 -0.173215     -0.429827    
643  2.638      1  0 -0.173215     -0.429809    
644  2.639      1  0 -0.173215     -0.429796    
645  2.640      1  0 -0.173215     -0.429788    
646  2.641      1  0 -0.173215     -0.429785    
647  2.642      1  0 -0.173215     -0.429787    
648  2.643      1  0 -0.173215     -0.429794    
649  2.644      1  0 -0.173215     -0.429806    
650  2.645      1  0 -0.173214     -0.429822    
651  2.646      1  0 -0.173214     -0.429842    
652  2.647      1  0 -0.173214     -0.429867    
653  2.648      1  0 -0.173214     -0.429893    
654  2.649      1  0 -0.173213     -0.429922    
655  2.650      1  0 -0.173213     -0.429952    
656  2.651      1  0 -0.173213     -0.429982    
657  2.652      1  0 -0.173212     -0.430012    
658  2.653      1  0 -0.173212     -0.430041    
659  2.654      1  0 -0.173212     -0.430069    
660  2.655      1  0 -0.173211     -0.430093    
661  2.656      1  0 -0.173211     -0.430114    
662  2.657      1  0 -0.173211     -0.430131    
663  2.658      1  0 -0.173211     -0.430144    
664  2.659      1  0 -0.173210     -0.430153    
665  2.660      1  0 -0.173210     -0.430157    
666  2.661      1  0 -0.173210     -0.430156    
667  2.662      1  0 -0.173210     -0.430150    
668  2.663      1  0 -0.173210     -0.430140    
669  2.664      1  0 -0.173210     -0.430125    
670  2.665      1  0 -0.173210     -0.430107    
671  2.666      1  0 -0.173210     -0.430085    
672  2.667      1  0 -0.173210     -0.430060    
673  2.668      1  0 -0.173210     -0.430033    
674  2.669      1  0 -0.173210     -0.430004    
675  2.670      1  0 -0.173210     -0.429975    
676  2.671      1  0 -0.173210     -0.429945    
677  2.672      1  0 -0.173210     -0.429917    
678  2.673      1  0 -0.173210     -0.429889    
679  2.674      1  0 -0.173210     -0.429864    
680  2.675      1  0 -0.173210     -0.429841    
681  2.676      1  0 -0.173210     -0.429822    
682  2.677      1  0 -0.173210     -0.429807    
683  2.678      1  0 -0.173210     -0.429796    
684  2.679      1  0 -0.173210     -0.429789    
685  2.680      1  0 -0.173210     -0.429786    
686  2.681      1  0 -0.173210     -0.429788    
687  2.682      1  0 -0.173210     -0.429795    
688  2.683      1  0 -0.173210     -0.429806    
689  2.684      1  0 -0.173210     -0.429821    
690  2.685      1  0 -0.173209     -0.429839    
691  2.686      1  0 -0.173209     -0.429861    
692  2.687      1  0 -0.173209     -0.429884    
693  2.688      1  0 -0.173209     -0.429910    
694  2.689      1  0 -0.173208     -0.429936    
695  2.690      1  0 -0.173208     -0.429963    
696  2.691      1  0 -0.173208     -0.429989    
697  2.692      1  0 -0.173208     -0.430014    
698  2.693      1  0 -0.173207     -0.430037    
699  2.694      1  0 -0.173207     -0.430058    
700  2.695      1  0 -0.173207     -0.430077    
701  2.696      1  0 -0.173207     -0.430091    
702  2.697      1  0 -0.173206     -0.430103    
703  2.698      1  0 -0.173206     -0.430110    
704  2.699      1  0 -0.173206     -0.430113    
705  2.700      1  0 -0.173206     -0.430112    
706  2.701      1  0 -0.173206     -0.430106    
707  2.702      1  0 -0.173206     -0.430097    
708  2.703      1  0 -0.173206     -0.430084    
709  2.704      1  0 -0.173206     -0.430067    
710  2.705      1  0 -0.173206     -0.430047    
711  2.706      1  0 -0.173206     -0.430025    
712  2.707      1  0 -0.173206     -0.430000    
713  2.708      1  0 -0.173206     -0.429975    
714  2.709      1  0 -0.173206     -0.429949    
715  2.710      1  0 -0.173206     -0.429923    
716  2.711      1  0 -0.173206     -0.429898    
717  2.712      1  0 -0.173206     -0.429874    
718  2.713      1  0 -0.173206     -0.429852    
719  2.714      1  0 -0.173206     -0.429833    
720  2.715      1  0 -0.173206     -0.429817    
721  2.716      1  0 -0.173206     -0.429804    
722  2.717      1  0 -0.173206     -0.429795    
723  2.718      1  0 -0.173206     -0.429789    
724  2.719      1  0 -0.173206     -0.429787    
725  2.720      1  0 -0.173206     -0.429789    
726  2.721      1  0 -0.173206     -0.429795    
727  2.722      1  0 -0.173206     -0.429805    
728  2.723      1  0 -0.173206     -0.429818    
729  2.724      1  0 -0.173205     -0.429834    
730  2.725      1  0 -0.173205     -0.429853    
731  2.726      1  0 -0.173205     -0.429874    
732  2.727      1  0 -0.173205     -0.429896    
733  2.728      1  0 -0.173205     -0.429920    
734  2.729      1  0 -0.173204     -0.429943    
735  2.730      1  0 -0.173204     -0.429967    
736  2.731      1  0 -0.173204     -0.429989    
737  2.732      1  0 -0.173204     -0.430009    
738  2.733      1  0 -0.173203     -0.430028    
739  2.734      1  0 -0.173203     -0.430043    
740  2.735      1  0 -0.173203     -0.430056    
741  2.736      1  0 -0.173203     -0.430065    
742  2.737      1  0 -0.173203     -0.430071    
743  2.738      1  0 -0.173202     -0.430073    
744  2.739      1  0 -0.173202     -0.430072    
745  2.740      1  0 -0.173202     -0.430066    
746  2.741      1  0 -0.173202     -0.430058    
747  2.742      1  0 -0.173202     -0.430046    
748  2.743      1  0 -0.173202     -0.430031    
749  2.744      1  0 -0.173202     -0.430013    
750  2.745      1  0 -0.173202     -0.429993    
751  2.746      1  0 -0.173202     -0.429972    
752  2.747      1  0 -0.173202     -0.429949    
753  2.748      1  0 -0.173202     -0.429926    
754  2.749      1  0 -0.173202     -0.429902    
755  2.750      1  0 -0.173202     -0.429880    
756  2.751      1  0 -0.173202     -0.429859    
757  2.752      1  0 -0.173202     -0.429839    
758  2.753      1  0 -0.173202     -0.429823    
759  2.754      1  0 -0.173202     -0.429808    
760  2.755      1  0 -0.173202     -0.429797    
761  2.756      1  0 -0.173202     -0.429789    
762  2.757      1  0 -0.173202     -0.429785    
763  2.758      1  0 -0.173202     -0.429784    
764  2.759      1  0 -0.173202     -0.429786    
765  2.760      1  0 -0.173202     -0.429792    
766  2.761      1  0 -0.173202     -0.429801    
767  2.762      1  0 -0.173202     -0.429813    
768  2.763      1  0 -0.173202     -0.429827    
769  2.764      1  0 -0.173201     -0.429843    
770  2.765      1  0 -0.173201     -0.429861    
771  2.766      1  0 -0.173201     -0.429881    
772  2.767      1  0 -0.173201     -0.429902    
773  2.768      1  0 -0.173200     -0.429922    
774  2.769      1  0 -0.173200     -0.429943    
775  2.770      1  0 -0.173200     -0.429963    
776  2.771      1  0 -0.173200     -0.429981    
777  2.772      1  0 -0.173199     -0.429997    
778  2.773      1  0 -0.173199     -0.430011    
779  2.774      1  0 -0.173199     -0.430022    
780  2.775      1  0 -0.173199     -0.430030    
781  2.776      1  0 -0.173199     -0.430035    
782  2.777      1  0 -0.173199     -0.430036    
783  2.778      1  0 -0.173198     -0.430034    
784  2.779      1  0 -0.173198     -0.430028    
785  2.780      1  0 -0.173198     -0.430020    
786  2.781      1  0 -0.173198     -0.430009    
787  2.782      1  0 -0.173198     -0.429995    
788  2.783      1  0 -0.173198     -0.429980    
789  2.784      1  0 -0.173198     -0.429962    
790  2.785      1  0 -0.173198     -0.429944    
791  2.786      1  0 -0.173198     -0.429924    
792  2.787      1  0 -0.173198     -0.429904    
793  2.788      1  0 -0.173198     -0.429884    
794  2.789      1  0 -0.173198     -0.429864    
795  2.790      1  0 -0.173198     -0.429845    
796  2.791      1  0 -0.173198     -0.429828    
797  2.792      1  0 -0.173198     -0.429813    
798  2.793      1  0 -0.173198     -0.429800    
799  2.794      1  0 -0.173198     -0.429789    
800  2.795      1  0 -0.173198     -0.429782    
801  2.796      1  0 -0.173198     -0.429778    
802  2.797      1  0 -0.173198     -0.429777    
803  2.798      1  0 -0.173198     -0.429780    
804  2.799      1  0 -0.173198     -0.429785    
805  2.800      1  0 -0.173197     -0.429794    
806  2.801      1  0 -0.173197     -0.429805    
807  2.802      1  0 -0.173197     -0.429818    
808  2.803      1  0 -0.173197     -0.429833    
809  2.804      1  0 -0.173197     -0.429849    
810  2.805      1  0 -0.173196     -0.429866    
811  2.806      1  0 -0.173196     -0.429884    
812  2.807      1  0 -0.173196     -0.429902    
813  2.808      1  0 -0.173196     -0.429920    
814  2.809      1  0 -0.173195     -0.429937    
815  2.810      1  0 -0.173195     -0.429952    
816  2.811      1  0 -0.173195     -0.429966    
817  2.812      1  0 -0.173195     -0.429978    
818  2.813      1  0 -0.173195     -0.429988    
819  2.814      1  0 -0.173194     -0.429995    
820  2.815      1  0 -0.173194     -0.429999    
821  2.816      1  0 -0.173194     -0.430000    
822  2.817      1  0 -0.173194     -0.429998    
823  2.818      1  0 -0.173194     -0.429993    
824  2.819      1  0 -0.173194     -0.429986    
825  2.820      1  0 -0.173194     -0.429976    
826  2.821      1  0 -0.173194     -0.429964    
827  2.822      1  0 -0.173194     -0.429950    
828  2.823      1  0 -0.173194     -0.429934    
829  2.824      1  0 -0.173194     -0.429917    
830  2.825      1  0 -0.173194     -0.429899    
831  2.826      1  0 -0.173194     -0.429881    
832  2.827      1  0 -0.173194     -0.429863    
833  2.828      1  0 -0.173194     -0.429846    
834  2.829      1  0 -0.173193     -0.429829    
835  2.830      1  0 -0.173193     -0.429814    
836  2.831      1  0 -0.173193     -0.429801    
837  2.832      1  0 -0.173193     -0.429789    
838  2.833      1  0 -0.173193     -0.429781    
839  2.834      1  0 -0.173193     -0.429775    
840  2.835      1  0 -0.173193     -0.429771    
841  2.836      1  0 -0.173193     -0.429771    
842  2.837      1  0 -0.173193     -0.429773    
843  2.838      1  0 -0.173193     -0.429778    
844  2.839      1  0 -0.173193     -0.429786    
845  2.840      1  0 -0.173193     -0.429795    
846  2.841      1  0 -0.173193     -0.429807    
847  2.842      1  0 -0.173192     -0.429820    
848  2.843      1  0 -0.173192     -0.429835    
849  2.844      1  0 -0.173192     -0.429850    
850  2.845      1  0 -0.173192     -0.429865    
851  2.846      1  0 -0.173192     -0.429881    
852  2.847      1  0 -0.173191     -0.429896    
853  2.848      1  0 -0.173191     -0.429911    
854  2.849      1  0 -0.173191     -0.429925    
855  2.850      1  0 -0.173191     -0.429937    
856  2.851      1  0 -0.173191     -0.429948    
857  2.852      1  0 -0.173190     -0.429957    
858  2.853      1  0 -0.173190     -0.429963    
859  2.854      1  0 -0.173190     -0.429967    
860  2.855      1  0 -0.173190     -0.429968    
861  2.856      1  0 -0.173190     -0.429966    
862  2.857      1  0 -0.173190     -0.429961    
863  2.858      1  0 -0.173190     -0.429954    
864  2.859      1  0 -0.173190     -0.429944    
865  2.860      1  0 -0.173190     -0.429932    
866  2.861      1  0 -0.173190     -0.429919    
867  2.862      1  0 -0.173190     -0.429904    
868  2.863      1  0 -0.173190     -0.429889    
869  2.864      1  0 -0.173190     -0.429873    
870  2.865      1  0 -0.173190     -0.429858    
871  2.866      1  0 -0.173190     -0.429842    
872  2.867      1  0 -0.173190     -0.429827    
873  2.868      1  0 -0.173190     -0.429814    
874  2.869      1  0 -0.173190     -0.429801    
875  2.870      1  0 -0.173190     -0.429790    
876  2.871      1  0 -0.173190     -0.429780    
877  2.872      1  0 -0.173189     -0.429772    
878  2.873      1  0 -0.173189     -0.429766    
879  2.874      1  0 -0.173189     -0.429762    
880  2.875      1  0 -0.173189     -0.429761    
881  2.876      1  0 -0.173189     -0.429763    
882  2.877      1  0 -0.173189     -0.429767    
883  2.878      1  0 -0.173189     -0.429774    
884  2.879      1  0 -0.173189     -0.429783    
885  2.880      1  0 -0.173189     -0.429794    
886  2.881      1  0 -0.173189     -0.429807    
887  2.882      1  0 -0.173188     -0.429820    
888  2.883      1  0 -0.173188     -0.429835    
889  2.884      1  0 -0.173188     -0.429849    
890  2.885      1  0 -0.173188     -0.429863    
891  2.886      1  0 -0.173188     -0.429877    
892  2.887      1  0 -0.173187     -0.429890    
893  2.888      1  0 -0.173187     -0.429902    
894  2.889      1  0 -0.173187     -0.429912    
895  2.890      1  0 -0.173187     -0.429921    
896  2.891      1  0 -0.173187     -0.429928    
897  2.892      1  0 -0.173187     -0.429933    
898  2.893      1  0 -0.173187     -0.429936    
899  2.894      1  0 -0.173186     -0.429936    
900  2.895      1  0 -0.173186     -0.429935    
901  2.896      1  0 -0.173186     -0.429930    
902  2.897      1  0 -0.173186     -0.429924    
903  2.898      1  0 -0.173186     -0.429916    
904  2.899      1  0 -0.173186     -0.429906    
905  2.900      1  0 -0.173186     -0.429894    
906  2.901      1  0 -0.173186     -0.429881    
907  2.902      1  0 -0.173186     -0.429867    
908  2.903      1  0 -0.173186     -0.429853    
909  2.904      1  0 -0.173186     -0.429838    
910  2.905      1  0 -0.173186     -0.429824    
911  2.906      1  0 -0.173186     -0.429810    
912  2.907      1  0 -0.173186     -0.429798    
913  2.908      1  0 -0.173186     -0.429786    
914  2.909      1  0 -0.173186     -0.429776    
915  2.910      1  0 -0.173186     -0.429768    
916  2.911      1  0 -0.173186     -0.429761    
917  2.912      1  0 -0.173186     -0.429757    
918  2.913      1  0 -0.173186     -0.429754    
919  2.914      1  0 -0.173186     -0.429754    
920  2.915      1  0 -0.173186     -0.429756    
921  2.916      1  0 -0.173186     -0.429759    
922  2.917      1  0 -0.173185     -0.429766    
923  2.918      1  0 -0.173185     -0.429774    
924  2.919      1  0 -0.173185     -0.429783    
925  2.920      1  0 -0.173185     -0.429794    
926  2.921      1  0 -0.173185     -0.429806    
927  2.922      1  0 -0.173185     -0.429819    
928  2.923      1  0 -0.173185     -0.429832    
929  2.924      1  0 -0.173184     -0.429844    
930  2.925      1  0 -0.173184     -0.429857    
931  2.926      1  0 -0.173184     -0.429868    
932  2.927      1  0 -0.173184     -0.429879    
933  2.928      1  0 -0.173184     -0.429888    
934  2.929      1  0 -0.173183     -0.429895    
935  2.930      1  0 -0.173183     -0.429901    
936  2.931      1  0 -0.173183     -0.429904    
937  2.932      1  0 -0.173183     -0.429906    
938  2.933      1  0 -0.173183     -0.429907    
939  2.934      1  0 -0.173183     -0.429905    
940  2.935      1  0 -0.173183     -0.429901    
941  2.936      1  0 -0.173183     -0.429895    
942  2.937      1  0 -0.173183     -0.429888    
943  2.938      1  0 -0.173183     -0.429879    
944  2.939      1  0 -0.173183     -0.429869    
945  2.940      1  0 -0.173183     -0.429857    
946  2.941      1  0 -0.173183     -0.429845    
947  2.942      1  0 -0.173183     -0.429832    
948  2.943      1  0 -0.173183     -0.429819    
949  2.944      1  0 -0.173183     -0.429806    
950  2.945      1  0 -0.173183     -0.429794    
951  2.946      1  0 -0.173183     -0.429782    
952  2.947      1  0 -0.173183     -0.429772    
953  2.948      1  0 -0.173182     -0.429763    
954  2.949      1  0 -0.173182     -0.429756    
955  2.950      1  0 -0.173182     -0.429750    
956  2.951      1  0 -0.173182     -0.429747    
957  2.952      1  0 -0.173182     -0.429745    
958  2.953      1  0 -0.173182     -0.429745    
959  2.954      1  0 -0.173182     -0.429747    
960  2.955      1  0 -0.173182     -0.429751    
961  2.956      1  0 -0.173182     -0.429757    
962  2.957      1  0 -0.173182     -0.429764    
963  2.958      1  0 -0.173182     -0.429772    
964  2.959      1  0 -0.173181     -0.429782    
965  2.960      1  0 -0.173181     -0.429792    
966  2.961      1  0 -0.173181     -0.429802    
967  2.962      1  0 -0.173181     -0.429813    
968  2.963      1  0 -0.173181     -0.429824    
969  2.964      1  0 -0.173180     -0.429835    
970  2.965      1  0 -0.173180     -0.429845    
971  2.966      1  0 -0.173180     -0.429854    
972  2.967      1  0 -0.173180     -0.429862    
973  2.968      1  0 -0.173180     -0.429868    
974  2.969      1  0 -0.173180     -0.429873    
975  2.970      1  0 -0.173179     -0.429876    
976  2.971      1  0 -0.173179     -0.429878    
977  2.972      1  0 -0.173179     -0.429877    
978  2.973      1  0 -0.173179     -0.429875    
979  2.974      1  0 -0.173179     -0.429871    
980  2.975      1  0 -0.173179     -0.429866    
981  2.976      1  0 -0.173179     -0.429858    
982  2.977      1  0 -0.173179     -0.429850    
983  2.978      1  0 -0.173179     -0.429840    
984  2.979      1  0 -0.173179     -0.429829    
985  2.980      1  0 -0.173179     -0.429818    
986  2.981      1  0 -0.173179     -0.429807    
987  2.982      1  0 -0.173179     -0.429796    
988  2.983      1  0 -0.173179     -0.429785    
989  2.984      1  0 -0.173179     -0.429775    
990  2.985      1  0 -0.173179     -0.429765    
991  2.986      1  0 -0.173179     -0.429756    
992  2.987      1  0 -0.173178     -0.429749    
993  2.988      1  0 -0.173178     -0.429743    
994  2.989      1  0 -0.173178     -0.429738    
995  2.990      1  0 -0.173178     -0.429735    
996  2.991      1  0 -0.173178     -0.429734    
997  2.992      1  0 -0.173178     -0.429734    
998  2.993      1  0 -0.173178     -0.429736    
999  2.994      1  0 -0.173178     -0.429739    
