# Pazy Wing (simplified : constant stiffness properties)                          
# Operating point sequence...
# i     t     conv	stall	 RY pos[ 1]    Theta[ 1]    
  1  2.994      1  0 -0.173178     -0.429739    
  2  2.995      1  0 -0.173178     -0.429745    
  3  2.996      1  0 -0.173177     -0.429751    
  4  2.997      1  0 -0.173177     -0.429758    
  5  2.998      1  0 -0.173177     -0.429767    
  6  2.999      1  0 -0.173177     -0.429775    
  7  3.000      1  0 -0.173177     -0.429785    
  8  3.001      1  0 -0.173176     -0.429795    
  9  3.002      1  0 -0.173176     -0.429804    
 10  3.003      1  0 -0.173176     -0.429813    
 11  3.004      1  0 -0.173176     -0.429822    
 12  3.005      1  0 -0.173176     -0.429830    
 13  3.006      1  0 -0.173176     -0.429837    
 14  3.007      1  0 -0.173175     -0.429842    
 15  3.008      1  0 -0.173175     -0.429846    
 16  3.009      1  0 -0.173175     -0.429850    
 17  3.010      1  0 -0.173175     -0.429851    
 18  3.011      1  0 -0.173175     -0.429851    
 19  3.012      1  0 -0.173175     -0.429849    
 20  3.013      1  0 -0.173175     -0.429846    
 21  3.014      1  0 -0.173175     -0.429841    
 22  3.015      1  0 -0.173175     -0.429836    
 23  3.016      1  0 -0.173174     -0.429829    
 24  3.017      1  0 -0.173174     -0.429821    
 25  3.018      1  0 -0.173174     -0.429813    
 26  3.019      1  0 -0.173174     -0.429804    
 27  3.020      1  0 -0.173174     -0.429794    
 28  3.021      1  0 -0.173174     -0.429785    
 29  3.022      1  0 -0.173174     -0.429776    
 30  3.023      1  0 -0.173174     -0.429768    
 31  3.024      1  0 -0.173174     -0.429760    
 32  3.025      1  0 -0.173174     -0.429754    
 33  3.026      1  0 -0.173174     -0.429748    
 34  3.027      1  0 -0.173174     -0.429743    
 35  3.028      1  0 -0.173174     -0.429739    
 36  3.029      1  0 -0.173174     -0.429737    
 37  3.030      1  0 -0.173174     -0.429736    
 38  3.031      1  0 -0.173174     -0.429736    
 39  3.032      1  0 -0.173174     -0.429738    
 40  3.033      1  0 -0.173174     -0.429741    
 41  3.034      1  0 -0.173174     -0.429745    
 42  3.035      1  0 -0.173174     -0.429750    
 43  3.036      1  0 -0.173173     -0.429757    
 44  3.037      1  0 -0.173173     -0.429764    
 45  3.038      1  0 -0.173173     -0.429772    
 46  3.039      1  0 -0.173173     -0.429781    
 47  3.040      1  0 -0.173173     -0.429789    
 48  3.041      1  0 -0.173173     -0.429798    
 49  3.042      1  0 -0.173173     -0.429806    
 50  3.043      1  0 -0.173173     -0.429813    
 51  3.044      1  0 -0.173173     -0.429820    
 52  3.045      1  0 -0.173173     -0.429826    
 53  3.046      1  0 -0.173173     -0.429830    
 54  3.047      1  0 -0.173173     -0.429834    
 55  3.048      1  0 -0.173173     -0.429837    
 56  3.049      1  0 -0.173173     -0.429838    
 57  3.050      1  0 -0.173173     -0.429838    
 58  3.051      1  0 -0.173173     -0.429837    
 59  3.052      1  0 -0.173173     -0.429835    
 60  3.053      1  0 -0.173173     -0.429832    
 61  3.054      1  0 -0.173173     -0.429827    
 62  3.055      1  0 -0.173173     -0.429822    
 63  3.056      1  0 -0.173173     -0.429815    
 64  3.057      1  0 -0.173173     -0.429808    
 65  3.058      1  0 -0.173173     -0.429801    
 66  3.059      1  0 -0.173173     -0.429793    
 67  3.060      1  0 -0.173173     -0.429785    
 68  3.061      1  0 -0.173173     -0.429777    
 69  3.062      1  0 -0.173173     -0.429770    
 70  3.063      1  0 -0.173174     -0.429764    
 71  3.064      1  0 -0.173174     -0.429758    
 72  3.065      1  0 -0.173174     -0.429753    
 73  3.066      1  0 -0.173174     -0.429749    
 74  3.067      1  0 -0.173174     -0.429747    
 75  3.068      1  0 -0.173174     -0.429745    
 76  3.069      1  0 -0.173174     -0.429745    
 77  3.070      1  0 -0.173174     -0.429745    
 78  3.071      1  0 -0.173174     -0.429747    
 79  3.072      1  0 -0.173174     -0.429750    
 80  3.073      1  0 -0.173174     -0.429754    
 81  3.074      1  0 -0.173174     -0.429760    
 82  3.075      1  0 -0.173175     -0.429766    
 83  3.076      1  0 -0.173175     -0.429772    
 84  3.077      1  0 -0.173175     -0.429780    
 85  3.078      1  0 -0.173175     -0.429788    
 86  3.079      1  0 -0.173175     -0.429795    
 87  3.080      1  0 -0.173175     -0.429803    
 88  3.081      1  0 -0.173175     -0.429811    
 89  3.082      1  0 -0.173175     -0.429818    
 90  3.083      1  0 -0.173175     -0.429824    
 91  3.084      1  0 -0.173175     -0.429830    
 92  3.085      1  0 -0.173175     -0.429834    
 93  3.086      1  0 -0.173175     -0.429838    
 94  3.087      1  0 -0.173175     -0.429841    
 95  3.088      1  0 -0.173176     -0.429842    
 96  3.089      1  0 -0.173176     -0.429843    
 97  3.090      1  0 -0.173176     -0.429842    
 98  3.091      1  0 -0.173176     -0.429841    
 99  3.092      1  0 -0.173176     -0.429838    
100  3.093      1  0 -0.173176     -0.429835    
101  3.094      1  0 -0.173177     -0.429831    
102  3.095      1  0 -0.173177     -0.429826    
103  3.096      1  0 -0.173177     -0.429820    
104  3.097      1  0 -0.173177     -0.429814    
105  3.098      1  0 -0.173177     -0.429807    
106  3.099      1  0 -0.173177     -0.429800    
107  3.100      1  0 -0.173178     -0.429794    
108  3.101      1  0 -0.173178     -0.429787    
109  3.102      1  0 -0.173178     -0.429782    
110  3.103      1  0 -0.173178     -0.429777    
111  3.104      1  0 -0.173178     -0.429773    
112  3.105      1  0 -0.173179     -0.429770    
113  3.106      1  0 -0.173179     -0.429768    
114  3.107      1  0 -0.173179     -0.429767    
115  3.108      1  0 -0.173179     -0.429768    
116  3.109      1  0 -0.173179     -0.429769    
117  3.110      1  0 -0.173180     -0.429771    
118  3.111      1  0 -0.173180     -0.429774    
119  3.112      1  0 -0.173180     -0.429778    
120  3.113      1  0 -0.173180     -0.429783    
121  3.114      1  0 -0.173180     -0.429788    
122  3.115      1  0 -0.173180     -0.429794    
123  3.116      1  0 -0.173180     -0.429800    
124  3.117      1  0 -0.173181     -0.429807    
125  3.118      1  0 -0.173181     -0.429814    
126  3.119      1  0 -0.173181     -0.429821    
127  3.120      1  0 -0.173181     -0.429828    
128  3.121      1  0 -0.173181     -0.429835    
129  3.122      1  0 -0.173181     -0.429841    
130  3.123      1  0 -0.173181     -0.429847    
131  3.124      1  0 -0.173181     -0.429852    
132  3.125      1  0 -0.173182     -0.429856    
133  3.126      1  0 -0.173182     -0.429859    
134  3.127      1  0 -0.173182     -0.429861    
135  3.128      1  0 -0.173182     -0.429861    
136  3.129      1  0 -0.173182     -0.429861    
137  3.130      1  0 -0.173182     -0.429860    
138  3.131      1  0 -0.173183     -0.429857    
139  3.132      1  0 -0.173183     -0.429854    
140  3.133      1  0 -0.173183     -0.429850    
141  3.134      1  0 -0.173183     -0.429846    
142  3.135      1  0 -0.173183     -0.429840    
143  3.136      1  0 -0.173184     -0.429835    
144  3.137      1  0 -0.173184     -0.429830    
145  3.138      1  0 -0.173184     -0.429825    
146  3.139      1  0 -0.173184     -0.429820    
147  3.140      1  0 -0.173184     -0.429815    
148  3.141      1  0 -0.173185     -0.429811    
149  3.142      1  0 -0.173185     -0.429807    
150  3.143      1  0 -0.173185     -0.429804    
151  3.144      1  0 -0.173185     -0.429801    
152  3.145      1  0 -0.173185     -0.429800    
153  3.146      1  0 -0.173185     -0.429799    
154  3.147      1  0 -0.173186     -0.429799    
155  3.148      1  0 -0.173186     -0.429799    
156  3.149      1  0 -0.173186     -0.429801    
157  3.150      1  0 -0.173186     -0.429804    
158  3.151      1  0 -0.173186     -0.429807    
159  3.152      1  0 -0.173186     -0.429811    
160  3.153      1  0 -0.173186     -0.429816    
161  3.154      1  0 -0.173187     -0.429822    
162  3.155      1  0 -0.173187     -0.429828    
163  3.156      1  0 -0.173187     -0.429834    
164  3.157      1  0 -0.173187     -0.429841    
165  3.158      1  0 -0.173187     -0.429848    
166  3.159      1  0 -0.173187     -0.429854    
167  3.160      1  0 -0.173187     -0.429860    
168  3.161      1  0 -0.173187     -0.429866    
169  3.162      1  0 -0.173187     -0.429870    
170  3.163      1  0 -0.173188     -0.429875    
171  3.164      1  0 -0.173188     -0.429877    
172  3.165      1  0 -0.173188     -0.429880    
173  3.166      1  0 -0.173188     -0.429881    
174  3.167      1  0 -0.173188     -0.429881    
175  3.168      1  0 -0.173188     -0.429881    
176  3.169      1  0 -0.173188     -0.429880    
177  3.170      1  0 -0.173188     -0.429879    
178  3.171      1  0 -0.173189     -0.429877    
179  3.172      1  0 -0.173189     -0.429874    
180  3.173      1  0 -0.173189     -0.429870    
181  3.174      1  0 -0.173189     -0.429866    
182  3.175      1  0 -0.173189     -0.429861    
183  3.176      1  0 -0.173189     -0.429857    
184  3.177      1  0 -0.173189     -0.429852    
185  3.178      1  0 -0.173190     -0.429847    
186  3.179      1  0 -0.173190     -0.429842    
187  3.180      1  0 -0.173190     -0.429837    
188  3.181      1  0 -0.173190     -0.429833    
189  3.182      1  0 -0.173190     -0.429830    
190  3.183      1  0 -0.173190     -0.429828    
191  3.184      1  0 -0.173190     -0.429826    
192  3.185      1  0 -0.173191     -0.429825    
193  3.186      1  0 -0.173191     -0.429825    
194  3.187      1  0 -0.173191     -0.429826    
195  3.188      1  0 -0.173191     -0.429828    
196  3.189      1  0 -0.173191     -0.429831    
197  3.190      1  0 -0.173191     -0.429834    
198  3.191      1  0 -0.173191     -0.429838    
199  3.192      1  0 -0.173191     -0.429842    
200  3.193      1  0 -0.173191     -0.429847    
201  3.194      1  0 -0.173191     -0.429853    
202  3.195      1  0 -0.173191     -0.429859    
203  3.196      1  0 -0.173192     -0.429864    
204  3.197      1  0 -0.173192     -0.429870    
205  3.198      1  0 -0.173192     -0.429876    
206  3.199      1  0 -0.173192     -0.429882    
207  3.200      1  0 -0.173192     -0.429886    
208  3.201      1  0 -0.173192     -0.429891    
209  3.202      1  0 -0.173192     -0.429895    
210  3.203      1  0 -0.173192     -0.429898    
211  3.204      1  0 -0.173192     -0.429900    
212  3.205      1  0 -0.173192     -0.429901    
213  3.206      1  0 -0.173192     -0.429902    
214  3.207      1  0 -0.173192     -0.429901    
215  3.208      1  0 -0.173192     -0.429900    
216  3.209      1  0 -0.173192     -0.429898    
217  3.210      1  0 -0.173193     -0.429896    
218  3.211      1  0 -0.173193     -0.429893    
219  3.212      1  0 -0.173193     -0.429889    
220  3.213      1  0 -0.173193     -0.429885    
221  3.214      1  0 -0.173193     -0.429881    
222  3.215      1  0 -0.173193     -0.429877    
223  3.216      1  0 -0.173193     -0.429872    
224  3.217      1  0 -0.173193     -0.429868    
225  3.218      1  0 -0.173193     -0.429863    
226  3.219      1  0 -0.173194     -0.429859    
227  3.220      1  0 -0.173194     -0.429856    
228  3.221      1  0 -0.173194     -0.429853    
229  3.222      1  0 -0.173194     -0.429851    
230  3.223      1  0 -0.173194     -0.429850    
231  3.224      1  0 -0.173194     -0.429849    
232  3.225      1  0 -0.173194     -0.429849    
233  3.226      1  0 -0.173194     -0.429850    
234  3.227      1  0 -0.173194     -0.429852    
235  3.228      1  0 -0.173194     -0.429855    
236  3.229      1  0 -0.173195     -0.429858    
237  3.230      1  0 -0.173195     -0.429862    
238  3.231      1  0 -0.173195     -0.429866    
239  3.232      1  0 -0.173195     -0.429871    
240  3.233      1  0 -0.173195     -0.429875    
241  3.234      1  0 -0.173195     -0.429880    
242  3.235      1  0 -0.173195     -0.429886    
243  3.236      1  0 -0.173195     -0.429891    
244  3.237      1  0 -0.173195     -0.429896    
245  3.238      1  0 -0.173195     -0.429900    
246  3.239      1  0 -0.173195     -0.429905    
247  3.240      1  0 -0.173195     -0.429909    
248  3.241      1  0 -0.173195     -0.429912    
249  3.242      1  0 -0.173195     -0.429915    
250  3.243      1  0 -0.173195     -0.429917    
251  3.244      1  0 -0.173195     -0.429918    
252  3.245      1  0 -0.173195     -0.429918    
253  3.246      1  0 -0.173196     -0.429917    
254  3.247      1  0 -0.173196     -0.429916    
255  3.248      1  0 -0.173196     -0.429914    
256  3.249      1  0 -0.173196     -0.429912    
257  3.250      1  0 -0.173196     -0.429909    
258  3.251      1  0 -0.173196     -0.429906    
259  3.252      1  0 -0.173196     -0.429903    
260  3.253      1  0 -0.173196     -0.429899    
261  3.254      1  0 -0.173196     -0.429895    
262  3.255      1  0 -0.173197     -0.429891    
263  3.256      1  0 -0.173197     -0.429888    
264  3.257      1  0 -0.173197     -0.429884    
265  3.258      1  0 -0.173197     -0.429881    
266  3.259      1  0 -0.173197     -0.429878    
267  3.260      1  0 -0.173197     -0.429875    
268  3.261      1  0 -0.173197     -0.429873    
269  3.262      1  0 -0.173197     -0.429872    
270  3.263      1  0 -0.173198     -0.429872    
271  3.264      1  0 -0.173198     -0.429873    
272  3.265      1  0 -0.173198     -0.429874    
273  3.266      1  0 -0.173198     -0.429876    
274  3.267      1  0 -0.173198     -0.429878    
275  3.268      1  0 -0.173198     -0.429881    
276  3.269      1  0 -0.173198     -0.429885    
277  3.270      1  0 -0.173198     -0.429889    
278  3.271      1  0 -0.173198     -0.429893    
279  3.272      1  0 -0.173198     -0.429897    
280  3.273      1  0 -0.173198     -0.429902    
281  3.274      1  0 -0.173199     -0.429907    
282  3.275      1  0 -0.173199     -0.429911    
283  3.276      1  0 -0.173199     -0.429915    
284  3.277      1  0 -0.173199     -0.429919    
285  3.278      1  0 -0.173199     -0.429923    
286  3.279      1  0 -0.173199     -0.429926    
287  3.280      1  0 -0.173199     -0.429929    
288  3.281      1  0 -0.173199     -0.429931    
289  3.282      1  0 -0.173199     -0.429933    
290  3.283      1  0 -0.173199     -0.429934    
291  3.284      1  0 -0.173199     -0.429934    
292  3.285      1  0 -0.173200     -0.429933    
293  3.286      1  0 -0.173200     -0.429932    
294  3.287      1  0 -0.173200     -0.429931    
295  3.288      1  0 -0.173200     -0.429928    
296  3.289      1  0 -0.173200     -0.429926    
297  3.290      1  0 -0.173200     -0.429923    
298  3.291      1  0 -0.173200     -0.429920    
299  3.292      1  0 -0.173201     -0.429916    
300  3.293      1  0 -0.173201     -0.429913    
301  3.294      1  0 -0.173201     -0.429910    
302  3.295      1  0 -0.173201     -0.429907    
303  3.296      1  0 -0.173201     -0.429904    
304  3.297      1  0 -0.173201     -0.429902    
305  3.298      1  0 -0.173202     -0.429900    
306  3.299      1  0 -0.173202     -0.429899    
307  3.300      1  0 -0.173202     -0.429898    
308  3.301      1  0 -0.173202     -0.429897    
309  3.302      1  0 -0.173202     -0.429897    
310  3.303      1  0 -0.173202     -0.429898    
311  3.304      1  0 -0.173202     -0.429899    
312  3.305      1  0 -0.173203     -0.429901    
313  3.306      1  0 -0.173203     -0.429903    
314  3.307      1  0 -0.173203     -0.429905    
315  3.308      1  0 -0.173203     -0.429909    
316  3.309      1  0 -0.173203     -0.429913    
317  3.310      1  0 -0.173203     -0.429917    
318  3.311      1  0 -0.173203     -0.429921    
319  3.312      1  0 -0.173203     -0.429925    
320  3.313      1  0 -0.173203     -0.429929    
321  3.314      1  0 -0.173203     -0.429933    
322  3.315      1  0 -0.173204     -0.429937    
323  3.316      1  0 -0.173204     -0.429941    
324  3.317      1  0 -0.173204     -0.429944    
325  3.318      1  0 -0.173204     -0.429946    
326  3.319      1  0 -0.173204     -0.429948    
327  3.320      1  0 -0.173204     -0.429949    
328  3.321      1  0 -0.173204     -0.429950    
329  3.322      1  0 -0.173204     -0.429950    
330  3.323      1  0 -0.173205     -0.429950    
331  3.324      1  0 -0.173205     -0.429949    
332  3.325      1  0 -0.173205     -0.429949    
333  3.326      1  0 -0.173205     -0.429948    
334  3.327      1  0 -0.173205     -0.429946    
335  3.328      1  0 -0.173205     -0.429944    
336  3.329      1  0 -0.173205     -0.429942    
337  3.330      1  0 -0.173206     -0.429939    
338  3.331      1  0 -0.173206     -0.429937    
339  3.332      1  0 -0.173206     -0.429934    
340  3.333      1  0 -0.173206     -0.429931    
341  3.334      1  0 -0.173206     -0.429929    
342  3.335      1  0 -0.173206     -0.429927    
343  3.336      1  0 -0.173206     -0.429924    
344  3.337      1  0 -0.173207     -0.429923    
345  3.338      1  0 -0.173207     -0.429922    
346  3.339      1  0 -0.173207     -0.429921    
347  3.340      1  0 -0.173207     -0.429921    
348  3.341      1  0 -0.173207     -0.429922    
349  3.342      1  0 -0.173207     -0.429923    
350  3.343      1  0 -0.173207     -0.429925    
351  3.344      1  0 -0.173207     -0.429927    
352  3.345      1  0 -0.173208     -0.429930    
353  3.346      1  0 -0.173208     -0.429932    
354  3.347      1  0 -0.173208     -0.429935    
355  3.348      1  0 -0.173208     -0.429938    
356  3.349      1  0 -0.173208     -0.429941    
357  3.350      1  0 -0.173208     -0.429944    
358  3.351      1  0 -0.173208     -0.429948    
359  3.352      1  0 -0.173208     -0.429951    
360  3.353      1  0 -0.173208     -0.429954    
361  3.354      1  0 -0.173208     -0.429957    
362  3.355      1  0 -0.173208     -0.429960    
363  3.356      1  0 -0.173209     -0.429963    
364  3.357      1  0 -0.173209     -0.429966    
365  3.358      1  0 -0.173209     -0.429967    
366  3.359      1  0 -0.173209     -0.429969    
367  3.360      1  0 -0.173209     -0.429970    
368  3.361      1  0 -0.173209     -0.429970    
369  3.362      1  0 -0.173209     -0.429970    
370  3.363      1  0 -0.173209     -0.429969    
371  3.364      1  0 -0.173209     -0.429969    
372  3.365      1  0 -0.173210     -0.429967    
373  3.366      1  0 -0.173210     -0.429965    
374  3.367      1  0 -0.173210     -0.429963    
375  3.368      1  0 -0.173210     -0.429961    
376  3.369      1  0 -0.173210     -0.429960    
377  3.370      1  0 -0.173210     -0.429958    
378  3.371      1  0 -0.173210     -0.429956    
379  3.372      1  0 -0.173211     -0.429954    
380  3.373      1  0 -0.173211     -0.429952    
381  3.374      1  0 -0.173211     -0.429951    
382  3.375      1  0 -0.173211     -0.429950    
383  3.376      1  0 -0.173211     -0.429949    
384  3.377      1  0 -0.173211     -0.429948    
385  3.378      1  0 -0.173211     -0.429947    
386  3.379      1  0 -0.173211     -0.429947    
387  3.380      1  0 -0.173211     -0.429947    
388  3.381      1  0 -0.173212     -0.429948    
389  3.382      1  0 -0.173212     -0.429949    
390  3.383      1  0 -0.173212     -0.429950    
391  3.384      1  0 -0.173212     -0.429952    
392  3.385      1  0 -0.173212     -0.429955    
393  3.386      1  0 -0.173212     -0.429958    
394  3.387      1  0 -0.173212     -0.429961    
395  3.388      1  0 -0.173212     -0.429964    
396  3.389      1  0 -0.173212     -0.429967    
397  3.390      1  0 -0.173212     -0.429970    
398  3.391      1  0 -0.173212     -0.429973    
399  3.392      1  0 -0.173212     -0.429976    
400  3.393      1  0 -0.173213     -0.429978    
401  3.394      1  0 -0.173213     -0.429980    
402  3.395      1  0 -0.173213     -0.429982    
403  3.396      1  0 -0.173213     -0.429984    
404  3.397      1  0 -0.173213     -0.429986    
405  3.398      1  0 -0.173213     -0.429987    
406  3.399      1  0 -0.173213     -0.429988    
407  3.400      1  0 -0.173213     -0.429988    
408  3.401      1  0 -0.173213     -0.429989    
409  3.402      1  0 -0.173213     -0.429989    
410  3.403      1  0 -0.173214     -0.429988    
411  3.404      1  0 -0.173214     -0.429987    
412  3.405      1  0 -0.173214     -0.429986    
413  3.406      1  0 -0.173214     -0.429985    
414  3.407      1  0 -0.173214     -0.429983    
415  3.408      1  0 -0.173214     -0.429981    
416  3.409      1  0 -0.173214     -0.429980    
417  3.410      1  0 -0.173214     -0.429978    
418  3.411      1  0 -0.173215     -0.429977    
419  3.412      1  0 -0.173215     -0.429975    
420  3.413      1  0 -0.173215     -0.429974    
421  3.414      1  0 -0.173215     -0.429973    
422  3.415      1  0 -0.173215     -0.429972    
423  3.416      1  0 -0.173215     -0.429971    
424  3.417      1  0 -0.173215     -0.429971    
425  3.418      1  0 -0.173215     -0.429971    
426  3.419      1  0 -0.173215     -0.429972    
427  3.420      1  0 -0.173216     -0.429973    
428  3.421      1  0 -0.173216     -0.429974    
429  3.422      1  0 -0.173216     -0.429976    
430  3.423      1  0 -0.173216     -0.429978    
431  3.424      1  0 -0.173216     -0.429980    
432  3.425      1  0 -0.173216     -0.429982    
433  3.426      1  0 -0.173216     -0.429985    
434  3.427      1  0 -0.173216     -0.429987    
435  3.428      1  0 -0.173216     -0.429990    
436  3.429      1  0 -0.173216     -0.429992    
437  3.430      1  0 -0.173217     -0.429994    
438  3.431      1  0 -0.173217     -0.429997    
439  3.432      1  0 -0.173217     -0.429999    
440  3.433      1  0 -0.173217     -0.430001    
441  3.434      1  0 -0.173217     -0.430002    
442  3.435      1  0 -0.173217     -0.430004    
443  3.436      1  0 -0.173217     -0.430006    
444  3.437      1  0 -0.173217     -0.430007    
445  3.438      1  0 -0.173217     -0.430008    
446  3.439      1  0 -0.173218     -0.430008    
447  3.440      1  0 -0.173218     -0.430008    
448  3.441      1  0 -0.173218     -0.430008    
449  3.442      1  0 -0.173218     -0.430007    
450  3.443      1  0 -0.173218     -0.430007    
451  3.444      1  0 -0.173218     -0.430005    
452  3.445      1  0 -0.173218     -0.430004    
453  3.446      1  0 -0.173218     -0.430003    
454  3.447      1  0 -0.173219     -0.430002    
455  3.448      1  0 -0.173219     -0.430000    
456  3.449      1  0 -0.173219     -0.429999    
457  3.450      1  0 -0.173219     -0.429998    
458  3.451      1  0 -0.173219     -0.429997    
459  3.452      1  0 -0.173219     -0.429996    
460  3.453      1  0 -0.173219     -0.429995    
461  3.454      1  0 -0.173220     -0.429995    
462  3.455      1  0 -0.173220     -0.429995    
463  3.456      1  0 -0.173220     -0.429995    
464  3.457      1  0 -0.173220     -0.429996    
465  3.458      1  0 -0.173220     -0.429996    
466  3.459      1  0 -0.173220     -0.429997    
467  3.460      1  0 -0.173220     -0.429998    
468  3.461      1  0 -0.173220     -0.430000    
469  3.462      1  0 -0.173220     -0.430001    
470  3.463      1  0 -0.173221     -0.430003    
471  3.464      1  0 -0.173221     -0.430005    
472  3.465      1  0 -0.173221     -0.430007    
473  3.466      1  0 -0.173221     -0.430009    
474  3.467      1  0 -0.173221     -0.430011    
475  3.468      1  0 -0.173221     -0.430014    
476  3.469      1  0 -0.173221     -0.430016    
477  3.470      1  0 -0.173221     -0.430017    
478  3.471      1  0 -0.173221     -0.430019    
479  3.472      1  0 -0.173222     -0.430021    
480  3.473      1  0 -0.173222     -0.430022    
481  3.474      1  0 -0.173222     -0.430024    
482  3.475      1  0 -0.173222     -0.430025    
483  3.476      1  0 -0.173222     -0.430026    
484  3.477      1  0 -0.173222     -0.430027    
485  3.478      1  0 -0.173222     -0.430027    
486  3.479      1  0 -0.173222     -0.430027    
487  3.480      1  0 -0.173223     -0.430027    
488  3.481      1  0 -0.173223     -0.430027    
489  3.482      1  0 -0.173223     -0.430026    
490  3.483      1  0 -0.173223     -0.430026    
491  3.484      1  0 -0.173223     -0.430025    
492  3.485      1  0 -0.173223     -0.430024    
493  3.486      1  0 -0.173223     -0.430022    
494  3.487      1  0 -0.173224     -0.430022    
495  3.488      1  0 -0.173224     -0.430021    
496  3.489      1  0 -0.173224     -0.430020    
497  3.490      1  0 -0.173224     -0.430020    
498  3.491      1  0 -0.173224     -0.430019    
499  3.492      1  0 -0.173224     -0.430019    
500  3.493      1  0 -0.173224     -0.430019    
501  3.494      1  0 -0.173224     -0.430019    
502  3.495      1  0 -0.173224     -0.430019    
503  3.496      1  0 -0.173225     -0.430019    
504  3.497      1  0 -0.173225     -0.430019    
505  3.498      1  0 -0.173225     -0.430020    
506  3.499      1  0 -0.173225     -0.430021    
507  3.500      1  0 -0.173225     -0.430022    
508  3.501      1  0 -0.173225     -0.430023    
509  3.502      1  0 -0.173225     -0.430025    
510  3.503      1  0 -0.173225     -0.430027    
511  3.504      1  0 -0.173226     -0.430028    
512  3.505      1  0 -0.173226     -0.430030    
513  3.506      1  0 -0.173226     -0.430032    
514  3.507      1  0 -0.173226     -0.430034    
515  3.508      1  0 -0.173226     -0.430036    
516  3.509      1  0 -0.173226     -0.430038    
517  3.510      1  0 -0.173226     -0.430039    
518  3.511      1  0 -0.173226     -0.430041    
519  3.512      1  0 -0.173226     -0.430042    
520  3.513      1  0 -0.173226     -0.430043    
521  3.514      1  0 -0.173227     -0.430044    
522  3.515      1  0 -0.173227     -0.430045    
523  3.516      1  0 -0.173227     -0.430046    
524  3.517      1  0 -0.173227     -0.430047    
525  3.518      1  0 -0.173227     -0.430047    
526  3.519      1  0 -0.173227     -0.430047    
527  3.520      1  0 -0.173227     -0.430048    
528  3.521      1  0 -0.173227     -0.430047    
529  3.522      1  0 -0.173227     -0.430047    
530  3.523      1  0 -0.173228     -0.430047    
531  3.524      1  0 -0.173228     -0.430046    
532  3.525      1  0 -0.173228     -0.430046    
533  3.526      1  0 -0.173228     -0.430045    
534  3.527      1  0 -0.173228     -0.430044    
535  3.528      1  0 -0.173228     -0.430044    
536  3.529      1  0 -0.173228     -0.430043    
537  3.530      1  0 -0.173228     -0.430043    
538  3.531      1  0 -0.173229     -0.430042    
539  3.532      1  0 -0.173229     -0.430042    
540  3.533      1  0 -0.173229     -0.430042    
541  3.534      1  0 -0.173229     -0.430042    
542  3.535      1  0 -0.173229     -0.430042    
543  3.536      1  0 -0.173229     -0.430043    
544  3.537      1  0 -0.173229     -0.430043    
545  3.538      1  0 -0.173229     -0.430044    
546  3.539      1  0 -0.173229     -0.430045    
547  3.540      1  0 -0.173229     -0.430046    
548  3.541      1  0 -0.173230     -0.430047    
549  3.542      1  0 -0.173230     -0.430048    
550  3.543      1  0 -0.173230     -0.430050    
551  3.544      1  0 -0.173230     -0.430051    
552  3.545      1  0 -0.173230     -0.430053    
553  3.546      1  0 -0.173230     -0.430054    
554  3.547      1  0 -0.173230     -0.430055    
555  3.548      1  0 -0.173230     -0.430057    
556  3.549      1  0 -0.173230     -0.430058    
557  3.550      1  0 -0.173230     -0.430060    
558  3.551      1  0 -0.173230     -0.430061    
559  3.552      1  0 -0.173231     -0.430063    
560  3.553      1  0 -0.173231     -0.430064    
561  3.554      1  0 -0.173231     -0.430065    
562  3.555      1  0 -0.173231     -0.430066    
563  3.556      1  0 -0.173231     -0.430067    
564  3.557      1  0 -0.173231     -0.430067    
565  3.558      1  0 -0.173231     -0.430068    
566  3.559      1  0 -0.173231     -0.430068    
567  3.560      1  0 -0.173231     -0.430068    
568  3.561      1  0 -0.173231     -0.430067    
569  3.562      1  0 -0.173232     -0.430067    
570  3.563      1  0 -0.173232     -0.430066    
571  3.564      1  0 -0.173232     -0.430066    
572  3.565      1  0 -0.173232     -0.430066    
573  3.566      1  0 -0.173232     -0.430065    
574  3.567      1  0 -0.173232     -0.430065    
575  3.568      1  0 -0.173232     -0.430065    
576  3.569      1  0 -0.173232     -0.430065    
577  3.570      1  0 -0.173232     -0.430065    
578  3.571      1  0 -0.173233     -0.430065    
579  3.572      1  0 -0.173233     -0.430065    
580  3.573      1  0 -0.173233     -0.430065    
581  3.574      1  0 -0.173233     -0.430065    
582  3.575      1  0 -0.173233     -0.430066    
583  3.576      1  0 -0.173233     -0.430066    
584  3.577      1  0 -0.173233     -0.430066    
585  3.578      1  0 -0.173233     -0.430067    
586  3.579      1  0 -0.173233     -0.430068    
587  3.580      1  0 -0.173234     -0.430069    
588  3.581      1  0 -0.173234     -0.430070    
589  3.582      1  0 -0.173234     -0.430071    
590  3.583      1  0 -0.173234     -0.430073    
591  3.584      1  0 -0.173234     -0.430074    
592  3.585      1  0 -0.173234     -0.430076    
593  3.586      1  0 -0.173234     -0.430078    
594  3.587      1  0 -0.173234     -0.430079    
595  3.588      1  0 -0.173234     -0.430081    
596  3.589      1  0 -0.173234     -0.430082    
597  3.590      1  0 -0.173235     -0.430083    
598  3.591      1  0 -0.173235     -0.430084    
599  3.592      1  0 -0.173235     -0.430085    
600  3.593      1  0 -0.173235     -0.430086    
601  3.594      1  0 -0.173235     -0.430086    
602  3.595      1  0 -0.173235     -0.430087    
603  3.596      1  0 -0.173235     -0.430087    
604  3.597      1  0 -0.173235     -0.430087    
605  3.598      1  0 -0.173235     -0.430088    
606  3.599      1  0 -0.173236     -0.430088    
607  3.600      1  0 -0.173236     -0.430088    
608  3.601      1  0 -0.173236     -0.430089    
609  3.602      1  0 -0.173236     -0.430089    
610  3.603      1  0 -0.173236     -0.430089    
611  3.604      1  0 -0.173236     -0.430088    
612  3.605      1  0 -0.173236     -0.430088    
613  3.606      1  0 -0.173236     -0.430088    
614  3.607      1  0 -0.173237     -0.430087    
615  3.608      1  0 -0.173237     -0.430087    
616  3.609      1  0 -0.173237     -0.430087    
617  3.610      1  0 -0.173237     -0.430087    
618  3.611      1  0 -0.173237     -0.430087    
619  3.612      1  0 -0.173237     -0.430087    
620  3.613      1  0 -0.173237     -0.430087    
621  3.614      1  0 -0.173237     -0.430087    
622  3.615      1  0 -0.173238     -0.430088    
623  3.616      1  0 -0.173238     -0.430088    
624  3.617      1  0 -0.173238     -0.430089    
625  3.618      1  0 -0.173238     -0.430090    
626  3.619      1  0 -0.173238     -0.430091    
627  3.620      1  0 -0.173238     -0.430092    
628  3.621      1  0 -0.173238     -0.430094    
629  3.622      1  0 -0.173238     -0.430095    
630  3.623      1  0 -0.173239     -0.430096    
631  3.624      1  0 -0.173239     -0.430098    
632  3.625      1  0 -0.173239     -0.430099    
633  3.626      1  0 -0.173239     -0.430100    
634  3.627      1  0 -0.173239     -0.430101    
635  3.628      1  0 -0.173239     -0.430102    
636  3.629      1  0 -0.173239     -0.430103    
637  3.630      1  0 -0.173239     -0.430104    
638  3.631      1  0 -0.173240     -0.430105    
639  3.632      1  0 -0.173240     -0.430105    
640  3.633      1  0 -0.173240     -0.430106    
641  3.634      1  0 -0.173240     -0.430107    
642  3.635      1  0 -0.173240     -0.430108    
643  3.636      1  0 -0.173240     -0.430109    
644  3.637      1  0 -0.173240     -0.430110    
645  3.638      1  0 -0.173240     -0.430111    
646  3.639      1  0 -0.173241     -0.430111    
647  3.640      1  0 -0.173241     -0.430111    
648  3.641      1  0 -0.173241     -0.430111    
649  3.642      1  0 -0.173241     -0.430111    
650  3.643      1  0 -0.173241     -0.430111    
651  3.644      1  0 -0.173241     -0.430110    
652  3.645      1  0 -0.173241     -0.430110    
653  3.646      1  0 -0.173241     -0.430109    
654  3.647      1  0 -0.173242     -0.430109    
655  3.648      1  0 -0.173242     -0.430109    
656  3.649      1  0 -0.173242     -0.430109    
657  3.650      1  0 -0.173242     -0.430109    
658  3.651      1  0 -0.173242     -0.430110    
659  3.652      1  0 -0.173242     -0.430110    
660  3.653      1  0 -0.173242     -0.430111    
661  3.654      1  0 -0.173242     -0.430111    
662  3.655      1  0 -0.173243     -0.430112    
663  3.656      1  0 -0.173243     -0.430112    
664  3.657      1  0 -0.173243     -0.430112    
665  3.658      1  0 -0.173243     -0.430113    
666  3.659      1  0 -0.173243     -0.430114    
667  3.660      1  0 -0.173243     -0.430114    
668  3.661      1  0 -0.173243     -0.430115    
669  3.662      1  0 -0.173243     -0.430116    
670  3.663      1  0 -0.173244     -0.430118    
671  3.664      1  0 -0.173244     -0.430119    
672  3.665      1  0 -0.173244     -0.430121    
673  3.666      1  0 -0.173244     -0.430122    
674  3.667      1  0 -0.173244     -0.430123    
675  3.668      1  0 -0.173244     -0.430124    
676  3.669      1  0 -0.173244     -0.430126    
677  3.670      1  0 -0.173244     -0.430127    
678  3.671      1  0 -0.173244     -0.430128    
679  3.672      1  0 -0.173245     -0.430128    
680  3.673      1  0 -0.173245     -0.430129    
681  3.674      1  0 -0.173245     -0.430130    
682  3.675      1  0 -0.173245     -0.430130    
683  3.676      1  0 -0.173245     -0.430131    
684  3.677      1  0 -0.173245     -0.430131    
685  3.678      1  0 -0.173245     -0.430132    
686  3.679      1  0 -0.173245     -0.430132    
687  3.680      1  0 -0.173245     -0.430132    
688  3.681      1  0 -0.173245     -0.430132    
689  3.682      1  0 -0.173246     -0.430132    
690  3.683      1  0 -0.173246     -0.430132    
691  3.684      1  0 -0.173246     -0.430132    
692  3.685      1  0 -0.173246     -0.430132    
693  3.686      1  0 -0.173246     -0.430132    
694  3.687      1  0 -0.173246     -0.430132    
695  3.688      1  0 -0.173246     -0.430132    
696  3.689      1  0 -0.173246     -0.430132    
697  3.690      1  0 -0.173247     -0.430132    
698  3.691      1  0 -0.173247     -0.430133    
699  3.692      1  0 -0.173247     -0.430133    
700  3.693      1  0 -0.173247     -0.430133    
701  3.694      1  0 -0.173247     -0.430133    
702  3.695      1  0 -0.173247     -0.430134    
703  3.696      1  0 -0.173247     -0.430134    
704  3.697      1  0 -0.173247     -0.430135    
705  3.698      1  0 -0.173247     -0.430136    
706  3.699      1  0 -0.173248     -0.430137    
707  3.700      1  0 -0.173248     -0.430138    
708  3.701      1  0 -0.173248     -0.430139    
709  3.702      1  0 -0.173248     -0.430140    
710  3.703      1  0 -0.173248     -0.430142    
711  3.704      1  0 -0.173248     -0.430143    
712  3.705      1  0 -0.173248     -0.430144    
713  3.706      1  0 -0.173248     -0.430145    
714  3.707      1  0 -0.173248     -0.430146    
715  3.708      1  0 -0.173248     -0.430146    
716  3.709      1  0 -0.173248     -0.430147    
717  3.710      1  0 -0.173249     -0.430147    
718  3.711      1  0 -0.173249     -0.430148    
719  3.712      1  0 -0.173249     -0.430148    
720  3.713      1  0 -0.173249     -0.430149    
721  3.714      1  0 -0.173249     -0.430150    
722  3.715      1  0 -0.173249     -0.430151    
723  3.716      1  0 -0.173249     -0.430152    
724  3.717      1  0 -0.173249     -0.430153    
725  3.718      1  0 -0.173249     -0.430153    
726  3.719      1  0 -0.173249     -0.430154    
727  3.720      1  0 -0.173250     -0.430154    
728  3.721      1  0 -0.173250     -0.430154    
729  3.722      1  0 -0.173250     -0.430153    
730  3.723      1  0 -0.173250     -0.430153    
731  3.724      1  0 -0.173250     -0.430152    
732  3.725      1  0 -0.173250     -0.430152    
733  3.726      1  0 -0.173250     -0.430152    
734  3.727      1  0 -0.173250     -0.430152    
735  3.728      1  0 -0.173250     -0.430152    
736  3.729      1  0 -0.173251     -0.430153    
737  3.730      1  0 -0.173251     -0.430154    
738  3.731      1  0 -0.173251     -0.430154    
739  3.732      1  0 -0.173251     -0.430155    
740  3.733      1  0 -0.173251     -0.430155    
741  3.734      1  0 -0.173251     -0.430156    
742  3.735      1  0 -0.173251     -0.430157    
743  3.736      1  0 -0.173251     -0.430158    
744  3.737      1  0 -0.173251     -0.430158    
745  3.738      1  0 -0.173251     -0.430159    
746  3.739      1  0 -0.173252     -0.430160    
747  3.740      1  0 -0.173252     -0.430161    
748  3.741      1  0 -0.173252     -0.430162    
749  3.742      1  0 -0.173252     -0.430163    
750  3.743      1  0 -0.173252     -0.430164    
751  3.744      1  0 -0.173252     -0.430165    
752  3.745      1  0 -0.173252     -0.430166    
753  3.746      1  0 -0.173252     -0.430167    
754  3.747      1  0 -0.173252     -0.430168    
755  3.748      1  0 -0.173252     -0.430169    
756  3.749      1  0 -0.173253     -0.430169    
757  3.750      1  0 -0.173253     -0.430170    
758  3.751      1  0 -0.173253     -0.430171    
759  3.752      1  0 -0.173253     -0.430172    
760  3.753      1  0 -0.173253     -0.430173    
761  3.754      1  0 -0.173253     -0.430173    
762  3.755      1  0 -0.173253     -0.430174    
763  3.756      1  0 -0.173253     -0.430174    
764  3.757      1  0 -0.173253     -0.430174    
765  3.758      1  0 -0.173254     -0.430174    
766  3.759      1  0 -0.173254     -0.430174    
767  3.760      1  0 -0.173254     -0.430174    
768  3.761      1  0 -0.173254     -0.430173    
769  3.762      1  0 -0.173254     -0.430173    
770  3.763      1  0 -0.173254     -0.430173    
771  3.764      1  0 -0.173254     -0.430173    
772  3.765      1  0 -0.173254     -0.430174    
773  3.766      1  0 -0.173255     -0.430174    
774  3.767      1  0 -0.173255     -0.430175    
775  3.768      1  0 -0.173255     -0.430176    
776  3.769      1  0 -0.173255     -0.430177    
777  3.770      1  0 -0.173255     -0.430178    
778  3.771      1  0 -0.173255     -0.430178    
779  3.772      1  0 -0.173255     -0.430179    
780  3.773      1  0 -0.173255     -0.430179    
781  3.774      1  0 -0.173255     -0.430179    
782  3.775      1  0 -0.173256     -0.430179    
783  3.776      1  0 -0.173256     -0.430179    
784  3.777      1  0 -0.173256     -0.430180    
785  3.778      1  0 -0.173256     -0.430180    
786  3.779      1  0 -0.173256     -0.430181    
787  3.780      1  0 -0.173256     -0.430182    
788  3.781      1  0 -0.173256     -0.430183    
789  3.782      1  0 -0.173256     -0.430185    
790  3.783      1  0 -0.173257     -0.430187    
791  3.784      1  0 -0.173257     -0.430188    
792  3.785      1  0 -0.173257     -0.430190    
793  3.786      1  0 -0.173257     -0.430191    
794  3.787      1  0 -0.173257     -0.430192    
795  3.788      1  0 -0.173257     -0.430192    
796  3.789      1  0 -0.173257     -0.430192    
797  3.790      1  0 -0.173257     -0.430192    
798  3.791      1  0 -0.173258     -0.430192    
799  3.792      1  0 -0.173258     -0.430192    
800  3.793      1  0 -0.173258     -0.430192    
801  3.794      1  0 -0.173258     -0.430192    
802  3.795      1  0 -0.173258     -0.430193    
803  3.796      1  0 -0.173258     -0.430193    
804  3.797      1  0 -0.173258     -0.430194    
805  3.798      1  0 -0.173258     -0.430195    
806  3.799      1  0 -0.173259     -0.430196    
807  3.800      1  0 -0.173259     -0.430196    
808  3.801      1  0 -0.173259     -0.430197    
809  3.802      1  0 -0.173259     -0.430198    
810  3.803      1  0 -0.173259     -0.430198    
811  3.804      1  0 -0.173259     -0.430198    
812  3.805      1  0 -0.173259     -0.430198    
813  3.806      1  0 -0.173260     -0.430198    
814  3.807      1  0 -0.173260     -0.430197    
815  3.808      1  0 -0.173260     -0.430197    
816  3.809      1  0 -0.173260     -0.430197    
817  3.810      1  0 -0.173260     -0.430198    
818  3.811      1  0 -0.173260     -0.430198    
819  3.812      1  0 -0.173260     -0.430199    
820  3.813      1  0 -0.173260     -0.430199    
821  3.814      1  0 -0.173261     -0.430200    
822  3.815      1  0 -0.173261     -0.430202    
823  3.816      1  0 -0.173261     -0.430203    
824  3.817      1  0 -0.173261     -0.430204    
825  3.818      1  0 -0.173261     -0.430205    
826  3.819      1  0 -0.173261     -0.430207    
827  3.820      1  0 -0.173261     -0.430207    
828  3.821      1  0 -0.173261     -0.430208    
829  3.822      1  0 -0.173261     -0.430209    
830  3.823      1  0 -0.173262     -0.430209    
831  3.824      1  0 -0.173262     -0.430210    
832  3.825      1  0 -0.173262     -0.430210    
833  3.826      1  0 -0.173262     -0.430210    
834  3.827      1  0 -0.173262     -0.430211    
835  3.828      1  0 -0.173262     -0.430212    
836  3.829      1  0 -0.173262     -0.430212    
837  3.830      1  0 -0.173262     -0.430213    
838  3.831      1  0 -0.173263     -0.430214    
839  3.832      1  0 -0.173263     -0.430215    
840  3.833      1  0 -0.173263     -0.430215    
841  3.834      1  0 -0.173263     -0.430216    
842  3.835      1  0 -0.173263     -0.430216    
843  3.836      1  0 -0.173263     -0.430217    
844  3.837      1  0 -0.173263     -0.430217    
845  3.838      1  0 -0.173263     -0.430218    
846  3.839      1  0 -0.173263     -0.430217    
847  3.840      1  0 -0.173264     -0.430218    
848  3.841      1  0 -0.173264     -0.430218    
849  3.842      1  0 -0.173264     -0.430218    
850  3.843      1  0 -0.173264     -0.430218    
851  3.844      1  0 -0.173264     -0.430218    
852  3.845      1  0 -0.173264     -0.430219    
853  3.846      1  0 -0.173264     -0.430219    
854  3.847      1  0 -0.173264     -0.430220    
855  3.848      1  0 -0.173264     -0.430220    
856  3.849      1  0 -0.173265     -0.430221    
857  3.850      1  0 -0.173265     -0.430222    
858  3.851      1  0 -0.173265     -0.430222    
859  3.852      1  0 -0.173265     -0.430223    
860  3.853      1  0 -0.173265     -0.430224    
861  3.854      1  0 -0.173265     -0.430225    
862  3.855      1  0 -0.173265     -0.430226    
863  3.856      1  0 -0.173265     -0.430227    
864  3.857      1  0 -0.173265     -0.430227    
865  3.858      1  0 -0.173266     -0.430228    
866  3.859      1  0 -0.173266     -0.430229    
867  3.860      1  0 -0.173266     -0.430230    
868  3.861      1  0 -0.173266     -0.430230    
869  3.862      1  0 -0.173266     -0.430230    
870  3.863      1  0 -0.173266     -0.430231    
871  3.864      1  0 -0.173266     -0.430231    
872  3.865      1  0 -0.173266     -0.430232    
873  3.866      1  0 -0.173266     -0.430233    
874  3.867      1  0 -0.173266     -0.430233    
875  3.868      1  0 -0.173267     -0.430234    
876  3.869      1  0 -0.173267     -0.430235    
877  3.870      1  0 -0.173267     -0.430236    
878  3.871      1  0 -0.173267     -0.430236    
879  3.872      1  0 -0.173267     -0.430237    
880  3.873      1  0 -0.173267     -0.430237    
881  3.874      1  0 -0.173267     -0.430237    
882  3.875      1  0 -0.173267     -0.430237    
883  3.876      1  0 -0.173267     -0.430237    
884  3.877      1  0 -0.173267     -0.430237    
885  3.878      1  0 -0.173268     -0.430237    
886  3.879      1  0 -0.173268     -0.430237    
887  3.880      1  0 -0.173268     -0.430237    
888  3.881      1  0 -0.173268     -0.430237    
889  3.882      1  0 -0.173268     -0.430238    
890  3.883      1  0 -0.173268     -0.430239    
891  3.884      1  0 -0.173268     -0.430239    
892  3.885      1  0 -0.173268     -0.430240    
893  3.886      1  0 -0.173268     -0.430241    
894  3.887      1  0 -0.173268     -0.430242    
895  3.888      1  0 -0.173269     -0.430242    
896  3.889      1  0 -0.173269     -0.430242    
897  3.890      1  0 -0.173269     -0.430243    
898  3.891      1  0 -0.173269     -0.430243    
899  3.892      1  0 -0.173269     -0.430243    
900  3.893      1  0 -0.173269     -0.430244    
901  3.894      1  0 -0.173269     -0.430244    
902  3.895      1  0 -0.173269     -0.430245    
903  3.896      1  0 -0.173269     -0.430246    
904  3.897      1  0 -0.173269     -0.430247    
905  3.898      1  0 -0.173270     -0.430248    
906  3.899      1  0 -0.173270     -0.430249    
907  3.900      1  0 -0.173270     -0.430250    
908  3.901      1  0 -0.173270     -0.430251    
909  3.902      1  0 -0.173270     -0.430252    
910  3.903      1  0 -0.173270     -0.430252    
911  3.904      1  0 -0.173270     -0.430253    
912  3.905      1  0 -0.173270     -0.430253    
913  3.906      1  0 -0.173270     -0.430254    
914  3.907      1  0 -0.173270     -0.430254    
915  3.908      1  0 -0.173270     -0.430255    
916  3.909      1  0 -0.173271     -0.430255    
917  3.910      1  0 -0.173271     -0.430255    
918  3.911      1  0 -0.173271     -0.430256    
919  3.912      1  0 -0.173271     -0.430256    
920  3.913      1  0 -0.173271     -0.430256    
921  3.914      1  0 -0.173271     -0.430256    
922  3.915      1  0 -0.173271     -0.430257    
923  3.916      1  0 -0.173271     -0.430257    
924  3.917      1  0 -0.173271     -0.430257    
925  3.918      1  0 -0.173271     -0.430257    
926  3.919      1  0 -0.173272     -0.430258    
927  3.920      1  0 -0.173272     -0.430258    
928  3.921      1  0 -0.173272     -0.430258    
929  3.922      1  0 -0.173272     -0.430259    
930  3.923      1  0 -0.173272     -0.430259    
931  3.924      1  0 -0.173272     -0.430260    
932  3.925      1  0 -0.173272     -0.430260    
933  3.926      1  0 -0.173272     -0.430261    
934  3.927      1  0 -0.173272     -0.430261    
935  3.928      1  0 -0.173272     -0.430261    
936  3.929      1  0 -0.173272     -0.430262    
937  3.930      1  0 -0.173273     -0.430262    
938  3.931      1  0 -0.173273     -0.430263    
939  3.932      1  0 -0.173273     -0.430264    
940  3.933      1  0 -0.173273     -0.430264    
941  3.934      1  0 -0.173273     -0.430265    
942  3.935      1  0 -0.173273     -0.430266    
943  3.936      1  0 -0.173273     -0.430267    
944  3.937      1  0 -0.173273     -0.430267    
945  3.938      1  0 -0.173273     -0.430268    
946  3.939      1  0 -0.173273     -0.430269    
947  3.940      1  0 -0.173274     -0.430269    
948  3.941      1  0 -0.173274     -0.430270    
949  3.942      1  0 -0.173274     -0.430270    
950  3.943      1  0 -0.173274     -0.430271    
951  3.944      1  0 -0.173274     -0.430271    
952  3.945      1  0 -0.173274     -0.430272    
953  3.946      1  0 -0.173274     -0.430272    
954  3.947      1  0 -0.173274     -0.430273    
955  3.948      1  0 -0.173274     -0.430274    
956  3.949      1  0 -0.173274     -0.430274    
957  3.950      1  0 -0.173275     -0.430275    
958  3.951      1  0 -0.173275     -0.430275    
959  3.952      1  0 -0.173275     -0.430276    
960  3.953      1  0 -0.173275     -0.430277    
961  3.954      1  0 -0.173275     -0.430277    
962  3.955      1  0 -0.173275     -0.430277    
963  3.956      1  0 -0.173275     -0.430278    
964  3.957      1  0 -0.173275     -0.430279    
965  3.958      1  0 -0.173275     -0.430279    
966  3.959      1  0 -0.173276     -0.430279    
967  3.960      1  0 -0.173276     -0.430280    
968  3.961      1  0 -0.173276     -0.430280    
969  3.962      1  0 -0.173276     -0.430280    
970  3.963      1  0 -0.173276     -0.430281    
971  3.964      1  0 -0.173276     -0.430281    
972  3.965      1  0 -0.173276     -0.430281    
973  3.966      1  0 -0.173276     -0.430282    
974  3.967      1  0 -0.173276     -0.430282    
975  3.968      1  0 -0.173277     -0.430283    
976  3.969      1  0 -0.173277     -0.430284    
977  3.970      1  0 -0.173277     -0.430285    
978  3.971      1  0 -0.173277     -0.430286    
979  3.972      1  0 -0.173277     -0.430287    
980  3.973      1  0 -0.173277     -0.430287    
981  3.974      1  0 -0.173277     -0.430288    
982  3.975      1  0 -0.173277     -0.430288    
983  3.976      1  0 -0.173277     -0.430289    
984  3.977      1  0 -0.173278     -0.430289    
985  3.978      1  0 -0.173278     -0.430290    
986  3.979      1  0 -0.173278     -0.430290    
987  3.980      1  0 -0.173278     -0.430291    
988  3.981      1  0 -0.173278     -0.430292    
989  3.982      1  0 -0.173278     -0.430292    
990  3.983      1  0 -0.173278     -0.430293    
991  3.984      1  0 -0.173278     -0.430294    
992  3.985      1  0 -0.173279     -0.430295    
993  3.986      1  0 -0.173279     -0.430295    
994  3.987      1  0 -0.173279     -0.430296    
995  3.988      1  0 -0.173279     -0.430297    
996  3.989      1  0 -0.173279     -0.430297    
997  3.990      1  0 -0.173279     -0.430298    
998  3.991      1  0 -0.173279     -0.430299    
999  3.992      1  0 -0.173279     -0.430299    
