# [0_3/90]_s                                                                      
# 
#   Op.Point     Eigenvalue
       1    -9.7744093         0.0000000    
       1    -16.270908         0.0000000    
       1    -23.665409         0.0000000    
       1   -0.94836495         26.326643    
       1    -31.498079         0.0000000    
       1    0.69753670E-04     36.356664    
       1    -39.614845         0.0000000    
       1    -1.8363249         132.08867    
       1    -1.0339495         168.27868    
       1   -0.96656108E-05     216.06305    
       1    -1.8472331         397.33447    
       2    -14.599216         0.0000000    
       2    -24.444950         0.0000000    
       2    -1.3995848         26.306571    
       2    -35.540241         0.0000000    
       2    0.12789741E-03     36.358614    
       2    -47.273678         0.0000000    
       2    -59.439102         0.0000000    
       2    -71.774208         0.0000000    
       2    -2.7572665         131.80969    
       2    -1.5197413         168.22238    
       2   -0.31711784E-04     216.06617    
       2    -2.7729192         397.25411    
       3    -19.368874         0.0000000    
       3    -1.8677267         26.292481    
       3    -32.636204         0.0000000    
       3    0.10176903E-04     36.361541    
       3    -47.433914         0.0000000    
       3    -63.059673         0.0000000    
       3    -79.270020         0.0000000    
       3    -3.6786256         131.41654    
       3    -1.9857919         168.15996    
       3   -0.78659435E-04     216.07063    
       3    -3.6993027         397.14055    
       4    -24.082071         0.0000000    
       4    -2.3585217         26.274057    
       4   -0.52367367E-03     36.365457    
       4    -40.837322         0.0000000    
       4    -59.344662         0.0000000    
       4    -78.855827         0.0000000    
       4    -99.106888         0.0000000    
       4    -4.6000683         130.90840    
       4    -2.4334785         168.09524    
       4   -0.16897287E-03     216.07644    
       4    -4.6259428         396.99384    
       5    -2.8734080         26.244730    
       5    -28.738287         0.0000000    
       5   -0.17435937E-02     36.370298    
       5    -49.044151         0.0000000    
       5    -71.271927         0.0000000    
       5    -94.661209         0.0000000    
       5    -118.94728         0.0000000    
       5    -5.5214966         130.28389    
       5    -2.8643867         168.03069    
       5   -0.33173557E-03     216.08370    
       5    -5.5524452         396.81437    
       6    -3.4133729         26.200771    
       6    -33.334995         0.0000000    
       6   -0.39352415E-02     36.375906    
       6    -57.253716         0.0000000    
       6    -83.213875         0.0000000    
       6    -6.4428746         129.54111    
       6    -3.2801945         167.96757    
       6   -0.61040465E-03     216.09247    
       6    -6.4784568         396.60267    
       7    -3.9803909         26.139878    
       7   -0.73999669E-02     36.382067    
       7    -37.866962         0.0000000    
       7    -65.462738         0.0000000    
       7    -95.166420         0.0000000    
       7    -7.3640864         128.67747    
       7    -3.6825881         167.90622    
       7   -0.10676217E-02     216.10288    
       7    -7.4036510         396.35959    
       8    -4.5778656         26.060136    
       8   -0.12463346E-01     36.388444    
       8    -42.325932         0.0000000    
       8    -73.666527         0.0000000    
       8    -107.12260         0.0000000    
       8    -8.2848176         127.68952    
       8    -142.09016         0.0000000    
       8    -4.0731828         167.84597    
       8   -0.17913175E-02     216.11502    
       8    -8.3277261         396.08620    
       9    -5.2108377         25.959334    
       9   -0.19490095E-01     36.394612    
       9    -46.700535         0.0000000    
       9    -81.858147         0.0000000    
       9    -119.07193         0.0000000    
       9    -9.2044521         126.57306    
       9    -4.4534685         167.78524    
       9   -0.29031533E-02     216.12903    
       9    -9.2503952         395.78381    
      10    -5.8862262         25.834446    
      10   -0.28904394E-01     36.400006    
      10    -50.975780         0.0000000    
      10    -90.027489         0.0000000    
      10    -10.121956         125.32289    
      10    -130.99948         0.0000000    
      10    -4.8247636         167.72138    
      10   -0.45698551E-02     216.14504    
      10    -10.171370         395.45422    
      11    -6.6133089         25.681079    
      11   -0.41216305E-01     36.403844    
      11    -55.131702         0.0000000    
      11    -98.159882         0.0000000    
      11    -11.035763         123.93262    
      11    -5.1881854         167.65055    
      11   -0.70190057E-02     216.16320    
      11    -11.090347         395.09962    
      12    -7.4045277         25.492711    
      12   -0.57055777E-01     36.405090    
      12    -59.141834         0.0000000    
      12    -106.23460         0.0000000    
      12    -11.943648         122.39454    
      12    -154.69630         0.0000000    
      12    -5.5446262         167.56740    
      12   -0.10561580E-01     216.18358    
      12    -12.006983         394.72299    
      12    -6.2412755         471.88678    
      13    -8.2769042         25.259465    
      13   -0.77217906E-01     36.402290    
      13    -62.969601         0.0000000    
      13    -114.22200         0.0000000    
      13    -12.842559         120.69919    
      13    -5.8947344         167.46459    
      13   -0.15623838E-01     216.20632    
      13    -12.920858         394.32807    
      14    -9.2544631         24.965909    
      14   -0.10272475         36.393411    
      14    -66.562660         0.0000000    
      14    -13.728420         118.83490    
      14    -122.07964         0.0000000    
      14    -6.2389004         167.33204    
      14   -0.22794841E-01     216.23142    
      14    -13.831408         393.91995    
      15    -10.372608         24.586802    
      15   -0.13491372         36.375540    
      15    -69.843086         0.0000000    
      15    -14.595821         116.78670    
      15    -129.74608         0.0000000    
      15    -6.5772283         167.15558    
      15   -0.32898488E-01     216.25871    
      15    -14.737827         393.50544    
      16    -11.686556         24.078243    
      16   -0.17557230         36.344444    
      16    -72.688309         0.0000000    
      16    -15.437593         114.53497    
      16    -137.13098         0.0000000    
      16    -6.9095020         166.91486    
      16   -0.47108950E-01     216.28776    
      16    -15.638907         393.09407    
      17    -13.289263         23.356973    
      17   -0.22715983         36.293775    
      17    -74.891975         0.0000000    
      17    -16.244002         112.05278    
      17    -144.09792         0.0000000    
      17    -7.2351186         166.57938    
      17   -0.67148032E-01     216.31753    
      17    -16.532648         392.69948    
      17    -8.1439000         467.05913    
      18    -15.354750         22.243765    
      18   -0.29322526         36.213693    
      18    -76.073021         0.0000000    
      18    -17.000989         109.30121    
      18    -150.43477         0.0000000    
      18    -7.5529691         166.10091    
      18   -0.95659873E-01     216.34585    
      18    -17.415517         392.34220    
      18    -8.4911977         464.89782    
      19    -18.266119         20.264517    
      19   -0.37935007         36.088068    
      19    -75.420586         0.0000000    
      19    -17.684966         106.22284    
      19    -155.80020         0.0000000    
      19    -7.8611038         165.39639    
      19   -0.13704069         216.36796    
      19    -227.87440         0.0000000    
      19    -18.280489         392.05582    
      19    -8.8330560         461.87223    
      20    -23.140763         15.503038    
      20   -0.49603096         35.888189    
      20    -70.728859         0.0000000    
      20    -18.237542         102.75549    
      20    -159.66443         0.0000000    
      20    -8.1551327         164.30045    
      20   -0.19979718         216.37279    
      20    -19.110615         391.90274    
      20    -9.1828945         457.46872    
      21    -17.392912         0.0000000    
      21   -0.67468183         35.560611    
      21    -53.016191         9.1285476    
      21    -18.344250         99.358689    
      21    -162.19450         0.0000000    
      21    -8.4125442         162.37871    
      21   -0.30715986         216.33016    
      21    -19.847208         392.03326    
      21    -9.5779097         450.55345    
      22    -18.030841         13.717005    
      22    -1.0976897         35.181048    
      22    -16.745191         104.71048    
      22    -107.47594         0.0000000    
      22    -8.3718703         158.40831    
      22    -192.34502         0.0000000    
      22   -0.56240748         216.18446    
      22    -20.193418         392.83637    
      22    -9.9188344         439.42396    
      23    -9.0036627         20.646799    
      23    -1.5678150         35.063304    
      23    -17.757233         116.10647    
      23    -137.19054         0.0000000    
      23    -7.6180397         153.49043    
      23   -0.95908507         215.89027    
      23    -271.25842         0.0000000    
      23    -19.780911         394.24628    
      23    -10.083196         428.39994    
      24    -6.2433294         21.793613    
      24    -1.6110102         34.848617    
      24    -19.706088         122.42192    
      24    -6.6964016         148.81580    
      24    -154.36888         0.0000000    
      24    -1.3338965         215.41293    
      24    -18.229741         395.80438    
      24    -11.823775         418.94655    
      25    -5.5825194         22.053493    
      25    -1.1624526         34.413750    
      25    -21.147275         126.24679    
      25    -5.8289457         143.88764    
      25    -171.21471         0.0000000    
      25    -1.7493427         214.75585    
      25    -13.038556         395.08319    
      25    -17.605608         412.04152    
      26    -6.5271284         21.921603    
      26   -0.35560771E-01     33.892326    
      26    -22.134031         128.42506    
      26    -4.8722630         138.29435    
      26    -190.99802         0.0000000    
      26    -2.3132112         213.89783    
      26    -8.2690666         387.49618    
      26    -22.780973         411.69509    
      27    -9.3880645         19.505968    
      27     2.0488611         33.607396    
      27    -22.900530         128.26803    
      27    -3.4488345         131.22785    
      27    -3.2786986         212.90110    
      27    -219.25711         0.0000000    
      27    -5.1643018         377.65605    
      27    -25.435310         412.28299    
      28    -1.0389335         0.0000000    
      28   -0.83669134         37.265128    
      28     7.9178212         71.505592    
      28    -103.60123         73.364316    
      28    -11.117360         143.23157    
      28    -177.17297         0.0000000    
      28   -0.62774225         195.11308    
      28    -21.347305         358.40352    
      28    -15.552712         383.99290    
      29   -0.72005618         0.0000000    
      29   -0.88452652         37.404742    
      29     10.935286         69.832480    
      29    -109.57912         75.254964    
      29    -11.592942         142.74175    
      29    -183.15056         0.0000000    
      29   -0.62962438         194.35564    
      29    -22.083669         356.05433    
      29    -15.994434         382.50932    
