# Mowe_temp                                                                       
# Operating point sequence...
# i     t     dWx ang.acc.  Wx rot.rate   Phi   (bank)  Phi[ 2]       Phi[ 3]      
  1  2.000      -71.4620       154.851      -324.870       35.1301       35.1301    
  2  2.010      -67.5970       154.175      -326.412       33.5883       33.5883    
  3  2.020      -63.0660       153.529      -327.949       32.0509       32.0509    
  4  2.030      -57.6001       152.930      -329.481       30.5189       30.5189    
  5  2.040      -51.2216       152.388      -331.008       28.9923       28.9923    
  6  2.050      -43.9260       151.915      -332.529       27.4708       27.4708    
  7  2.060      -35.8034       151.519      -334.047       25.9534       25.9534    
  8  2.070      -26.9347       151.207      -335.560       24.4396       24.4396    
  9  2.080      -17.4586       150.987      -337.072       22.9284       22.9284    
 10  2.090      -7.51540       150.863      -338.581       21.4190       21.4190    
 11  2.100       2.73462       150.840      -340.090       19.9102       19.9102    
 12  2.110       13.1023       150.920      -341.599       18.4011       18.4011    
 13  2.120       23.4320       151.103      -343.109       16.8908       16.8908    
 14  2.130       33.5172       151.387      -344.622       15.3781       15.3781    
 15  2.140       43.1868       151.770      -346.138       13.8621       13.8621    
 16  2.150       52.2815       152.246      -347.658       12.3418       12.3418    
 17  2.160       60.6504       152.809      -349.184       10.8163       10.8163    
 18  2.170       68.1546       153.451      -350.715       9.28484       9.28484    
 19  2.180       74.7124       154.163      -352.253       7.74663       7.74663    
 20  2.190       80.2158       154.935      -353.799       6.20101       6.20101    
 21  2.200       84.6656       155.757      -355.353       4.64741       4.64741    
 22  2.210       88.0055       156.618      -356.915       3.08543       3.08543    
 23  2.220       90.2979       157.506      -358.485       1.51471       1.51471    
 24  2.230       91.5755       158.413      -360.065     -0.649241E-01 -0.649241E-01
 25  2.240       91.9153       159.328      -361.654      -1.65368      -1.65368    
 26  2.250       91.4559       160.243      -363.252      -3.25154      -3.25154    
 27  2.260       90.2979       161.150      -364.858      -4.85846      -4.85846    
 28  2.270       88.5884       162.043      -366.474      -6.47437      -6.47437    
 29  2.280       86.5203       162.917      -368.099      -8.09911      -8.09911    
 30  2.290       84.2079       163.770      -369.732      -9.73246      -9.73246    
 31  2.300       81.8424       164.600      -371.374      -11.3742      -11.3742    
 32  2.310       79.5631       165.407      -373.024      -13.0242      -13.0242    
 33  2.320       77.5113       166.193      -374.682      -14.6821      -14.6821    
 34  2.330       75.7998       166.960      -376.348      -16.3478      -16.3478    
 35  2.340       74.5396       167.713      -378.021      -18.0212      -18.0212    
 36  2.350       73.7817       168.455      -379.702      -19.7020      -19.7020    
 37  2.360       73.5897       169.194      -381.390      -21.3902      -21.3902    
 38  2.370       73.9614       169.933      -383.086      -23.0858      -23.0858    
 39  2.380       74.8846       170.678      -384.789      -24.7888      -24.7888    
 40  2.390       76.3184       171.436      -386.499      -26.4994      -26.4994    
 41  2.400       78.1881       172.209      -388.218      -28.2176      -28.2176    
 42  2.410       80.4086       173.003      -389.944      -29.9437      -29.9437    
 43  2.420       82.8393       173.820      -391.678      -31.6778      -31.6778    
 44  2.430       85.4018       174.662      -393.420      -33.4202      -33.4202    
 45  2.440       87.8970       175.528      -395.171      -35.1712      -35.1712    
 46  2.450       90.2255       176.419      -396.931      -36.9310      -36.9310    
 47  2.460       92.2349       177.330      -398.700      -38.6998      -38.6998    
 48  2.470       93.7677       178.259      -400.478      -40.4778      -40.4778    
 49  2.480       94.7201       179.201      -402.265      -42.2651      -42.2651    
 50  2.490       94.9614       180.147      -404.062      -44.0618      -44.0618    
 51  2.500       94.4129       181.092      -405.868      -45.8680      -45.8680    
 52  2.510       92.9790       182.027      -407.684      -47.6836      -47.6836    
 53  2.520       90.6346       182.943      -409.508      -49.5083      -49.5083    
 54  2.530       87.3379       183.831      -411.342      -51.3421      -51.3421    
 55  2.540       83.0942       184.680      -413.185      -53.1846      -53.1846    
 56  2.550       77.9183       185.483      -415.035      -55.0353      -55.0353    
 57  2.560       71.8735       186.230      -416.894      -56.8937      -56.8937    
 58  2.570       65.0086       186.912      -418.759      -58.7592      -58.7592    
 59  2.580       57.4151       187.522      -420.631      -60.6312      -60.6312    
 60  2.590       49.1944       188.054      -422.509      -62.5088      -62.5088    
 61  2.600       40.4512       188.500      -424.391      -64.3914      -64.3914    
 62  2.610       31.2994       188.858      -426.278      -66.2779      -66.2779    
 63  2.620       21.8513       189.123      -428.168      -68.1676      -68.1676    
 64  2.630       12.2432       189.293      -430.059      -70.0594      -70.0594    
 65  2.640       2.55873       189.366      -431.953      -71.9525      -71.9525    
 66  2.650      -7.07028       189.344      -433.846      -73.8458      -73.8458    
 67  2.660      -16.5691       189.226      -435.738      -75.7384      -75.7384    
 68  2.670      -25.8293       189.014      -437.629      -77.6294      -77.6294    
 69  2.680      -34.8077       188.712      -439.518      -79.5179      -79.5179    
 70  2.690      -43.4129       188.322      -441.403      -81.4028      -81.4028    
 71  2.700      -51.6182       187.847      -443.283      -83.2834      -83.2834    
 72  2.710      -59.3887       187.293      -445.159      -85.1589      -85.1589    
 73  2.720      -66.6823       186.664      -447.028      -87.0285      -87.0285    
 74  2.730      -73.5090       185.964      -448.891      -88.8914      -88.8914    
 75  2.740      -79.8454       185.199      -450.747      -90.7470      -90.7470    
 76  2.750      -85.7032       184.372      -452.595      -92.5946      -92.5946    
 77  2.760      -91.0888       183.489      -454.434      -94.4338      -94.4338    
 78  2.770      -96.0066       182.555      -456.264      -96.2638      -96.2638    
 79  2.780      -100.474       181.574      -458.084      -98.0843      -98.0843    
 80  2.790      -104.501       180.550      -459.895      -99.8948      -99.8948    
 81  2.800      -108.104       179.488      -461.695      -101.695      -101.695    
 82  2.810      -111.280       178.392      -463.484      -103.484      -103.484    
 83  2.820      -114.046       177.267      -465.262      -105.262      -105.262    
 84  2.830      -116.399       176.115      -467.029      -107.029      -107.029    
 85  2.840      -118.338       174.943      -468.784      -108.784      -108.784    
 86  2.850      -119.855       173.753      -470.528      -110.528      -110.528    
 87  2.860      -120.953       172.550      -472.259      -112.259      -112.259    
 88  2.870      -121.604       171.338      -473.979      -113.979      -113.979    
 89  2.880      -121.809       170.122      -475.686      -115.686      -115.686    
 90  2.890      -121.543       168.907      -477.381      -117.381      -117.381    
 91  2.900      -120.799       167.696      -479.064      -119.064      -119.064    
 92  2.910      -119.560       166.495      -480.735      -120.735      -120.735    
 93  2.920      -117.813       165.310      -482.394      -122.394      -122.394    
 94  2.930      -115.552       164.144      -484.041      -124.041      -124.041    
 95  2.940      -112.763       163.004      -485.677      -125.677      -125.677    
 96  2.950      -109.464       161.894      -487.302      -127.302      -127.302    
 97  2.960      -105.636       160.820      -488.915      -128.915      -128.915    
 98  2.970      -101.306       159.787      -490.518      -130.518      -130.518    
 99  2.980      -96.4851       158.799      -492.111      -132.111      -132.111    
100  2.990      -91.2009       157.862      -493.695      -133.695      -133.695    
101  3.000      -85.4794       156.979      -495.269      -135.269      -135.269    
102  3.010      -79.3541       156.156      -496.835      -136.835      -136.835    
103  3.020      -72.8865       155.396      -498.393      -138.393      -138.393    
104  3.030      -66.1077       154.702      -499.944      -139.944      -139.944    
105  3.040      -59.0768       154.077      -501.488      -141.488      -141.488    
106  3.050      -51.8549       153.522      -503.026      -143.026      -143.026    
107  3.060      -44.5069       153.041      -504.559      -144.559      -144.559    
108  3.070      -37.0903       152.633      -506.087      -146.087      -146.087    
109  3.080      -29.6715       152.300      -507.612      -147.612      -147.612    
110  3.090      -22.3195       152.040      -509.134      -149.134      -149.134    
111  3.100      -15.0873       151.852      -510.653      -150.653      -150.653    
112  3.110      -8.04272       151.736      -512.172      -152.172      -152.172    
113  3.120      -1.23336       151.689      -513.689      -153.689      -153.689    
114  3.130       5.29213       151.709      -515.206      -155.206      -155.206    
115  3.140       11.4918       151.792      -516.724      -156.724      -156.724    
116  3.150       17.3293       151.935      -518.242      -158.242      -158.242    
117  3.160       22.7966       152.135      -519.763      -159.763      -159.763    
118  3.170       27.8574       152.387      -521.286      -161.286      -161.286    
119  3.180       32.5213       152.688      -522.811      -162.811      -162.811    
120  3.190       36.7950       153.034      -524.340      -164.340      -164.340    
121  3.200       40.6764       153.420      -525.872      -165.872      -165.872    
122  3.210       44.2081       153.844      -527.408      -167.408      -167.408    
123  3.220       47.4029       154.301      -528.949      -168.949      -168.949    
124  3.230       50.3029       154.789      -530.495      -170.495      -170.495    
125  3.240       52.9520       155.304      -532.045      -172.045      -172.045    
126  3.250       55.3866       155.845      -533.601      -173.601      -173.601    
127  3.260       57.6644       156.410      -535.162      -175.162      -175.162    
128  3.270       59.8170       156.997      -536.729      -176.729      -176.729    
129  3.280       61.8968       157.605      -538.302      -178.302      -178.302    
130  3.290       63.9459       158.235      -539.881      -179.881      -179.881    
131  3.300       65.9920       158.884      -541.467       178.533       178.533    
132  3.310       68.0727       159.555      -543.059       176.941       176.941    
133  3.320       70.2042       160.246      -544.658       175.342       175.342    
134  3.330       72.4131       160.959      -546.264       173.736       173.736    
135  3.340       74.6840       161.695      -547.878       172.122       172.122    
136  3.350       77.0289       162.454      -549.498       170.502       170.502    
137  3.360       79.4265       163.236      -551.127       168.873       168.873    
138  3.370       81.8637       164.043      -552.763       167.237       167.237    
139  3.380       84.2996       164.874      -554.408       165.592       165.592    
140  3.390       86.7175       165.729      -556.061       163.939       163.939    
141  3.400       89.0428       166.607      -557.723       162.277       162.277    
142  3.410       91.2727       167.509      -559.393       160.607       160.607    
143  3.420       93.3167       168.431      -561.073       158.927       158.927    
144  3.430       95.1535       169.373      -562.762       157.238       157.238    
145  3.440       96.7287       170.332      -564.461       155.539       155.539    
146  3.450       97.9833       171.305      -566.169       153.831       153.831    
147  3.460       98.8995       172.288      -567.887       152.113       152.113    
148  3.470       99.3923       173.279      -569.615       150.385       150.385    
149  3.480       99.4928       174.272      -571.352       148.648       148.648    
150  3.490       99.1296       175.264      -573.100       146.900       146.900    
151  3.500       98.3051       176.250      -574.858       145.142       145.142    
152  3.510       96.9921       177.225      -576.625       143.375       143.375    
153  3.520       95.2154       178.185      -578.402       141.598       141.598    
154  3.530       92.9573       179.125      -580.188       139.812       139.812    
155  3.540       90.2390       180.040      -581.984       138.016       138.016    
156  3.550       87.0879       180.925      -583.789       136.211       136.211    
157  3.560       83.5134       181.777      -585.602       134.398       134.398    
158  3.570       79.5436       182.591      -587.424       132.576       132.576    
159  3.580       75.2214       183.364      -589.254       130.746       130.746    
160  3.590       70.5690       184.092      -591.091       128.909       128.909    
161  3.600       65.6230       184.773      -592.935       127.065       127.065    
162  3.610       60.4253       185.402      -594.786       125.214       125.214    
163  3.620       54.9732       185.979      -596.643       123.357       123.357    
164  3.630       49.3421       186.500      -598.505       121.495       121.495    
165  3.640       43.5107       186.963      -600.372       119.628       119.628    
166  3.650       37.5488       187.368      -602.243       117.757       117.757    
167  3.660       31.4185       187.713      -604.119       115.881       115.881    
168  3.670       25.1852       187.995      -605.997       114.003       114.003    
169  3.680       18.8311       188.215      -607.878       112.122       112.122    
170  3.690       12.3729       188.371      -609.761       110.239       110.239    
171  3.700       5.80982       188.461      -611.645       108.355       108.355    
172  3.710     -0.835336       188.486      -613.529       106.471       106.471    
173  3.720      -7.58542       188.444      -615.414       104.586       104.586    
174  3.730      -14.4151       188.334      -617.297       102.703       102.703    
175  3.740      -21.3313       188.155      -619.180       100.820       100.820    
176  3.750      -28.3185       187.906      -621.060       98.9403       98.9403    
177  3.760      -35.3711       187.587      -622.937       97.0630       97.0630    
178  3.770      -42.4729       187.198      -624.811       95.1893       95.1893    
179  3.780      -49.6027       186.738      -626.680       93.3198       93.3198    
180  3.790      -56.7481       186.206      -628.545       91.4552       91.4552    
181  3.800      -63.8628       185.603      -630.404       89.5964       89.5964    
182  3.810      -70.9209       184.929      -632.256       87.7439       87.7439    
183  3.820      -77.8873       184.185      -634.101       85.8986       85.8986    
184  3.830      -84.7040       183.372      -635.939       84.0609       84.0609    
185  3.840      -91.3316       182.493      -637.768       82.2317       82.2317    
186  3.850      -97.7104       181.548      -639.588       80.4117       80.4117    
187  3.860      -103.781       180.541      -641.399       78.6014       78.6014    
188  3.870      -109.484       179.476      -643.199       76.8015       76.8015    
189  3.880      -114.759       178.356      -644.988       75.0125       75.0125    
190  3.890      -119.538       177.185      -646.765       73.2349       73.2349    
191  3.900      -123.762       175.970      -648.531       71.4692       71.4692    
192  3.910      -127.375       174.716      -650.284       69.7159       69.7159    
193  3.920      -130.311       173.429      -652.025       67.9753       67.9753    
194  3.930      -132.528       172.116      -653.752       66.2477       66.2477    
195  3.940      -133.972       170.786      -655.467       64.5334       64.5334    
196  3.950      -134.611       169.445      -657.168       62.8323       62.8323    
197  3.960      -134.418       168.102      -658.855       61.1447       61.1447    
198  3.970      -133.363       166.765      -660.530       59.4703       59.4703    
199  3.980      -131.452       165.443      -662.191       57.8093       57.8093    
200  3.990      -128.676       164.145      -663.839       56.1613       56.1613    
201  4.000      -125.055       162.878      -665.474       54.5262       54.5262    
202  4.010      -120.616       161.652      -667.097       52.9035       52.9035    
203  4.020      -115.397       160.474      -668.707       51.2927       51.2927    
204  4.030      -109.455       159.351      -670.307       49.6934       49.6934    
205  4.040      -102.854       158.291      -671.895       48.1049       48.1049    
206  4.050      -95.6603       157.300      -673.473       46.5268       46.5268    
207  4.060      -87.9697       156.384      -675.042       44.9581       44.9581    
208  4.070      -79.8679       155.545      -676.602       43.3982       43.3982    
209  4.080      -71.4537       154.790      -678.154       41.8462       41.8462    
210  4.090      -62.8316       154.119      -679.699       40.3014       40.3014    
211  4.100      -54.1121       153.535      -681.237       38.7629       38.7629    
212  4.110      -45.3865       153.037      -682.770       37.2298       37.2298    
213  4.120      -36.7759       152.626      -684.299       35.7013       35.7013    
214  4.130      -28.3682       152.300      -685.824       34.1763       34.1763    
215  4.140      -20.2481       152.056      -687.346       32.6543       32.6543    
216  4.150      -12.5146       151.892      -688.866       31.1343       31.1343    
217  4.160      -5.21635       151.802      -690.384       29.6156       29.6156    
218  4.170       1.57545       151.783      -691.902       28.0975       28.0975    
219  4.180       7.82910       151.828      -693.421       26.5793       26.5793    
220  4.190       13.5114       151.934      -694.940       25.0603       25.0603    
221  4.200       18.6181       152.093      -696.460       23.5400       23.5400    
222  4.210       23.1456       152.300      -697.982       22.0179       22.0179    
223  4.220       27.1304       152.550      -699.506       20.4936       20.4936    
224  4.230       30.5982       152.838      -701.033       18.9665       18.9665    
225  4.240       33.5912       153.157      -702.564       17.4364       17.4364    
226  4.250       36.1805       153.505      -704.097       15.9030       15.9030    
227  4.260       38.4396       153.877      -705.634       14.3659       14.3659    
228  4.270       40.4312       154.271      -707.175       12.8252       12.8252    
229  4.280       42.2341       154.684      -708.720       11.2803       11.2803    
230  4.290       43.9337       155.114      -710.269       9.73125       9.73125    
231  4.300       45.6101       155.562      -711.822       8.17774       8.17774    
232  4.310       47.3328       156.027      -713.380       6.61969       6.61969    
233  4.320       49.1627       156.509      -714.943       5.05689       5.05689    
234  4.330       51.1609       157.011      -716.511       3.48917       3.48917    
235  4.340       53.3691       157.534      -718.084       1.91637       1.91637    
236  4.350       55.8233       158.081      -719.662      0.338211      0.338211    
237  4.360       58.5247       158.653      -721.246      -1.24563      -1.24563    
238  4.370       61.5000       159.254      -722.835      -2.83526      -2.83526    
239  4.380       64.7126       159.886      -724.431      -4.43106      -4.43106    
240  4.390       68.1439       160.551      -726.033      -6.03337      -6.03337    
241  4.400       71.7602       161.251      -727.643      -7.64251      -7.64251    
242  4.410       75.4886       161.987      -729.259      -9.25881      -9.25881    
243  4.420       79.2915       162.761      -730.883      -10.8827      -10.8827    
244  4.430       83.0901       163.573      -732.515      -12.5145      -12.5145    
245  4.440       86.7857       164.423      -734.155      -14.1546      -14.1546    
246  4.450       90.3370       165.308      -735.803      -15.8034      -15.8034    
247  4.460       93.6373       166.227      -737.461      -17.4612      -17.4612    
248  4.470       96.6253       167.178      -739.128      -19.1283      -19.1283    
249  4.480       99.2286       168.157      -740.805      -20.8052      -20.8052    
250  4.490       101.368       169.158      -742.492      -22.4918      -22.4918    
251  4.500       103.024       170.179      -744.189      -24.1886      -24.1886    
252  4.510       104.120       171.214      -745.896      -25.8956      -25.8956    
253  4.520       104.642       172.256      -747.613      -27.6130      -27.6130    
254  4.530       104.580       173.301      -749.341      -29.3409      -29.3409    
255  4.540       103.911       174.342      -751.079      -31.0791      -31.0791    
256  4.550       102.656       175.373      -752.828      -32.8277      -32.8277    
257  4.560       100.831       176.389      -754.587      -34.5865      -34.5865    
258  4.570       98.4796       177.384      -756.355      -36.3554      -36.3554    
259  4.580       95.6217       178.354      -758.134      -38.1341      -38.1341    
260  4.590       92.3041       179.292      -759.922      -39.9223      -39.9223    
261  4.600       88.6112       180.196      -761.720      -41.7197      -41.7197    
262  4.610       84.5566       181.061      -763.526      -43.5259      -43.5259    
263  4.620       80.2196       181.884      -765.341      -45.3406      -45.3406    
264  4.630       75.6533       182.663      -767.163      -47.1632      -47.1632    
265  4.640       70.8896       183.395      -768.993      -48.9934      -48.9934    
266  4.650       65.9961       184.079      -770.831      -50.8307      -50.8307    
267  4.660       60.9928       184.713      -772.675      -52.6747      -52.6747    
268  4.670       55.9236       185.298      -774.525      -54.5246      -54.5246    
269  4.680       50.8001       185.831      -776.380      -56.3802      -56.3802    
270  4.690       45.6460       186.313      -778.241      -58.2409      -58.2409    
271  4.700       40.4474       186.744      -780.106      -60.1061      -60.1061    
272  4.710       35.2171       187.122      -781.975      -61.9753      -61.9753    
273  4.720       29.9481       187.448      -783.848      -63.8481      -63.8481    
274  4.730       24.6073       187.720      -785.724      -65.7238      -65.7238    
275  4.740       19.1846       187.939      -787.602      -67.6021      -67.6021    
276  4.750       13.6666       188.103      -789.482      -69.4822      -69.4822    
277  4.760       7.99193       188.211      -791.364      -71.3637      -71.3637    
278  4.770       2.19251       188.262      -793.246      -73.2460      -73.2460    
279  4.780      -3.80528       188.253      -795.129      -75.1285      -75.1285    
280  4.790      -9.98983       188.184      -797.011      -77.0106      -77.0106    
281  4.800      -16.3773       188.051      -798.892      -78.8917      -78.8917    
282  4.810      -22.9837       187.854      -800.771      -80.7711      -80.7711    
283  4.820      -29.7969       187.590      -802.648      -82.6482      -82.6482    
284  4.830      -36.8018       187.256      -804.522      -84.5223      -84.5223    
285  4.840      -43.9975       186.852      -806.393      -86.3927      -86.3927    
286  4.850      -51.3265       186.375      -808.259      -88.2587      -88.2587    
287  4.860      -58.7799       185.824      -810.120      -90.1195      -90.1195    
288  4.870      -66.2847       185.198      -811.975      -91.9745      -91.9745    
289  4.880      -73.8000       184.498      -813.823      -93.8229      -93.8229    
290  4.890      -81.2547       183.722      -815.664      -95.6638      -95.6638    
291  4.900      -88.5845       182.874      -817.497      -97.4965      -97.4965    
292  4.910      -95.7149       181.952      -819.320      -99.3205      -99.3205    
293  4.920      -102.555       180.962      -821.135      -101.135      -101.135    
294  4.930      -109.040       179.904      -822.939      -102.939      -102.939    
295  4.940      -115.080       178.785      -824.733      -104.733      -104.733    
296  4.950      -120.589       177.608      -826.514      -106.514      -106.514    
297  4.960      -125.495       176.379      -828.284      -108.284      -108.284    
298  4.970      -129.725       175.104      -830.042      -110.042      -110.042    
299  4.980      -133.202       173.791      -831.786      -111.786      -111.786    
300  4.990      -135.872       172.448      -833.517      -113.517      -113.517    
301  5.000      -137.676       171.082      -835.235      -115.235      -115.235    
302  5.010      -138.573       169.703      -836.939      -116.939      -116.939    
303  5.020      -138.531       168.320      -838.629      -118.629      -118.629    
304  5.030      -137.534       166.942      -840.305      -120.305      -120.305    
305  5.040      -135.565       165.579      -841.968      -121.968      -121.968    
306  5.050      -132.649       164.240      -843.617      -123.617      -123.617    
307  5.060      -128.786       162.935      -845.253      -125.253      -125.253    
308  5.070      -124.032       161.673      -846.876      -126.876      -126.876    
309  5.080      -118.425       160.463      -848.487      -128.487      -128.487    
310  5.090      -112.035       159.313      -850.086      -130.086      -130.086    
311  5.100      -104.940       158.230      -851.674      -131.674      -131.674    
312  5.110      -97.2264       157.221      -853.252      -133.251      -133.251    
313  5.120      -88.9925       156.291      -854.819      -134.819      -134.819    
314  5.130      -80.3559       155.445      -856.378      -136.378      -136.378    
315  5.140      -71.4172       154.687      -857.929      -137.929      -137.929    
316  5.150      -62.3012       154.019      -859.473      -139.473      -139.473    
317  5.160      -53.1342       153.442      -861.010      -141.010      -141.010    
318  5.170      -44.0210       152.957      -862.543      -142.543      -142.543    
319  5.180      -35.0861       152.561      -864.071      -144.071      -144.071    
320  5.190      -26.4231       152.253      -865.595      -145.595      -145.595    
321  5.200      -18.1504       152.029      -867.117      -147.117      -147.117    
322  5.210      -10.3208       151.885      -868.637      -148.637      -148.637    
323  5.220      -3.04254       151.817      -870.155      -150.155      -150.155    
324  5.230       3.66186       151.819      -871.674      -151.674      -151.674    
325  5.240       9.74215       151.885      -873.192      -153.192      -153.192    
326  5.250       15.1683       152.008      -874.712      -154.712      -154.712    
327  5.260       19.9630       152.182      -876.233      -156.233      -156.233    
328  5.270       24.1238       152.401      -877.756      -157.756      -157.756    
329  5.280       27.6964       152.658      -879.282      -159.282      -159.282    
330  5.290       30.7221       152.949      -880.810      -160.810      -160.810    
331  5.300       33.2677       153.268      -882.341      -162.341      -162.341    
332  5.310       35.4182       153.610      -883.875      -163.875      -163.875    
333  5.320       37.2359       153.972      -885.413      -165.413      -165.413    
334  5.330       38.8346       154.352      -886.955      -166.955      -166.955    
335  5.340       40.2839       154.747      -888.501      -168.501      -168.501    
336  5.350       41.6942       155.157      -890.050      -170.050      -170.050    
337  5.360       43.1399       155.581      -891.604      -171.604      -171.604    
338  5.370       44.7028       156.020      -893.162      -173.162      -173.162    
339  5.380       46.4547       156.477      -894.725      -174.725      -174.725    
340  5.390       48.4585       156.952      -896.292      -176.292      -176.292    
341  5.400       50.7437       157.448      -897.864      -177.864      -177.864    
342  5.410       53.3470       157.969      -899.441      -179.441      -179.441    
343  5.420       56.2782       158.518      -901.024       178.976       178.976    
344  5.430       59.5285       159.098      -902.612       177.388       177.388    
345  5.440       63.0696       159.712      -904.206       175.794       175.794    
346  5.450       66.8772       160.362      -905.807       174.193       174.193    
347  5.460       70.8773       161.052      -907.414       172.586       172.586    
348  5.470       75.0268       161.782      -909.028       170.972       170.972    
349  5.480       79.2152       162.553      -910.650       169.350       169.350    
350  5.490       83.3989       163.366      -912.280       167.720       167.720    
351  5.500       87.4610       164.221      -913.918       166.082       166.082    
352  5.510       91.3224       165.114      -915.565       164.435       164.435    
353  5.520       94.8879       166.045      -917.221       162.779       162.779    
354  5.530       98.0929       167.009      -918.886       161.114       161.114    
355  5.540       100.839       168.002      -920.561       159.439       159.439    
356  5.550       103.070       169.021      -922.246       157.754       157.754    
357  5.560       104.736       170.058      -923.942       156.058       156.058    
358  5.570       105.788       171.110      -925.648       154.352       154.352    
359  5.580       106.216       172.168      -927.364       152.636       152.636    
360  5.590       105.983       173.227      -929.091       150.909       150.909    
361  5.600       105.127       174.281      -930.829       149.171       149.171    
362  5.610       103.627       175.324      -932.577       147.423       147.423    
363  5.620       101.559       176.348      -934.335       145.665       145.665    
364  5.630       98.9230       177.349      -936.104       143.896       143.896    
365  5.640       95.8020       178.321      -937.882       142.118       142.118    
366  5.650       92.2308       179.261      -939.670       140.330       140.330    
367  5.660       88.2912       180.162      -941.467       138.533       138.533    
368  5.670       84.0399       181.023      -943.273       136.727       136.727    
369  5.680       79.5362       181.840      -945.087       134.913       134.913    
370  5.690       74.8397       182.611      -946.910       133.090       133.090    
371  5.700       70.0150       183.335      -948.739       131.261       131.261    
372  5.710       65.1081       184.011      -950.576       129.424       129.424    
373  5.720       60.1297       184.637      -952.419       127.581       127.581    
374  5.730       55.1571       185.213      -954.268       125.732       125.732    
375  5.740       50.1655       185.740      -956.123       123.877       123.877    
376  5.750       45.1881       186.216      -957.983       122.017       122.017    
377  5.760       40.2143       186.644      -959.847       120.153       120.153    
378  5.770       35.2307       187.021      -961.715       118.285       118.285    
379  5.780       30.2201       187.348      -963.587       116.413       116.413    
380  5.790       25.1721       187.625      -965.462       114.538       114.538    
381  5.800       20.0254       187.851      -967.339       112.661       112.661    
382  5.810       14.7774       188.024      -969.219       110.782       110.782    
383  5.820       9.38681       188.145      -971.099       108.901       108.901    
384  5.830       3.80908       188.210      -972.981       107.019       107.019    
385  5.840      -1.96575       188.219      -974.863       105.137       105.137    
386  5.850      -7.97808       188.169      -976.745       103.255       103.255    
387  5.860      -14.2285       188.057      -978.626       101.374       101.374    
388  5.870      -20.7415       187.882      -980.505       99.4947       99.4947    
389  5.880      -27.5026       187.640      -982.383       97.6172       97.6172    
390  5.890      -34.5105       187.329      -984.258       95.7425       95.7425    
391  5.900      -41.7383       186.948      -986.129       93.8713       93.8713    
392  5.910      -49.1591       186.493      -987.996       92.0042       92.0042    
393  5.920      -56.7300       185.963      -989.858       90.1421       90.1421    
394  5.930      -64.3930       185.357      -991.714       88.2857       88.2857    
395  5.940      -72.1019       184.674      -993.564       86.4358       86.4358    
396  5.950      -79.7722       183.915      -995.407       84.5930       84.5930    
397  5.960      -87.3342       183.079      -997.242       82.7583       82.7583    
398  5.970      -94.7178       182.169      -999.068       80.9322       80.9322    
399  5.980      -101.814       181.187      -1000.88       79.1156       79.1156    
400  5.990      -108.561       180.136      -1002.69       77.3091       77.3091    
401  6.000      -114.859       179.020      -1004.49       75.5135       75.5135    
402  6.010      -120.619       177.844      -1006.27       73.7292       73.7292    
403  6.020      -125.767       176.613      -1008.04       71.9570       71.9570    
404  6.030      -130.214       175.335      -1009.80       70.1973       70.1973    
405  6.040      -133.897       174.016      -1011.55       68.4506       68.4506    
406  6.050      -136.743       172.665      -1013.28       66.7173       66.7173    
407  6.060      -138.703       171.290      -1015.00       64.9976       64.9976    
408  6.070      -139.722       169.900      -1016.71       63.2917       63.2917    
409  6.080      -139.784       168.505      -1018.40       61.5997       61.5997    
410  6.090      -138.853       167.114      -1020.08       59.9215       59.9215    
411  6.100      -136.927       165.738      -1021.74       58.2571       58.2571    
412  6.110      -134.020       164.385      -1023.39       56.6063       56.6063    
413  6.120      -130.151       163.067      -1025.03       54.9689       54.9689    
414  6.130      -125.359       161.792      -1026.66       53.3444       53.3444    
415  6.140      -119.693       160.568      -1028.27       51.7325       51.7325    
416  6.150      -113.229       159.406      -1029.87       50.1324       50.1324    
417  6.160      -106.037       158.312      -1031.46       48.5435       48.5435    
418  6.170      -98.2223       157.292      -1033.03       46.9653       46.9653    
419  6.180      -89.8710       156.353      -1034.60       45.3968       45.3968    
420  6.190      -81.1178       155.499      -1036.16       43.8374       43.8374    
421  6.200      -72.0609       154.734      -1037.71       42.2860       42.2860    
422  6.210      -62.8264       154.060      -1039.26       40.7418       40.7418    
423  6.220      -53.5498       153.479      -1040.80       39.2039       39.2039    
424  6.230      -44.3321       152.989      -1042.33       37.6713       37.6713    
425  6.240      -35.3119       152.590      -1043.86       36.1432       36.1432    
426  6.250      -26.5752       152.280      -1045.38       34.6186       34.6186    
427  6.260      -18.2449       152.056      -1046.90       33.0966       33.0966    
428  6.270      -10.3808       151.911      -1048.42       31.5766       31.5766    
429  6.280      -3.07762       151.843      -1049.94       30.0575       30.0575    
430  6.290       3.62092       151.844      -1051.46       28.5389       28.5389    
431  6.300       9.67797       151.909      -1052.98       27.0200       27.0200    
432  6.310       15.0780       152.031      -1054.50       25.5001       25.5001    
433  6.320       19.8081       152.204      -1056.02       23.9788       23.9788    
434  6.330       23.9107       152.421      -1057.54       22.4556       22.4556    
435  6.340       27.3888       152.676      -1059.07       20.9300       20.9300    
436  6.350       30.3453       152.963      -1060.60       19.4017       19.4017    
437  6.360       32.7949       153.278      -1062.13       17.8704       17.8704    
438  6.370       34.8416       153.615      -1063.66       16.3358       16.3358    
439  6.380       36.5880       153.971      -1065.20       14.7977       14.7977    
440  6.390       38.0854       154.344      -1066.74       13.2560       13.2560    
441  6.400       39.4729       154.731      -1068.29       11.7105       11.7105    
442  6.410       40.8144       155.132      -1069.84       10.1612       10.1612    
443  6.420       42.2119       155.547      -1071.39       8.60778       8.60778    
444  6.430       43.7413       155.977      -1072.95       7.05006       7.05006    
445  6.440       45.4909       156.424      -1074.51       5.48797       5.48797    
446  6.450       47.4826       156.889      -1076.08       3.92129       3.92129    
447  6.460       49.7965       157.377      -1077.65       2.34991       2.34991    
448  6.470       52.4476       157.889      -1079.23      0.773502      0.773502    
449  6.480       55.4275       158.429      -1080.81     -0.808260     -0.808260    
450  6.490       58.7631       159.001      -1082.40      -2.39560      -2.39560    
451  6.500       62.3835       159.607      -1083.99      -3.98883      -3.98883    
452  6.510       66.2913       160.251      -1085.59      -5.58830      -5.58830    
453  6.520       70.4022       160.935      -1087.19      -7.19443      -7.19443    
454  6.530       74.6488       161.661      -1088.81      -8.80767      -8.80767    
455  6.540       78.9674       162.429      -1090.43      -10.4283      -10.4283    
456  6.550       83.2540       163.241      -1092.06      -12.0568      -12.0568    
457  6.560       87.4174       164.094      -1093.69      -13.6936      -13.6936    
458  6.570       91.3819       164.987      -1095.34      -15.3392      -15.3392    
459  6.580       95.0398       165.919      -1096.99      -16.9938      -16.9938    
460  6.590       98.3163       166.885      -1098.66      -18.6580      -18.6580    
461  6.600       101.127       167.881      -1100.33      -20.3320      -20.3320    
462  6.610       103.408       168.902      -1102.02      -22.0162      -22.0162    
463  6.620       105.103       169.944      -1103.71      -23.7106      -23.7106    
464  6.630       106.182       170.999      -1105.42      -25.4154      -25.4154    
465  6.640       106.611       172.061      -1107.13      -27.1308      -27.1308    
466  6.650       106.377       173.124      -1108.86      -28.8567      -28.8567    
467  6.660       105.491       174.182      -1110.59      -30.5932      -30.5932    
468  6.670       103.987       175.228      -1112.34      -32.3403      -32.3403    
469  6.680       101.868       176.256      -1114.10      -34.0978      -34.0978    
470  6.690       99.2037       177.260      -1115.87      -35.8655      -35.8655    
471  6.700       96.0457       178.235      -1117.64      -37.6429      -37.6429    
472  6.710       92.4468       179.176      -1119.43      -39.4299      -39.4299    
473  6.720       88.4706       180.079      -1121.23      -41.2262      -41.2262    
474  6.730       84.1951       180.942      -1123.03      -43.0312      -43.0312    
475  6.740       79.6847       181.761      -1124.84      -44.8445      -44.8445    
476  6.750       74.9832       182.533      -1126.67      -46.6658      -46.6658    
477  6.760       70.1623       183.259      -1128.49      -48.4947      -48.4947    
478  6.770       65.2785       183.936      -1130.33      -50.3305      -50.3305    
479  6.780       60.3415       184.564      -1132.17      -52.1729      -52.1729    
480  6.790       55.4070       185.142      -1134.02      -54.0213      -54.0213    
481  6.800       50.4776       185.672      -1135.88      -55.8753      -55.8753    
482  6.810       45.5636       186.152      -1137.73      -57.7343      -57.7343    
483  6.820       40.6721       186.583      -1139.60      -59.5979      -59.5979    
484  6.830       35.7729       186.966      -1141.47      -61.4657      -61.4657    
485  6.840       30.8546       187.299      -1143.34      -63.3369      -63.3369    
486  6.850       25.8895       187.582      -1145.21      -65.2113      -65.2113    
487  6.860       20.8432       187.816      -1147.09      -67.0882      -67.0882    
488  6.870       15.6865       187.998      -1148.97      -68.9672      -68.9672    
489  6.880       10.3733       188.128      -1150.85      -70.8477      -70.8477    
490  6.890       4.87935       188.204      -1152.73      -72.7294      -72.7294    
491  6.900     -0.831470       188.224      -1154.61      -74.6115      -74.6115    
492  6.910      -6.78154       188.185      -1156.49      -76.4934      -76.4934    
493  6.920      -12.9922       188.086      -1158.37      -78.3747      -78.3747    
494  6.930      -19.4624       187.923      -1160.25      -80.2546      -80.2546    
495  6.940      -26.2175       187.694      -1162.13      -82.1325      -82.1325    
496  6.950      -33.2166       187.396      -1164.01      -84.0078      -84.0078    
497  6.960      -40.4614       187.027      -1165.88      -85.8799      -85.8799    
498  6.970      -47.9089       186.585      -1167.75      -87.7477      -87.7477    
499  6.980      -55.5179       186.067      -1169.61      -89.6108      -89.6108    
500  6.990      -63.2456       185.473      -1171.47      -91.4683      -91.4683    
501  7.000      -71.0130       184.801      -1173.32      -93.3195      -93.3195    
502  7.010      -78.7675       184.052      -1175.16      -95.1636      -95.1636    
503  7.020      -86.4244       183.226      -1177.00      -96.9998      -96.9998    
504  7.030      -93.8952       182.325      -1178.83      -98.8275      -98.8275    
505  7.040      -101.105       181.351      -1180.65      -100.646      -100.646    
506  7.050      -107.964       180.306      -1182.45      -102.454      -102.454    
507  7.060      -114.370       179.195      -1184.25      -104.251      -104.251    
508  7.070      -120.253       178.023      -1186.04      -106.037      -106.037    
509  7.080      -125.517       176.796      -1187.81      -107.811      -107.811    
510  7.090      -130.084       175.520      -1189.57      -109.573      -109.573    
511  7.100      -133.875       174.202      -1191.32      -111.321      -111.321    
512  7.110      -136.842       172.850      -1193.06      -113.056      -113.056    
513  7.120      -138.903       171.473      -1194.78      -114.778      -114.778    
514  7.130      -140.033       170.081      -1196.49      -116.486      -116.486    
515  7.140      -140.188       168.682      -1198.18      -118.179      -118.179    
516  7.150      -139.344       167.287      -1199.86      -119.859      -119.859    
517  7.160      -137.506       165.905      -1201.53      -121.525      -121.525    
518  7.170      -134.668       164.547      -1203.18      -123.178      -123.178    
519  7.180      -130.867       163.222      -1204.82      -124.817      -124.817    
520  7.190      -126.126       161.939      -1206.44      -126.443      -126.443    
521  7.200      -120.508       160.708      -1208.06      -128.056      -128.056    
522  7.210      -114.078       159.537      -1209.66      -129.658      -129.658    
523  7.220      -106.917       158.434      -1211.25      -131.248      -131.248    
524  7.230      -99.1108       157.406      -1212.83      -132.827      -132.827    
525  7.240      -90.7761       156.458      -1214.40      -134.397      -134.397    
526  7.250      -82.0189       155.595      -1215.96      -135.957      -135.957    
527  7.260      -72.9488       154.821      -1217.51      -137.510      -137.510    
528  7.270      -63.7062       154.138      -1219.05      -139.055      -139.055    
529  7.280      -54.3979       153.548      -1220.59      -140.593      -140.593    
530  7.290      -45.1616       153.050      -1222.13      -142.127      -142.127    
531  7.300      -36.1040       152.643      -1223.66      -143.656      -143.656    
532  7.310      -27.3328       152.326      -1225.18      -145.181      -145.181    
533  7.320      -18.9613       152.093      -1226.70      -146.703      -146.703    
534  7.330      -11.0667       151.942      -1228.22      -148.224      -148.224    
535  7.340      -3.71912       151.867      -1229.74      -149.743      -149.743    
536  7.350       3.01606       151.862      -1231.26      -151.261      -151.261    
537  7.360       9.11035       151.921      -1232.78      -152.781      -152.781    
538  7.370       14.5375       152.038      -1234.30      -154.301      -154.301    
539  7.380       19.3020       152.205      -1235.82      -155.822      -155.822    
540  7.390       23.4250       152.417      -1237.35      -157.345      -157.345    
541  7.400       26.9303       152.667      -1238.87      -158.871      -158.871    
542  7.410       29.8949       152.950      -1240.40      -160.399      -160.399    
543  7.420       32.3579       153.260      -1241.93      -161.930      -161.930    
544  7.430       34.4206       153.593      -1243.46      -163.465      -163.465    
545  7.440       36.1557       153.945      -1245.00      -165.003      -165.003    
546  7.450       37.6636       154.313      -1246.54      -166.544      -166.544    
547  7.460       39.0488       154.696      -1248.09      -168.089      -168.089    
548  7.470       40.3744       155.093      -1249.64      -169.638      -169.638    
549  7.480       41.7733       155.504      -1251.19      -171.191      -171.191    
550  7.490       43.3001       155.930      -1252.75      -172.749      -172.749    
551  7.500       45.0300       156.372      -1254.31      -174.310      -174.310    
552  7.510       47.0336       156.833      -1255.88      -175.876      -175.876    
553  7.520       49.3373       157.315      -1257.45      -177.447      -177.447    
554  7.530       51.9827       157.823      -1259.02      -179.023      -179.023    
555  7.540       54.9790       158.358      -1260.60       179.396       179.396    
556  7.550       58.3123       158.926      -1262.19       177.809       177.809    
557  7.560       61.9554       159.528      -1263.78       176.217       176.217    
558  7.570       65.8728       160.168      -1265.38       174.618       174.618    
559  7.580       70.0070       160.848      -1266.99       173.013       173.013    
560  7.590       74.2852       161.570      -1268.60       171.401       171.401    
561  7.600       78.6280       162.335      -1270.22       169.781       169.781    
562  7.610       82.9518       163.142      -1271.85       168.154       168.154    
563  7.620       87.1579       163.993      -1273.48       166.518       166.518    
564  7.630       91.1615       164.884      -1275.13       164.873       164.873    
565  7.640       94.8616       165.814      -1276.78       163.220       163.220    
566  7.650       98.1787       166.778      -1278.44       161.557       161.557    
567  7.660       101.037       167.773      -1280.12       159.884       159.884    
568  7.670       103.369       168.794      -1281.80       158.201       158.201    
569  7.680       105.111       169.835      -1283.49       156.508       156.508    
570  7.690       106.226       170.890      -1285.20       154.804       154.804    
571  7.700       106.703       171.953      -1286.91       153.089       153.089    
572  7.710       106.503       173.018      -1288.64       151.365       151.365    
573  7.720       105.662       174.077      -1290.37       149.629       149.629    
574  7.730       104.187       175.124      -1292.12       147.883       147.883    
575  7.740       102.105       176.154      -1293.87       146.127       146.127    
576  7.750       99.4689       177.161      -1295.64       144.361       144.361    
577  7.760       96.3379       178.139      -1297.42       142.584       142.584    
578  7.770       92.7596       179.083      -1299.20       140.798       140.798    
579  7.780       88.8241       179.990      -1301.00       139.003       139.003    
580  7.790       84.5602       180.856      -1302.80       137.199       137.199    
581  7.800       80.0716       181.678      -1304.61       135.386       135.386    
582  7.810       75.3946       182.455      -1306.43       133.565       133.565    
583  7.820       70.6080       183.185      -1308.26       131.737       131.737    
584  7.830       65.7362       183.866      -1310.10       129.902       129.902    
585  7.840       60.8326       184.499      -1311.94       128.060       128.060    
586  7.850       55.9240       185.083      -1313.79       126.212       126.212    
587  7.860       51.0192       185.618      -1315.64       124.359       124.359    
588  7.870       46.1479       186.104      -1317.50       122.501       122.501    
589  7.880       41.2802       186.541      -1319.36       120.637       120.637    
590  7.890       36.4157       186.929      -1321.23       118.770       118.770    
591  7.900       31.5322       187.269      -1323.10       116.899       116.899    
592  7.910       26.6106       187.560      -1324.97       115.025       115.025    
593  7.920       21.5910       187.800      -1326.85       113.148       113.148    
594  7.930       16.4717       187.990      -1328.73       111.269       111.269    
595  7.940       11.1959       188.128      -1330.61       109.389       109.389    
596  7.950       5.73263       188.213      -1332.49       107.507       107.507    
597  7.960      0.491932E-01   188.241      -1334.37       105.625       105.625    
598  7.970      -5.87400       188.211      -1336.26       103.743       103.743    
599  7.980      -12.0618       188.121      -1338.14       101.861       101.861    
600  7.990      -18.5227       187.967      -1340.02       99.9810       99.9810    
601  8.000      -25.2633       187.748      -1341.90       98.1026       98.1026    
602  8.010      -32.2507       187.460      -1343.77       96.2267       96.2267    
603  8.020      -39.5123       187.100      -1345.65       94.3540       94.3540    
604  8.030      -46.9555       186.667      -1347.51       92.4853       92.4853    
605  8.040      -54.5921       186.159      -1349.38       90.6214       90.6214    
606  8.050      -62.3292       185.574      -1351.24       88.7628       88.7628    
607  8.060      -70.1434       184.911      -1353.09       86.9106       86.9106    
608  8.070      -77.9305       184.171      -1354.93       85.0653       85.0653    
609  8.080      -85.6317       183.353      -1356.77       83.2279       83.2279    
610  8.090      -93.1643       182.460      -1358.60       81.3991       81.3991    
611  8.100      -100.431       181.492      -1360.42       79.5795       79.5795    
612  8.110      -107.355       180.454      -1362.23       77.7699       77.7699    
613  8.120      -113.842       179.349      -1364.03       75.9710       75.9710    
614  8.130      -119.799       178.182      -1365.82       74.1835       74.1835    
615  8.140      -125.148       176.959      -1367.59       72.4079       72.4079    
616  8.150      -129.802       175.685      -1369.36       70.6449       70.6449    
617  8.160      -133.694       174.370      -1371.11       68.8946       68.8946    
618  8.170      -136.743       173.019      -1372.84       67.1577       67.1577    
619  8.180      -138.908       171.643      -1374.57       65.4344       65.4344    
620  8.190      -140.131       170.250      -1376.28       63.7250       63.7250    
621  8.200      -140.381       168.850      -1377.97       62.0294       62.0294    
622  8.210      -139.637       167.453      -1379.65       60.3479       60.3479    
623  8.220      -137.888       166.067      -1381.32       58.6802       58.6802    
624  8.230      -135.139       164.705      -1382.97       57.0265       57.0265    
625  8.240      -131.421       163.374      -1384.61       55.3859       55.3859    
626  8.250      -126.761       162.086      -1386.24       53.7585       53.7585    
627  8.260      -121.216       160.848      -1387.86       52.1436       52.1436    
628  8.270      -114.848       159.670      -1389.46       50.5408       50.5408    
629  8.280      -107.743       158.559      -1391.05       48.9495       48.9495    
630  8.290      -99.9872       157.522      -1392.63       47.3688       47.3688    
631  8.300      -91.6886       156.565      -1394.20       45.7981       45.7981    
632  8.310      -82.9510       155.693      -1395.76       44.2366       44.2366    
633  8.320      -73.9099       154.910      -1397.32       42.6833       42.6833    
634  8.330      -64.6629       154.217      -1398.86       41.1374       41.1374    
635  8.340      -55.3674       153.618      -1400.40       39.5980       39.5980    
636  8.350      -46.1032       153.110      -1401.94       38.0640       38.0640    
637  8.360      -37.0300       152.694      -1403.47       36.5347       36.5347    
638  8.370      -28.2326       152.367      -1404.99       35.0092       35.0092    
639  8.380      -19.8167       152.126      -1406.51       33.4864       33.4864    
640  8.390      -11.8829       151.967      -1408.03       31.9657       31.9657    
641  8.400      -4.48697       151.884      -1409.55       30.4462       30.4462    
642  8.410       2.29845       151.871      -1411.07       28.9273       28.9273    
643  8.420       8.44571       151.923      -1412.59       27.4080       27.4080    
644  8.430       13.9301       152.034      -1414.11       25.8881       25.8881    
645  8.440       18.7470       152.195      -1415.63       24.3667       24.3667    
646  8.450       22.9171       152.402      -1417.16       22.8435       22.8435    
647  8.460       26.4830       152.648      -1418.68       21.3180       21.3180    
648  8.470       29.4784       152.926      -1420.21       19.7900       19.7900    
649  8.480       31.9860       153.232      -1421.74       18.2591       18.2591    
650  8.490       34.0789       153.561      -1423.27       16.7251       16.7251    
651  8.500       35.8407       153.910      -1424.81       15.1876       15.1876    
652  8.510       37.3743       154.275      -1426.35       13.6466       13.6466    
653  8.520       38.7601       154.655      -1427.90       12.1019       12.1019    
654  8.530       40.1067       155.050      -1429.45       10.5532       10.5532    
655  8.540       41.5042       155.458      -1431.00       9.00073       9.00073    
656  8.550       43.0193       155.880      -1432.56       7.44388       7.44388    
657  8.560       44.7466       156.320      -1434.12       5.88277       5.88277    
658  8.570       46.7330       156.778      -1435.68       4.31719       4.31719    
659  8.580       49.0289       157.257      -1437.25       2.74690       2.74690    
660  8.590       51.6614       157.762      -1438.83       1.17169       1.17169    
661  8.600       54.6382       158.294      -1440.41     -0.408649     -0.408649    
662  8.610       57.9574       158.858      -1441.99      -1.99456      -1.99456    
663  8.620       61.5955       159.456      -1443.59      -3.58627      -3.58627    
664  8.630       65.5020       160.093      -1445.18      -5.18410      -5.18410    
665  8.640       69.6340       160.769      -1446.79      -6.78859      -6.78859    
666  8.650       73.9181       161.487      -1448.40      -8.40008      -8.40008    
667  8.660       78.2646       162.248      -1450.02      -10.0189      -10.0189    
668  8.670       82.6069       163.053      -1451.65      -11.6455      -11.6455    
669  8.680       86.8296       163.900      -1453.28      -13.2803      -13.2803    
670  8.690       90.8619       164.788      -1454.92      -14.9238      -14.9238    
671  8.700       94.5961       165.715      -1456.58      -16.5764      -16.5764    
672  8.710       97.9493       166.676      -1458.24      -18.2385      -18.2385    
673  8.720       100.856       167.669      -1459.91      -19.9104      -19.9104    
674  8.730       103.221       168.689      -1461.59      -21.5924      -21.5924    
675  8.740       105.027       169.729      -1463.28      -23.2846      -23.2846    
676  8.750       106.184       170.783      -1464.99      -24.9873      -24.9873    
677  8.760       106.719       171.846      -1466.70      -26.7005      -26.7005    
678  8.770       106.572       172.911      -1468.42      -28.4242      -28.4242    
679  8.780       105.784       173.971      -1470.16      -30.1588      -30.1588    
680  8.790       104.359       175.020      -1471.90      -31.9037      -31.9037    
681  8.800       102.328       176.052      -1473.66      -33.6590      -33.6590    
682  8.810       99.7367       177.061      -1475.42      -35.4245      -35.4245    
683  8.820       96.6487       178.042      -1477.20      -37.1999      -37.1999    
684  8.830       93.1146       178.989      -1478.98      -38.9850      -38.9850    
685  8.840       89.2054       179.900      -1480.78      -40.7795      -40.7795    
686  8.850       84.9873       180.770      -1482.58      -42.5828      -42.5828    
687  8.860       80.5161       181.597      -1484.39      -44.3945      -44.3945    
688  8.870       75.8749       182.378      -1486.21      -46.2144      -46.2144    
689  8.880       71.1043       183.113      -1488.04      -48.0417      -48.0417    
690  8.890       66.2554       183.799      -1489.88      -49.8762      -49.8762    
691  8.900       61.3679       184.437      -1491.72      -51.7173      -51.7173    
692  8.910       56.4814       185.027      -1493.56      -53.5646      -53.5646    
693  8.920       51.5966       185.567      -1495.42      -55.4175      -55.4175    
694  8.930       46.7340       186.059      -1497.28      -57.2755      -57.2755    
695  8.940       41.8835       186.502      -1499.14      -59.1383      -59.1383    
696  8.950       37.0436       186.897      -1501.01      -61.0053      -61.0053    
697  8.960       32.1757       187.243      -1502.88      -62.8759      -62.8759    
698  8.970       27.2674       187.540      -1504.75      -64.7498      -64.7498    
699  8.980       22.2759       187.787      -1506.63      -66.6263      -66.6263    
700  8.990       17.1708       187.984      -1508.51      -68.5051      -68.5051    
701  9.000       11.9216       188.129      -1510.39      -70.3856      -70.3856    
702  9.010       6.47435       188.221      -1512.27      -72.2673      -72.2673    
703  9.020      0.814346       188.257      -1514.15      -74.1497      -74.1497    
704  9.030      -5.08839       188.235      -1516.03      -76.0320      -76.0320    
705  9.040      -11.2583       188.153      -1517.91      -77.9137      -77.9137    
706  9.050      -17.7023       188.007      -1519.79      -79.7944      -79.7944    
707  9.060      -24.4245       187.796      -1521.67      -81.6731      -81.6731    
708  9.070      -31.4146       187.516      -1523.55      -83.5495      -83.5495    
709  9.080      -38.6511       187.165      -1525.42      -85.4228      -85.4228    
710  9.090      -46.1070       186.741      -1527.29      -87.2920      -87.2920    
711  9.100      -53.7438       186.241      -1529.16      -89.1567      -89.1567    
712  9.110      -61.4962       185.664      -1531.02      -91.0161      -91.0161    
713  9.120      -69.3196       185.010      -1532.87      -92.8692      -92.8692    
714  9.130      -77.1316       184.278      -1534.72      -94.7155      -94.7155    
715  9.140      -84.8658       183.468      -1536.55      -96.5542      -96.5542    
716  9.150      -92.4293       182.581      -1538.38      -98.3844      -98.3844    
717  9.160      -99.7445       181.621      -1540.21      -100.205      -100.205    
718  9.170      -106.722       180.589      -1542.02      -102.016      -102.016    
719  9.180      -113.264       179.491      -1543.82      -103.817      -103.817    
720  9.190      -119.287       178.329      -1545.61      -105.606      -105.606    
721  9.200      -124.709       177.110      -1547.38      -107.383      -107.383    
722  9.210      -129.438       175.841      -1549.15      -109.147      -109.147    
723  9.220      -133.411       174.529      -1550.90      -110.899      -110.899    
724  9.230      -136.551       173.181      -1552.64      -112.638      -112.638    
725  9.240      -138.805       171.806      -1554.36      -114.362      -114.362    
726  9.250      -140.121       170.414      -1556.07      -116.073      -116.073    
727  9.260      -140.466       169.013      -1557.77      -117.771      -117.771    
728  9.270      -139.814       167.614      -1559.45      -119.454      -119.454    
729  9.280      -138.163       166.227      -1561.12      -121.123      -121.123    
730  9.290      -135.505       164.861      -1562.78      -122.779      -122.779    
731  9.300      -131.880       163.526      -1564.42      -124.421      -124.421    
732  9.310      -127.300       162.233      -1566.05      -126.050      -126.050    
733  9.320      -121.840       160.989      -1567.67      -127.666      -127.666    
734  9.330      -115.541       159.805      -1569.27      -129.270      -129.270    
735  9.340      -108.505       158.686      -1570.86      -130.863      -130.863    
736  9.350      -100.803       157.642      -1572.44      -132.445      -132.445    
737  9.360      -92.5544       156.676      -1574.02      -134.017      -134.017    
738  9.370      -83.8564       155.795      -1575.58      -135.579      -135.579    
739  9.380      -74.8345       155.003      -1577.13      -137.133      -137.133    
740  9.390      -65.6106       154.301      -1578.68      -138.680      -138.680    
741  9.400      -56.3120       153.692      -1580.22      -140.220      -140.220    
742  9.410      -47.0487       153.175      -1581.75      -141.755      -141.755    
743  9.420      -37.9547       152.750      -1583.28      -143.285      -143.285    
744  9.430      -29.1330       152.414      -1584.81      -144.811      -144.811    
745  9.440      -20.6854       152.164      -1586.33      -146.334      -146.334    
746  9.450      -12.7107       151.996      -1587.85      -147.855      -147.855    
747  9.460      -5.26315       151.905      -1589.37      -149.375      -149.375    
748  9.470       1.57699       151.885      -1590.89      -150.894      -150.894    
749  9.480       7.77336       151.930      -1592.41      -152.413      -152.413    
750  9.490       13.3203       152.034      -1593.93      -153.933      -153.933    
751  9.500       18.1921       152.190      -1595.45      -155.455      -155.455    
752  9.510       22.4253       152.391      -1596.98      -156.978      -156.978    
753  9.520       26.0341       152.632      -1598.50      -158.503      -158.503    
754  9.530       29.0882       152.906      -1600.03      -160.031      -160.031    
755  9.540       31.6397       153.209      -1601.56      -161.562      -161.562    
756  9.550       33.7641       153.535      -1603.10      -163.096      -163.096    
757  9.560       35.5661       153.880      -1604.63      -164.633      -164.633    
758  9.570       37.1208       154.243      -1606.17      -166.174      -166.174    
759  9.580       38.5191       154.621      -1607.72      -167.718      -167.718    
760  9.590       39.8817       155.013      -1609.27      -169.267      -169.267    
761  9.600       41.2788       155.418      -1610.82      -170.819      -170.819    
762  9.610       42.7895       155.839      -1612.38      -172.375      -172.375    
763  9.620       44.5131       156.276      -1613.94      -173.936      -173.936    
764  9.630       46.4834       156.731      -1615.50      -175.501      -175.501    
765  9.640       48.7676       157.208      -1617.07      -177.071      -177.071    
766  9.650       51.3727       157.710      -1618.65      -178.646      -178.646    
767  9.660       54.3374       158.239      -1620.23       179.774       179.774    
768  9.670       57.6378       158.800      -1621.81       178.189       178.189    
769  9.680       61.2526       159.395      -1623.40       176.598       176.598    
770  9.690       65.1549       160.028      -1625.00       175.001       175.001    
771  9.700       69.2727       160.701      -1626.60       173.397       173.397    
772  9.710       73.5512       161.415      -1628.21       171.786       171.786    
773  9.720       77.9053       162.173      -1629.83       170.168       170.168    
774  9.730       82.2502       162.974      -1631.46       168.542       168.542    
775  9.740       86.4943       163.817      -1633.09       166.908       166.908    
776  9.750       90.5394       164.702      -1634.74       165.265       165.265    
777  9.760       94.3137       165.626      -1636.39       163.613       163.613    
778  9.770       97.6936       166.585      -1638.05       161.952       161.952    
779  9.780       100.641       167.576      -1639.72       160.281       160.281    
780  9.790       103.056       168.593      -1641.40       158.600       158.600    
781  9.800       104.899       169.632      -1643.09       156.909       156.909    
782  9.810       106.129       170.685      -1644.79       155.207       155.207    
783  9.820       106.698       171.748      -1646.51       153.495       153.495    
784  9.830       106.618       172.813      -1648.23       151.772       151.772    
785  9.840       105.881       173.874      -1649.96       150.038       150.038    
786  9.850       104.506       174.924      -1651.71       148.294       148.294    
787  9.860       102.529       175.958      -1653.46       146.540       146.540    
788  9.870       99.9921       176.969      -1655.22       144.775       144.775    
789  9.880       96.9426       177.952      -1657.00       143.001       143.001    
790  9.890       93.4509       178.903      -1658.78       141.216       141.216    
791  9.900       89.5823       179.817      -1660.58       139.423       139.423    
792  9.910       85.3928       180.691      -1662.38       137.620       137.620    
793  9.920       80.9543       181.522      -1664.19       135.809       135.809    
794  9.930       76.3363       182.308      -1666.01       133.990       133.990    
795  9.940       71.5889       183.047      -1667.84       132.163       132.163    
796  9.950       66.7523       183.739      -1669.67       130.329       130.329    
797  9.960       61.8902       184.382      -1671.51       128.489       128.489    
798  9.970       57.0061       184.976      -1673.36       126.642       126.642    
799  9.980       52.1431       185.522      -1675.21       124.790       124.790    
800  9.990       47.2856       186.019      -1677.07       122.932       122.932    
801  10.00       42.4499       186.468      -1678.93       121.070       121.070    
