# Mowe_temp                                                                       
# Operating point sequence...
# i     t     dWx ang.acc.  Wx rot.rate   Phi   (bank)  Phi[ 2]       Phi[ 3]      
  1  2.000       55.6159       69.5240      -164.890      -164.890      -164.890    
  2  2.010       59.0446       70.1144      -165.591      -165.591      -165.591    
  3  2.020       61.8942       70.7239      -166.296      -166.296      -166.296    
  4  2.030       64.0886       71.3543      -167.007      -167.007      -167.007    
  5  2.040       65.4459       72.0007      -167.724      -167.724      -167.724    
  6  2.050       66.0189       72.6563      -168.447      -168.447      -168.447    
  7  2.060       65.8157       73.3136      -169.177      -169.177      -169.177    
  8  2.070       64.8919       73.9654      -169.913      -169.913      -169.913    
  9  2.080       63.3330       74.6048      -170.656      -170.656      -170.656    
 10  2.090       61.2106       75.2260      -171.405      -171.405      -171.405    
 11  2.100       58.6471       75.8241      -172.160      -172.160      -172.160    
 12  2.110       55.7488       76.3951      -172.921      -172.921      -172.921    
 13  2.120       52.6531       76.9365      -173.688      -173.688      -173.688    
 14  2.130       49.4640       77.4467      -174.460      -174.460      -174.460    
 15  2.140       46.3241       77.9256      -175.236      -175.236      -175.236    
 16  2.150       43.3500       78.3742      -176.018      -176.018      -176.018    
 17  2.160       40.6495       78.7947      -176.804      -176.804      -176.804    
 18  2.170       38.3273       79.1904      -177.593      -177.593      -177.593    
 19  2.180       36.4727       79.5654      -178.387      -178.387      -178.387    
 20  2.190       35.1363       79.9247      -179.185      -179.185      -179.185    
 21  2.200       34.3880       80.2737      -179.986      -179.986      -179.986    
 22  2.210       34.2516       80.6184      -180.790       179.210       179.210    
 23  2.220       34.7383       80.9649      -181.598       178.402       178.402    
 24  2.230       35.8358       81.3193      -182.409       177.591       177.591    
 25  2.240       37.5162       81.6875      -183.224       176.776       176.776    
 26  2.250       39.7330       82.0751      -184.043       175.957       175.957    
 27  2.260       42.4221       82.4872      -184.866       175.134       175.134    
 28  2.270       45.5091       82.9279      -185.693       174.307       174.307    
 29  2.280       48.8979       83.4008      -186.525       173.475       173.475    
 30  2.290       52.4970       83.9084      -187.362       172.638       172.638    
 31  2.300       56.2077       84.4523      -188.203       171.797       171.797    
 32  2.310       59.9136       85.0331      -189.051       170.949       170.949    
 33  2.320       63.5271       85.6501      -189.904       170.096       170.096    
 34  2.330       66.9479       86.3021      -190.764       169.236       169.236    
 35  2.340       70.0733       86.9866      -191.631       168.369       168.369    
 36  2.350       72.8422       87.7004      -192.504       167.496       167.496    
 37  2.360       75.1731       88.4395      -193.385       166.615       166.615    
 38  2.370       77.0272       89.1994      -194.273       165.727       165.727    
 39  2.380       78.3522       89.9750      -195.169       164.831       164.831    
 40  2.390       79.1374       90.7611      -196.073       163.927       163.927    
 41  2.400       79.3821       91.5524      -196.985       163.015       163.015    
 42  2.410       79.0796       92.3433      -197.904       162.096       162.096    
 43  2.420       78.2865       93.1289      -198.831       161.169       161.169    
 44  2.430       77.0157       93.9042      -199.767       160.233       160.233    
 45  2.440       75.3355       94.6648      -200.709       159.291       159.291    
 46  2.450       73.3113       95.4071      -201.660       158.340       158.340    
 47  2.460       71.0130       96.1280      -202.617       157.383       157.383    
 48  2.470       68.4989       96.8249      -203.582       156.418       156.418    
 49  2.480       65.8843       97.4965      -204.554       155.446       155.446    
 50  2.490       63.2174       98.1418      -205.532       154.468       154.468    
 51  2.500       60.5801       98.7607      -206.516       153.484       153.484    
 52  2.510       58.0556       99.3541      -207.507       152.493       152.493    
 53  2.520       55.6940       99.9231      -208.503       151.497       151.497    
 54  2.530       53.5520       100.470      -209.505       150.495       150.495    
 55  2.540       51.6807       100.997      -210.512       149.488       149.488    
 56  2.550       50.0988       101.506      -211.525       148.475       148.475    
 57  2.560       48.8301       102.002      -212.542       147.458       147.458    
 58  2.570       47.8903       102.486      -213.564       146.436       146.436    
 59  2.580       47.2504       102.962      -214.592       145.408       145.408    
 60  2.590       46.9182       103.434      -215.624       144.376       144.376    
 61  2.600       46.8383       103.903      -216.660       143.340       143.340    
 62  2.610       46.9899       104.373      -217.702       142.298       142.298    
 63  2.620       47.3169       104.845      -218.748       141.252       141.252    
 64  2.630       47.7622       105.321      -219.799       140.201       140.201    
 65  2.640       48.2730       105.801      -220.854       139.146       139.146    
 66  2.650       48.7817       106.287      -221.915       138.085       138.085    
 67  2.660       49.2231       106.777      -222.980       137.020       137.020    
 68  2.670       49.5442       107.270      -224.050       135.950       135.950    
 69  2.680       49.6719       107.766      -225.125       134.875       134.875    
 70  2.690       49.5752       108.262      -226.205       133.795       133.795    
 71  2.700       49.1734       108.755      -227.290       132.710       132.710    
 72  2.710       48.4534       109.242      -228.380       131.620       131.620    
 73  2.720       47.3636       109.720      -229.475       130.525       130.525    
 74  2.730       45.8910       110.186      -230.575       129.425       129.425    
 75  2.740       44.0239       110.634      -231.679       128.321       128.321    
 76  2.750       41.7374       111.062      -232.787       127.213       127.213    
 77  2.760       39.0620       111.465      -233.900       126.100       126.100    
 78  2.770       35.9917       111.839      -235.016       124.984       124.984    
 79  2.780       32.5533       112.181      -236.136       123.864       123.864    
 80  2.790       28.7784       112.487      -237.259       122.741       122.741    
 81  2.800       24.7003       112.754      -238.386       121.614       121.614    
 82  2.810       20.3543       112.978      -239.514       120.486       120.486    
 83  2.820       15.7898       113.158      -240.645       119.355       119.355    
 84  2.830       11.0536       113.292      -241.777       118.223       118.223    
 85  2.840       6.18495       113.378      -242.910       117.090       117.090    
 86  2.850       1.24087       113.415      -244.044       115.956       115.956    
 87  2.860      -3.73623       113.402      -245.178       114.822       114.822    
 88  2.870      -8.70333       113.340      -246.311       113.689       113.689    
 89  2.880      -13.6177       113.228      -247.444       112.556       112.556    
 90  2.890      -18.4417       113.068      -248.575       111.425       111.425    
 91  2.900      -23.1449       112.860      -249.705       110.295       110.295    
 92  2.910      -27.6916       112.607      -250.832       109.168       109.168    
 93  2.920      -32.0659       112.308      -251.957       108.043       108.043    
 94  2.930      -36.2545       111.967      -253.078       106.922       106.922    
 95  2.940      -40.2322       111.585      -254.195       105.805       105.805    
 96  2.950      -43.9961       111.164      -255.309       104.691       104.691    
 97  2.960      -47.5558       110.707      -256.418       103.582       103.582    
 98  2.970      -50.8910       110.215      -257.523       102.477       102.477    
 99  2.980      -54.0290       109.691      -258.622       101.378       101.378    
100  2.990      -56.9574       109.137      -259.716       100.284       100.284    
101  3.000      -59.7074       108.554      -260.805       99.1953       99.1953    
102  3.010      -62.2768       107.945      -261.887       98.1129       98.1129    
103  3.020      -64.6939       107.310      -262.963       97.0367       97.0367    
104  3.030      -66.9584       106.652      -264.033       95.9670       95.9670    
105  3.040      -69.0992       105.972      -265.096       94.9040       94.9040    
106  3.050      -71.1264       105.272      -266.152       93.8478       93.8478    
107  3.060      -73.0529       104.551      -267.201       92.7987       92.7987    
108  3.070      -74.8955       103.811      -268.243       91.7570       91.7570    
109  3.080      -76.6553       103.054      -269.277       90.7227       90.7227    
110  3.090      -78.3602       102.279      -270.304       89.6961       89.6961    
111  3.100      -79.9933       101.487      -271.323       88.6774       88.6774    
112  3.110      -81.5755       100.680      -272.333       87.6666       87.6666    
113  3.120      -83.0987       99.8564      -273.336       86.6639       86.6639    
114  3.130      -84.5701       99.0182      -274.330       85.6696       85.6696    
115  3.140      -85.9738       98.1656      -275.316       84.6838       84.6838    
116  3.150      -87.3132       97.2994      -276.294       83.7065       83.7065    
117  3.160      -88.5753       96.4201      -277.262       82.7380       82.7380    
118  3.170      -89.7495       95.5287      -278.222       81.7783       81.7783    
119  3.180      -90.8255       94.6260      -279.172       80.8275       80.8275    
120  3.190      -91.7852       93.7132      -280.114       79.8858       79.8858    
121  3.200      -92.6175       92.7915      -281.047       78.9533       78.9533    
122  3.210      -93.3045       91.8623      -281.970       78.0301       78.0301    
123  3.220      -93.8329       90.9269      -282.884       77.1162       77.1162    
124  3.230      -94.1860       89.9873      -283.788       76.2116       76.2116    
125  3.240      -94.3481       89.0450      -284.684       75.3165       75.3165    
126  3.250      -94.3085       88.1022      -285.569       74.4308       74.4308    
127  3.260      -94.0549       87.1609      -286.446       73.5545       73.5545    
128  3.270      -93.5729       86.2234      -287.312       72.6876       72.6876    
129  3.280      -92.8634       85.2917      -288.170       71.8300       71.8300    
130  3.290      -91.9128       84.3684      -289.018       70.9816       70.9816    
131  3.300      -90.7255       83.4558      -289.857       70.1425       70.1425    
132  3.310      -89.2976       82.5563      -290.688       69.3124       69.3124    
133  3.320      -87.6365       81.6722      -291.509       68.4913       68.4913    
134  3.330      -85.7476       80.8059      -292.321       67.6789       67.6789    
135  3.340      -83.6430       79.9595      -293.125       66.8750       66.8750    
136  3.350      -81.3348       79.1351      -293.920       66.0795       66.0795    
137  3.360      -78.8439       78.3347      -294.708       65.2921       65.2921    
138  3.370      -76.1811       77.5600      -295.487       64.5126       64.5126    
139  3.380      -73.3782       76.8126      -296.259       63.7407       63.7407    
140  3.390      -70.4541       76.0937      -297.024       62.9761       62.9761    
141  3.400      -67.4378       75.4045      -297.781       62.2186       62.2186    
142  3.410      -64.3496       74.7458      -298.532       61.4678       61.4678    
143  3.420      -61.2279       74.1180      -299.277       60.7234       60.7234    
144  3.430      -58.0939       73.5215      -300.015       59.9851       59.9851    
145  3.440      -54.9790       72.9561      -300.747       59.2526       59.2526    
146  3.450      -51.9066       72.4216      -301.474       58.5257       58.5257    
147  3.460      -48.9042       71.9174      -302.196       57.8039       57.8039    
148  3.470      -46.0044       71.4426      -302.913       57.0871       57.0871    
149  3.480      -43.2131       70.9963      -303.625       56.3748       56.3748    
150  3.490      -40.5663       70.5771      -304.333       55.6669       55.6669    
151  3.500      -38.0637       70.1836      -305.037       54.9630       54.9630    
152  3.510      -35.7303       69.8142      -305.737       54.2629       54.2629    
153  3.520      -33.5724       69.4673      -306.434       53.5664       53.5664    
154  3.530      -31.5907       69.1410      -307.127       52.8733       52.8733    
155  3.540      -29.7878       68.8337      -307.817       52.1834       52.1834    
156  3.550      -28.1692       68.5434      -308.504       51.4965       51.4965    
157  3.560      -26.7143       68.2686      -309.188       50.8124       50.8124    
158  3.570      -25.4273       68.0074      -309.869       50.1310       50.1310    
159  3.580      -24.2812       67.7585      -310.548       49.4521       49.4521    
160  3.590      -23.2743       67.5204      -311.224       48.7757       48.7757    
161  3.600      -22.3780       67.2918      -311.898       48.1017       48.1017    
162  3.610      -21.5718       67.0718      -312.570       47.4299       47.4299    
163  3.620      -20.8424       66.8595      -313.240       46.7603       46.7603    
164  3.630      -20.1589       66.6544      -313.907       46.0927       46.0927    
165  3.640      -19.4958       66.4560      -314.573       45.4271       45.4271    
166  3.650      -18.8422       66.2643      -315.237       44.7635       44.7635    
167  3.660      -18.1591       66.0793      -315.898       44.1018       44.1018    
168  3.670      -17.4393       65.9014      -316.558       43.4419       43.4419    
169  3.680      -16.6569       65.7310      -317.216       42.7837       42.7837    
170  3.690      -15.7985       65.5689      -317.873       42.1272       42.1272    
171  3.700      -14.8441       65.4159      -318.528       41.4722       41.4722    
172  3.710      -13.7906       65.2730      -319.181       40.8188       40.8188    
173  3.720      -12.6240       65.1412      -319.833       40.1667       40.1667    
174  3.730      -11.3448       65.0216      -320.484       39.5159       39.5159    
175  3.740      -9.94576       64.9155      -321.134       38.8662       38.8662    
176  3.750      -8.43901       64.8238      -321.783       38.2174       38.2174    
177  3.760      -6.82079       64.7478      -322.430       37.5696       37.5696    
178  3.770      -5.10297       64.6884      -323.078       36.9223       36.9223    
179  3.780      -3.30576       64.6466      -323.724       36.2756       36.2756    
180  3.790      -1.43376       64.6231      -324.371       35.6292       35.6292    
181  3.800      0.494161       64.6185      -325.017       34.9830       34.9830    
182  3.810       2.46001       64.6334      -325.663       34.3367       34.3367    
183  3.820       4.43873       64.6680      -326.310       33.6901       33.6901    
184  3.830       6.41190       64.7222      -326.957       33.0431       33.0431    
185  3.840       8.36878       64.7961      -327.604       32.3955       32.3955    
186  3.850       10.2856       64.8893      -328.253       31.7471       31.7471    
187  3.860       12.1283       65.0012      -328.902       31.0976       31.0976    
188  3.870       13.9115       65.1313      -329.553       30.4469       30.4469    
189  3.880       15.5910       65.2786      -330.205       29.7948       29.7948    
190  3.890       17.1683       65.4421      -330.859       29.1412       29.1412    
191  3.900       18.6368       65.6209      -331.514       28.4858       28.4858    
192  3.910       19.9846       65.8137      -332.171       27.8286       27.8286    
193  3.920       21.2042       66.0193      -332.831       27.1694       27.1694    
194  3.930       22.3044       66.2366      -333.492       26.5081       26.5081    
195  3.940       23.2855       66.4642      -334.155       25.8446       25.8446    
196  3.950       24.1504       66.7011      -334.821       25.1787       25.1787    
197  3.960       24.9084       66.9461      -335.490       24.5105       24.5105    
198  3.970       25.5771       67.1983      -336.160       23.8398       23.8398    
199  3.980       26.1577       67.4568      -336.834       23.1665       23.1665    
200  3.990       26.6769       67.7207      -337.509       22.4906       22.4906    
201  4.000       27.1500       67.9898      -338.188       21.8121       21.8121    
202  4.010       27.5922       68.2634      -338.869       21.1308       21.1308    
203  4.020       28.0147       68.5414      -339.553       20.4468       20.4468    
204  4.030       28.4446       68.8237      -340.240       19.7599       19.7599    
205  4.040       28.8993       69.1104      -340.930       19.0703       19.0703    
206  4.050       29.3843       69.4019      -341.622       18.3777       18.3777    
207  4.060       29.9206       69.6985      -342.318       17.6821       17.6821    
208  4.070       30.5276       70.0009      -343.016       16.9836       16.9836    
209  4.080       31.1976       70.3097      -343.718       16.2820       16.2820    
210  4.090       31.9488       70.6257      -344.423       15.5773       15.5773    
211  4.100       32.7884       70.9496      -345.131       14.8693       14.8693    
212  4.110       33.7103       71.2823      -345.842       14.1582       14.1582    
213  4.120       34.7142       71.6246      -346.556       13.4436       13.4436    
214  4.130       35.8025       71.9774      -347.274       12.7255       12.7255    
215  4.140       36.9661       72.3415      -347.996       12.0039       12.0039    
216  4.150       38.1933       72.7174      -348.721       11.2786       11.2786    
217  4.160       39.4704       73.1059      -349.451       10.5494       10.5494    
218  4.170       40.7887       73.5073      -350.184       9.81631       9.81631    
219  4.180       42.1451       73.9221      -350.921       9.07909       9.07909    
220  4.190       43.5039       74.3504      -351.662       8.33768       8.33768    
221  4.200       44.8662       74.7923      -352.408       7.59191       7.59191    
222  4.210       46.2042       75.2476      -353.158       6.84165       6.84165    
223  4.220       47.5215       75.7162      -353.913       6.08681       6.08681    
224  4.230       48.7904       76.1977      -354.673       5.32721       5.32721    
225  4.240       49.9948       76.6915      -355.437       4.56272       4.56272    
226  4.250       51.1380       77.1970      -356.207       3.79326       3.79326    
227  4.260       52.2083       77.7136      -356.981       3.01866       3.01866    
228  4.270       53.1881       78.2404      -357.761       2.23887       2.23887    
229  4.280       54.0876       78.7766      -358.546       1.45375       1.45375    
230  4.290       54.8955       79.3213      -359.337      0.663229      0.663229    
231  4.300       55.6135       79.8736      -360.133     -0.132789     -0.132789    
232  4.310       56.2482       80.4327      -360.934     -0.934353     -0.934353    
233  4.320       56.8027       80.9977      -361.742      -1.74154      -1.74154    
234  4.330       57.2816       81.5680      -362.554      -2.55439      -2.55439    
235  4.340       57.6926       82.1427      -363.373      -3.37300      -3.37300    
236  4.350       58.0523       82.7213      -364.197      -4.19738      -4.19738    
237  4.360       58.3586       83.3032      -365.028      -5.02755      -5.02755    
238  4.370       58.6318       83.8881      -365.864      -5.86354      -5.86354    
239  4.380       58.8810       84.4756      -366.705      -6.70540      -6.70540    
240  4.390       59.1166       85.0656      -367.553      -7.55313      -7.55313    
241  4.400       59.3463       85.6579      -368.407      -8.40680      -8.40680    
242  4.410       59.5742       86.2525      -369.266      -9.26637      -9.26637    
243  4.420       59.8280       86.8495      -370.132      -10.1319      -10.1319    
244  4.430       60.0896       87.4492      -371.003      -11.0034      -11.0034    
245  4.440       60.3732       88.0515      -371.881      -11.8810      -11.8810    
246  4.450       60.6854       88.6569      -372.765      -12.7645      -12.7645    
247  4.460       61.0259       89.2655      -373.654      -13.6542      -13.6542    
248  4.470       61.3866       89.8777      -374.550      -14.5499      -14.5499    
249  4.480       61.7687       90.4935      -375.452      -15.4518      -15.4518    
250  4.490       62.1598       91.1132      -376.360      -16.3599      -16.3599    
251  4.500       62.5726       91.7369      -377.274      -17.2742      -17.2742    
252  4.510       62.9698       92.3647      -378.195      -18.1947      -18.1947    
253  4.520       63.3768       92.9964      -379.122      -19.1216      -19.1216    
254  4.530       63.7413       93.6320      -380.055      -20.0547      -20.0547    
255  4.540       64.0874       94.2711      -380.994      -20.9943      -20.9943    
256  4.550       64.3885       94.9134      -381.940      -21.9402      -21.9402    
257  4.560       64.6306       95.5584      -382.893      -22.8926      -22.8926    
258  4.570       64.8152       96.2055      -383.851      -23.8514      -23.8514    
259  4.580       64.9156       96.8540      -384.817      -24.8168      -24.8168    
260  4.590       64.9341       97.5030      -385.789      -25.7886      -25.7886    
261  4.600       64.8531       98.1517      -386.767      -26.7669      -26.7669    
262  4.610       64.6725       98.7991      -387.752      -27.7517      -27.7517    
263  4.620       64.3840       99.4442      -388.743      -28.7429      -28.7429    
264  4.630       63.9785       100.086      -389.741      -29.7405      -29.7405    
265  4.640       63.4632       100.723      -390.745      -30.7446      -30.7446    
266  4.650       62.8205       101.354      -391.755      -31.7550      -31.7550    
267  4.660       62.0645       101.978      -392.772      -32.7717      -32.7717    
268  4.670       61.1979       102.594      -393.795      -33.7946      -33.7946    
269  4.680       60.2034       103.201      -394.824      -34.8235      -34.8235    
270  4.690       59.1039       103.797      -395.858      -35.8585      -35.8585    
271  4.700       57.9017       104.382      -396.899      -36.8993      -36.8993    
272  4.710       56.5879       104.954      -397.946      -37.9460      -37.9460    
273  4.720       55.1832       105.513      -398.998      -38.9983      -38.9983    
274  4.730       53.6849       106.057      -400.056      -40.0561      -40.0561    
275  4.740       52.0947       106.585      -401.119      -41.1193      -41.1193    
276  4.750       50.4344       107.098      -402.188      -42.1878      -42.1878    
277  4.760       48.6772       107.593      -403.261      -43.2612      -43.2612    
278  4.770       46.8667       108.071      -404.340      -44.3395      -44.3395    
279  4.780       44.9760       108.530      -405.422      -45.4225      -45.4225    
280  4.790       43.0142       108.970      -406.510      -46.5099      -46.5099    
281  4.800       40.9897       109.389      -407.602      -47.6017      -47.6017    
282  4.810       38.9008       109.789      -408.698      -48.6976      -48.6976    
283  4.820       36.7364       110.167      -409.797      -49.7973      -49.7973    
284  4.830       34.5183       110.523      -410.901      -50.9007      -50.9007    
285  4.840       32.2137       110.856      -412.008      -52.0075      -52.0075    
286  4.850       29.8477       111.166      -413.118      -53.1176      -53.1176    
287  4.860       27.4028       111.452      -414.231      -54.2306      -54.2306    
288  4.870       24.8787       111.714      -415.346      -55.3465      -55.3465    
289  4.880       22.2720       111.949      -416.465      -56.4647      -56.4647    
290  4.890       19.5765       112.158      -417.585      -57.5852      -57.5852    
291  4.900       16.7972       112.340      -418.708      -58.7076      -58.7076    
292  4.910       13.9196       112.493      -419.832      -59.8318      -59.8318    
293  4.920       10.9458       112.617      -420.957      -60.9573      -60.9573    
294  4.930       7.88666       112.711      -422.084      -62.0838      -62.0838    
295  4.940       4.71451       112.774      -423.211      -63.2112      -63.2112    
296  4.950       1.45777       112.805      -424.339      -64.3391      -64.3391    
297  4.960      -1.90274       112.802      -425.467      -65.4670      -65.4670    
298  4.970      -5.35301       112.766      -426.595      -66.5948      -66.5948    
299  4.980      -8.89199       112.694      -427.722      -67.7220      -67.7220    
300  4.990      -12.5189       112.587      -428.848      -68.8483      -68.8483    
301  5.000      -16.2213       112.443      -429.973      -69.9734      -69.9734    
302  5.010      -19.9931       112.262      -431.097      -71.0968      -71.0968    
303  5.020      -23.8271       112.043      -432.218      -72.2183      -72.2183    
304  5.030      -27.7119       111.785      -433.337      -73.3374      -73.3374    
305  5.040      -31.6353       111.488      -434.454      -74.4537      -74.4537    
306  5.050      -35.5837       111.152      -435.567      -75.5668      -75.5668    
307  5.060      -39.5474       110.776      -436.676      -76.6764      -76.6764    
308  5.070      -43.5052       110.361      -437.782      -77.7820      -77.7820    
309  5.080      -47.4540       109.906      -438.883      -78.8833      -78.8833    
310  5.090      -51.3613       109.412      -439.980      -79.9798      -79.9798    
311  5.100      -55.2224       108.879      -441.071      -81.0712      -81.0712    
312  5.110      -59.0190       108.308      -442.157      -82.1571      -82.1571    
313  5.120      -62.7286       107.699      -443.237      -83.2370      -83.2370    
314  5.130      -66.3438       107.054      -444.311      -84.3108      -84.3108    
315  5.140      -69.8337       106.374      -445.378      -85.3778      -85.3778    
316  5.150      -73.1970       105.659      -446.438      -86.4379      -86.4379    
317  5.160      -76.4047       104.911      -447.491      -87.4907      -87.4907    
318  5.170      -79.4472       104.132      -448.536      -88.5359      -88.5359    
319  5.180      -82.3112       103.324      -449.573      -89.5731      -89.5731    
320  5.190      -84.9740       102.488      -450.602      -90.6022      -90.6022    
321  5.200      -87.4315       101.626      -451.623      -91.6227      -91.6227    
322  5.210      -89.6641       100.741      -452.634      -92.6345      -92.6345    
323  5.220      -91.6647       99.8354      -453.637      -93.6373      -93.6373    
324  5.230      -93.4245       98.9105      -454.631      -94.6310      -94.6310    
325  5.240      -94.9306       97.9693      -455.615      -95.6154      -95.6154    
326  5.250      -96.1813       97.0144      -456.590      -96.5903      -96.5903    
327  5.260      -97.1693       96.0483      -457.556      -97.5556      -97.5556    
328  5.270      -97.8922       95.0736      -458.511      -98.5113      -98.5113    
329  5.280      -98.3453       94.0931      -459.457      -99.4571      -99.4571    
330  5.290      -98.5372       93.1093      -460.393      -100.393      -100.393    
331  5.300      -98.4629       92.1249      -461.319      -101.319      -101.319    
332  5.310      -98.1294       91.1426      -462.236      -102.236      -102.236    
333  5.320      -97.5468       90.1648      -463.142      -103.142      -103.142    
334  5.330      -96.7177       89.1941      -464.039      -104.039      -104.039    
335  5.340      -95.6573       88.2328      -464.926      -104.926      -104.926    
336  5.350      -94.3753       87.2832      -465.804      -105.804      -105.804    
337  5.360      -92.8872       86.3474      -466.672      -106.672      -106.672    
338  5.370      -91.2092       85.4274      -467.531      -107.531      -107.531    
339  5.380      -89.3539       84.5250      -468.381      -108.381      -108.381    
340  5.390      -87.3447       83.6419      -469.222      -109.222      -109.222    
341  5.400      -85.1962       82.7795      -470.054      -110.054      -110.054    
342  5.410      -82.9328       81.9392      -470.878      -110.878      -110.878    
343  5.420      -80.5702       81.1219      -471.693      -111.693      -111.693    
344  5.430      -78.1339       80.3286      -472.500      -112.500      -112.500    
345  5.440      -75.6377       79.5599      -473.300      -113.300      -113.300    
346  5.450      -73.1079       78.8162      -474.092      -114.092      -114.092    
347  5.460      -70.5625       78.0979      -474.876      -114.876      -114.876    
348  5.470      -68.0191       77.4050      -475.654      -115.654      -115.654    
349  5.480      -65.4911       76.7374      -476.425      -116.425      -116.425    
350  5.490      -63.0056       76.0949      -477.189      -117.189      -117.189    
351  5.500      -60.5671       75.4769      -477.947      -117.947      -117.947    
352  5.510      -58.1934       74.8829      -478.699      -118.699      -118.699    
353  5.520      -55.8908       74.3123      -479.445      -119.445      -119.445    
354  5.530      -53.6761       73.7643      -480.185      -120.185      -120.185    
355  5.540      -51.5457       73.2379      -480.920      -120.920      -120.920    
356  5.550      -49.5117       72.7324      -481.650      -121.650      -121.650    
357  5.560      -47.5757       72.2467      -482.375      -122.375      -122.375    
358  5.570      -45.7279       71.7800      -483.096      -123.096      -123.096    
359  5.580      -43.9830       71.3312      -483.811      -123.811      -123.811    
360  5.590      -42.3223       70.8994      -484.522      -124.522      -124.522    
361  5.600      -40.7433       70.4838      -485.229      -125.229      -125.229    
362  5.610      -39.2469       70.0837      -485.932      -125.932      -125.932    
363  5.620      -37.8081       69.6982      -486.631      -126.631      -126.631    
364  5.630      -36.4351       69.3268      -487.326      -127.326      -127.326    
365  5.640      -35.1016       68.9690      -488.018      -128.018      -128.018    
366  5.650      -33.8047       68.6244      -488.706      -128.706      -128.706    
367  5.660      -32.5301       68.2926      -489.391      -129.391      -129.391    
368  5.670      -31.2632       67.9736      -490.072      -130.072      -130.072    
369  5.680      -30.0039       67.6673      -490.750      -130.750      -130.750    
370  5.690      -28.7218       67.3736      -491.425      -131.425      -131.425    
371  5.700      -27.4266       67.0929      -492.098      -132.098      -132.098    
372  5.710      -26.0978       66.8254      -492.767      -132.767      -132.767    
373  5.720      -24.7338       66.5713      -493.434      -133.434      -133.434    
374  5.730      -23.3235       66.3311      -494.099      -134.099      -134.099    
375  5.740      -21.8720       66.1052      -494.761      -134.761      -134.761    
376  5.750      -20.3645       65.8942      -495.421      -135.421      -135.421    
377  5.760      -18.8086       65.6984      -496.079      -136.079      -136.079    
378  5.770      -17.2089       65.5184      -496.735      -136.735      -136.735    
379  5.780      -15.5560       65.3547      -497.390      -137.390      -137.390    
380  5.790      -13.8669       65.2077      -498.043      -138.043      -138.043    
381  5.800      -12.1451       65.0778      -498.694      -138.694      -138.694    
382  5.810      -10.3874       64.9652      -499.344      -139.344      -139.344    
383  5.820      -8.61596       64.8702      -499.994      -139.994      -139.994    
384  5.830      -6.83873       64.7930      -500.642      -140.642      -140.642    
385  5.840      -5.05533       64.7335      -501.290      -141.290      -141.290    
386  5.850      -3.29022       64.6918      -501.937      -141.937      -141.937    
387  5.860      -1.54110       64.6676      -502.584      -142.584      -142.584    
388  5.870      0.175286       64.6607      -503.230      -143.230      -143.230    
389  5.880       1.84615       64.6707      -503.877      -143.877      -143.877    
390  5.890       3.47516       64.6972      -504.524      -144.524      -144.524    
391  5.900       5.03400       64.7396      -505.171      -145.171      -145.171    
392  5.910       6.53852       64.7973      -505.819      -145.819      -145.819    
393  5.920       7.96897       64.8697      -506.467      -146.467      -146.467    
394  5.930       9.32185       64.9559      -507.117      -147.117      -147.117    
395  5.940       10.6054       65.0554      -507.767      -147.767      -147.767    
396  5.950       11.8079       65.1673      -508.418      -148.418      -148.418    
397  5.960       12.9432       65.2909      -509.070      -149.070      -149.070    
398  5.970       14.0001       65.4254      -509.724      -149.724      -149.724    
399  5.980       14.9921       65.5702      -510.379      -150.379      -150.379    
400  5.990       15.9214       65.7246      -511.035      -151.035      -151.035    
401  6.000       16.8049       65.8881      -511.693      -151.693      -151.693    
402  6.010       17.6318       66.0601      -512.353      -152.353      -152.353    
403  6.020       18.4299       66.2404      -513.015      -153.015      -153.015    
404  6.030       19.2018       66.4285      -513.678      -153.678      -153.678    
405  6.040       19.9558       66.6242      -514.343      -154.343      -154.343    
406  6.050       20.6985       66.8274      -515.011      -155.011      -155.011    
407  6.060       21.4509       67.0382      -515.680      -155.680      -155.680    
408  6.070       22.2126       67.2565      -516.352      -156.352      -156.352    
409  6.080       22.9977       67.4826      -517.025      -157.025      -157.025    
410  6.090       23.8024       67.7167      -517.701      -157.701      -157.701    
411  6.100       24.6511       67.9590      -518.380      -158.380      -158.380    
412  6.110       25.5293       68.2100      -519.061      -159.061      -159.061    
413  6.120       26.4619       68.4701      -519.744      -159.744      -159.744    
414  6.130       27.4185       68.7396      -520.430      -160.430      -160.430    
415  6.140       28.4383       69.0190      -521.119      -161.119      -161.119    
416  6.150       29.4990       69.3088      -521.811      -161.811      -161.811    
417  6.160       30.5851       69.6093      -522.505      -162.505      -162.505    
418  6.170       31.7232       69.9210      -523.203      -163.203      -163.203    
419  6.180       32.8876       70.2441      -523.904      -163.904      -163.904    
420  6.190       34.0695       70.5790      -524.608      -164.608      -164.608    
421  6.200       35.2783       70.9258      -525.316      -165.316      -165.316    
422  6.210       36.4938       71.2847      -526.027      -166.027      -166.027    
423  6.220       37.7042       71.6557      -526.742      -166.742      -166.742    
424  6.230       38.9247       72.0389      -527.460      -167.460      -167.460    
425  6.240       40.1063       72.4340      -528.182      -168.182      -168.182    
426  6.250       41.2874       72.8409      -528.909      -168.909      -168.909    
427  6.260       42.4301       73.2595      -529.639      -169.639      -169.639    
428  6.270       43.5323       73.6892      -530.374      -170.374      -170.374    
429  6.280       44.5993       74.1298      -531.113      -171.113      -171.113    
430  6.290       45.6200       74.5808      -531.857      -171.857      -171.857    
431  6.300       46.5871       75.0417      -532.605      -172.605      -172.605    
432  6.310       47.5056       75.5120      -533.358      -173.358      -173.358    
433  6.320       48.3773       75.9913      -534.115      -174.115      -174.115    
434  6.330       49.1903       76.4791      -534.878      -174.878      -174.878    
435  6.340       49.9546       76.9747      -535.645      -175.645      -175.645    
436  6.350       50.6790       77.4777      -536.418      -176.418      -176.418    
437  6.360       51.3530       77.9878      -537.195      -177.195      -177.195    
438  6.370       51.9979       78.5044      -537.977      -177.977      -177.977    
439  6.380       52.5961       79.0273      -538.765      -178.765      -178.765    
440  6.390       53.1861       79.5562      -539.558      -179.558      -179.558    
441  6.400       53.7302       80.0907      -540.356       179.644       179.644    
442  6.410       54.2826       80.6308      -541.160       178.840       178.840    
443  6.420       54.8105       81.1762      -541.969       178.031       178.031    
444  6.430       55.3424       81.7270      -542.784       177.216       177.216    
445  6.440       55.8654       82.2830      -543.604       176.396       176.396    
446  6.450       56.3991       82.8443      -544.429       175.571       175.571    
447  6.460       56.9331       83.4110      -545.261       174.739       174.739    
448  6.470       57.4812       83.9831      -546.098       173.902       173.902    
449  6.480       58.0391       84.5608      -546.940       173.060       173.060    
450  6.490       58.5974       85.1440      -547.789       172.211       172.211    
451  6.500       59.1805       85.7329      -548.643       171.357       171.357    
452  6.510       59.7504       86.3276      -549.504       170.496       170.496    
453  6.520       60.3275       86.9280      -550.370       169.630       169.630    
454  6.530       60.9092       87.5342      -551.242       168.758       168.758    
455  6.540       61.4729       88.1461      -552.121       167.879       167.879    
456  6.550       62.0275       88.7636      -553.005       166.995       166.995    
457  6.560       62.5623       89.3865      -553.896       166.104       166.104    
458  6.570       63.0701       90.0147      -554.793       165.207       165.207    
459  6.580       63.5309       90.6476      -555.696       164.304       164.304    
460  6.590       63.9734       91.2850      -556.606       163.394       163.394    
461  6.600       64.3394       91.9265      -557.522       162.478       162.478    
462  6.610       64.6749       92.5715      -558.445       161.555       161.555    
463  6.620       64.9361       93.2194      -559.374       160.626       160.626    
464  6.630       65.1362       93.8696      -560.309       159.691       159.691    
465  6.640       65.2558       94.5214      -561.251       158.749       158.749    
466  6.650       65.3119       95.1741      -562.200       157.800       157.800    
467  6.660       65.2791       95.8268      -563.155       156.845       156.845    
468  6.670       65.1733       96.4789      -564.116       155.884       155.884    
469  6.680       64.9783       97.1295      -565.084       154.916       154.916    
470  6.690       64.7078       97.7777      -566.059       153.941       153.941    
471  6.700       64.3459       98.4228      -567.040       152.960       152.960    
472  6.710       63.9034       99.0639      -568.027       151.973       151.973    
473  6.720       63.3777       99.7001      -569.021       150.979       150.979    
474  6.730       62.7782       100.331      -570.021       149.979       149.979    
475  6.740       62.0882       100.955      -571.028       148.972       148.972    
476  6.750       61.3316       101.572      -572.040       147.960       147.960    
477  6.760       60.4930       102.181      -573.059       146.941       146.941    
478  6.770       59.5890       102.781      -574.084       145.916       145.916    
479  6.780       58.6028       103.372      -575.115       144.885       144.885    
480  6.790       57.5524       103.952      -576.151       143.849       143.849    
481  6.800       56.4308       104.522      -577.194       142.806       142.806    
482  6.810       55.2354       105.080      -578.242       141.758       141.758    
483  6.820       53.9782       105.626      -579.295       140.705       140.705    
484  6.830       52.6471       106.159      -580.354       139.646       139.646    
485  6.840       51.2352       106.678      -581.418       138.582       138.582    
486  6.850       49.7664       107.183      -582.488       137.512       137.512    
487  6.860       48.2078       107.673      -583.562       136.438       136.438    
488  6.870       46.5701       108.147      -584.641       135.359       135.359    
489  6.880       44.8579       108.603      -585.725       134.275       134.275    
490  6.890       43.0573       109.043      -586.813       133.187       133.187    
491  6.900       41.1621       109.464      -587.905       132.095       132.095    
492  6.910       39.1798       109.865      -589.002       130.998       130.998    
493  6.920       37.0940       110.246      -590.102       129.898       129.898    
494  6.930       34.9150       110.606      -591.207       128.793       128.793    
495  6.940       32.6260       110.944      -592.314       127.686       127.686    
496  6.950       30.2371       111.258      -593.425       126.575       126.575    
497  6.960       27.7280       111.547      -594.539       125.461       125.461    
498  6.970       25.1256       111.811      -595.656       124.344       124.344    
499  6.980       22.3983       112.049      -596.775       123.225       123.225    
500  6.990       19.5635       112.258      -597.897       122.103       122.103    
501  7.000       16.6195       112.439      -599.020       120.980       120.980    
502  7.010       13.5656       112.589      -600.146       119.854       119.854    
503  7.020       10.4021       112.709      -601.272       118.728       118.728    
504  7.030       7.13886       112.796      -602.399       117.601       117.601    
505  7.040       3.77141       112.851      -603.528       116.472       116.472    
506  7.050      0.317912       112.871      -604.656       115.344       115.344    
507  7.060      -3.23233       112.856      -605.785       114.215       114.215    
508  7.070      -6.85620       112.805      -606.913       113.087       113.087    
509  7.080      -10.5591       112.718      -608.041       111.959       111.959    
510  7.090      -14.3226       112.594      -609.167       110.833       110.833    
511  7.100      -18.1406       112.431      -610.292       109.708       109.708    
512  7.110      -22.0077       112.230      -611.415       108.585       108.585    
513  7.120      -25.9086       111.991      -612.536       107.464       107.464    
514  7.130      -29.8248       111.712      -613.655       106.345       106.345    
515  7.140      -33.7638       111.394      -614.770       105.230       105.230    
516  7.150      -37.6913       111.037      -615.882       104.118       104.118    
517  7.160      -41.6098       110.640      -616.991       103.009       103.009    
518  7.170      -45.5031       110.205      -618.095       101.905       101.905    
519  7.180      -49.3507       109.730      -619.195       100.805       100.805    
520  7.190      -53.1462       109.218      -620.289       99.7108       99.7108    
521  7.200      -56.8778       108.668      -621.379       98.6215       98.6215    
522  7.210      -60.5227       108.081      -622.462       97.5378       97.5378    
523  7.220      -64.0719       107.458      -623.540       96.4601       96.4601    
524  7.230      -67.5165       106.801      -624.611       95.3889       95.3889    
525  7.240      -70.8295       106.109      -625.676       94.3244       94.3244    
526  7.250      -74.0146       105.385      -626.733       93.2670       93.2670    
527  7.260      -77.0432       104.630      -627.783       92.2170       92.2170    
528  7.270      -79.9110       103.846      -628.825       91.1747       91.1747    
529  7.280      -82.6023       103.034      -629.860       90.1404       90.1404    
530  7.290      -85.1067       102.196      -630.886       89.1143       89.1143    
531  7.300      -87.4124       101.334      -631.903       88.0967       88.0967    
532  7.310      -89.5086       100.449      -632.912       87.0878       87.0878    
533  7.320      -91.3842       99.5455      -633.912       86.0879       86.0879    
534  7.330      -93.0382       98.6240      -634.903       85.0970       85.0970    
535  7.340      -94.4510       97.6871      -635.885       84.1155       84.1155    
536  7.350      -95.6290       96.7372      -636.857       83.1434       83.1434    
537  7.360      -96.5569       95.7769      -637.819       82.1809       82.1809    
538  7.370      -97.2397       94.8085      -638.772       81.2280       81.2280    
539  7.380      -97.6709       93.8346      -639.715       80.2848       80.2848    
540  7.390      -97.8524       92.8575      -640.649       79.3514       79.3514    
541  7.400      -97.7832       91.8800      -641.572       78.4277       78.4277    
542  7.410      -97.4712       90.9043      -642.486       77.5137       77.5137    
543  7.420      -96.9162       89.9329      -643.391       76.6095       76.6095    
544  7.430      -96.1295       88.9683      -644.285       75.7149       75.7149    
545  7.440      -95.1167       88.0126      -645.170       74.8299       74.8299    
546  7.450      -93.8908       87.0681      -646.046       73.9544       73.9544    
547  7.460      -92.4585       86.1368      -646.912       73.0884       73.0884    
548  7.470      -90.8423       85.2208      -647.769       72.2315       72.2315    
549  7.480      -89.0468       84.3218      -648.616       71.3837       71.3837    
550  7.490      -87.0957       83.4415      -649.455       70.5449       70.5449    
551  7.500      -85.0033       82.5813      -650.285       69.7146       69.7146    
552  7.510      -82.7881       81.7427      -651.107       68.8929       68.8929    
553  7.520      -80.4689       80.9267      -651.921       68.0794       68.0794    
554  7.530      -78.0649       80.1342      -652.726       67.2741       67.2741    
555  7.540      -75.5985       79.3661      -653.523       66.4765       66.4765    
556  7.550      -73.0793       78.6228      -654.313       65.6865       65.6865    
557  7.560      -70.5405       77.9048      -655.096       64.9038       64.9038    
558  7.570      -67.9916       77.2121      -655.872       64.1281       64.1281    
559  7.580      -65.4497       76.5449      -656.641       63.3592       63.3592    
560  7.590      -62.9338       75.9029      -657.403       62.5969       62.5969    
561  7.600      -60.4615       75.2859      -658.159       61.8408       61.8408    
562  7.610      -58.0407       74.6932      -658.909       61.0909       61.0909    
563  7.620      -55.6895       74.1244      -659.653       60.3467       60.3467    
564  7.630      -53.4112       73.5787      -660.392       59.6081       59.6081    
565  7.640      -51.2185       73.0553      -661.125       58.8748       58.8748    
566  7.650      -49.1163       72.5534      -661.853       58.1468       58.1468    
567  7.660      -47.1066       72.0721      -662.576       57.4236       57.4236    
568  7.670      -45.1933       71.6103      -663.295       56.7051       56.7051    
569  7.680      -43.3724       71.1673      -664.009       55.9911       55.9911    
570  7.690      -41.6486       70.7419      -664.719       55.2815       55.2815    
571  7.700      -40.0085       70.3334      -665.424       54.5760       54.5760    
572  7.710      -38.4488       69.9409      -666.125       53.8746       53.8746    
573  7.720      -36.9698       69.5636      -666.823       53.1771       53.1771    
574  7.730      -35.5454       69.2009      -667.517       52.4832       52.4832    
575  7.740      -34.1851       68.8520      -668.207       51.7929       51.7929    
576  7.750      -32.8663       68.5166      -668.894       51.1060       51.1060    
577  7.760      -31.5784       68.1943      -669.578       50.4223       50.4223    
578  7.770      -30.3114       67.8848      -670.258       49.7419       49.7419    
579  7.780      -29.0540       67.5879      -670.936       49.0644       49.0644    
580  7.790      -27.8011       67.3036      -671.610       48.3899       48.3899    
581  7.800      -26.5285       67.0320      -672.282       47.7181       47.7181    
582  7.810      -25.2413       66.7732      -672.951       47.0491       47.0491    
583  7.820      -23.9236       66.5274      -673.618       46.3825       46.3825    
584  7.830      -22.5648       66.2950      -674.282       45.7183       45.7183    
585  7.840      -21.1731       66.0764      -674.944       45.0564       45.0564    
586  7.850      -19.7257       65.8721      -675.603       44.3966       44.3966    
587  7.860      -18.2448       65.6823      -676.261       43.7388       43.7388    
588  7.870      -16.7028       65.5077      -676.917       43.0827       43.0827    
589  7.880      -15.1273       65.3486      -677.572       42.4284       42.4284    
590  7.890      -13.4949       65.2056      -678.224       41.7756       41.7756    
591  7.900      -11.8380       65.0791      -678.876       41.1242       41.1242    
592  7.910      -10.1431       64.9692      -679.526       40.4739       40.4739    
593  7.920      -8.42175       64.8765      -680.175       39.8245       39.8245    
594  7.930      -6.68640       64.8010      -680.824       39.1760       39.1760    
595  7.940      -4.94529       64.7429      -681.472       38.5283       38.5283    
596  7.950      -3.20552       64.7021      -682.119       37.8810       37.8810    
597  7.960      -1.48298       64.6786      -682.766       37.2341       37.2341    
598  7.970      0.227530       64.6723      -683.413       36.5873       36.5873    
599  7.980       1.88958       64.6828      -684.059       35.9405       35.9405    
600  7.990       3.52731       64.7098      -684.706       35.2936       35.2936    
601  8.000       5.10231       64.7529      -685.354       34.6463       34.6463    
602  8.010       6.61826       64.8113      -686.002       33.9984       33.9984    
603  8.020       8.08168       64.8847      -686.650       33.3498       33.3498    
604  8.030       9.47521       64.9723      -687.299       32.7005       32.7005    
605  8.040       10.7896       65.0734      -687.950       32.0503       32.0503    
606  8.050       12.0390       65.1874      -688.601       31.3990       31.3990    
607  8.060       13.2098       65.3135      -689.254       30.7464       30.7464    
608  8.070       14.3142       65.4509      -689.907       30.0926       30.0926    
609  8.080       15.3546       65.5991      -690.563       29.4373       29.4373    
610  8.090       16.3189       65.7573      -691.220       28.7805       28.7805    
611  8.100       17.2426       65.9250      -691.878       28.1220       28.1220    
612  8.110       18.1101       66.1016      -692.538       27.4619       27.4619    
613  8.120       18.9358       66.2868      -693.200       26.7999       26.7999    
614  8.130       19.7233       66.4800      -693.864       26.1361       26.1361    
615  8.140       20.5024       66.6810      -694.530       25.4702       25.4702    
616  8.150       21.2582       66.8898      -695.198       24.8024       24.8024    
617  8.160       22.0105       67.1061      -695.868       24.1323       24.1323    
618  8.170       22.7686       67.3300      -696.540       23.4601       23.4601    
619  8.180       23.5450       67.5616      -697.214       22.7857       22.7857    
620  8.190       24.3336       67.8010      -697.891       22.1089       22.1089    
621  8.200       25.1626       68.0486      -698.570       21.4296       21.4296    
622  8.210       26.0107       68.3045      -699.252       20.7477       20.7477    
623  8.220       26.9116       68.5693      -699.937       20.0634       20.0634    
624  8.230       27.8395       68.8431      -700.624       19.3763       19.3763    
625  8.240       28.8187       69.1265      -701.314       18.6864       18.6864    
626  8.250       29.8367       69.4199      -702.006       17.9937       17.9937    
627  8.260       30.8918       69.7236      -702.702       17.2980       17.2980    
628  8.270       31.9883       70.0382      -703.401       16.5991       16.5991    
629  8.280       33.1195       70.3638      -704.103       15.8972       15.8972    
630  8.290       34.2702       70.7008      -704.808       15.1918       15.1918    
631  8.300       35.4426       71.0495      -705.517       14.4830       14.4830    
632  8.310       36.6388       71.4099      -706.229       13.7706       13.7706    
633  8.320       37.8372       71.7823      -706.945       13.0546       13.0546    
634  8.330       39.0232       72.1666      -707.665       12.3348       12.3348    
635  8.340       40.2158       72.5629      -708.389       11.6111       11.6111    
636  8.350       41.3859       72.9708      -709.117       10.8834       10.8834    
637  8.360       42.5235       73.3903      -709.848       10.1516       10.1516    
638  8.370       43.6431       73.8211      -710.584       9.41553       9.41553    
639  8.380       44.7156       74.2628      -711.325       8.67514       8.67514    
640  8.390       45.7542       74.7151      -712.070       7.93027       7.93027    
641  8.400       46.7375       75.1774      -712.819       7.18080       7.18080    
642  8.410       47.6793       75.6494      -713.573       6.42664       6.42664    
643  8.420       48.5742       76.1306      -714.332       5.66767       5.66767    
644  8.430       49.4124       76.6204      -715.096       4.90389       4.90389    
645  8.440       50.2006       77.1184      -715.865       4.13520       4.13520    
646  8.450       50.9457       77.6240      -716.639       3.36142       3.36142    
647  8.460       51.6491       78.1369      -717.417       2.58256       2.58256    
648  8.470       52.3005       78.6565      -718.201       1.79861       1.79861    
649  8.480       52.9304       79.1826      -718.991       1.00937       1.00937    
650  8.490       53.5178       79.7148      -719.785      0.214885      0.214885    
651  8.500       54.0894       80.2527      -720.585     -0.584957     -0.584957    
652  8.510       54.6303       80.7963      -721.390      -1.39026      -1.39026    
653  8.520       55.1685       81.3453      -722.201      -2.20098      -2.20098    
654  8.530       55.6842       81.8995      -723.017      -3.01732      -3.01732    
655  8.540       56.2103       82.4590      -723.839      -3.83919      -3.83919    
656  8.550       56.7226       83.0236      -724.667      -4.66668      -4.66668    
657  8.560       57.2455       83.5935      -725.500      -5.49985      -5.49985    
658  8.570       57.7711       84.1686      -726.339      -6.33871      -6.33871    
659  8.580       58.3049       84.7490      -727.183      -7.18330      -7.18330    
660  8.590       58.8404       85.3348      -728.034      -8.03374      -8.03374    
661  8.600       59.3863       85.9259      -728.890      -8.89008      -8.89008    
662  8.610       59.9346       86.5225      -729.752      -9.75233      -9.75233    
663  8.620       60.4849       87.1247      -730.621      -10.6206      -10.6206    
664  8.630       61.0364       87.7323      -731.495      -11.4949      -11.4949    
665  8.640       61.5699       88.3453      -732.375      -12.3752      -12.3752    
666  8.650       62.0990       88.9637      -733.262      -13.2618      -13.2618    
667  8.660       62.6078       89.5872      -734.155      -14.1545      -14.1545    
668  8.670       63.0904       90.2156      -735.054      -15.0535      -15.0535    
669  8.680       63.5362       90.8487      -735.959      -15.9589      -15.9589    
670  8.690       63.9511       91.4860      -736.871      -16.8706      -16.8706    
671  8.700       64.3186       92.1273      -737.789      -17.7887      -17.7887    
672  8.710       64.6315       92.7719      -738.713      -18.7132      -18.7132    
673  8.720       64.8804       93.4193      -739.644      -19.6442      -19.6442    
674  8.730       65.0709       94.0690      -740.582      -20.5816      -20.5816    
675  8.740       65.2004       94.7202      -741.526      -21.5256      -21.5256    
676  8.750       65.2360       95.3722      -742.476      -22.4762      -22.4762    
677  8.760       65.2113       96.0243      -743.433      -23.4331      -23.4331    
678  8.770       65.0954       96.6756      -744.397      -24.3966      -24.3966    
679  8.780       64.9044       97.3254      -745.367      -25.3666      -25.3666    
680  8.790       64.6260       97.9729      -746.343      -26.3431      -26.3431    
681  8.800       64.2612       98.6171      -747.326      -27.3260      -27.3260    
682  8.810       63.8176       99.2573      -748.315      -28.3154      -28.3154    
683  8.820       63.2864       99.8926      -749.311      -29.3111      -29.3111    
684  8.830       62.6686       100.522      -750.313      -30.3132      -30.3132    
685  8.840       61.9781       101.145      -751.322      -31.3216      -31.3216    
686  8.850       61.1995       101.761      -752.336      -32.3362      -32.3362    
687  8.860       60.3466       102.368      -753.357      -33.3568      -33.3568    
688  8.870       59.4171       102.967      -754.383      -34.3834      -34.3834    
689  8.880       58.4113       103.556      -755.416      -35.4160      -35.4160    
690  8.890       57.3310       104.135      -756.454      -36.4545      -36.4545    
691  8.900       56.1803       104.702      -757.499      -37.4987      -37.4987    
692  8.910       54.9497       105.257      -758.548      -38.5485      -38.5485    
693  8.920       53.6643       105.800      -759.604      -39.6037      -39.6037    
694  8.930       52.2840       106.330      -760.664      -40.6643      -40.6643    
695  8.940       50.8389       106.845      -761.730      -41.7301      -41.7301    
696  8.950       49.3243       107.346      -762.801      -42.8011      -42.8011    
697  8.960       47.7255       107.831      -763.877      -43.8769      -43.8769    
698  8.970       46.0499       108.300      -764.958      -44.9576      -44.9576    
699  8.980       44.2887       108.751      -766.043      -46.0428      -46.0428    
700  8.990       42.4442       109.185      -767.133      -47.1325      -47.1325    
701  9.000       40.5115       109.599      -768.226      -48.2264      -48.2264    
702  9.010       38.4807       109.994      -769.324      -49.3244      -49.3244    
703  9.020       36.3610       110.368      -770.426      -50.4262      -50.4262    
704  9.030       34.1400       110.720      -771.532      -51.5316      -51.5316    
705  9.040       31.8196       111.050      -772.640      -52.6405      -52.6405    
706  9.050       29.3894       111.356      -773.752      -53.7524      -53.7524    
707  9.060       26.8537       111.637      -774.867      -54.8673      -54.8673    
708  9.070       24.2133       111.892      -775.985      -55.9850      -55.9850    
709  9.080       21.4615       112.120      -777.105      -57.1050      -57.1050    
710  9.090       18.6003       112.320      -778.227      -58.2272      -58.2272    
711  9.100       15.6328       112.491      -779.351      -59.3512      -59.3512    
712  9.110       12.5531       112.631      -780.477      -60.4768      -60.4768    
713  9.120       9.37325       112.741      -781.604      -61.6036      -61.6036    
714  9.130       6.08579       112.818      -782.731      -62.7314      -62.7314    
715  9.140       2.71113       112.862      -783.860      -63.8598      -63.8598    
716  9.150     -0.766605       112.871      -784.988      -64.9884      -64.9884    
717  9.160      -4.32570       112.845      -786.117      -66.1171      -66.1171    
718  9.170      -7.96431       112.784      -787.245      -67.2451      -67.2451    
719  9.180      -11.6753       112.685      -788.372      -68.3725      -68.3725    
720  9.190      -15.4504       112.550      -789.499      -69.4985      -69.4985    
721  9.200      -19.2730       112.376      -790.623      -70.6231      -70.6231    
722  9.210      -23.1516       112.164      -791.746      -71.7456      -71.7456    
723  9.220      -27.0503       111.912      -792.866      -72.8660      -72.8660    
724  9.230      -30.9756       111.622      -793.984      -73.9836      -73.9836    
725  9.240      -34.9100       111.293      -795.098      -75.0981      -75.0981    
726  9.250      -38.8416       110.924      -796.209      -76.2091      -76.2091    
727  9.260      -42.7528       110.516      -797.316      -77.3163      -77.3163    
728  9.270      -46.6412       110.069      -798.419      -78.4191      -78.4191    
729  9.280      -50.4818       109.584      -799.517      -79.5173      -79.5173    
730  9.290      -54.2651       109.060      -800.610      -80.6104      -80.6104    
731  9.300      -57.9775       108.499      -801.698      -81.6981      -81.6981    
732  9.310      -61.6071       107.901      -802.780      -82.7799      -82.7799    
733  9.320      -65.1361       107.268      -803.856      -83.8557      -83.8557    
734  9.330      -68.5496       106.599      -804.925      -84.9250      -84.9250    
735  9.340      -71.8358       105.898      -805.987      -85.9875      -85.9875    
736  9.350      -74.9820       105.164      -807.043      -87.0427      -87.0427    
737  9.360      -77.9749       104.400      -808.090      -88.0904      -88.0904    
738  9.370      -80.7930       103.606      -809.130      -89.1303      -89.1303    
739  9.380      -83.4422       102.785      -810.162      -90.1622      -90.1622    
740  9.390      -85.8866       101.939      -811.186      -91.1859      -91.1859    
741  9.400      -88.1369       101.070      -812.201      -92.2009      -92.2009    
742  9.410      -90.1699       100.179      -813.207      -93.2071      -93.2071    
743  9.420      -91.9799       99.2683      -814.204      -94.2043      -94.2043    
744  9.430      -93.5600       98.3411      -815.192      -95.1924      -95.1924    
745  9.440      -94.9022       97.3994      -816.171      -96.1709      -96.1709    
746  9.450      -95.9985       96.4455      -817.140      -97.1401      -97.1401    
747  9.460      -96.8506       95.4818      -818.100      -98.0997      -98.0997    
748  9.470      -97.4482       94.5109      -819.050      -99.0496      -99.0496    
749  9.480      -97.7977       93.5353      -819.990      -99.9898      -99.9898    
750  9.490      -97.8924       92.5574      -820.920      -100.920      -100.920    
751  9.500      -97.7396       91.5799      -821.841      -101.841      -101.841    
752  9.510      -97.3430       90.6051      -822.752      -102.752      -102.752    
753  9.520      -96.7046       89.6354      -823.653      -103.653      -103.653    
754  9.530      -95.8381       88.6733      -824.545      -104.545      -104.545    
755  9.540      -94.7476       87.7209      -825.427      -105.427      -105.427    
756  9.550      -93.4438       86.7804      -826.299      -106.299      -106.299    
757  9.560      -91.9460       85.8540      -827.162      -107.162      -107.162    
758  9.570      -90.2610       84.9434      -828.017      -108.017      -108.017    
759  9.580      -88.4079       84.0505      -828.862      -108.862      -108.862    
760  9.590      -86.4034       83.1768      -829.698      -109.698      -109.698    
761  9.600      -84.2632       82.3238      -830.525      -110.525      -110.525    
762  9.610      -82.0079       81.4927      -831.344      -111.344      -111.344    
763  9.620      -79.6563       80.6847      -832.155      -112.155      -112.155    
764  9.630      -77.2282       79.9004      -832.958      -112.958      -112.958    
765  9.640      -74.7414       79.1407      -833.754      -113.754      -113.754    
766  9.650      -72.2159       78.4061      -834.542      -114.542      -114.542    
767  9.660      -69.6727       77.6967      -835.322      -115.322      -115.322    
768  9.670      -67.1274       77.0127      -836.096      -116.096      -116.096    
769  9.680      -64.5977       76.3540      -836.863      -116.863      -116.863    
770  9.690      -62.1016       75.7205      -837.623      -117.623      -117.623    
771  9.700      -59.6475       75.1116      -838.377      -118.377      -118.377    
772  9.710      -57.2587       74.5269      -839.126      -119.126      -119.126    
773  9.720      -54.9383       73.9658      -839.868      -119.868      -119.868    
774  9.730      -52.6962       73.4274      -840.605      -120.605      -120.605    
775  9.740      -50.5406       72.9110      -841.337      -121.337      -121.337    
776  9.750      -48.4788       72.4157      -842.064      -122.064      -122.064    
777  9.760      -46.5096       71.9405      -842.786      -122.786      -122.786    
778  9.770      -44.6370       71.4845      -843.503      -123.503      -123.503    
779  9.780      -42.8577       71.0468      -844.216      -124.216      -124.216    
780  9.790      -41.1656       70.6264      -844.924      -124.924      -124.924    
781  9.800      -39.5629       70.2226      -845.628      -125.628      -125.628    
782  9.810      -38.0349       69.8344      -846.329      -126.329      -126.329    
783  9.820      -36.5790       69.4611      -847.025      -127.025      -127.025    
784  9.830      -35.1851       69.1021      -847.718      -127.718      -127.718    
785  9.840      -33.8319       68.7569      -848.407      -128.407      -128.407    
786  9.850      -32.5320       68.4249      -849.093      -129.093      -129.093    
787  9.860      -31.2475       68.1059      -849.776      -129.776      -129.776    
788  9.870      -29.9875       67.7997      -850.456      -130.456      -130.456    
789  9.880      -28.7241       67.5061      -851.132      -131.132      -131.132    
790  9.890      -27.4599       67.2252      -851.806      -131.806      -131.806    
791  9.900      -26.1763       66.9570      -852.477      -132.477      -132.477    
792  9.910      -24.8757       66.7018      -853.145      -133.145      -133.145    
793  9.920      -23.5330       66.4598      -853.811      -133.811      -133.811    
794  9.930      -22.1533       66.2315      -854.475      -134.475      -134.475    
795  9.940      -20.7427       66.0171      -855.136      -135.136      -135.136    
796  9.950      -19.2653       65.8172      -855.795      -135.795      -135.795    
797  9.960      -17.7566       65.6322      -856.452      -136.452      -136.452    
798  9.970      -16.1954       65.4625      -857.108      -137.108      -137.108    
799  9.980      -14.5901       65.3087      -857.762      -137.762      -137.762    
800  9.990      -12.9375       65.1712      -858.414      -138.414      -138.414    
801  10.00      -11.2659       65.0503      -859.065      -139.065      -139.065    
