# Mowe_temp                                                                       
# Operating point sequence...
# i     t     dWx ang.acc.  Wx rot.rate   Phi   (bank)  Phi[ 2]       Phi[ 3]      
  1  2.000      -54.3389       173.572      -346.000       14.0000       14.0000    
  2  2.010      -50.2107       173.070      -347.731       12.2693       12.2693    
  3  2.020      -43.3018       172.614      -349.458       10.5417       10.5417    
  4  2.030      -33.0584       172.242      -351.182       8.81755       8.81755    
  5  2.040      -19.7555       171.986      -352.904       7.09626       7.09626    
  6  2.050      -4.08519       171.873      -354.623       5.37669       5.37669    
  7  2.060       13.0694       171.923      -356.343       3.65736       3.65736    
  8  2.070       30.7303       172.144      -358.063       1.93662       1.93662    
  9  2.080       47.8985       172.538      -359.787      0.212819      0.212819    
 10  2.090       63.6123       173.093      -361.516      -1.51571      -1.51571    
 11  2.100       77.0374       173.791      -363.251      -3.25052      -3.25052    
 12  2.110       87.4579       174.607      -364.993      -4.99282      -4.99282    
 13  2.120       94.3958       175.509      -366.744      -6.74362      -6.74362    
 14  2.130       97.5636       176.459      -368.504      -8.50360      -8.50360    
 15  2.140       96.9112       177.422      -370.273      -10.2731      -10.2731    
 16  2.150       92.6428       178.361      -372.052      -12.0520      -12.0520    
 17  2.160       85.1386       179.241      -373.840      -13.8399      -13.8399    
 18  2.170       74.9940       180.035      -375.636      -15.6361      -15.6361    
 19  2.180       62.9178       180.719      -377.440      -17.4396      -17.4396    
 20  2.190       49.7348       181.278      -379.249      -19.2492      -19.2492    
 21  2.200       36.2775       181.707      -381.064      -21.0638      -21.0638    
 22  2.210       23.3955       182.005      -382.882      -22.8820      -22.8820    
 23  2.220       11.8296       182.184      -384.703      -24.7026      -24.7026    
 24  2.230       2.24355       182.258      -386.525      -26.5246      -26.5246    
 25  2.240      -4.87577       182.251      -388.347      -28.3469      -28.3469    
 26  2.250      -9.20195       182.187      -390.169      -30.1689      -30.1689    
 27  2.260      -10.6094       182.095      -391.990      -31.9902      -31.9902    
 28  2.270      -9.15695       182.003      -393.811      -33.8106      -33.8106    
 29  2.280      -5.09477       181.938      -395.630      -35.6303      -35.6303    
 30  2.290       1.18059       181.925      -397.450      -37.4497      -37.4497    
 31  2.300       9.11273       181.981      -399.269      -39.2694      -39.2694    
 32  2.310       18.0904       182.120      -401.090      -41.0900      -41.0900    
 33  2.320       27.4115       182.350      -402.913      -42.9126      -42.9126    
 34  2.330       36.3885       182.668      -404.738      -44.7379      -44.7379    
 35  2.340       44.3546       183.071      -406.567      -46.5668      -46.5668    
 36  2.350       50.7328       183.543      -408.400      -48.4000      -48.4000    
 37  2.360       55.0438       184.067      -410.238      -50.2382      -50.2382    
 38  2.370       56.9355       184.621      -412.082      -52.0818      -52.0818    
 39  2.380       56.2327       185.181      -413.931      -53.9308      -53.9308    
 40  2.390       52.8957       185.720      -415.785      -55.7853      -55.7853    
 41  2.400       47.0558       186.214      -417.645      -57.6449      -57.6449    
 42  2.410       38.9825       186.638      -419.509      -59.5090      -59.5090    
 43  2.420       29.0775       186.973      -421.377      -61.3768      -61.3768    
 44  2.430       17.8278       187.204      -423.247      -63.2475      -63.2475    
 45  2.440       5.78843       187.319      -425.120      -65.1198      -65.1198    
 46  2.450      -6.44854       187.315      -426.993      -66.9927      -66.9927    
 47  2.460      -18.3099       187.191      -428.865      -68.8649      -68.8649    
 48  2.470      -29.2645       186.955      -430.735      -70.7353      -70.7353    
 49  2.480      -38.8349       186.617      -432.603      -72.6029      -72.6029    
 50  2.490      -46.6518       186.194      -434.467      -74.4667      -74.4667    
 51  2.500      -52.4596       185.703      -436.326      -76.3260      -76.3260    
 52  2.510      -56.1101       185.165      -438.180      -78.1802      -78.1802    
 53  2.520      -57.6048       184.602      -440.029      -80.0289      -80.0289    
 54  2.530      -57.0384       184.034      -441.872      -81.8720      -81.8720    
 55  2.540      -54.6404       183.480      -443.710      -83.7095      -83.7095    
 56  2.550      -50.7174       182.958      -445.542      -85.5417      -85.5417    
 57  2.560      -45.6617       182.479      -447.369      -87.3690      -87.3690    
 58  2.570      -39.9006       182.053      -449.192      -89.1918      -89.1918    
 59  2.580      -33.8868       181.686      -451.011      -91.0106      -91.0106    
 60  2.590      -28.0717       181.376      -452.826      -92.8260      -92.8260    
 61  2.600      -22.8635       181.120      -454.639      -94.6387      -94.6387    
 62  2.610      -18.6251       180.911      -456.449      -96.4489      -96.4489    
 63  2.620      -15.6352       180.737      -458.257      -98.2572      -98.2572    
 64  2.630      -14.0969       180.585      -460.064      -100.064      -100.064    
 65  2.640      -14.0901       180.440      -461.869      -101.869      -101.869    
 66  2.650      -15.6258       180.288      -463.673      -103.673      -103.673    
 67  2.660      -18.5913       180.113      -465.475      -105.475      -105.475    
 68  2.670      -22.7920       179.903      -467.275      -107.275      -107.275    
 69  2.680      -27.9616       179.646      -469.072      -109.072      -109.072    
 70  2.690      -33.7704       179.336      -470.867      -110.867      -110.867    
 71  2.700      -39.8491       178.967      -472.658      -112.658      -112.658    
 72  2.710      -45.8163       178.538      -474.446      -114.446      -114.446    
 73  2.720      -51.2994       178.053      -476.228      -116.228      -116.228    
 74  2.730      -55.9430       177.519      -478.006      -118.006      -118.006    
 75  2.740      -59.4515       176.944      -479.778      -119.778      -119.778    
 76  2.750      -61.5857       176.342      -481.545      -121.545      -121.545    
 77  2.760      -62.1831       175.727      -483.305      -123.305      -123.305    
 78  2.770      -61.1762       175.114      -485.059      -125.059      -125.059    
 79  2.780      -58.5627       174.519      -486.807      -126.807      -126.807    
 80  2.790      -54.4435       173.958      -488.550      -128.550      -128.550    
 81  2.800      -48.9928       173.444      -490.287      -130.287      -130.287    
 82  2.810      -42.4510       172.990      -492.019      -132.019      -132.019    
 83  2.820      -35.1035       172.605      -493.747      -133.747      -133.747    
 84  2.830      -27.2897       172.294      -495.472      -135.472      -135.472    
 85  2.840      -19.3387       172.062      -497.194      -137.194      -137.194    
 86  2.850      -11.6052       171.907      -498.914      -138.914      -138.914    
 87  2.860      -4.39292       171.826      -500.633      -140.633      -140.633    
 88  2.870       2.02016       171.813      -502.351      -142.351      -142.351    
 89  2.880       7.40855       171.857      -504.069      -144.069      -144.069    
 90  2.890       11.6207       171.950      -505.788      -145.788      -145.788    
 91  2.900       14.5852       172.078      -507.509      -147.509      -147.509    
 92  2.910       16.2838       172.229      -509.230      -149.230      -149.230    
 93  2.920       16.8067       172.392      -510.953      -150.953      -150.953    
 94  2.930       16.2839       172.554      -512.678      -152.678      -152.678    
 95  2.940       14.9160       172.708      -514.404      -154.404      -154.404    
 96  2.950       12.9451       172.845      -516.132      -156.132      -156.132    
 97  2.960       10.6540       172.962      -517.861      -157.861      -157.861    
 98  2.970       8.31176       173.057      -519.591      -159.591      -159.591    
 99  2.980       6.20486       173.129      -521.322      -161.322      -161.322    
100  2.990       4.58109       173.184      -523.053      -163.053      -163.053    
101  3.000       3.66361       173.227      -524.785      -164.785      -164.785    
102  3.010       3.60560       173.265      -526.518      -166.518      -166.518    
103  3.020       4.51848       173.308      -528.251      -168.251      -168.251    
104  3.030       6.43438       173.365      -529.984      -169.984      -169.984    
105  3.040       9.32934       173.447      -531.718      -171.718      -171.718    
106  3.050       13.1113       173.561      -533.453      -173.453      -173.453    
107  3.060       17.6206       173.717      -535.190      -175.190      -175.190    
108  3.070       22.6816       173.920      -536.928      -176.928      -176.928    
109  3.080       28.0390       174.174      -538.669      -178.669      -178.669    
110  3.090       33.4651       174.482      -540.412       179.588       179.588    
111  3.100       38.6888       174.843      -542.159       177.841       177.841    
112  3.110       43.4863       175.253      -543.909       176.091       176.091    
113  3.120       47.6255       175.707      -545.664       174.336       174.336    
114  3.130       50.9342       176.198      -547.424       172.576       172.576    
115  3.140       53.2872       176.717      -549.188       170.812       170.812    
116  3.150       54.6134       177.254      -550.958       169.042       169.042    
117  3.160       54.8764       177.799      -552.734       167.266       167.266    
118  3.170       54.1448       178.341      -554.514       165.486       165.486    
119  3.180       52.4927       178.872      -556.300       163.700       163.700    
120  3.190       50.0704       179.383      -558.091       161.909       161.909    
121  3.200       47.0445       179.867      -559.888       160.112       160.112    
122  3.210       43.6280       180.319      -561.688       158.312       158.312    
123  3.220       40.0087       180.736      -563.494       156.506       156.506    
124  3.230       36.4149       181.118      -565.303       154.697       154.697    
125  3.240       33.0182       181.466      -567.116       152.884       152.884    
126  3.250       29.9976       181.781      -568.932       151.068       151.068    
127  3.260       27.4617       182.070      -570.751       149.249       149.249    
128  3.270       25.5148       182.336      -572.573       147.427       147.427    
129  3.280       24.1727       182.586      -574.397       145.603       145.603    
130  3.290       23.4375       182.825      -576.224       143.776       143.776    
131  3.300       23.2504       183.060      -578.054       141.946       141.946    
132  3.310       23.5070       183.295      -579.885       140.114       140.114    
133  3.320       24.0945       183.534      -581.720       138.280       138.280    
134  3.330       24.8367       183.779      -583.556       136.444       136.444    
135  3.340       25.5879       184.032      -585.395       134.605       134.605    
136  3.350       26.1743       184.290      -587.237       132.763       132.763    
137  3.360       26.4264       184.553      -589.081       130.919       130.919    
138  3.370       26.2238       184.815      -590.928       129.072       129.072    
139  3.380       25.4313       185.072      -592.777       127.223       127.223    
140  3.390       23.9896       185.318      -594.629       125.371       125.371    
141  3.400       21.8414       185.545      -596.483       123.517       123.517    
142  3.410       18.9901       185.747      -598.340       121.660       121.660    
143  3.420       15.4787       185.918      -600.198       119.802       119.802    
144  3.430       11.3732       186.051      -602.058       117.942       117.942    
145  3.440       6.78053       186.140      -603.919       116.081       116.081    
146  3.450       1.83718       186.182      -605.780       114.220       114.220    
147  3.460      -3.32060       186.174      -607.642       112.358       112.358    
148  3.470      -8.52965       186.115      -609.503       110.497       110.497    
149  3.480      -13.6412       186.004      -611.364       108.636       108.636    
150  3.490      -18.5078       185.843      -613.223       106.777       106.777    
151  3.500      -23.0051       185.637      -615.080       104.920       104.920    
152  3.510      -27.0181       185.388      -616.935       103.065       103.065    
153  3.520      -30.4803       185.101      -618.787       101.213       101.213    
154  3.530      -33.3358       184.784      -620.637       99.3633       99.3633    
155  3.540      -35.5726       184.441      -622.483       97.5173       97.5173    
156  3.550      -37.2031       184.078      -624.325       95.6748       95.6748    
157  3.560      -38.2704       183.702      -626.164       93.8360       93.8360    
158  3.570      -38.8418       183.318      -627.999       92.0010       92.0010    
159  3.580      -39.0038       182.930      -629.830       90.1698       90.1698    
160  3.590      -38.8573       182.542      -631.658       88.3425       88.3425    
161  3.600      -38.5009       182.155      -633.481       86.5190       86.5190    
162  3.610      -38.0496       181.773      -635.301       84.6994       84.6994    
163  3.620      -37.5942       181.395      -637.117       82.8835       82.8835    
164  3.630      -37.2253       181.021      -638.929       81.0715       81.0715    
165  3.640      -37.0125       180.649      -640.737       79.2632       79.2632    
166  3.650      -37.0001       180.279      -642.541       77.4586       77.4586    
167  3.660      -37.2180       179.907      -644.342       75.6577       75.6577    
168  3.670      -37.6640       179.532      -646.139       73.8605       73.8605    
169  3.680      -38.3173       179.152      -647.933       72.0672       72.0672    
170  3.690      -39.1340       178.764      -649.722       70.2775       70.2775    
171  3.700      -40.0515       178.368      -651.508       68.4919       68.4919    
172  3.710      -40.9964       177.962      -653.290       66.7103       66.7103    
173  3.720      -41.8777       177.548      -655.067       64.9328       64.9328    
174  3.730      -42.6070       177.126      -656.841       63.1595       63.1595    
175  3.740      -43.1008       176.698      -658.610       61.3904       61.3904    
176  3.750      -43.2794       176.267      -660.374       59.6256       59.6256    
177  3.760      -43.0602       175.836      -662.135       57.8651       57.8651    
178  3.770      -42.4075       175.410      -663.891       56.1089       56.1089    
179  3.780      -41.2765       174.992      -665.643       54.3569       54.3569    
180  3.790      -39.6563       174.589      -667.391       52.6090       52.6090    
181  3.800      -37.5522       174.204      -669.135       50.8650       50.8650    
182  3.810      -35.0056       173.842      -670.875       49.1247       49.1247    
183  3.820      -32.0462       173.508      -672.612       47.3879       47.3879    
184  3.830      -28.7628       173.205      -674.346       45.6543       45.6543    
185  3.840      -25.2162       172.936      -676.076       43.9235       43.9235    
186  3.850      -21.5084       172.703      -677.805       42.1952       42.1952    
187  3.860      -17.7182       172.507      -679.531       40.4691       40.4691    
188  3.870      -13.9543       172.349      -681.255       38.7447       38.7447    
189  3.880      -10.2878       172.227      -682.978       37.0218       37.0218    
190  3.890      -6.79872       172.141      -684.700       35.2999       35.2999    
191  3.900      -3.55966       172.089      -686.421       33.5787       33.5787    
192  3.910     -0.593576       172.068      -688.142       31.8579       31.8579    
193  3.920       2.05073       172.074      -689.863       30.1371       30.1371    
194  3.930       4.37876       172.106      -691.584       28.4161       28.4161    
195  3.940       6.39673       172.159      -693.305       26.6948       26.6948    
196  3.950       8.13760       172.231      -695.027       24.9728       24.9728    
197  3.960       9.64125       172.319      -696.750       23.2501       23.2501    
198  3.970       10.9635       172.421      -698.474       21.5263       21.5263    
199  3.980       12.1713       172.537      -700.198       19.8015       19.8015    
200  3.990       13.3175       172.664      -701.924       18.0755       18.0755    
201  4.000       14.4870       172.803      -703.652       16.3482       16.3482    
202  4.010       15.7182       172.954      -705.381       14.6194       14.6194    
203  4.020       17.0759       173.118      -707.111       12.8890       12.8890    
204  4.030       18.5852       173.297      -708.843       11.1568       11.1568    
205  4.040       20.2701       173.491      -710.577       9.42285       9.42285    
206  4.050       22.1421       173.704      -712.313       7.68678       7.68678    
207  4.060       24.1893       173.936      -714.052       5.94847       5.94847    
208  4.070       26.3734       174.189      -715.792       4.20781       4.20781    
209  4.080       28.6775       174.465      -717.536       2.46448       2.46448    
210  4.090       31.0189       174.763      -719.282      0.718188      0.718188    
211  4.100       33.3657       175.085      -721.031      -1.03116      -1.03116    
212  4.110       35.6372       175.430      -722.784      -2.78384      -2.78384    
213  4.120       37.7663       175.797      -724.540      -4.54007      -4.54007    
214  4.130       39.6988       176.184      -726.300      -6.30002      -6.30002    
215  4.140       41.3708       176.589      -728.064      -8.06396      -8.06396    
216  4.150       42.7405       177.009      -729.832      -9.83205      -9.83205    
217  4.160       43.7693       177.441      -731.604      -11.6044      -11.6044    
218  4.170       44.4404       177.881      -733.381      -13.3811      -13.3811    
219  4.180       44.7476       178.326      -735.162      -15.1622      -15.1622    
220  4.190       44.6926       178.772      -736.948      -16.9477      -16.9477    
221  4.200       44.3093       179.216      -738.738      -18.7376      -18.7376    
222  4.210       43.6216       179.655      -740.532      -20.5320      -20.5320    
223  4.220       42.6733       180.086      -742.331      -22.3307      -22.3307    
224  4.230       41.5096       180.506      -744.134      -24.1337      -24.1337    
225  4.240       40.1990       180.914      -745.941      -25.9409      -25.9409    
226  4.250       38.7644       181.309      -747.752      -27.7520      -27.7520    
227  4.260       37.2802       181.689      -749.567      -29.5669      -29.5669    
228  4.270       35.7643       182.054      -751.386      -31.3857      -31.3857    
229  4.280       34.2652       182.404      -753.208      -33.2081      -33.2081    
230  4.290       32.7979       182.740      -755.034      -35.0339      -35.0339    
231  4.300       31.3713       183.061      -756.863      -36.8629      -36.8629    
232  4.310       29.9911       183.367      -758.695      -38.6951      -38.6951    
233  4.320       28.6396       183.661      -760.530      -40.5303      -40.5303    
234  4.330       27.2965       183.940      -762.368      -42.3683      -42.3683    
235  4.340       25.9396       184.207      -764.209      -44.2090      -44.2090    
236  4.350       24.5256       184.459      -766.052      -46.0524      -46.0524    
237  4.360       23.0283       184.696      -767.898      -47.8982      -47.8982    
238  4.370       21.4050       184.918      -769.746      -49.7463      -49.7463    
239  4.380       19.6246       185.123      -771.596      -51.5965      -51.5965    
240  4.390       17.6588       185.309      -773.449      -53.4486      -53.4486    
241  4.400       15.4851       185.474      -775.303      -55.3025      -55.3025    
242  4.410       13.0929       185.617      -777.158      -57.1579      -57.1579    
243  4.420       10.4840       185.734      -779.015      -59.0147      -59.0147    
244  4.430       7.65874       185.824      -780.873      -60.8725      -60.8725    
245  4.440       4.64153       185.885      -782.731      -62.7311      -62.7311    
246  4.450       1.45906       185.915      -784.590      -64.5901      -64.5901    
247  4.460      -1.85719       185.913      -786.449      -66.4492      -66.4492    
248  4.470      -5.25659       185.877      -788.308      -68.3081      -68.3081    
249  4.480      -8.70502       185.807      -790.167      -70.1666      -70.1666    
250  4.490      -12.1367       185.703      -792.024      -72.0241      -72.0241    
251  4.500      -15.5179       185.565      -793.880      -73.8805      -73.8805    
252  4.510      -18.7990       185.393      -795.735      -75.7353      -75.7353    
253  4.520      -21.9271       185.190      -797.588      -77.5882      -77.5882    
254  4.530      -24.8797       184.956      -799.439      -79.4388      -79.4388    
255  4.540      -27.6139       184.694      -801.287      -81.2871      -81.2871    
256  4.550      -30.1232       184.406      -803.133      -83.1327      -83.1327    
257  4.560      -32.3709       184.094      -804.975      -84.9752      -84.9752    
258  4.570      -34.3757       183.761      -806.815      -86.8145      -86.8145    
259  4.580      -36.1233       183.409      -808.650      -88.6504      -88.6504    
260  4.590      -37.6260       183.041      -810.483      -90.4827      -90.4827    
261  4.600      -38.8975       182.659      -812.311      -92.3112      -92.3112    
262  4.610      -39.9595       182.265      -814.136      -94.1358      -94.1358    
263  4.620      -40.8285       181.862      -815.956      -95.9564      -95.9564    
264  4.630      -41.5269       181.451      -817.773      -97.7730      -97.7730    
265  4.640      -42.0708       181.033      -819.586      -99.5855      -99.5855    
266  4.650      -42.4933       180.611      -821.394      -101.394      -101.394    
267  4.660      -42.7931       180.184      -823.198      -103.198      -103.198    
268  4.670      -42.9904       179.756      -824.997      -104.997      -104.997    
269  4.680      -43.0938       179.326      -826.793      -106.793      -106.793    
270  4.690      -43.1000       178.895      -828.584      -108.584      -108.584    
271  4.700      -43.0117       178.464      -830.371      -110.371      -110.371    
272  4.710      -42.8140       178.036      -832.153      -112.153      -112.153    
273  4.720      -42.5059       177.609      -833.932      -113.932      -113.932    
274  4.730      -42.0636       177.187      -835.706      -115.706      -115.706    
275  4.740      -41.4811       176.769      -837.476      -117.476      -117.476    
276  4.750      -40.7374       176.359      -839.241      -119.241      -119.241    
277  4.760      -39.8137       175.956      -841.003      -121.003      -121.003    
278  4.770      -38.7098       175.564      -842.761      -122.761      -122.761    
279  4.780      -37.4008       175.184      -844.514      -124.514      -124.514    
280  4.790      -35.8927       174.818      -846.264      -126.264      -126.264    
281  4.800      -34.1794       174.468      -848.011      -128.011      -128.011    
282  4.810      -32.2684       174.136      -849.754      -129.754      -129.754    
283  4.820      -30.1632       173.825      -851.494      -131.494      -131.494    
284  4.830      -27.8886       173.535      -853.231      -133.231      -133.231    
285  4.840      -25.4563       173.269      -854.965      -134.965      -134.965    
286  4.850      -22.8945       173.027      -856.696      -136.696      -136.696    
287  4.860      -20.2273       172.812      -858.426      -138.426      -138.426    
288  4.870      -17.4863       172.624      -860.153      -140.153      -140.153    
289  4.880      -14.7008       172.463      -861.879      -141.879      -141.879    
290  4.890      -11.8959       172.330      -863.603      -143.603      -143.603    
291  4.900      -9.10293       172.225      -865.326      -145.326      -145.326    
292  4.910      -6.34753       172.148      -867.048      -147.048      -147.048    
293  4.920      -3.64904       172.097      -868.769      -148.769      -148.769    
294  4.930      -1.02569       172.074      -870.490      -150.490      -150.490    
295  4.940       1.51747       172.076      -872.211      -152.211      -152.211    
296  4.950       3.95919       172.103      -873.932      -153.932      -153.932    
297  4.960       6.30971       172.154      -875.653      -155.653      -155.653    
298  4.970       8.57096       172.229      -877.375      -157.375      -157.375    
299  4.980       10.7344       172.325      -879.098      -159.098      -159.098    
300  4.990       12.8257       172.442      -880.822      -160.822      -160.822    
301  5.000       14.8477       172.581      -882.547      -162.547      -162.547    
302  5.010       16.8076       172.739      -884.274      -164.274      -164.274    
303  5.020       18.7246       172.916      -886.002      -166.002      -166.002    
304  5.030       20.6057       173.113      -887.732      -167.732      -167.732    
305  5.040       22.4550       173.328      -889.465      -169.465      -169.465    
306  5.050       24.2772       173.562      -891.199      -171.199      -171.199    
307  5.060       26.0823       173.813      -892.936      -172.936      -172.936    
308  5.070       27.8549       174.083      -894.676      -174.676      -174.676    
309  5.080       29.5950       174.370      -896.418      -176.418      -176.418    
310  5.090       31.2927       174.675      -898.164      -178.164      -178.164    
311  5.100       32.9317       174.996      -899.912      -179.912      -179.912    
312  5.110       34.4998       175.333      -901.664       178.336       178.336    
313  5.120       35.9729       175.685      -903.419       176.581       176.581    
314  5.130       37.3293       176.051      -905.178       174.822       174.822    
315  5.140       38.5691       176.430      -906.940       173.060       173.060    
316  5.150       39.6492       176.821      -908.707       171.293       171.293    
317  5.160       40.5691       177.222      -910.477       169.523       169.523    
318  5.170       41.3102       177.631      -912.251       167.749       167.749    
319  5.180       41.8677       178.046      -914.030       165.970       165.970    
320  5.190       42.2242       178.466      -915.812       164.188       164.188    
321  5.200       42.3886       178.889      -917.599       162.401       162.401    
322  5.210       42.3528       179.312      -919.390       160.610       160.610    
323  5.220       42.1255       179.734      -921.186       158.814       158.814    
324  5.230       41.7166       180.153      -922.985       157.015       157.015    
325  5.240       41.1264       180.566      -924.789       155.211       155.211    
326  5.250       40.3761       180.973      -926.596       153.404       153.404    
327  5.260       39.4763       181.372      -928.408       151.592       151.592    
328  5.270       38.4314       181.762      -930.224       149.776       149.776    
329  5.280       37.2640       182.140      -932.043       147.957       147.957    
330  5.290       35.9799       182.506      -933.867       146.133       146.133    
331  5.300       34.5851       182.858      -935.694       144.306       144.306    
332  5.310       33.0934       183.196      -937.524       142.476       142.476    
333  5.320       31.5042       183.519      -939.358       140.642       140.642    
334  5.330       29.8201       183.825      -941.194       138.806       138.806    
335  5.340       28.0467       184.115      -943.034       136.966       136.966    
336  5.350       26.1772       184.385      -944.876       135.124       135.124    
337  5.360       24.2063       184.637      -946.722       133.278       133.278    
338  5.370       22.1438       184.869      -948.569       131.431       131.431    
339  5.380       19.9680       185.079      -950.419       129.581       129.581    
340  5.390       17.6940       185.267      -952.271       127.729       127.729    
341  5.400       15.3100       185.432      -954.124       125.876       125.876    
342  5.410       12.8180       185.572      -955.979       124.021       124.021    
343  5.420       10.2241       185.687      -957.835       122.165       122.165    
344  5.430       7.53133       185.776      -959.693       120.307       120.307    
345  5.440       4.74939       185.837      -961.551       118.449       118.449    
346  5.450       1.89186       185.870      -963.409       116.591       116.591    
347  5.460      -1.03635       185.874      -965.268       114.732       114.732    
348  5.470      -3.99912       185.849      -967.127       112.873       112.873    
349  5.480      -7.00335       185.793      -968.985       111.015       111.015    
350  5.490      -10.0024       185.708      -970.842       109.158       109.158    
351  5.500      -12.9899       185.593      -972.699       107.301       107.301    
352  5.510      -15.9417       185.449      -974.554       105.446       105.446    
353  5.520      -18.8291       185.275      -976.408       103.592       103.592    
354  5.530      -21.6324       185.073      -978.259       101.741       101.741    
355  5.540      -24.3305       184.843      -980.109       99.8911       99.8911    
356  5.550      -26.9110       184.587      -981.956       98.0440       98.0440    
357  5.560      -29.3425       184.307      -983.800       96.1997       96.1997    
358  5.570      -31.6207       184.002      -985.642       94.3581       94.3581    
359  5.580      -33.7321       183.676      -987.480       92.5198       92.5198    
360  5.590      -35.6634       183.329      -989.315       90.6847       90.6847    
361  5.600      -37.4094       182.964      -991.147       88.8532       88.8532    
362  5.610      -38.9632       182.583      -992.975       87.0255       87.0255    
363  5.620      -40.3258       182.187      -994.798       85.2016       85.2016    
364  5.630      -41.4925       181.778      -996.618       83.3819       83.3819    
365  5.640      -42.4661       181.359      -998.434       81.5662       81.5662    
366  5.650      -43.2476       180.931      -1000.25       79.7548       79.7548    
367  5.660      -43.8390       180.496      -1002.05       77.9476       77.9476    
368  5.670      -44.2453       180.056      -1003.86       76.1449       76.1449    
369  5.680      -44.4720       179.613      -1005.65       74.3466       74.3466    
370  5.690      -44.5141       179.168      -1007.45       72.5526       72.5526    
371  5.700      -44.3863       178.724      -1009.24       70.7631       70.7631    
372  5.710      -44.0884       178.282      -1011.02       68.9780       68.9780    
373  5.720      -43.6131       177.844      -1012.80       67.1974       67.1974    
374  5.730      -42.9821       177.412      -1014.58       65.4211       65.4211    
375  5.740      -42.1820       176.986      -1016.35       63.6491       63.6491    
376  5.750      -41.2230       176.569      -1018.12       61.8812       61.8812    
377  5.760      -40.1053       176.163      -1019.88       60.1175       60.1175    
378  5.770      -38.8350       175.769      -1021.64       58.3577       58.3577    
379  5.780      -37.4139       175.388      -1023.40       56.6018       56.6018    
380  5.790      -35.8458       175.022      -1025.15       54.8498       54.8498    
381  5.800      -34.1408       174.673      -1026.90       53.1013       53.1013    
382  5.810      -32.2953       174.341      -1028.64       51.3561       51.3561    
383  5.820      -30.3314       174.028      -1030.39       49.6142       49.6142    
384  5.830      -28.2469       173.735      -1032.12       47.8753       47.8753    
385  5.840      -26.0561       173.464      -1033.86       46.1392       46.1392    
386  5.850      -23.7730       173.215      -1035.59       44.4057       44.4057    
387  5.860      -21.4040       172.989      -1037.33       42.6746       42.6746    
388  5.870      -18.9692       172.788      -1039.05       40.9456       40.9456    
389  5.880      -16.4749       172.611      -1040.78       39.2185       39.2185    
390  5.890      -13.9390       172.459      -1042.51       37.4930       37.4930    
391  5.900      -11.3715       172.332      -1044.23       35.7690       35.7690    
392  5.910      -8.79478       172.231      -1045.95       34.0461       34.0461    
393  5.920      -6.21015       172.156      -1047.68       32.3242       32.3242    
394  5.930      -3.63238       172.107      -1049.40       30.6027       30.6027    
395  5.940      -1.08164       172.084      -1051.12       28.8816       28.8816    
396  5.950       1.45177       172.085      -1052.84       27.1608       27.1608    
397  5.960       3.93491       172.112      -1054.56       25.4398       25.4398    
398  5.970       6.38847       172.164      -1056.28       23.7183       23.7183    
399  5.980       8.78020       172.240      -1058.00       21.9963       21.9963    
400  5.990       11.1215       172.339      -1059.73       20.2733       20.2733    
401  6.000       13.4083       172.461      -1061.45       18.5492       18.5492    
402  6.010       15.6333       172.606      -1063.18       16.8237       16.8237    
403  6.020       17.7945       172.773      -1064.90       15.0966       15.0966    
404  6.030       19.8836       172.962      -1066.63       13.3677       13.3677    
405  6.040       21.9192       173.171      -1068.36       11.6369       11.6369    
406  6.050       23.8728       173.399      -1070.10       9.90399       9.90399    
407  6.060       25.7598       173.647      -1071.83       8.16868       8.16868    
408  6.070       27.5656       173.914      -1073.57       6.43076       6.43076    
409  6.080       29.3007       174.198      -1075.31       4.69010       4.69010    
410  6.090       30.9449       174.499      -1077.05       2.94649       2.94649    
411  6.100       32.4986       174.816      -1078.80       1.19971       1.19971    
412  6.110       33.9585       175.148      -1080.55     -0.550243     -0.550243    
413  6.120       35.3163       175.494      -1082.30      -2.30347      -2.30347    
414  6.130       36.5625       175.853      -1084.06      -4.06019      -4.06019    
415  6.140       37.6919       176.224      -1085.82      -5.82064      -5.82064    
416  6.150       38.6966       176.606      -1087.58      -7.58490      -7.58490    
417  6.160       39.5720       176.997      -1089.35      -9.35299      -9.35299    
418  6.170       40.3065       177.396      -1091.12      -11.1250      -11.1250    
419  6.180       40.9017       177.802      -1092.90      -12.9011      -12.9011    
420  6.190       41.3421       178.213      -1094.68      -14.6813      -14.6813    
421  6.200       41.6365       178.627      -1096.47      -16.4656      -16.4656    
422  6.210       41.7702       179.044      -1098.25      -18.2540      -18.2540    
423  6.220       41.7476       179.461      -1100.05      -20.0466      -20.0466    
424  6.230       41.5675       179.877      -1101.84      -21.8433      -21.8433    
425  6.240       41.2293       180.291      -1103.64      -23.6442      -23.6442    
426  6.250       40.7325       180.700      -1105.45      -25.4492      -25.4492    
427  6.260       40.0839       181.104      -1107.26      -27.2583      -27.2583    
428  6.270       39.2754       181.500      -1109.07      -29.0713      -29.0713    
429  6.280       38.3258       181.888      -1110.89      -30.8882      -30.8882    
430  6.290       37.2236       182.265      -1112.71      -32.7090      -32.7090    
431  6.300       35.9834       182.631      -1114.53      -34.5334      -34.5334    
432  6.310       34.6053       182.984      -1116.36      -36.3615      -36.3615    
433  6.320       33.0879       183.322      -1118.19      -38.1930      -38.1930    
434  6.330       31.4434       183.644      -1120.03      -40.0279      -40.0279    
435  6.340       29.6714       183.949      -1121.87      -41.8659      -41.8659    
436  6.350       27.7798       184.236      -1123.71      -43.7069      -43.7069    
437  6.360       25.7643       184.504      -1125.55      -45.5506      -45.5506    
438  6.370       23.6408       184.750      -1127.40      -47.3968      -47.3968    
439  6.380       21.3996       184.975      -1129.25      -49.2453      -49.2453    
440  6.390       19.0652       185.177      -1131.10      -51.0962      -51.0962    
441  6.400       16.6221       185.356      -1132.95      -52.9488      -52.9488    
442  6.410       14.0919       185.509      -1134.80      -54.8031      -54.8031    
443  6.420       11.4787       185.637      -1136.66      -56.6589      -56.6589    
444  6.430       8.78714       185.738      -1138.52      -58.5158      -58.5158    
445  6.440       6.02995       185.812      -1140.37      -60.3735      -60.3735    
446  6.450       3.21605       185.858      -1142.23      -62.2319      -62.2319    
447  6.460      0.363334       185.876      -1144.09      -64.0905      -64.0905    
448  6.470      -2.52488       185.865      -1145.95      -65.9491      -65.9491    
449  6.480      -5.43241       185.825      -1147.81      -67.8076      -67.8076    
450  6.490      -8.33685       185.756      -1149.67      -69.6654      -69.6654    
451  6.500      -11.2305       185.658      -1151.52      -71.5225      -71.5225    
452  6.510      -14.0994       185.531      -1153.38      -73.3784      -73.3784    
453  6.520      -16.9163       185.376      -1155.23      -75.2329      -75.2329    
454  6.530      -19.6788       185.194      -1157.09      -77.0857      -77.0857    
455  6.540      -22.3618       184.984      -1158.94      -78.9366      -78.9366    
456  6.550      -24.9500       184.747      -1160.79      -80.7852      -80.7852    
457  6.560      -27.4306       184.486      -1162.63      -82.6314      -82.6314    
458  6.570      -29.7904       184.200      -1164.47      -84.4749      -84.4749    
459  6.580      -32.0139       183.891      -1166.32      -86.3155      -86.3155    
460  6.590      -34.0861       183.561      -1168.15      -88.1527      -88.1527    
461  6.600      -35.9992       183.211      -1169.99      -89.9865      -89.9865    
462  6.610      -37.7429       182.842      -1171.82      -91.8168      -91.8168    
463  6.620      -39.3105       182.458      -1173.64      -93.6433      -93.6433    
464  6.630      -40.6870       182.058      -1175.47      -95.4659      -95.4659    
465  6.640      -41.8788       181.646      -1177.28      -97.2845      -97.2845    
466  6.650      -42.8685       181.222      -1179.10      -99.0989      -99.0989    
467  6.660      -43.6656       180.790      -1180.91      -100.909      -100.909    
468  6.670      -44.2551       180.351      -1182.71      -102.715      -102.715    
469  6.680      -44.6542       179.907      -1184.52      -104.516      -104.516    
470  6.690      -44.8453       179.460      -1186.31      -106.313      -106.313    
471  6.700      -44.8428       179.012      -1188.11      -108.106      -108.106    
472  6.710      -44.6430       178.565      -1189.89      -109.894      -109.894    
473  6.720      -44.2577       178.121      -1191.68      -111.677      -111.677    
474  6.730      -43.6814       177.682      -1193.46      -113.456      -113.456    
475  6.740      -42.9288       177.249      -1195.23      -115.231      -115.231    
476  6.750      -41.9995       176.825      -1197.00      -117.001      -117.001    
477  6.760      -40.9080       176.411      -1198.77      -118.767      -118.767    
478  6.770      -39.6512       176.009      -1200.53      -120.529      -120.529    
479  6.780      -38.2464       175.619      -1202.29      -122.288      -122.288    
480  6.790      -36.7018       175.245      -1204.04      -124.042      -124.042    
481  6.800      -35.0173       174.887      -1205.79      -125.793      -125.793    
482  6.810      -33.2139       174.546      -1207.54      -127.540      -127.540    
483  6.820      -31.2933       174.224      -1209.28      -129.284      -129.284    
484  6.830      -29.2679       173.921      -1211.02      -131.025      -131.025    
485  6.840      -27.1453       173.639      -1212.76      -132.763      -132.763    
486  6.850      -24.9432       173.379      -1214.50      -134.498      -134.498    
487  6.860      -22.6595       173.141      -1216.23      -136.231      -136.231    
488  6.870      -20.3149       172.927      -1217.96      -137.961      -137.961    
489  6.880      -17.9126       172.736      -1219.69      -139.689      -139.689    
490  6.890      -15.4683       172.569      -1221.42      -141.416      -141.416    
491  6.900      -12.9850       172.427      -1223.14      -143.141      -143.141    
492  6.910      -10.4806       172.309      -1224.87      -144.865      -144.865    
493  6.920      -7.95548       172.217      -1226.59      -146.588      -146.588    
494  6.930      -5.42155       172.150      -1228.31      -148.310      -148.310    
495  6.940      -2.89446       172.109      -1230.03      -150.031      -150.031    
496  6.950     -0.369450       172.092      -1231.75      -151.753      -151.753    
497  6.960       2.13333       172.101      -1233.47      -153.474      -153.474    
498  6.970       4.61207       172.135      -1235.20      -155.195      -155.195    
499  6.980       7.06180       172.193      -1236.92      -156.917      -156.917    
500  6.990       9.47008       172.276      -1238.64      -158.640      -158.640    
501  7.000       11.8365       172.382      -1240.36      -160.363      -160.363    
502  7.010       14.1463       172.512      -1242.09      -162.087      -162.087    
503  7.020       16.4050       172.665      -1243.81      -163.814      -163.814    
504  7.030       18.5964       172.839      -1245.54      -165.541      -165.541    
505  7.040       20.7218       173.036      -1247.27      -167.271      -167.271    
506  7.050       22.7720       173.253      -1249.00      -169.002      -169.002    
507  7.060       24.7429       173.491      -1250.74      -170.736      -170.736    
508  7.070       26.6286       173.747      -1252.47      -172.472      -172.472    
509  7.080       28.4274       174.022      -1254.21      -174.211      -174.211    
510  7.090       30.1293       174.315      -1255.95      -175.953      -175.953    
511  7.100       31.7352       174.624      -1257.70      -177.697      -177.697    
512  7.110       33.2322       174.949      -1259.45      -179.445      -179.445    
513  7.120       34.6248       175.288      -1261.20       178.803       178.803    
514  7.130       35.9035       175.640      -1262.95       177.049       177.049    
515  7.140       37.0615       176.005      -1264.71       175.290       175.290    
516  7.150       38.0976       176.380      -1266.47       173.529       173.529    
517  7.160       39.0095       176.765      -1268.24       171.763       171.763    
518  7.170       39.7869       177.159      -1270.01       169.993       169.993    
519  7.180       40.4363       177.560      -1271.78       168.220       168.220    
520  7.190       40.9399       177.966      -1273.56       166.442       166.442    
521  7.200       41.3099       178.377      -1275.34       164.660       164.660    
522  7.210       41.5356       178.791      -1277.13       162.874       162.874    
523  7.220       41.6125       179.206      -1278.92       161.084       161.084    
524  7.230       41.5405       179.622      -1280.71       159.290       159.290    
525  7.240       41.3265       180.036      -1282.51       157.492       157.492    
526  7.250       40.9561       180.447      -1284.31       155.689       155.689    
527  7.260       40.4362       180.853      -1286.12       153.883       153.883    
528  7.270       39.7670       181.254      -1287.93       152.072       152.072    
529  7.280       38.9492       181.647      -1289.74       150.257       150.257    
530  7.290       37.9739       182.032      -1291.56       148.439       148.439    
531  7.300       36.8572       182.405      -1293.38       146.617       146.617    
532  7.310       35.5909       182.767      -1295.21       144.791       144.791    
533  7.320       34.1819       183.116      -1297.04       142.961       142.961    
534  7.330       32.6273       183.449      -1298.87       141.128       141.128    
535  7.340       30.9419       183.767      -1300.71       139.292       139.292    
536  7.350       29.1156       184.067      -1302.55       137.453       137.453    
537  7.360       27.1608       184.348      -1304.39       135.611       135.611    
538  7.370       25.0883       184.609      -1306.23       133.766       133.766    
539  7.380       22.8912       184.848      -1308.08       131.919       131.919    
540  7.390       20.5813       185.066      -1309.93       130.070       130.070    
541  7.400       18.1750       185.259      -1311.78       128.218       128.218    
542  7.410       15.6665       185.428      -1313.64       126.365       126.365    
543  7.420       13.0713       185.571      -1315.49       124.510       124.510    
544  7.430       10.4061       185.689      -1317.35       122.654       122.654    
545  7.440       7.66158       185.779      -1319.20       120.797       120.797    
546  7.450       4.86924       185.841      -1321.06       118.938       118.938    
547  7.460       2.03344       185.876      -1322.92       117.080       117.080    
548  7.470     -0.835930       185.882      -1324.78       115.221       115.221    
549  7.480      -3.72859       185.859      -1326.64       113.362       113.362    
550  7.490      -6.61711       185.807      -1328.50       111.504       111.504    
551  7.500      -9.50665       185.726      -1330.35       109.646       109.646    
552  7.510      -12.3662       185.617      -1332.21       107.790       107.790    
553  7.520      -15.1938       185.479      -1334.07       105.934       105.934    
554  7.530      -17.9646       185.314      -1335.92       104.081       104.081    
555  7.540      -20.6709       185.121      -1337.77       102.228       102.228    
556  7.550      -23.2992       184.901      -1339.62       100.378       100.378    
557  7.560      -25.8260       184.656      -1341.47       98.5307       98.5307    
558  7.570      -28.2488       184.385      -1343.31       96.6855       96.6855    
559  7.580      -30.5470       184.092      -1345.16       94.8431       94.8431    
560  7.590      -32.7080       183.776      -1347.00       93.0038       93.0038    
561  7.600      -34.7277       183.439      -1348.83       91.1676       91.1676    
562  7.610      -36.5838       183.083      -1350.67       89.3349       89.3349    
563  7.620      -38.2749       182.709      -1352.49       87.5059       87.5059    
564  7.630      -39.7885       182.319      -1354.32       85.6808       85.6808    
565  7.640      -41.1159       181.915      -1356.14       83.8597       83.8597    
566  7.650      -42.2547       181.498      -1357.96       82.0427       82.0427    
567  7.660      -43.1963       181.072      -1359.77       80.2299       80.2299    
568  7.670      -43.9365       180.636      -1361.58       78.4215       78.4215    
569  7.680      -44.4777       180.195      -1363.38       76.6174       76.6174    
570  7.690      -44.8157       179.749      -1365.18       74.8176       74.8176    
571  7.700      -44.9467       179.301      -1366.98       73.0223       73.0223    
572  7.710      -44.8799       178.852      -1368.77       71.2315       71.2315    
573  7.720      -44.6143       178.405      -1370.55       69.4452       69.4452    
574  7.730      -44.1537       177.962      -1372.34       67.6633       67.6633    
575  7.740      -43.5066       177.524      -1374.11       65.8858       65.8858    
576  7.750      -42.6758       177.093      -1375.89       64.1127       64.1127    
577  7.760      -41.6689       176.672      -1377.66       62.3438       62.3438    
578  7.770      -40.5003       176.262      -1379.42       60.5791       60.5791    
579  7.780      -39.1651       175.864      -1381.18       58.8184       58.8184    
580  7.790      -37.6912       175.480      -1382.94       57.0617       57.0617    
581  7.800      -36.0735       175.111      -1384.69       55.3088       55.3088    
582  7.810      -34.3245       174.760      -1386.44       53.5595       53.5595    
583  7.820      -32.4629       174.426      -1388.19       51.8136       51.8136    
584  7.830      -30.4899       174.112      -1389.93       50.0708       50.0708    
585  7.840      -28.4206       173.817      -1391.67       48.3310       48.3310    
586  7.850      -26.2639       173.544      -1393.41       46.5942       46.5942    
587  7.860      -24.0292       173.293      -1395.14       44.8600       44.8600    
588  7.870      -21.7282       173.064      -1396.87       43.1282       43.1282    
589  7.880      -19.3701       172.859      -1398.60       41.3983       41.3983    
590  7.890      -16.9630       172.677      -1400.33       39.6705       39.6705    
591  7.900      -14.5146       172.520      -1402.06       37.9443       37.9443    
592  7.910      -12.0405       172.387      -1403.78       36.2197       36.2197    
593  7.920      -9.53984       172.280      -1405.50       34.4963       34.4963    
594  7.930      -7.02669       172.197      -1407.23       32.7738       32.7738    
595  7.940      -4.50840       172.139      -1408.95       31.0520       31.0520    
596  7.950      -1.99216       172.107      -1410.67       29.3307       29.3307    
597  7.960      0.518411       172.099      -1412.39       27.6096       27.6096    
598  7.970       3.00447       172.117      -1414.11       25.8883       25.8883    
599  7.980       5.48052       172.159      -1415.83       24.1669       24.1669    
600  7.990       7.90756       172.226      -1417.56       22.4448       22.4448    
601  8.000       10.3100       172.317      -1419.28       20.7220       20.7220    
602  8.010       12.6650       172.432      -1421.00       18.9983       18.9983    
603  8.020       14.9687       172.570      -1422.73       17.2732       17.2732    
604  8.030       17.2112       172.731      -1424.45       15.5467       15.5467    
605  8.040       19.4000       172.913      -1426.18       13.8184       13.8184    
606  8.050       21.5073       173.118      -1427.91       12.0881       12.0881    
607  8.060       23.5411       173.343      -1429.64       10.3557       10.3557    
608  8.070       25.4957       173.588      -1431.38       8.62097       8.62097    
609  8.080       27.3587       173.852      -1433.12       6.88370       6.88370    
610  8.090       29.1293       174.134      -1434.86       5.14358       5.14358    
611  8.100       30.7966       174.434      -1436.60       3.40074       3.40074    
612  8.110       32.3676       174.749      -1438.35       1.65483       1.65483    
613  8.120       33.8204       175.080      -1440.09     -0.942420E-01 -0.942420E-01
614  8.130       35.1683       175.424      -1441.85      -1.84681      -1.84681    
615  8.140       36.3942       175.782      -1443.60      -3.60299      -3.60299    
616  8.150       37.4958       176.151      -1445.36      -5.36278      -5.36278    
617  8.160       38.4783       176.531      -1447.13      -7.12628      -7.12628    
618  8.170       39.3283       176.919      -1448.89      -8.89360      -8.89360    
619  8.180       40.0438       177.316      -1450.66      -10.6649      -10.6649    
620  8.190       40.6345       177.719      -1452.44      -12.4401      -12.4401    
621  8.200       41.0746       178.127      -1454.22      -14.2193      -14.2193    
622  8.210       41.3868       178.539      -1456.00      -16.0027      -16.0027    
623  8.220       41.5483       178.954      -1457.79      -17.7903      -17.7903    
624  8.230       41.5742       179.369      -1459.58      -19.5820      -19.5820    
625  8.240       41.4471       179.784      -1461.38      -21.3778      -21.3778    
626  8.250       41.1739       180.196      -1463.18      -23.1778      -23.1778    
627  8.260       40.7592       180.606      -1464.98      -24.9818      -24.9818    
628  8.270       40.1854       181.010      -1466.79      -26.7899      -26.7899    
629  8.280       39.4680       181.408      -1468.60      -28.6019      -28.6019    
630  8.290       38.6008       181.798      -1470.42      -30.4180      -30.4180    
631  8.300       37.5838       182.179      -1472.24      -32.2379      -32.2379    
632  8.310       36.4165       182.548      -1474.06      -34.0615      -34.0615    
633  8.320       35.1042       182.905      -1475.89      -35.8889      -35.8889    
634  8.330       33.6487       183.249      -1477.72      -37.7197      -37.7197    
635  8.340       32.0484       183.577      -1479.55      -39.5538      -39.5538    
636  8.350       30.3063       183.888      -1481.39      -41.3912      -41.3912    
637  8.360       28.4388       184.182      -1483.23      -43.2316      -43.2316    
638  8.370       26.4313       184.456      -1485.07      -45.0747      -45.0747    
639  8.380       24.3074       184.709      -1486.92      -46.9205      -46.9205    
640  8.390       22.0619       184.941      -1488.77      -48.7688      -48.7688    
641  8.400       19.7108       185.149      -1490.62      -50.6193      -50.6193    
642  8.410       17.2496       185.334      -1492.47      -52.4719      -52.4719    
643  8.420       14.7058       185.493      -1494.33      -54.3261      -54.3261    
644  8.430       12.0702       185.627      -1496.18      -56.1817      -56.1817    
645  8.440       9.36638       185.734      -1498.04      -58.0384      -58.0384    
646  8.450       6.59829       185.814      -1499.90      -59.8962      -59.8962    
647  8.460       3.78201       185.865      -1501.75      -61.7547      -61.7547    
648  8.470      0.925696       185.889      -1503.61      -63.6134      -63.6134    
649  8.480      -1.95326       185.884      -1505.47      -65.4722      -65.4722    
650  8.490      -4.85068       185.850      -1507.33      -67.3307      -67.3307    
651  8.500      -7.73491       185.787      -1509.19      -69.1890      -69.1890    
652  8.510      -10.6168       185.695      -1511.05      -71.0464      -71.0464    
653  8.520      -13.4579       185.575      -1512.90      -72.9027      -72.9027    
654  8.530      -16.2622       185.426      -1514.76      -74.7576      -74.7576    
655  8.540      -19.0045       185.250      -1516.61      -76.6109      -76.6109    
656  8.550      -21.6767       185.047      -1518.46      -78.4623      -78.4623    
657  8.560      -24.2629       184.817      -1520.31      -80.3115      -80.3115    
658  8.570      -26.7481       184.562      -1522.16      -82.1584      -82.1584    
659  8.580      -29.1179       184.283      -1524.00      -84.0025      -84.0025    
660  8.590      -31.3636       183.981      -1525.84      -85.8437      -85.8437    
661  8.600      -33.4699       183.657      -1527.68      -87.6819      -87.6819    
662  8.610      -35.4274       183.313      -1529.52      -89.5166      -89.5166    
663  8.620      -37.2234       182.950      -1531.35      -91.3479      -91.3479    
664  8.630      -38.8499       182.570      -1533.18      -93.1754      -93.1754    
665  8.640      -40.2972       182.175      -1535.00      -94.9991      -94.9991    
666  8.650      -41.5569       181.766      -1536.82      -96.8189      -96.8189    
667  8.660      -42.6256       181.346      -1538.63      -98.6344      -98.6344    
668  8.670      -43.4991       180.915      -1540.45      -100.446      -100.446    
669  8.680      -44.1665       180.478      -1542.25      -102.253      -102.253    
670  8.690      -44.6382       180.034      -1544.06      -104.055      -104.055    
671  8.700      -44.8998       179.587      -1545.85      -105.853      -105.853    
672  8.710      -44.9609       179.138      -1547.65      -107.647      -107.647    
673  8.720      -44.8222       178.690      -1549.44      -109.436      -109.436    
674  8.730      -44.4836       178.244      -1551.22      -111.221      -111.221    
675  8.740      -43.9515       177.802      -1553.00      -113.001      -113.001    
676  8.750      -43.2371       177.367      -1554.78      -114.777      -114.777    
677  8.760      -42.3333       176.939      -1556.55      -116.549      -116.549    
678  8.770      -41.2645       176.522      -1558.32      -118.316      -118.316    
679  8.780      -40.0254       176.115      -1560.08      -120.079      -120.079    
680  8.790      -38.6343       175.723      -1561.84      -121.838      -121.838    
681  8.800      -37.1009       175.344      -1563.59      -123.594      -123.594    
682  8.810      -35.4259       174.982      -1565.35      -125.345      -125.345    
683  8.820      -33.6304       174.637      -1567.09      -127.094      -127.094    
684  8.830      -31.7205       174.311      -1568.84      -128.838      -128.838    
685  8.840      -29.7060       174.004      -1570.58      -130.580      -130.580    
686  8.850      -27.5992       173.717      -1572.32      -132.319      -132.319    
687  8.860      -25.4103       173.453      -1574.05      -134.055      -134.055    
688  8.870      -23.1515       173.210      -1575.79      -135.788      -135.788    
689  8.880      -20.8230       172.990      -1577.52      -137.519      -137.519    
690  8.890      -18.4486       172.794      -1579.25      -139.248      -139.248    
691  8.900      -16.0247       172.622      -1580.98      -140.975      -140.975    
692  8.910      -13.5725       172.474      -1582.70      -142.701      -142.701    
693  8.920      -11.0847       172.351      -1584.42      -144.425      -144.425    
694  8.930      -8.58854       172.252      -1586.15      -146.148      -146.148    
695  8.940      -6.07262       172.179      -1587.87      -147.870      -147.870    
696  8.950      -3.55710       172.131      -1589.59      -149.592      -149.592    
697  8.960      -1.04557       172.108      -1591.31      -151.313      -151.313    
698  8.970       1.45278       172.110      -1593.03      -153.034      -153.034    
699  8.980       3.93469       172.137      -1594.76      -154.756      -154.756    
700  8.990       6.39223       172.188      -1596.48      -156.477      -156.477    
701  9.000       8.81335       172.264      -1598.20      -158.200      -158.200    
702  9.010       11.1959       172.364      -1599.92      -159.923      -159.923    
703  9.020       13.5374       172.488      -1601.65      -161.647      -161.647    
704  9.030       15.8207       172.635      -1603.37      -163.373      -163.373    
705  9.040       18.0438       172.804      -1605.10      -165.100      -165.100    
706  9.050       20.2051       172.995      -1606.83      -166.830      -166.830    
707  9.060       22.2893       173.207      -1608.56      -168.561      -168.561    
708  9.070       24.2984       173.440      -1610.29      -170.294      -170.294    
709  9.080       26.2181       173.692      -1612.03      -172.029      -172.029    
710  9.090       28.0510       173.963      -1613.77      -173.768      -173.768    
711  9.100       29.7863       174.252      -1615.51      -175.509      -175.509    
712  9.110       31.4171       174.558      -1617.25      -177.253      -177.253    
713  9.120       32.9457       174.880      -1619.00      -179.000      -179.000    
714  9.130       34.3576       175.216      -1620.75       179.249       179.249    
715  9.140       35.6597       175.566      -1622.51       177.495       177.495    
716  9.150       36.8362       175.928      -1624.26       175.737       175.737    
717  9.160       37.8940       176.301      -1626.02       173.976       173.976    
718  9.170       38.8194       176.685      -1627.79       172.211       172.211    
719  9.180       39.6221       177.076      -1629.56       170.442       170.442    
720  9.190       40.2852       177.476      -1631.33       168.670       168.670    
721  9.200       40.8137       177.881      -1633.11       166.893       166.893    
722  9.210       41.2097       178.291      -1634.89       165.112       165.112    
723  9.220       41.4591       178.704      -1636.67       163.327       163.327    
724  9.230       41.5663       179.118      -1638.46       161.538       161.538    
725  9.240       41.5351       179.534      -1640.26       159.744       159.744    
726  9.250       41.3531       179.948      -1642.05       157.947       157.947    
727  9.260       41.0311       180.359      -1643.85       156.145       156.145    
728  9.270       40.5475       180.767      -1645.66       154.340       154.340    
729  9.280       39.9275       181.169      -1647.47       152.530       152.530    
730  9.290       39.1548       181.564      -1649.28       150.716       150.716    
731  9.300       38.2286       181.950      -1651.10       148.899       148.899    
732  9.310       37.1584       182.327      -1652.92       147.077       147.077    
733  9.320       35.9403       182.692      -1654.75       145.252       145.252    
734  9.330       34.5702       183.044      -1656.58       143.424       143.424    
735  9.340       33.0592       183.382      -1658.41       141.591       141.591    
736  9.350       31.4092       183.704      -1660.24       139.756       139.756    
737  9.360       29.6206       184.009      -1662.08       137.917       137.917    
738  9.370       27.6948       184.295      -1663.92       136.076       136.076    
739  9.380       25.6448       184.561      -1665.77       134.231       134.231    
740  9.390       23.4731       184.807      -1667.62       132.385       132.385    
741  9.400       21.1831       185.030      -1669.46       130.535       130.535    
742  9.410       18.7887       185.229      -1671.32       128.684       128.684    
743  9.420       16.2966       185.405      -1673.17       126.831       126.831    
744  9.430       13.7061       185.554      -1675.02       124.976       124.976    
745  9.440       11.0500       185.678      -1676.88       123.120       123.120    
746  9.450       8.31326       185.774      -1678.74       121.263       121.263    
747  9.460       5.52819       185.844      -1680.59       119.405       119.405    
748  9.470       2.69018       185.885      -1682.45       117.547       117.547    
749  9.480     -0.176209       185.897      -1684.31       115.688       115.688    
750  9.490      -3.06527       185.881      -1686.17       113.829       113.829    
751  9.500      -5.95538       185.836      -1688.03       111.971       111.971    
752  9.510      -8.84450       185.762      -1689.89       110.112       110.112    
753  9.520      -11.7065       185.659      -1691.74       108.255       108.255    
754  9.530      -14.5405       185.528      -1693.60       106.400       106.400    
755  9.540      -17.3172       185.368      -1695.45       104.545       104.545    
756  9.550      -20.0354       185.182      -1697.31       102.692       102.692    
757  9.560      -22.6743       184.968      -1699.16       100.842       100.842    
758  9.570      -25.2189       184.729      -1701.01       98.9932       98.9932    
759  9.580      -27.6641       184.465      -1702.85       97.1472       97.1472    
760  9.590      -29.9845       184.177      -1704.70       95.3041       95.3041    
761  9.600      -32.1792       183.867      -1706.54       93.4640       93.4640    
762  9.610      -34.2322       183.535      -1708.37       91.6271       91.6271    
763  9.620      -36.1244       183.183      -1710.21       89.7935       89.7935    
764  9.630      -37.8605       182.814      -1712.04       87.9636       87.9636    
765  9.640      -39.4172       182.428      -1713.86       86.1376       86.1376    
766  9.650      -40.7982       182.027      -1715.68       84.3153       84.3153    
767  9.660      -41.9877       181.614      -1717.50       82.4971       82.4971    
768  9.670      -42.9808       181.189      -1719.32       80.6831       80.6831    
769  9.680      -43.7788       180.756      -1721.13       78.8734       78.8734    
770  9.690      -44.3731       180.316      -1722.93       77.0682       77.0682    
771  9.700      -44.7658       179.871      -1724.73       75.2673       75.2673    
772  9.710      -44.9509       179.423      -1726.53       73.4709       73.4709    
773  9.720      -44.9363       178.974      -1728.32       71.6790       71.6790    
774  9.730      -44.7211       178.526      -1730.11       69.8915       69.8915    
775  9.740      -44.3099       178.081      -1731.89       68.1085       68.1085    
776  9.750      -43.7061       177.642      -1733.67       66.3298       66.3298    
777  9.760      -42.9175       177.209      -1735.44       64.5555       64.5555    
778  9.770      -41.9498       176.785      -1737.21       62.7854       62.7854    
779  9.780      -40.8155       176.372      -1738.98       61.0196       61.0196    
780  9.790      -39.5177       175.970      -1740.74       59.2578       59.2578    
781  9.800      -38.0673       175.583      -1742.50       57.5000       57.5000    
782  9.810      -36.4802       175.210      -1744.25       55.7459       55.7459    
783  9.820      -34.7569       174.854      -1746.00       53.9956       53.9956    
784  9.830      -32.9151       174.516      -1747.75       52.2486       52.2486    
785  9.840      -30.9649       174.197      -1749.50       50.5050       50.5050    
786  9.850      -28.9132       173.898      -1751.24       48.7644       48.7644    
787  9.860      -26.7722       173.620      -1752.97       47.0267       47.0267    
788  9.870      -24.5565       173.364      -1754.71       45.2917       45.2917    
789  9.880      -22.2689       173.130      -1756.44       43.5592       43.5592    
790  9.890      -19.9225       172.919      -1758.17       41.8289       41.8289    
791  9.900      -17.5274       172.732      -1759.90       40.1003       40.1003    
792  9.910      -15.0932       172.569      -1761.63       38.3738       38.3738    
793  9.920      -12.6274       172.430      -1763.35       36.6486       36.6486    
794  9.930      -10.1320       172.316      -1765.08       34.9247       34.9247    
795  9.940      -7.62937       172.228      -1766.80       33.2019       33.2019    
796  9.950      -5.11419       172.164      -1768.52       31.4798       31.4798    
797  9.960      -2.59672       172.125      -1770.24       29.7583       29.7583    
798  9.970     -0.941722E-01   172.112      -1771.96       28.0370       28.0370    
799  9.980       2.40521       172.124      -1773.68       26.3156       26.3156    
800  9.990       4.87319       172.160      -1775.41       24.5941       24.5941    
801  10.00       7.32196       172.221      -1777.13       22.8721       22.8721    
