# Mowe_temp                                                                       
# Operating point sequence...
# i     t     dWx ang.acc.  Wx rot.rate   Phi   (bank)  Phi[ 2]       Phi[ 3]      
  1  2.000      -33.5456       252.295      -459.192      -90.6085      -89.9605    
  2  2.010      -41.3051       251.882      -461.711      -92.8465      -92.9277    
  3  2.020      -50.8039       251.406      -464.227      -95.0931      -95.9129    
  4  2.030      -59.6278       250.849      -466.738      -97.3502      -98.9209    
  5  2.040      -69.8781       250.198      -469.243      -99.6168      -101.952    
  6  2.050      -80.4678       249.444      -471.740      -101.890      -105.003    
  7  2.060      -91.2325       248.585      -474.230      -104.168      -108.072    
  8  2.070      -101.906       247.619      -476.711      -106.446      -111.153    
  9  2.080      -112.170       246.549      -479.182      -108.721      -114.239    
 10  2.090      -121.716       245.381      -481.641      -110.990      -117.323    
 11  2.100      -130.244       244.124      -484.088      -113.248      -120.396    
 12  2.110      -137.455       242.788      -486.523      -115.494      -123.451    
 13  2.120      -143.093       241.389      -488.943      -117.723      -126.478    
 14  2.130      -146.919       239.943      -491.350      -119.934      -129.469    
 15  2.140      -148.747       238.470      -493.742      -122.124      -132.415    
 16  2.150      -148.426       236.989      -496.119      -124.292      -135.309    
 17  2.160      -145.864       235.523      -498.482      -126.436      -138.143    
 18  2.170      -141.012       234.094      -500.830      -128.558      -140.912    
 19  2.180      -133.894       232.725      -503.164      -130.655      -143.611    
 20  2.190      -124.577       231.438      -505.485      -132.730      -146.239    
 21  2.200      -113.188       230.255      -507.793      -134.783      -148.793    
 22  2.210      -99.9367       229.194      -510.091      -136.816      -151.273    
 23  2.220      -85.0320       228.274      -512.379      -138.830      -153.683    
 24  2.230      -68.7933       227.508      -514.658      -140.829      -156.027    
 25  2.240      -51.5307       226.910      -516.930      -142.816      -158.308    
 26  2.250      -33.6164       226.486      -519.198      -144.793      -160.535    
 27  2.260      -15.4242       226.242      -521.462      -146.765      -162.715    
 28  2.270       2.64223       226.178      -523.724      -148.737      -164.858    
 29  2.280       20.2198       226.292      -525.987      -150.713      -166.971    
 30  2.290       36.9304       226.576      -528.252      -152.697      -169.066    
 31  2.300       52.4180       227.020      -530.520      -154.696      -171.152    
 32  2.310       66.4166       227.611      -532.794      -156.713      -173.239    
 33  2.320       78.6570       228.332      -535.074      -158.754      -175.334    
 34  2.330       88.9703       229.165      -537.362      -160.824      -177.445    
 35  2.340       97.2259       230.091      -539.658      -162.926      -179.579    
 36  2.350       103.386       231.089      -541.964      -165.064       178.260    
 37  2.360       107.466       232.138      -544.280      -167.242       176.068    
 38  2.370       109.573       233.219      -546.607      -169.461       173.844    
 39  2.380       109.847       234.311      -548.945      -171.722       171.587    
 40  2.390       108.526       235.399      -551.294      -174.025       169.301    
 41  2.400       105.835       236.467      -553.653      -176.370       166.988    
 42  2.410       102.113       237.503      -556.023      -178.754       164.652    
 43  2.420       97.6311       238.500      -558.403       178.824       162.299    
 44  2.430       92.7342       239.450      -560.792       176.368       159.935    
 45  2.440       87.7218       240.352      -563.191       173.881       157.567    
 46  2.450       82.8891       241.205      -565.599       171.367       155.201    
 47  2.460       78.4816       242.013      -568.015       168.830       152.844    
 48  2.470       74.7040       242.780      -570.438       166.275       150.501    
 49  2.480       71.7271       243.514      -572.870       163.704       148.178    
 50  2.490       69.6262       244.222      -575.308       161.122       145.878    
 51  2.500       68.4522       244.915      -577.754       158.531       143.602    
 52  2.510       68.1599       245.600      -580.207       155.933       141.354    
 53  2.520       68.6726       246.287      -582.666       153.330       139.131    
 54  2.530       69.8494       246.981      -585.132       150.721       136.933    
 55  2.540       71.4804       247.689      -587.606       148.107       134.756    
 56  2.550       73.3550       248.414      -590.086       145.488       132.597    
 57  2.560       75.2098       249.157      -592.574       142.860       130.450    
 58  2.570       76.7751       249.917      -595.069       140.222       128.311    
 59  2.580       77.7681       250.688      -597.573       137.570       126.173    
 60  2.590       77.9415       251.465      -600.083       134.902       124.030    
 61  2.600       77.0372       252.238      -602.602       132.213       121.878    
 62  2.610       74.8626       252.994      -605.128       129.500       119.712    
 63  2.620       71.2353       253.721      -607.661       126.759       117.527    
 64  2.630       66.0475       254.404      -610.202       123.986       115.321    
 65  2.640       59.2495       255.026      -612.749       121.177       113.091    
 66  2.650       50.8116       255.573      -615.302       118.331       110.836    
 67  2.660       40.8098       256.027      -617.859       115.444       108.558    
 68  2.670       29.3505       256.374      -620.421       112.515       106.256    
 69  2.680       16.5849       256.600      -622.986       109.545       103.933    
 70  2.690       2.72809       256.694      -625.552       106.533       101.593    
 71  2.700      -11.9808       256.645      -628.118       103.480       99.2389    
 72  2.710      -27.2821       256.447      -630.683       100.390       96.8756    
 73  2.720      -42.8707       256.095      -633.245       97.2663       94.5077    
 74  2.730      -58.4648       255.588      -635.803       94.1136       92.1399    
 75  2.740      -73.7635       254.927      -638.355       90.9377       89.7769    
 76  2.750      -88.4751       254.117      -640.900       87.7452       87.4230    
 77  2.760      -102.326       253.165      -643.436       84.5433       85.0821    
 78  2.770      -115.075       252.080      -645.962       81.3400       82.7577    
 79  2.780      -126.475       250.876      -648.477       78.1435       80.4525    
 80  2.790      -136.353       249.565      -650.978       74.9621       78.1687    
 81  2.800      -144.523       248.165      -653.467       71.8041       75.9078    
 82  2.810      -150.878       246.692      -655.941       68.6774       73.6708    
 83  2.820      -155.302       245.166      -658.400       65.5893       71.4578    
 84  2.830      -157.751       243.605      -660.844       62.5467       69.2689    
 85  2.840      -158.201       242.031      -663.272       59.5552       67.1034    
 86  2.850      -156.659       240.461      -665.684       56.6197       64.9604    
 87  2.860      -153.176       238.917      -668.081       53.7439       62.8391    
 88  2.870      -147.829       237.417      -670.463       50.9301       60.7379    
 89  2.880      -140.729       235.978      -672.830       48.1798       58.6557    
 90  2.890      -132.019       234.619      -675.183       45.4929       56.5910    
 91  2.900      -121.872       233.353      -677.523       42.8682       54.5422    
 92  2.910      -110.468       232.195      -679.851       40.3035       52.5078    
 93  2.920      -98.0340       231.155      -682.168       37.7955       50.4861    
 94  2.930      -84.7918       230.243      -684.475       35.3397       48.4752    
 95  2.940      -70.9894       229.466      -686.774       32.9313       46.4730    
 96  2.950      -56.8714       228.828      -689.066       30.5644       44.4773    
 97  2.960      -42.6888       228.330      -691.352       28.2329       42.4854    
 98  2.970      -28.6800       227.973      -693.634       25.9305       40.4949    
 99  2.980      -15.0767       227.754      -695.913       23.6509       38.5026    
100  2.990      -2.09845       227.667      -698.190       21.3878       36.5053    
101  3.000       10.0917       227.705      -700.467       19.1352       34.4997    
102  3.010       21.3014       227.860      -702.745       16.8879       32.4824    
103  3.020       31.4502       228.121      -705.026       14.6411       30.4501    
104  3.030       40.4151       228.477      -707.309       12.3906       28.3991    
105  3.040       48.1836       228.918      -709.596       10.1335       26.3267    
106  3.050       54.7225       229.429      -711.888       7.86772       24.2301    
107  3.060       60.0891       230.000      -714.185       5.59189       22.1070    
108  3.070       64.3329       230.619      -716.488       3.30580       19.9557    
109  3.080       67.5791       231.276      -718.798       1.00995       17.7750    
110  3.090       69.9529       231.962      -721.114      -1.29424       15.5645    
111  3.100       71.5835       232.667      -723.437      -3.60471       13.3242    
112  3.110       72.6773       233.387      -725.768      -5.91899       11.0548    
113  3.120       73.3821       234.116      -728.105      -8.23414       8.75755    
114  3.130       73.8613       234.852      -730.450      -10.5470       6.43411    
115  3.140       74.2981       235.592      -732.802      -12.8543       4.08653    
116  3.150       74.8229       236.338      -735.162      -15.1532       1.71698    
117  3.160       75.5529       237.090      -737.529      -17.4408     -0.672395    
118  3.170       76.5877       237.851      -739.904      -19.7151      -3.07942    
119  3.180       77.9720       238.625      -742.286      -21.9743      -5.50206    
120  3.190       79.7331       239.414      -744.676      -24.2172      -7.93866    
121  3.200       81.8575       240.223      -747.074      -26.4439      -10.3881    
122  3.210       84.2836       241.055      -749.481      -28.6545      -12.8495    
123  3.220       86.9328       241.911      -751.896      -30.8504      -15.3227    
124  3.230       89.6879       242.795      -754.319      -33.0335      -17.8078    
125  3.240       92.4025       243.705      -756.752      -35.2061      -20.3058    
126  3.250       94.9161       244.642      -759.194      -37.3713      -22.8177    
127  3.260       97.0705       245.601      -761.645      -39.5323      -25.3455    
128  3.270       98.6738       246.578      -764.106      -41.6927      -27.8911    
129  3.280       99.5651       247.568      -766.577      -43.8560      -30.4569    
130  3.290       99.5829       248.562      -769.057      -46.0256      -33.0453    
131  3.300       98.5711       249.550      -771.548      -48.2048      -35.6590    
132  3.310       96.4322       250.522      -774.048      -50.3964      -38.3005    
133  3.320       93.0680       251.467      -776.558      -52.6027      -40.9725    
134  3.330       88.4119       252.371      -779.077      -54.8255      -43.6771    
135  3.340       82.4691       253.222      -781.604      -57.0657      -46.4161    
136  3.350       75.2232       254.008      -784.141      -59.3239      -49.1912    
137  3.360       66.7523       254.714      -786.684      -61.5996      -52.0034    
138  3.370       57.1238       255.331      -789.234      -63.8919      -54.8533    
139  3.380       46.4590       255.846      -791.789      -66.1992      -57.7410    
140  3.390       34.9006       256.250      -794.350      -68.5196      -60.6658    
141  3.400       22.5945       256.536      -796.913      -70.8504      -63.6267    
142  3.410       9.73284       256.696      -799.479      -73.1888      -66.6218    
143  3.420      -3.50115       256.726      -802.046      -75.5318      -69.6489    
144  3.430      -16.9270       256.623      -804.612      -77.8764      -72.7049    
145  3.440      -30.3478       256.386      -807.177      -80.2195      -75.7865    
146  3.450      -43.5735       256.017      -809.738      -82.5581      -78.8897    
147  3.460      -56.4452       255.518      -812.296      -84.8898      -82.0100    
148  3.470      -68.7839       254.893      -814.847      -87.2121      -85.1428    
149  3.480      -80.4329       254.148      -817.392      -89.5228      -88.2829    
150  3.490      -91.2763       253.291      -819.929      -91.8204      -91.4250    
151  3.500      -101.179       252.331      -822.457      -94.1038      -94.5639    
152  3.510      -110.051       251.277      -824.974      -96.3720      -97.6940    
153  3.520      -117.790       250.141      -827.481      -98.6244      -100.810    
154  3.530      -124.339       248.933      -829.977      -100.861      -103.907    
155  3.540      -129.643       247.666      -832.459      -103.081      -106.981    
156  3.550      -133.650       246.353      -834.929      -105.285      -110.025    
157  3.560      -136.352       245.006      -837.386      -107.474      -113.037    
158  3.570      -137.729       243.639      -839.829      -109.647      -116.013    
159  3.580      -137.779       242.265      -842.258      -111.806      -118.949    
160  3.590      -136.529       240.897      -844.674      -113.950      -121.843    
161  3.600      -133.994       239.547      -847.076      -116.079      -124.694    
162  3.610      -130.234       238.229      -849.465      -118.196      -127.499    
163  3.620      -125.279       236.955      -851.841      -120.299      -130.259    
164  3.630      -119.220       235.735      -854.205      -122.389      -132.972    
165  3.640      -112.125       234.581      -856.557      -124.467      -135.639    
166  3.650      -104.086       233.502      -858.897      -126.533      -138.262    
167  3.660      -95.2213       232.508      -861.227      -128.589      -140.841    
168  3.670      -85.6273       231.606      -863.548      -130.636      -143.378    
169  3.680      -75.4441       230.802      -865.860      -132.674      -145.876    
170  3.690      -64.7950       230.102      -868.165      -134.705      -148.337    
171  3.700      -53.8200       229.510      -870.463      -136.732      -150.764    
172  3.710      -42.6622       229.028      -872.756      -138.755      -153.161    
173  3.720      -31.4522       228.658      -875.045      -140.778      -155.529    
174  3.730      -20.3378       228.399      -877.331      -142.803      -157.874    
175  3.740      -9.43771       228.249      -879.614      -144.832      -160.197    
176  3.750       1.12265       228.207      -881.896      -146.868      -162.503    
177  3.760       11.2431       228.268      -884.179      -148.915      -164.794    
178  3.770       20.8114       228.427      -886.463      -150.973      -167.073    
179  3.780       29.7758       228.679      -888.749      -153.047      -169.343    
180  3.790       38.0672       229.016      -891.037      -155.139      -171.606    
181  3.800       45.6499       229.433      -893.330      -157.250      -173.865    
182  3.810       52.5110       229.922      -895.627      -159.382      -176.120    
183  3.820       58.6321       230.476      -897.929      -161.537      -178.374    
184  3.830       64.0653       231.088      -900.237      -163.716       179.374    
185  3.840       68.8200       231.750      -902.551      -165.920       177.121    
186  3.850       72.9554       232.458      -904.872      -168.150       174.868    
187  3.860       76.5355       233.204      -907.201      -170.404       172.616    
188  3.870       79.6076       233.983      -909.537      -172.682       170.363    
189  3.880       82.2612       234.791      -911.881      -174.986       168.112    
190  3.890       84.5602       235.624      -914.233      -177.313       165.862    
191  3.900       86.5554       236.479      -916.593      -179.662       163.614    
192  3.910       88.3210       237.353      -918.962       177.966       161.370    
193  3.920       89.9018       238.243      -921.340       175.573       159.130    
194  3.930       91.3041       239.149      -923.727       173.160       156.893    
195  3.940       92.5880       240.068      -926.123       170.727       154.662    
196  3.950       93.7286       240.999      -928.529       168.275       152.436    
197  3.960       94.7096       241.941      -930.943       165.803       150.215    
198  3.970       95.5176       242.892      -933.368       163.313       147.999    
199  3.980       96.0976       243.849      -935.801       160.803       145.786    
200  3.990       96.4016       244.811      -938.245       158.274       143.578    
201  4.000       96.3454       245.774      -940.698       155.724       141.371    
202  4.010       95.8817       246.734      -943.160       153.154       139.165    
203  4.020       94.9084       247.687      -945.632       150.561       136.959    
204  4.030       93.3634       248.627      -948.114       147.946       134.751    
205  4.040       91.1551       249.548      -950.605       145.307       132.538    
206  4.050       88.2325       250.443      -953.105       142.642       130.321    
207  4.060       84.5215       251.305      -955.613       139.951       128.097    
208  4.070       79.9885       252.126      -958.130       137.233       125.865    
209  4.080       74.6001       252.897      -960.656       134.486       123.624    
210  4.090       68.3389       253.609      -963.188       131.710       121.373    
211  4.100       61.2122       254.255      -965.727       128.904       119.112    
212  4.110       53.2361       254.825      -968.273       126.068       116.841    
213  4.120       44.4696       255.312      -970.823       123.201       114.560    
214  4.130       34.9527       255.707      -973.378       120.303       112.270    
215  4.140       24.7803       256.004      -975.936       117.375       109.972    
216  4.150       14.0242       256.196      -978.497       114.417       107.666    
217  4.160       2.80590       256.279      -981.059       111.432       105.355    
218  4.170      -8.76787       256.248      -983.622       108.419       103.041    
219  4.180      -20.5709       256.101      -986.183       105.382       100.724    
220  4.190      -32.4667       255.835      -988.743       102.323       98.4078    
221  4.200      -44.3287       255.451      -991.299       99.2439       96.0932    
222  4.210      -56.0199       254.950      -993.851       96.1489       93.7825    
223  4.220      -67.4029       254.333      -996.397       93.0415       91.4776    
224  4.230      -78.3373       253.605      -998.936       89.9256       89.1799    
225  4.240      -88.7104       252.771      -1001.47       86.8056       86.8912    
226  4.250      -98.3745       251.838      -1003.99       83.6862       84.6129    
227  4.260      -107.235       250.811      -1006.50       80.5721       82.3460    
228  4.270      -115.168       249.701      -1009.01       77.4684       80.0916    
229  4.280      -122.078       248.518      -1011.50       74.3799       77.8506    
230  4.290      -127.871       247.271      -1013.98       71.3114       75.6235    
231  4.300      -132.479       245.972      -1016.44       68.2680       73.4110    
232  4.310      -135.817       244.633      -1018.89       65.2540       71.2133    
233  4.320      -137.857       243.268      -1021.33       62.2736       69.0307    
234  4.330      -138.542       241.889      -1023.76       59.3308       66.8634    
235  4.340      -137.853       240.511      -1026.17       56.4291       64.7116    
236  4.350      -135.798       239.146      -1028.57       53.5712       62.5751    
237  4.360      -132.374       237.808      -1030.96       50.7593       60.4536    
238  4.370      -127.618       236.512      -1033.33       47.9951       58.3470    
239  4.380      -121.587       235.269      -1035.69       45.2797       56.2549    
240  4.390      -114.350       234.092      -1038.03       42.6133       54.1766    
241  4.400      -105.986       232.994      -1040.37       39.9958       52.1114    
242  4.410      -96.6316       231.983      -1042.69       37.4260       50.0583    
243  4.420      -86.3767       231.070      -1045.01       34.9024       48.0160    
244  4.430      -75.3958       230.263      -1047.32       32.4229       45.9832    
245  4.440      -63.8311       229.569      -1049.62       29.9846       43.9579    
246  4.450      -51.8410       228.992      -1051.91       27.5844       41.9383    
247  4.460      -39.6157       228.535      -1054.20       25.2186       39.9219    
248  4.470      -27.3174       228.201      -1056.48       22.8832       37.9063    
249  4.480      -15.1173       227.989      -1058.76       20.5742       35.8886    
250  4.490      -3.19929       227.897      -1061.04       18.2874       33.8661    
251  4.500       8.30743       227.922      -1063.32       16.0184       31.8356    
252  4.510       19.2265       228.058      -1065.60       13.7632       29.7942    
253  4.520       29.4787       228.300      -1067.88       11.5180       27.7390    
254  4.530       38.9214       228.640      -1070.17       9.27894       25.6671    
255  4.540       47.5098       229.070      -1072.46       7.04299       23.5758    
256  4.550       55.1718       229.581      -1074.75       4.80738       21.4628    
257  4.560       61.9087       230.165      -1077.05       2.56990       19.3261    
258  4.570       67.6991       230.810      -1079.36      0.329032       17.1641    
259  4.580       72.5869       231.509      -1081.67      -1.91648       14.9756    
260  4.590       76.6377       232.253      -1083.99      -4.16708       12.7596    
261  4.600       79.8862       233.034      -1086.31      -6.42278       10.5160    
262  4.610       82.4725       233.844      -1088.65      -8.68302       8.24469    
263  4.620       84.4394       234.677      -1090.99      -10.9467       5.94634    
264  4.630       85.9384       235.528      -1093.34      -13.2126       3.62167    
265  4.640       87.0548       236.392      -1095.70      -15.4792       1.27152    
266  4.650       87.8926       237.265      -1098.07      -17.7451      -1.10294    
267  4.660       88.5466       238.147      -1100.45      -20.0083      -3.50044    
268  4.670       89.0838       239.035      -1102.83      -22.2672      -5.91952    
269  4.680       89.5981       239.928      -1105.23      -24.5204      -8.35900    
270  4.690       90.0741       240.826      -1107.63      -26.7668      -10.8179    
271  4.700       90.5902       241.730      -1110.04      -29.0056      -13.2952    
272  4.710       91.0985       242.638      -1112.47      -31.2363      -15.7904    
273  4.720       91.5932       243.552      -1114.90      -33.4591      -18.3030    
274  4.730       92.0166       244.470      -1117.34      -35.6744      -20.8327    
275  4.740       92.3047       245.391      -1119.79      -37.8832      -23.3801    
276  4.750       92.3634       246.314      -1122.24      -40.0868      -25.9454    
277  4.760       92.1096       247.236      -1124.71      -42.2869      -28.5295    
278  4.770       91.4345       248.152      -1127.19      -44.4856      -31.1334    
279  4.780       90.2204       249.059      -1129.68      -46.6850      -33.7584    
280  4.790       88.3731       249.951      -1132.17      -48.8872      -36.4058    
281  4.800       85.7957       250.820      -1134.67      -51.0944      -39.0770    
282  4.810       82.3965       251.659      -1137.19      -53.3087      -41.7735    
283  4.820       78.0994       252.460      -1139.71      -55.5317      -44.4970    
284  4.830       72.8693       253.212      -1142.24      -57.7653      -47.2488    
285  4.840       66.6590       253.907      -1144.77      -60.0101      -50.0302    
286  4.850       59.4712       254.536      -1147.31      -62.2672      -52.8424    
287  4.860       51.3290       255.087      -1149.86      -64.5366      -55.6863    
288  4.870       42.2708       255.553      -1152.41      -66.8180      -58.5621    
289  4.880       32.3579       255.924      -1154.97      -69.1107      -61.4702    
290  4.890       21.7005       256.192      -1157.53      -71.4136      -64.4101    
291  4.900       10.3820       256.351      -1160.09      -73.7249      -67.3813    
292  4.910      -1.45162       256.394      -1162.66      -76.0431      -70.3824    
293  4.920      -13.6636       256.317      -1165.22      -78.3657      -73.4117    
294  4.930      -26.1095       256.118      -1167.78      -80.6906      -76.4669    
295  4.940      -38.6296       255.794      -1170.34      -83.0154      -79.5451    
296  4.950      -51.0550       255.345      -1172.90      -85.3377      -82.6430    
297  4.960      -63.2320       254.774      -1175.45      -87.6551      -85.7568    
298  4.970      -75.0033       254.084      -1177.99      -89.9657      -88.8822    
299  4.980      -86.2060       253.279      -1180.53      -92.2672      -92.0144    
300  4.990      -96.6979       252.366      -1183.06      -94.5579      -95.1484    
301  5.000      -106.345       251.353      -1185.58      -96.8365      -98.2791    
302  5.010      -115.018       250.248      -1188.08      -99.1014      -101.401    
303  5.020      -122.605       249.063      -1190.58      -101.352      -104.508    
304  5.030      -128.998       247.807      -1193.06      -103.587      -107.596    
305  5.040      -134.126       246.495      -1195.54      -105.807      -110.659    
306  5.050      -137.912       245.138      -1197.99      -108.010      -113.692    
307  5.060      -140.297       243.750      -1200.44      -110.197      -116.691    
308  5.070      -141.254       242.346      -1202.87      -112.368      -119.651    
309  5.080      -140.765       240.939      -1205.29      -114.522      -122.568    
310  5.090      -138.829       239.545      -1207.69      -116.660      -125.440    
311  5.100      -135.457       238.177      -1210.08      -118.783      -128.265    
312  5.110      -130.712       236.850      -1212.45      -120.890      -131.040    
313  5.120      -124.638       235.576      -1214.81      -122.982      -133.765    
314  5.130      -117.314       234.370      -1217.16      -125.060      -136.439    
315  5.140      -108.844       233.242      -1219.50      -127.124      -139.063    
316  5.150      -99.3588       232.204      -1221.83      -129.177      -141.638    
317  5.160      -88.9737       231.264      -1224.15      -131.218      -144.166    
318  5.170      -77.8511       230.432      -1226.46      -133.250      -146.649    
319  5.180      -66.1603       229.714      -1228.76      -135.273      -149.091    
320  5.190      -54.0541       229.114      -1231.05      -137.291      -151.495    
321  5.200      -41.7270       228.636      -1233.34      -139.305      -153.864    
322  5.210      -29.3572       228.281      -1235.63      -141.318      -156.204    
323  5.220      -17.1092       228.048      -1237.91      -143.333      -158.517    
324  5.230      -5.15833       227.936      -1240.19      -145.352      -160.809    
325  5.240       6.33121       227.941      -1242.47      -147.379      -163.083    
326  5.250       17.2465       228.058      -1244.75      -149.417      -165.345    
327  5.260       27.4305       228.280      -1247.03      -151.468      -167.597    
328  5.270       36.8216       228.599      -1249.31      -153.536      -169.843    
329  5.280       45.3256       229.008      -1251.60      -155.623      -172.087    
330  5.290       52.9160       229.497      -1253.90      -157.731      -174.331    
331  5.300       59.5585       230.057      -1256.19      -159.863      -176.577    
332  5.310       65.2873       230.679      -1258.50      -162.020      -178.826    
333  5.320       70.1135       231.353      -1260.81      -164.204       178.920    
334  5.330       74.1139       232.072      -1263.13      -166.415       176.662    
335  5.340       77.3658       232.828      -1265.45      -168.653       174.400    
336  5.350       79.9475       233.613      -1267.78      -170.919       172.133    
337  5.360       81.9968       234.421      -1270.12      -173.212       169.865    
338  5.370       83.5742       235.248      -1272.47      -175.531       167.595    
339  5.380       84.8269       236.089      -1274.83      -177.875       165.325    
340  5.390       85.8499       236.941      -1277.19       179.758       163.057    
341  5.400       86.7034       237.804      -1279.57       177.367       160.794    
342  5.410       87.5184       238.674      -1281.95       174.956       158.535    
343  5.420       88.2931       239.553      -1284.34       172.525       156.283    
344  5.430       89.1097       240.440      -1286.74       170.075       154.039    
345  5.440       89.9520       241.336      -1289.15       167.608       151.803    
346  5.450       90.8218       242.240      -1291.57       165.123       149.576    
347  5.460       91.6832       243.152      -1293.99       162.621       147.357    
348  5.470       92.4702       244.073      -1296.43       160.102       145.146    
349  5.480       93.1281       245.001      -1298.88       157.566       142.942    
350  5.490       93.5335       245.934      -1301.33       155.013       140.742    
351  5.500       93.6219       246.869      -1303.80       152.440       138.546    
352  5.510       93.2487       247.802      -1306.27       149.848       136.351    
353  5.520       92.3285       248.729      -1308.75       147.235       134.156    
354  5.530       90.7399       249.643      -1311.24       144.599       131.956    
355  5.540       88.3800       250.536      -1313.74       141.939       129.751    
356  5.550       85.1664       251.402      -1316.25       139.253       127.539    
357  5.560       81.0468       252.231      -1318.77       136.540       125.317    
358  5.570       75.9266       253.013      -1321.30       133.798       123.084    
359  5.580       69.8221       253.740      -1323.83       131.025       120.840    
360  5.590       62.7115       254.400      -1326.37       128.222       118.583    
361  5.600       54.6115       254.984      -1328.92       125.386       116.313    
362  5.610       45.5823       255.483      -1331.47       122.518       114.031    
363  5.620       35.6925       255.887      -1334.03       119.616       111.737    
364  5.630       25.0250       256.188      -1336.59       116.683       109.433    
365  5.640       13.7008       256.380      -1339.15       113.718       107.120    
366  5.650       1.85773       256.457      -1341.71       110.722       104.800    
367  5.660      -10.3887       256.413      -1344.28       107.698       102.476    
368  5.670      -22.8603       256.246      -1346.84       104.647       100.150    
369  5.680      -35.4183       255.954      -1349.40       101.573       97.8234    
370  5.690      -47.8861       255.538      -1351.96       98.4786       95.4997    
371  5.700      -60.1257       254.998      -1354.51       95.3679       93.1807    
372  5.710      -71.9569       254.338      -1357.06       92.2449       90.8686    
373  5.720      -83.2441       253.563      -1359.60       89.1141       88.5652    
374  5.730      -93.8459       252.680      -1362.13       85.9807       86.2726    
375  5.740      -103.614       251.694      -1364.65       82.8499       83.9921    
376  5.750      -112.446       250.616      -1367.16       79.7268       81.7249    
377  5.760      -120.211       249.455      -1369.66       76.6168       79.4720    
378  5.770      -126.830       248.223      -1372.15       73.5252       77.2340    
379  5.780      -132.205       246.930      -1374.63       70.4571       75.0115    
380  5.790      -136.283       245.591      -1377.09       67.4176       72.8050    
381  5.800      -138.994       244.218      -1379.54       64.4111       70.6144    
382  5.810      -140.318       242.825      -1381.97       61.4418       68.4398    
383  5.820      -140.223       241.426      -1384.39       58.5133       66.2811    
384  5.830      -138.712       240.035      -1386.80       55.6287       64.1383    
385  5.840      -135.800       238.665      -1389.19       52.7904       62.0110    
386  5.850      -131.519       237.332      -1391.57       50.0002       59.8987    
387  5.860      -125.929       236.048      -1393.94       47.2593       57.8011    
388  5.870      -119.094       234.826      -1396.30       44.5679       55.7175    
389  5.880      -111.113       233.678      -1398.64       41.9261       53.6474    
390  5.890      -102.080       232.615      -1400.97       39.3327       51.5898    
391  5.900      -92.1428       231.646      -1403.29       36.7862       49.5435    
392  5.910      -81.4228       230.781      -1405.61       34.2845       47.5072    
393  5.920      -70.0901       230.025      -1407.91       31.8248       45.4793    
394  5.930      -58.2829       229.384      -1410.21       29.4041       43.4581    
395  5.940      -46.2156       228.863      -1412.50       27.0183       41.4409    
396  5.950      -33.9993       228.462      -1414.79       24.6641       39.4257    
397  5.960      -21.8682       228.183      -1417.07       22.3371       37.4099    
398  5.970      -9.93950       228.023      -1419.35       20.0331       35.3904    
399  5.980       1.60013       227.981      -1421.63       17.7483       33.3647    
400  5.990       12.6291       228.051      -1423.91       15.4783       31.3295    
401  6.000       23.0139       228.228      -1426.19       13.2196       29.2821    
402  6.010       32.6459       228.504      -1428.48       10.9682       27.2192    
403  6.020       41.4716       228.873      -1430.76       8.72122       25.1382    
404  6.030       49.4043       229.325      -1433.06       6.47595       23.0368    
405  6.040       56.4447       229.852      -1435.35       4.23025       20.9130    
406  6.050       62.5751       230.445      -1437.65       1.98239       18.7647    
407  6.060       67.8243       231.095      -1439.96     -0.268795       16.5907    
408  6.070       72.2478       231.793      -1442.28      -2.52378       14.3902    
409  6.080       75.8990       232.532      -1444.60      -4.78274       12.1625    
410  6.090       78.8696       233.304      -1446.93      -7.04520       9.90761    
411  6.100       81.2516       234.103      -1449.26      -9.31028       7.62597    
412  6.110       83.1442       234.924      -1451.61      -11.5769       5.31815    
413  6.120       84.6512       235.762      -1453.96      -13.8437       2.98504    
414  6.130       85.8791       236.614      -1456.33      -16.1091      0.627809    
415  6.140       86.9106       237.477      -1458.70      -18.3717      -1.75240    
416  6.150       87.8124       238.350      -1461.08      -20.6298      -4.15433    
417  6.160       88.6731       239.232      -1463.46      -22.8822      -6.57668    
418  6.170       89.5048       240.123      -1465.86      -25.1278      -9.01838    
419  6.180       90.3592       241.023      -1468.27      -27.3658      -11.4786    
420  6.190       91.1942       241.930      -1470.68      -29.5959      -13.9565    
421  6.200       92.0251       242.846      -1473.10      -31.8179      -16.4518    
422  6.210       92.7728       243.770      -1475.54      -34.0324      -18.9642    
423  6.220       93.3965       244.701      -1477.98      -36.2405      -21.4942    
424  6.230       93.8032       245.637      -1480.43      -38.4433      -24.0420    
425  6.240       93.8902       246.574      -1482.89      -40.6425      -26.6086    
426  6.250       93.5713       247.511      -1485.36      -42.8401      -29.1950    
427  6.260       92.7413       248.441      -1487.84      -45.0380      -31.8022    
428  6.270       91.2750       249.360      -1490.33      -47.2385      -34.4318    
429  6.280       89.0905       250.260      -1492.83      -49.4436      -37.0850    
430  6.290       86.0996       251.134      -1495.34      -51.6553      -39.7635    
431  6.300       82.2235       251.974      -1497.85      -53.8754      -42.4688    
432  6.310       77.4054       252.769      -1500.38      -56.1057      -45.2023    
433  6.320       71.6186       253.512      -1502.91      -58.3473      -47.9655    
434  6.330       64.8518       254.192      -1505.45      -60.6007      -50.7593    
435  6.340       57.1150       254.800      -1507.99      -62.8664      -53.5846    
436  6.350       48.4376       255.325      -1510.54      -65.1441      -56.4419    
437  6.360       38.8934       255.759      -1513.10      -67.4334      -59.3317    
438  6.370       28.5629       256.095      -1515.66      -69.7331      -62.2536    
439  6.380       17.5459       256.323      -1518.22      -72.0418      -65.2071    
440  6.390       5.95378       256.439      -1520.78      -74.3580      -68.1913    
441  6.400      -6.06285       256.438      -1523.35      -76.6793      -71.2044    
442  6.410      -18.3712       256.315      -1525.91      -79.0038      -74.2445    
443  6.420      -30.8202       256.068      -1528.47      -81.3291      -77.3090    
444  6.430      -43.2482       255.698      -1531.03      -83.6527      -80.3947    
445  6.440      -55.5051       255.204      -1533.58      -85.9726      -83.4982    
446  6.450      -67.4250       254.590      -1536.13      -88.2865      -86.6155    
447  6.460      -78.8714       253.859      -1538.67      -90.5924      -89.7422    
448  6.470      -89.6923       253.018      -1541.21      -92.8885      -92.8734    
449  6.480      -99.7466       252.072      -1543.73      -95.1731      -96.0042    
450  6.490      -108.919       251.031      -1546.25      -97.4451      -99.1293    
451  6.500      -117.089       249.903      -1548.75      -99.7033      -102.244    
452  6.510      -124.153       248.700      -1551.25      -101.947      -105.342    
453  6.520      -130.022       247.432      -1553.73      -104.176      -108.418    
454  6.530      -134.624       246.112      -1556.19      -106.389      -111.469    
455  6.540      -137.891       244.752      -1558.65      -108.586      -114.488    
456  6.550      -139.790       243.367      -1561.09      -110.767      -117.472    
457  6.560      -140.279       241.970      -1563.52      -112.933      -120.417    
458  6.570      -139.359       240.576      -1565.93      -115.082      -123.319    
459  6.580      -137.022       239.197      -1568.33      -117.216      -126.177    
460  6.590      -133.316       237.849      -1570.71      -119.335      -128.986    
461  6.600      -128.256       236.544      -1573.08      -121.439      -131.747    
462  6.610      -121.927       235.297      -1575.44      -123.528      -134.458    
463  6.620      -114.403       234.118      -1577.79      -125.604      -137.120    
464  6.630      -105.782       233.020      -1580.13      -127.667      -139.733    
465  6.640      -96.1937       232.013      -1582.45      -129.717      -142.298    
466  6.650      -85.7617       231.105      -1584.77      -131.758      -144.817    
467  6.660      -74.6369       230.305      -1587.08      -133.789      -147.293    
468  6.670      -62.9807       229.618      -1589.38      -135.813      -149.728    
469  6.680      -50.9701       229.050      -1591.67      -137.832      -152.127    
470  6.690      -38.7523       228.602      -1593.96      -139.848      -154.493    
471  6.700      -26.5406       228.276      -1596.24      -141.863      -156.829    
472  6.710      -14.4616       228.070      -1598.53      -143.881      -159.141    
473  6.720      -2.71502       227.984      -1600.81      -145.904      -161.432    
474  6.730       8.58767       228.012      -1603.09      -147.935      -163.706    
475  6.740       19.2763       228.150      -1605.37      -149.977      -165.968    
476  6.750       29.2654       228.391      -1607.65      -152.034      -168.220    
477  6.760       38.4485       228.728      -1609.94      -154.107      -170.467    
478  6.770       46.7718       229.152      -1612.23      -156.201      -172.711    
479  6.780       54.1952       229.655      -1614.52      -158.316      -174.956    
480  6.790       60.6935       230.227      -1616.82      -160.454      -177.201    
481  6.800       66.3026       230.860      -1619.13      -162.618      -179.450    
482  6.810       71.0424       231.544      -1621.44      -164.809       178.297    
483  6.820       74.9726       232.272      -1623.76      -167.026       176.040    
484  6.830       78.1911       233.036      -1626.08      -169.271       173.779    
485  6.840       80.7623       233.829      -1628.42      -171.543       171.515    
486  6.850       82.8006       234.646      -1630.76      -173.842       169.249    
487  6.860       84.4132       235.481      -1633.11      -176.166       166.982    
488  6.870       85.6876       236.330      -1635.47      -178.515       164.715    
489  6.880       86.7350       237.192      -1637.84       179.113       162.450    
490  6.890       87.6365       238.063      -1640.22       176.718       160.190    
491  6.900       88.4457       238.943      -1642.60       174.302       157.934    
492  6.910       89.2384       239.832      -1644.99       171.867       155.685    
493  6.920       90.0344       240.728      -1647.40       169.413       153.443    
494  6.930       90.8303       241.632      -1649.81       166.940       151.209    
495  6.940       91.6302       242.545      -1652.23       164.450       148.983    
496  6.950       92.3722       243.465      -1654.66       161.943       146.765    
497  6.960       93.0384       244.391      -1657.10       159.419       144.553    
498  6.970       93.4996       245.324      -1659.55       156.877       142.348    
499  6.980       93.7179       246.259      -1662.01       154.316       140.147    
500  6.990       93.5562       247.195      -1664.47       151.737       137.949    
501  7.000       92.9303       248.126      -1666.95       149.137       135.751    
502  7.010       91.7257       249.048      -1669.44       146.515       133.552    
503  7.020       89.8330       249.954      -1671.93       143.870       131.348    
504  7.030       87.1740       250.838      -1674.43       141.201       129.140    
505  7.040       83.6588       251.690      -1676.95       138.505       126.923    
506  7.050       79.2183       252.502      -1679.47       135.782       124.697    
507  7.060       73.8166       253.265      -1682.00       133.030       122.460    
508  7.070       67.4433       253.969      -1684.53       130.248       120.211    
509  7.080       60.0754       254.604      -1687.08       127.434       117.951    
510  7.090       51.7616       255.161      -1689.62       124.589       115.677    
511  7.100       42.5420       255.630      -1692.18       121.711       113.392    
512  7.110       32.4983       256.003      -1694.74       118.801       111.096    
513  7.120       21.7196       256.272      -1697.30       115.859       108.791    
514  7.130       10.3300       256.431      -1699.86       112.886       106.477    
515  7.140      -1.56467       256.473      -1702.43       109.883       104.157    
516  7.150      -13.7919       256.395      -1704.99       106.853       101.833    
517  7.160      -26.2330       256.195      -1707.55       103.797       99.5078    
518  7.170      -38.7078       255.870      -1710.11       100.718       97.1828    
519  7.180      -51.0735       255.421      -1712.67       97.6199       94.8608    
520  7.190      -63.1609       254.850      -1715.22       94.5067       92.5440    
521  7.200      -74.8306       254.161      -1717.76       91.3824       90.2345    
522  7.210      -85.9279       253.358      -1720.30       88.2517       87.9342    
523  7.220      -96.3027       252.449      -1722.83       85.1196       85.6448    
524  7.230      -105.838       251.440      -1725.35       81.9910       83.3675    
525  7.240      -114.411       250.341      -1727.86       78.8713       81.1036    
526  7.250      -121.904       249.162      -1730.36       75.7659       78.8540    
527  7.260      -128.239       247.914      -1732.84       72.6800       76.6193    
528  7.270      -133.309       246.609      -1735.31       69.6188       74.4003    
529  7.280      -137.077       245.260      -1737.77       66.5870       72.1970    
530  7.290      -139.472       243.881      -1740.22       63.5891       70.0096    
531  7.300      -140.473       242.485      -1742.65       60.6292       67.8382    
532  7.310      -140.043       241.086      -1745.07       57.7110       65.6830    
533  7.320      -138.209       239.698      -1747.47       54.8372       63.5434    
534  7.330      -134.962       238.336      -1749.86       52.0103       61.4192    
535  7.340      -130.357       237.012      -1752.24       49.2319       59.3103    
536  7.350      -124.460       235.742      -1754.60       46.5028       57.2158    
537  7.360      -117.314       234.536      -1756.96       43.8236       55.1354    
538  7.370      -109.051       233.407      -1759.30       41.1937       53.0683    
539  7.380      -99.7519       232.365      -1761.62       38.6120       51.0132    
540  7.390      -89.5825       231.421      -1763.94       36.0770       48.9694    
541  7.400      -78.6501       230.582      -1766.25       33.5863       46.9352    
542  7.410      -67.1350       229.855      -1768.56       31.1370       44.9091    
543  7.420      -55.2125       229.244      -1770.85       28.7259       42.8889    
544  7.430      -43.0174       228.754      -1773.14       26.3494       40.8726    
545  7.440      -30.7683       228.385      -1775.43       24.0035       38.8577    
546  7.450      -18.6093       228.138      -1777.71       21.6838       36.8413    
547  7.460      -6.70736       228.011      -1779.99       19.3863       34.8206    
548  7.470       4.76255       228.001      -1782.27       17.1068       32.7927    
549  7.480       15.6862       228.102      -1784.55       14.8411       30.7545    
550  7.490       25.9327       228.308      -1786.84       12.5858       28.7033    
551  7.500       35.4063       228.613      -1789.12       10.3370       26.6359    
552  7.510       44.0223       229.008      -1791.41       8.09182       24.5500    
553  7.520       51.7514       229.485      -1793.70       5.84757       22.4428    
554  7.530       58.5626       230.034      -1796.00       3.60202       20.3124    
555  7.540       64.4613       230.647      -1798.30       1.35365       18.1570    
556  7.550       69.4892       231.315      -1800.61     -0.898376       15.9756    
557  7.560       73.6732       232.029      -1802.93      -3.15455       13.7673    
558  7.570       77.1185       232.781      -1805.26      -5.41471       11.5318    
559  7.580       79.8900       233.564      -1807.59      -7.67818       9.26926    
560  7.590       82.0893       234.372      -1809.93      -9.94442       6.97980    
561  7.600       83.8348       235.201      -1812.27      -12.2119       4.66437    
562  7.610       85.2101       236.045      -1814.63      -14.4794       2.32380    
563  7.620       86.3258       236.902      -1817.00      -16.7454     -0.408107E-01
564  7.630       87.2679       237.769      -1819.37      -19.0079      -2.42798    
565  7.640       88.1109       238.646      -1821.75      -21.2659      -4.83668    
566  7.650       88.9248       239.531      -1824.14      -23.5176      -7.26537    
567  7.660       89.7196       240.424      -1826.54      -25.7622      -9.71325    
568  7.670       90.5391       241.325      -1828.95      -27.9991      -12.1794    
569  7.680       91.3511       242.235      -1831.37      -30.2277      -14.6630    
570  7.690       92.1465       243.152      -1833.80      -32.4485      -17.1640    
571  7.700       92.8654       244.077      -1836.23      -34.6621      -19.6824    
572  7.710       93.4274       245.008      -1838.68      -36.8694      -22.2184    
573  7.720       93.7613       245.944      -1841.13      -39.0716      -24.7723    
574  7.730       93.7604       246.881      -1843.60      -41.2704      -27.3449    
575  7.740       93.3279       247.815      -1846.07      -43.4682      -29.9376    
576  7.750       92.3408       248.742      -1848.55      -45.6669      -32.5517    
577  7.760       90.7139       249.656      -1851.05      -47.8684      -35.1881    
578  7.770       88.3330       250.550      -1853.55      -50.0750      -37.8485    
579  7.780       85.1246       251.415      -1856.06      -52.2888      -40.5346    
580  7.790       81.0054       252.243      -1858.57      -54.5116      -43.2479    
581  7.800       75.9412       253.026      -1861.10      -56.7449      -45.9898    
582  7.810       69.8943       253.753      -1863.64      -58.9896      -48.7615    
583  7.820       62.8475       254.414      -1866.18      -61.2465      -51.5643    
584  7.830       54.8472       255.000      -1868.72      -63.5158      -54.3987    
585  7.840       45.9201       255.501      -1871.28      -65.7971      -57.2655    
586  7.850       36.1289       255.909      -1873.83      -68.0897      -60.1646    
587  7.860       25.5779       256.216      -1876.39      -70.3926      -63.0960    
588  7.870       14.3616       256.414      -1878.96      -72.7041      -66.0587    
589  7.880       2.61328       256.497      -1881.52      -75.0226      -69.0518    
590  7.890      -9.54167       256.461      -1884.08      -77.3456      -72.0732    
591  7.900      -21.9302       256.303      -1886.65      -79.6713      -75.1213    
592  7.910      -34.4333       256.021      -1889.21      -81.9970      -78.1928    
593  7.920      -46.8585       255.615      -1891.77      -84.3205      -81.2847    
594  7.930      -59.0731       255.085      -1894.32      -86.6393      -84.3931    
595  7.940      -70.9130       254.436      -1896.87      -88.9515      -87.5141    
596  7.950      -82.2233       253.671      -1899.41      -91.2551      -90.6433    
597  7.960      -92.8639       252.797      -1901.94      -93.5484      -93.7755    
598  7.970      -102.707       251.821      -1904.46      -95.8301      -96.9061    
599  7.980      -111.621       250.752      -1906.98      -98.0990      -100.030    
600  7.990      -119.492       249.599      -1909.48      -100.353      -103.141    
601  8.000      -126.240       248.373      -1911.97      -102.593      -106.234    
602  8.010      -131.742       247.086      -1914.44      -104.818      -109.304    
603  8.020      -135.967       245.750      -1916.91      -107.027      -112.347    
604  8.030      -138.833       244.380      -1919.36      -109.220      -115.357    
605  8.040      -140.304       242.987      -1921.80      -111.397      -118.331    
606  8.050      -140.372       241.587      -1924.22      -113.558      -121.264    
607  8.060      -139.015       240.194      -1926.63      -115.703      -124.154    
608  8.070      -136.252       238.821      -1929.02      -117.833      -126.997    
609  8.080      -132.111       237.483      -1931.40      -119.947      -129.793    
610  8.090      -126.648       236.192      -1933.77      -122.047      -132.539    
611  8.100      -119.926       234.963      -1936.13      -124.132      -135.236    
612  8.110      -112.040       233.806      -1938.47      -126.204      -137.883    
613  8.120      -103.088       232.733      -1940.81      -128.263      -140.482    
614  8.130      -93.2130       231.754      -1943.13      -130.310      -143.033    
615  8.140      -82.5207       230.877      -1945.44      -132.348      -145.539    
616  8.150      -71.2093       230.110      -1947.75      -134.377      -148.003    
617  8.160      -59.4023       229.459      -1950.05      -136.399      -150.427    
618  8.170      -47.2965       228.926      -1952.34      -138.416      -152.816    
619  8.180      -35.0414       228.515      -1954.63      -140.432      -155.173    
620  8.190      -22.8515       228.226      -1956.91      -142.448      -157.502    
621  8.200      -10.8383       228.057      -1959.19      -144.467      -159.807    
622  8.210      0.791756       228.006      -1961.47      -146.493      -162.093    
623  8.220       11.9172       228.068      -1963.75      -148.527      -164.364    
624  8.230       22.4071       228.239      -1966.03      -150.574      -166.623    
625  8.240       32.1592       228.510      -1968.32      -152.636      -168.874    
626  8.250       41.0843       228.874      -1970.61      -154.715      -171.120    
627  8.260       49.1263       229.323      -1972.90      -156.815      -173.365    
628  8.270       56.2583       229.848      -1975.19      -158.937      -175.610    
629  8.280       62.4811       230.439      -1977.49      -161.083      -177.858    
630  8.290       67.8162       231.089      -1979.80      -163.256       179.892    
631  8.300       72.2848       231.787      -1982.12      -165.455       177.637    
632  8.310       75.9992       232.526      -1984.44      -167.681       175.378    
633  8.320       78.9991       233.299      -1986.77      -169.934       173.116    
634  8.330       81.4019       234.100      -1989.11      -172.214       170.850    
635  8.340       83.3051       234.922      -1991.45      -174.521       168.583    
636  8.350       84.7999       235.761      -1993.80      -176.853       166.315    
637  8.360       86.0217       236.615      -1996.17      -179.209       164.048    
638  8.370       87.0119       237.479      -1998.54       178.411       161.784    
639  8.380       87.9066       238.353      -2000.92       176.010       159.525    
640  8.390       88.7234       239.236      -2003.30       173.588       157.271    
641  8.400       89.5267       240.128      -2005.70       171.146       155.024    
642  8.410       90.3513       241.027      -2008.11       168.686       152.784    
643  8.420       91.1664       241.934      -2010.52       166.209       150.552    
644  8.430       91.9794       242.850      -2012.95       163.713       148.328    
645  8.440       92.7234       243.774      -2015.38       161.201       146.113    
646  8.450       93.3482       244.704      -2017.82       158.671       143.903    
647  8.460       93.7682       245.639      -2020.27       156.124       141.699    
648  8.470       93.8826       246.577      -2022.74       153.557       139.499    
649  8.480       93.6105       247.513      -2025.21       150.972       137.301    
650  8.490       92.8081       248.444      -2027.69       148.365       135.103    
651  8.500       91.4066       249.364      -2030.17       145.736       132.902    
652  8.510       89.2904       250.266      -2032.67       143.084       130.697    
653  8.520       86.3568       251.142      -2035.18       140.407       128.485    
654  8.530       82.5530       251.985      -2037.70       137.703       126.266    
655  8.540       77.8053       252.784      -2040.22       134.971       124.036    
656  8.550       72.0902       253.531      -2042.75       132.209       121.795    
657  8.560       65.3769       254.216      -2045.29       129.417       119.542    
658  8.570       57.6974       254.829      -2047.84       126.593       117.276    
659  8.580       49.0728       255.361      -2050.39       123.737       114.999    
660  8.590       39.5677       255.802      -2052.94       120.849       112.710    
661  8.600       29.2597       256.144      -2055.50       117.928       110.410    
662  8.610       18.2641       256.379      -2058.06       114.976       108.101    
663  8.620       6.67364       256.502      -2060.63       111.993       105.785    
664  8.630      -5.35045       256.508      -2063.19       108.981       103.463    
665  8.640      -17.6786       256.392      -2065.76       105.942       101.138    
666  8.650      -30.1529       256.152      -2068.32       102.878       98.8120    
667  8.660      -42.6273       255.788      -2070.88       99.7925       96.4875    
668  8.670      -54.9248       255.300      -2073.43       96.6891       94.1666    
669  8.680      -66.9068       254.692      -2075.98       93.5717       91.8516    
670  8.690      -78.4136       253.966      -2078.53       90.4447       89.5446    
671  8.700      -89.3018       253.129      -2081.06       87.3127       87.2472    
672  8.710      -99.4270       252.187      -2083.59       84.1808       84.9612    
673  8.720      -108.677       251.148      -2086.11       81.0542       82.6878    
674  8.730      -116.915       250.023      -2088.61       77.9381       80.4279    
675  8.740      -124.057       248.821      -2091.11       74.8381       78.1829    
676  8.750      -130.000       247.553      -2093.59       71.7593       75.9531    
677  8.760      -134.675       246.233      -2096.06       68.7067       73.7388    
678  8.770      -138.012       244.873      -2098.51       65.6849       71.5404    
679  8.780      -139.974       243.486      -2100.95       62.6982       69.3578    
680  8.790      -140.528       242.087      -2103.38       59.7506       67.1912    
681  8.800      -139.668       240.689      -2105.79       56.8456       65.0405    
682  8.810      -137.381       239.308      -2108.19       53.9859       62.9055    
683  8.820      -133.720       237.956      -2110.58       51.1735       60.7859    
684  8.830      -128.702       236.647      -2112.95       48.4099       58.6812    
685  8.840      -122.412       235.395      -2115.31       45.6957       56.5907    
686  8.850      -114.916       234.211      -2117.66       43.0314       54.5143    
687  8.860      -106.318       233.108      -2120.00       40.4159       52.4506    
688  8.870      -96.7396       232.095      -2122.33       37.8481       50.3987    
689  8.880      -86.3203       231.182      -2124.64       35.3262       48.3576    
690  8.890      -75.2015       230.376      -2126.95       32.8479       46.3257    
691  8.900      -63.5376       229.684      -2129.25       30.4100       44.3012    
692  8.910      -51.5132       229.110      -2131.55       28.0091       42.2821    
693  8.920      -39.2929       228.657      -2133.83       25.6413       40.2659    
694  8.930      -27.0484       228.325      -2136.12       23.3029       38.2503    
695  8.940      -14.9565       228.115      -2138.40       20.9894       36.2323    
696  8.950      -3.17027       228.024      -2140.68       18.6969       34.2092    
697  8.960       8.14842       228.048      -2142.96       16.4215       32.1783    
698  8.970       18.8752       228.181      -2145.25       14.1587       30.1362    
699  8.980       28.8981       228.419      -2147.53       11.9051       28.0801    
700  8.990       38.1125       228.752      -2149.81       9.65701       26.0068    
701  9.000       46.4741       229.173      -2152.10       7.41172       23.9142    
702  9.010       53.9225       229.673      -2154.40       5.16672       21.7997    
703  9.020       60.4670       230.242      -2156.70       2.92019       19.6616    
704  9.030       66.0951       230.873      -2159.00      0.670732       17.4984    
705  9.040       70.8668       231.555      -2161.32      -1.58256       15.3087    
706  9.050       74.8275       232.282      -2163.64      -3.84015       13.0918    
707  9.060       78.0763       233.045      -2165.96      -6.10165       10.8477    
708  9.070       80.6612       233.837      -2168.30      -8.36651       8.57630    
709  9.080       82.7327       234.652      -2170.64      -10.6334       6.27849    
710  9.090       84.3596       235.486      -2172.99      -12.9014       3.95485    
711  9.100       85.6600       236.336      -2175.35      -15.1686       1.60661    
712  9.110       86.7332       237.197      -2177.72      -17.4336     -0.765117    
713  9.120       87.6413       238.068      -2180.09      -19.6950      -3.15918    
714  9.130       88.4848       238.949      -2182.48      -21.9510      -5.57401    
715  9.140       89.2961       239.837      -2184.87      -24.2007      -8.00879    
716  9.150       90.1062       240.734      -2187.28      -26.4433      -10.4627    
717  9.160       90.9306       241.640      -2189.69      -28.6780      -12.9345    
718  9.170       91.7473       242.553      -2192.11      -30.9045      -15.4238    
719  9.180       92.5223       243.474      -2194.54      -33.1235      -17.9306    
720  9.190       93.1989       244.403      -2196.98      -35.3352      -20.4544    
721  9.200       93.6967       245.337      -2199.43      -37.5410      -22.9960    
722  9.210       93.9322       246.274      -2201.89      -39.7425      -25.5559    
723  9.220       93.7934       247.212      -2204.35      -41.9414      -28.1351    
724  9.230       93.1887       248.146      -2206.83      -44.1397      -30.7347    
725  9.240       92.0029       249.071      -2209.32      -46.3394      -33.3558    
726  9.250       90.1295       249.980      -2211.81      -48.5429      -36.0001    
727  9.260       87.4923       250.866      -2214.32      -50.7523      -38.6690    
728  9.270       83.9785       251.722      -2216.83      -52.9694      -41.3641    
729  9.280       79.5625       252.537      -2219.35      -55.1958      -44.0865    
730  9.290       74.1714       253.303      -2221.88      -57.4329      -46.8380    
731  9.300       67.7862       254.011      -2224.42      -59.6819      -49.6199    
732  9.310       60.4401       254.650      -2226.96      -61.9432      -52.4330    
733  9.320       52.1205       255.210      -2229.51      -64.2167      -55.2780    
734  9.330       42.8995       255.683      -2232.06      -66.5022      -58.1555    
735  9.340       32.8551       256.059      -2234.62      -68.7987      -61.0653    
736  9.350       22.0640       256.332      -2237.18      -71.1049      -64.0070    
737  9.360       10.6691       256.494      -2239.75      -73.4192      -66.9799    
738  9.370      -1.23249       256.540      -2242.31      -75.7395      -69.9823    
739  9.380      -13.4806       256.465      -2244.88      -78.0640      -73.0128    
740  9.390      -25.9282       256.267      -2247.44      -80.3900      -76.0686    
741  9.400      -38.4152       255.945      -2250.00      -82.7153      -79.1470    
742  9.410      -50.7991       255.499      -2252.56      -85.0378      -82.2448    
743  9.420      -62.9120       254.931      -2255.11      -87.3552      -85.3580    
744  9.430      -74.5903       254.245      -2257.66      -89.6653      -88.4823    
745  9.440      -85.7087       253.444      -2260.19      -91.9662      -91.6132    
746  9.450      -96.1112       252.537      -2262.72      -94.2562      -94.7457    
747  9.460      -105.667       251.530      -2265.24      -96.5341      -97.8746    
748  9.470      -114.266       250.432      -2267.75      -98.7985      -100.995    
749  9.480      -121.791       249.255      -2270.25      -101.049      -104.101    
750  9.490      -128.150       248.008      -2272.74      -103.284      -107.187    
751  9.500      -133.257       246.704      -2275.21      -105.503      -110.249    
752  9.510      -137.060       245.355      -2277.67      -107.707      -113.282    
753  9.520      -139.488       243.976      -2280.12      -109.896      -116.282    
754  9.530      -140.522       242.579      -2282.55      -112.068      -119.243    
755  9.540      -140.138       241.179      -2284.97      -114.224      -122.163    
756  9.550      -138.336       239.791      -2287.38      -116.365      -125.039    
757  9.560      -135.133       238.427      -2289.77      -118.490      -127.868    
758  9.570      -130.572       237.102      -2292.14      -120.600      -130.649    
759  9.580      -124.702       235.828      -2294.51      -122.696      -133.380    
760  9.590      -117.599       234.620      -2296.86      -124.777      -136.062    
761  9.600      -109.367       233.488      -2299.20      -126.845      -138.694    
762  9.610      -100.109       232.443      -2301.53      -128.901      -141.278    
763  9.620      -89.9539       231.496      -2303.85      -130.945      -143.815    
764  9.630      -79.0536       230.652      -2306.16      -132.980      -146.308    
765  9.640      -67.5565       229.921      -2308.47      -135.008      -148.760    
766  9.650      -55.6306       229.306      -2310.76      -137.028      -151.174    
767  9.660      -43.4617       228.812      -2313.05      -139.046      -153.553    
768  9.670      -31.2063       228.439      -2315.34      -141.061      -155.901    
769  9.680      -19.0360       228.188      -2317.62      -143.078      -158.222    
770  9.690      -7.13470       228.056      -2319.91      -145.099      -160.522    
771  9.700       4.35710       228.042      -2322.19      -147.127      -162.803    
772  9.710       15.3127       228.139      -2324.47      -149.166      -165.070    
773  9.720       25.5740       228.342      -2326.75      -151.217      -167.327    
774  9.730       35.0800       228.643      -2329.04      -153.284      -169.576    
775  9.740       43.7384       229.035      -2331.32      -155.370      -171.823    
776  9.750       51.4991       229.509      -2333.62      -157.478      -174.068    
777  9.760       58.3522       230.056      -2335.92      -159.608      -176.314    
778  9.770       64.2973       230.667      -2338.22      -161.763      -178.563    
779  9.780       69.3489       231.333      -2340.53      -163.943       179.185    
780  9.790       73.5872       232.046      -2342.85      -166.151       176.929    
781  9.800       77.0677       232.797      -2345.17      -168.386       174.669    
782  9.810       79.8762       233.580      -2347.50      -170.648       172.405    
783  9.820       82.1112       234.389      -2349.84      -172.937       170.138    
784  9.830       83.8824       235.217      -2352.19      -175.252       167.870    
785  9.840       85.2908       236.062      -2354.55      -177.592       165.603    
786  9.850       86.4279       236.920      -2356.91      -179.956       163.337    
787  9.860       87.3947       237.789      -2359.29       177.657       161.074    
788  9.870       88.2551       238.666      -2361.67       175.248       158.815    
789  9.880       89.0772       239.553      -2364.06       172.820       156.563    
790  9.890       89.8876       240.448      -2366.46       170.372       154.318    
791  9.900       90.7138       241.351      -2368.87       167.907       152.081    
792  9.910       91.5358       242.262      -2371.29       165.423       149.851    
793  9.920       92.3283       243.181      -2373.72       162.922       147.630    
794  9.930       93.0449       244.108      -2376.15       160.404       145.416    
795  9.940       93.6135       245.041      -2378.60       157.869       143.208    
796  9.950       93.9405       245.978      -2381.05       155.315       141.005    
797  9.960       93.9388       246.917      -2383.52       152.742       138.805    
798  9.970       93.4973       247.853      -2385.99       150.149       136.607    
799  9.980       92.5157       248.782      -2388.47       147.536       134.408    
800  9.990       90.8792       249.698      -2390.97       144.899       132.206    
801  10.00       88.4952       250.593      -2393.47       142.239       129.998    
