# Joined wing-2                                                                   
# Operating point sequence...
# i     t     alpha_ref     CD            CY            CL            Cl            Cm            Cn            span eff.    
  1  1.000      -7.66972      0.162962E-01  0.495312E-08 -0.285310     -0.135007E-07  0.778423     -0.686206E-08  0.841721    
  2  2.000      -7.05551      0.143351E-01  0.437704E-08 -0.236663     -0.110015E-07  0.794423     -0.277056E-09  0.745022    
  3  3.000      -5.04772      0.994124E-02 -0.482322E-09 -0.758893E-01 -0.758495E-08  0.843050     -0.702350E-08  0.150138    
  4  4.000      -2.42572      0.889163E-02  0.258867E-07  0.140853      0.138896E-07  0.887993     -0.462840E-08  0.289036    
  5  5.000      0.146257      0.130572E-01  0.835959E-08  0.374437      0.189056E-07  0.868223     -0.661970E-08  0.695509    
  6  6.000       2.30541      0.206165E-01  0.251639E-07  0.587334      0.259475E-07  0.795795     -0.172075E-08  0.843654    
  7  7.000       4.14884      0.294778E-01  0.154330E-07  0.762873      0.390234E-07  0.717346     -0.207785E-08  0.905109    
  8  8.000       5.19865      0.346161E-01 -0.241260E-08  0.845233      0.476759E-07  0.651459     -0.185848E-08  0.926508    
  9  9.000       6.21801      0.398048E-01 -0.592624E-08  0.910804      0.405548E-07  0.570730     -0.113488E-08  0.941810    
 10  10.00       7.24953      0.458827E-01 -0.106992E-07  0.968346      0.452237E-07  0.479140      0.375535E-08  0.954083    
 11  11.00       8.26757      0.530553E-01  0.228566E-08   1.01992      0.737743E-07  0.383279     -0.269537E-09  0.964276    
 12  12.00       9.18292      0.606475E-01 -0.167519E-07   1.06340      0.589839E-07  0.294363      0.132497E-08  0.972351    
 13  13.00       10.1766      0.701941E-01  0.263696E-08   1.10840      0.641109E-07  0.196122      0.361540E-08  0.980252    
 14  14.00       12.1288      0.930590E-01 -0.140630E-07   1.19227      0.710782E-07  0.893912E-03  0.412297E-08  0.993730    
