# Joined wing-2                                                                   
# Operating point sequence...
# i     t     alpha_ref     CD            CY            CL            Cl            Cm            Cn            span eff.    
  1  1.000      -7.66972      0.104689E-01  0.865808E-08 -0.253423     -0.182321E-07  0.702100     -0.395666E-08  0.870810    
  2  2.000      -7.05551      0.934022E-02  0.673896E-08 -0.200966     -0.127060E-07  0.709622     -0.719650E-08  0.756131    
  3  3.000      -5.04772      0.740440E-02  0.148379E-07 -0.181468E-01 -0.125630E-07  0.702718     -0.766585E-08  0.130567E-01
  4  4.000      -2.42572      0.919103E-02  0.589856E-08  0.241315      0.243866E-08  0.630243     -0.266926E-08  0.647950    
  5  5.000      0.146257      0.160865E-01  0.935692E-08  0.497779      0.234168E-07  0.544556     -0.339650E-08  0.884390    
  6  6.000       2.30541      0.257322E-01  0.737151E-08  0.711329      0.459804E-07  0.467692      0.191088E-08  0.948348    
  7  7.000       4.14884      0.361347E-01 -0.264995E-08  0.884296      0.477578E-07  0.390055      0.298548E-08  0.975860    
  8  8.000       5.19865      0.419473E-01  0.249689E-08  0.964296      0.190238E-07  0.324075      0.522940E-08  0.986131    
  9  9.000       6.21801      0.477255E-01 -0.224127E-07   1.02798      0.818058E-07  0.243905      0.289574E-08  0.993743    
 10  10.00       7.24953      0.543632E-01 -0.258274E-07   1.08396      0.558349E-07  0.153488      0.318216E-08   1.00000    
 11  11.00       8.26757      0.620565E-01 -0.363176E-07   1.13415      0.744356E-07  0.592019E-01  0.198749E-08   1.00533    
 12  12.00       9.18292      0.700911E-01 -0.387834E-07   1.17644      0.645624E-07 -0.280150E-01  0.736501E-08   1.00966    
 13  13.00       10.1766      0.800876E-01 -0.391528E-07   1.22015      0.767990E-07 -0.124026      0.726613E-08   1.01400    
 14  14.00       12.1288      0.103369     -0.355450E-07   1.29804      0.748041E-07 -0.301702      0.957927E-08   1.02146    
