# Mowe_temp                                                                       
# Operating point sequence...
# i     t     dWx ang.acc.  Wx rot.rate   Phi   (bank)  Phi[ 2]       Phi[ 3]      
  1  2.000       58.0146       255.016      -499.979      -139.979      -139.979    
  2  2.010       50.4654       255.520      -502.535      -142.535      -142.535    
  3  2.020       39.9777       255.955      -505.093      -145.093      -145.093    
  4  2.030       26.5650       256.277      -507.654      -147.654      -147.654    
  5  2.040       10.8368       256.457      -510.217      -150.217      -150.217    
  6  2.050      -5.88461       256.477      -512.782      -152.782      -152.782    
  7  2.060      -22.2314       256.336      -515.345      -155.345      -155.345    
  8  2.070      -36.8616       256.043      -517.907      -157.907      -157.907    
  9  2.080      -48.5691       255.622      -520.465      -160.465      -160.465    
 10  2.090      -56.3771       255.105      -523.018      -163.018      -163.018    
 11  2.100      -59.5973       254.536      -525.566      -165.566      -165.566    
 12  2.110      -57.8781       253.960      -528.109      -168.109      -168.109    
 13  2.120      -51.2122       253.427      -530.646      -170.646      -170.646    
 14  2.130      -39.9468       252.983      -533.178      -173.178      -173.178    
 15  2.140      -24.7350       252.670      -535.706      -175.706      -175.706    
 16  2.150      -6.51067       252.522      -538.233      -178.233      -178.233    
 17  2.160       13.6052       252.564      -540.758       179.242       179.242    
 18  2.170       34.3583       252.806      -543.286       176.714       176.714    
 19  2.180       54.4699       253.251      -545.816       174.184       174.184    
 20  2.190       72.7124       253.883      -548.353       171.647       171.647    
 21  2.200       88.0051       254.681      -550.896       169.104       169.104    
 22  2.210       99.4664       255.610      -553.448       166.552       166.552    
 23  2.220       106.501       256.630      -556.009       163.991       163.991    
 24  2.230       108.824       257.695      -558.581       161.419       161.419    
 25  2.240       106.438       258.760      -561.163       158.837       158.837    
 26  2.250       99.7136       259.779      -563.756       156.244       156.244    
 27  2.260       89.2263       260.714      -566.358       153.642       153.642    
 28  2.270       75.8575       261.531      -568.969       151.031       151.031    
 29  2.280       60.5742       262.208      -571.587       148.413       148.413    
 30  2.290       44.4666       262.729      -574.212       145.788       145.788    
 31  2.300       28.6112       263.094      -576.840       143.160       143.160    
 32  2.310       14.0155       263.309      -579.472       140.528       140.528    
 33  2.320       1.52590       263.391      -582.105       137.895       137.895    
 34  2.330      -8.18779       263.364      -584.738       135.262       135.262    
 35  2.340      -14.7065       263.257      -587.371       132.629       132.629    
 36  2.350      -17.8547       263.102      -590.003       129.997       129.997    
 37  2.360      -17.7413       262.932      -592.633       127.367       127.367    
 38  2.370      -14.6735       262.777      -595.262       124.738       124.738    
 39  2.380      -9.21611       262.664      -597.889       122.111       122.111    
 40  2.390      -2.05333       262.613      -600.515       119.485       119.485    
 41  2.400       5.98549       262.636      -603.142       116.858       116.858    
 42  2.410       14.0622       262.737      -605.769       114.231       114.231    
 43  2.420       21.3150       262.913      -608.397       111.603       111.603    
 44  2.430       27.0066       263.152      -611.028       108.972       108.972    
 45  2.440       30.4810       263.435      -613.661       106.339       106.339    
 46  2.450       31.2885       263.737      -616.297       103.703       103.703    
 47  2.460       29.1777       264.033      -618.935       101.065       101.065    
 48  2.470       24.0856       264.292      -621.577       98.4230       98.4230    
 49  2.480       16.1954       264.486      -624.221       95.7793       95.7793    
 50  2.490       5.86171       264.590      -626.866       93.1341       93.1341    
 51  2.500      -6.37039       264.582      -629.512       90.4885       90.4885    
 52  2.510      -19.8563       264.447      -632.156       87.8435       87.8435    
 53  2.520      -33.8485       264.176      -634.799       85.2007       85.2007    
 54  2.530      -47.5828       263.769      -637.439       82.5613       82.5613    
 55  2.540      -60.3190       263.231      -640.073       79.9266       79.9266    
 56  2.550      -71.3712       262.576      -642.702       77.2979       77.2979    
 57  2.560      -80.1841       261.823      -645.324       74.6762       74.6762    
 58  2.570      -86.3276       260.996      -647.938       72.0623       72.0623    
 59  2.580      -89.5416       260.124      -650.543       69.4569       69.4569    
 60  2.590      -89.7416       259.235      -653.140       66.8602       66.8602    
 61  2.600      -87.0081       258.359      -655.728       64.2722       64.2722    
 62  2.610      -81.6053       257.522      -658.307       61.6928       61.6928    
 63  2.620      -73.9125       256.751      -660.879       59.1213       59.1213    
 64  2.630      -64.4507       256.064      -663.443       56.5571       56.5571    
 65  2.640      -53.7952       255.476      -666.001       53.9992       53.9992    
 66  2.650      -42.5812       254.997      -668.553       51.4467       51.4467    
 67  2.660      -31.4394       254.627      -671.102       48.8983       48.8983    
 68  2.670      -20.9352       254.365      -673.647       46.3531       46.3531    
 69  2.680      -11.6003       254.200      -676.190       43.8101       43.8101    
 70  2.690      -3.82943       254.119      -678.732       41.2683       41.2683    
 71  2.700       2.11223       254.106      -681.273       38.7269       38.7269    
 72  2.710       6.08542       254.143      -683.814       36.1856       36.1856    
 73  2.720       8.11600       254.209      -686.356       33.6437       33.6437    
 74  2.730       8.36013       254.287      -688.899       31.1012       31.1012    
 75  2.740       7.10306       254.360      -691.442       28.5579       28.5579    
 76  2.750       4.72318       254.416      -693.986       26.0140       26.0140    
 77  2.760       1.68955       254.446      -696.530       23.4698       23.4698    
 78  2.770      -1.52604       254.446      -699.075       20.9254       20.9254    
 79  2.780      -4.41601       254.416      -701.619       18.3812       18.3812    
 80  2.790      -6.53860       254.363      -704.163       15.8373       15.8373    
 81  2.800      -7.49570       254.295      -706.706       13.2941       13.2941    
 82  2.810      -7.00844       254.225      -709.248       10.7516       10.7516    
 83  2.820      -4.89118       254.170      -711.790       8.20959       8.20959    
 84  2.830      -1.09328       254.144      -714.332       5.66800       5.66800    
 85  2.840       4.30104       254.164      -716.874       3.12640       3.12640    
 86  2.850       11.1068       254.245      -719.416      0.584262      0.584262    
 87  2.860       19.0029       254.398      -721.959      -1.95903      -1.95903    
 88  2.870       27.6056       254.633      -724.504      -4.50434      -4.50434    
 89  2.880       36.4754       254.955      -727.052      -7.05244      -7.05244    
 90  2.890       45.1253       255.363      -729.604      -9.60420      -9.60420    
 91  2.900       53.0937       255.853      -732.160      -12.1604      -12.1604    
 92  2.910       59.9612       256.416      -734.722      -14.7219      -14.7219    
 93  2.920       65.3566       257.039      -737.289      -17.2893      -17.2893    
 94  2.930       69.0166       257.707      -739.863      -19.8631      -19.8631    
 95  2.940       70.7826       258.402      -742.444      -22.4437      -22.4437    
 96  2.950       70.5954       259.104      -745.031      -25.0312      -25.0312    
 97  2.960       68.5359       259.795      -747.626      -27.6257      -27.6257    
 98  2.970       64.7750       260.457      -750.227      -30.2268      -30.2268    
 99  2.980       59.5826       261.075      -752.834      -32.8344      -32.8344    
100  2.990       53.2889       261.636      -755.448      -35.4478      -35.4478    
101  3.000       46.2857       262.132      -758.066      -38.0664      -38.0664    
102  3.010       38.9610       262.557      -760.690      -40.6896      -40.6896    
103  3.020       31.7112       262.910      -763.317      -43.3168      -43.3168    
104  3.030       24.8653       263.193      -765.947      -45.9470      -45.9470    
105  3.040       18.7265       263.413      -768.580      -48.5798      -48.5798    
106  3.050       13.4923       263.576      -771.215      -51.2145      -51.2145    
107  3.060       9.29418       263.692      -773.851      -53.8507      -53.8507    
108  3.070       6.14130       263.772      -776.488      -56.4879      -56.4879    
109  3.080       3.99249       263.825      -779.126      -59.1258      -59.1258    
110  3.090       2.70441       263.861      -781.764      -61.7642      -61.7642    
111  3.100       2.05533       263.886      -784.403      -64.4029      -64.4029    
112  3.110       1.81802       263.907      -787.042      -67.0418      -67.0418    
113  3.120       1.68765       263.925      -789.681      -69.6810      -69.6810    
114  3.130       1.40373       263.940      -792.320      -72.3203      -72.3203    
115  3.140      0.698033       263.950      -794.960      -74.9598      -74.9598    
116  3.150     -0.653614       263.949      -797.599      -77.5992      -77.5992    
117  3.160      -2.81630       263.930      -800.239      -80.2386      -80.2386    
118  3.170      -5.89394       263.884      -802.878      -82.8775      -82.8775    
119  3.180      -9.90472       263.803      -805.516      -85.5158      -85.5158    
120  3.190      -14.8004       263.677      -808.153      -88.1531      -88.1531    
121  3.200      -20.4626       263.499      -810.789      -90.7889      -90.7889    
122  3.210      -26.7013       263.261      -813.423      -93.4225      -93.4225    
123  3.220      -33.2744       262.960      -816.053      -96.0535      -96.0535    
124  3.230      -39.9175       262.594      -818.681      -98.6811      -98.6811    
125  3.240      -46.3338       262.163      -821.305      -101.305      -101.305    
126  3.250      -52.2369       261.671      -823.924      -103.924      -103.924    
127  3.260      -57.3570       261.125      -826.537      -106.537      -106.537    
128  3.270      -61.4578       260.533      -829.146      -109.146      -109.146    
129  3.280      -64.3567       259.906      -831.748      -111.748      -111.748    
130  3.290      -65.9151       259.258      -834.343      -114.343      -114.343    
131  3.300      -66.0900       258.601      -836.933      -116.933      -116.933    
132  3.310      -64.8668       257.950      -839.515      -119.515      -119.515    
133  3.320      -62.3310       257.317      -842.092      -122.092      -122.092    
134  3.330      -58.6086       256.716      -844.662      -124.662      -124.662    
135  3.340      -53.8703       256.156      -847.226      -127.226      -127.226    
136  3.350      -48.3622       255.647      -849.785      -129.785      -129.785    
137  3.360      -42.3049       255.195      -852.340      -132.340      -132.340    
138  3.370      -35.9586       254.805      -854.890      -134.890      -134.890    
139  3.380      -29.5813       254.478      -857.436      -137.436      -137.436    
140  3.390      -23.3879       254.213      -859.980      -139.980      -139.980    
141  3.400      -17.5854       254.007      -862.521      -142.521      -142.521    
142  3.410      -12.3070       253.857      -865.060      -145.060      -145.060    
143  3.420      -7.67574       253.755      -867.599      -147.599      -147.599    
144  3.430      -3.72018       253.697      -870.136      -150.136      -150.136    
145  3.440     -0.439566       253.674      -872.673      -152.673      -152.673    
146  3.450       2.21907       253.681      -875.210      -155.210      -155.210    
147  3.460       4.37695       253.713      -877.747      -157.747      -157.747    
148  3.470       6.14316       253.765      -880.284      -160.284      -160.284    
149  3.480       7.69424       253.833      -882.822      -162.822      -162.822    
150  3.490       9.18805       253.917      -885.361      -165.361      -165.361    
151  3.500       10.7804       254.017      -887.900      -167.900      -167.900    
152  3.510       12.6211       254.134      -890.441      -170.441      -170.441    
153  3.520       14.8216       254.272      -892.983      -172.983      -172.983    
154  3.530       17.4461       254.435      -895.527      -175.527      -175.527    
155  3.540       20.5392       254.626      -898.072      -178.072      -178.072    
156  3.550       24.0835       254.850      -900.619       179.381       179.381    
157  3.560       28.0073       255.111      -903.169       176.831       176.831    
158  3.570       32.2171       255.413      -905.722       174.278       174.278    
159  3.580       36.5666       255.758      -908.278       171.722       171.722    
160  3.590       40.9018       256.145      -910.837       169.163       169.163    
161  3.600       45.0322       256.574      -913.401       166.599       166.599    
162  3.610       48.7781       257.043      -915.969       164.031       164.031    
163  3.620       51.9811       257.545      -918.542       161.458       161.458    
164  3.630       54.4695       258.076      -921.120       158.880       158.880    
165  3.640       56.1396       258.627      -923.704       156.296       156.296    
166  3.650       56.9033       259.190      -926.293       153.707       153.707    
167  3.660       56.7204       259.756      -928.888       151.113       151.113    
168  3.670       55.6005       260.315      -931.488       148.512       148.512    
169  3.680       53.5773       260.859      -934.094       145.907       145.907    
170  3.690       50.7532       261.379      -936.705       143.295       143.295    
171  3.700       47.2407       261.867      -939.321       140.679       140.679    
172  3.710       43.1636       262.317      -941.941       138.059       138.059    
173  3.720       38.6974       262.725      -944.567       135.433       135.433    
174  3.730       33.9820       263.088      -947.195       132.805       132.805    
175  3.740       29.1634       263.403      -949.828       130.172       130.172    
176  3.750       24.3875       263.671      -952.463       127.537       127.537    
177  3.760       19.7452       263.892      -955.101       124.899       124.899    
178  3.770       15.3204       264.067      -957.740       122.260       122.260    
179  3.780       11.1701       264.200      -960.381       119.619       119.619    
180  3.790       7.28990       264.293      -963.024       116.976       116.976    
181  3.800       3.68846       264.349      -965.667       114.333       114.333    
182  3.810      0.311025       264.370      -968.310       111.690       111.690    
183  3.820      -2.89482       264.357      -970.954       109.046       109.046    
184  3.830      -5.99688       264.313      -973.597       106.403       106.403    
185  3.840      -9.08224       264.238      -976.240       103.760       103.760    
186  3.850      -12.2048       264.131      -978.882       101.118       101.118    
187  3.860      -15.4374       263.993      -981.522       98.4780       98.4780    
188  3.870      -18.8209       263.821      -984.161       95.8390       95.8390    
189  3.880      -22.3776       263.615      -986.798       93.2020       93.2020    
190  3.890      -26.0958       263.372      -989.433       90.5672       90.5672    
191  3.900      -29.9605       263.091      -992.065       87.9350       87.9350    
192  3.910      -33.9026       262.772      -994.694       85.3059       85.3059    
193  3.920      -37.8545       262.413      -997.320       82.6802       82.6802    
194  3.930      -41.7078       262.015      -999.942       80.0581       80.0581    
195  3.940      -45.3676       261.580      -1002.56       77.4404       77.4404    
196  3.950      -48.6948       261.111      -1005.17       74.8271       74.8271    
197  3.960      -51.6039       260.610      -1007.78       72.2186       72.2186    
198  3.970      -53.9500       260.083      -1010.38       69.6153       69.6153    
199  3.980      -55.6643       259.537      -1012.98       67.0173       67.0173    
200  3.990      -56.6511       258.977      -1015.58       64.4249       64.4249    
201  4.000      -56.8731       258.411      -1018.16       61.8379       61.8379    
202  4.010      -56.2822       257.847      -1020.74       59.2565       59.2565    
203  4.020      -54.8935       257.293      -1023.32       56.6807       56.6807    
204  4.030      -52.7380       256.757      -1025.89       54.1104       54.1104    
205  4.040      -49.8611       256.246      -1028.45       51.5453       51.5453    
206  4.050      -46.3608       255.767      -1031.01       48.9851       48.9851    
207  4.060      -42.3044       255.325      -1033.57       46.4296       46.4296    
208  4.070      -37.8345       254.925      -1036.12       43.8781       43.8781    
209  4.080      -33.0527       254.572      -1038.67       41.3305       41.3305    
210  4.090      -28.0817       254.267      -1041.21       38.7861       38.7861    
211  4.100      -23.0446       254.011      -1043.76       36.2445       36.2445    
212  4.110      -18.0439       253.806      -1046.29       33.7052       33.7052    
213  4.120      -13.1642       253.650      -1048.83       31.1677       31.1677    
214  4.130      -8.48877       253.541      -1051.37       28.6316       28.6316    
215  4.140      -4.05557       253.478      -1053.90       26.0963       26.0963    
216  4.150      0.930093E-01   253.457      -1056.44       23.5615       23.5615    
217  4.160       3.96320       253.477      -1058.97       21.0267       21.0267    
218  4.170       7.55373       253.534      -1061.51       18.4916       18.4916    
219  4.180       10.9083       253.626      -1064.04       15.9556       15.9556    
220  4.190       14.0517       253.750      -1066.58       13.4186       13.4186    
221  4.200       17.0505       253.905      -1069.12       10.8802       10.8802    
222  4.210       19.9291       254.089      -1071.66       8.34004       8.34004    
223  4.220       22.7498       254.303      -1074.20       5.79790       5.79790    
224  4.230       25.5602       254.544      -1076.75       3.25346       3.25346    
225  4.240       28.3503       254.814      -1079.29      0.706512      0.706512    
226  4.250       31.1682       255.111      -1081.84      -1.84317      -1.84317    
227  4.260       33.9828       255.437      -1084.40      -4.39602      -4.39602    
228  4.270       36.7851       255.791      -1086.95      -6.95226      -6.95226    
229  4.280       39.5151       256.172      -1089.51      -9.51222      -9.51222    
230  4.290       42.1342       256.580      -1092.08      -12.0761      -12.0761    
231  4.300       44.5750       257.013      -1094.64      -14.6443      -14.6443    
232  4.310       46.7508       257.469      -1097.22      -17.2168      -17.2168    
233  4.320       48.6008       257.945      -1099.79      -19.7940      -19.7940    
234  4.330       50.0434       258.438      -1102.38      -22.3760      -22.3760    
235  4.340       51.0149       258.942      -1104.96      -24.9630      -24.9630    
236  4.350       51.4647       259.453      -1107.56      -27.5551      -27.5551    
237  4.360       51.3425       259.966      -1110.15      -30.1522      -30.1522    
238  4.370       50.6407       260.474      -1112.75      -32.7544      -32.7544    
239  4.380       49.3375       260.973      -1115.36      -35.3616      -35.3616    
240  4.390       47.4630       261.455      -1117.97      -37.9738      -37.9738    
241  4.400       45.0415       261.917      -1120.59      -40.5906      -40.5906    
242  4.410       42.1191       262.351      -1123.21      -43.2119      -43.2119    
243  4.420       38.7537       262.754      -1125.84      -45.8373      -45.8373    
244  4.430       35.0264       263.122      -1128.47      -48.4667      -48.4667    
245  4.440       30.9882       263.451      -1131.10      -51.0995      -51.0995    
246  4.450       26.7314       263.739      -1133.74      -53.7356      -53.7356    
247  4.460       22.3188       263.984      -1136.37      -56.3741      -56.3741    
248  4.470       17.8135       264.184      -1139.01      -59.0149      -59.0149    
249  4.480       13.2800       264.340      -1141.66      -61.6575      -61.6575    
250  4.490       8.75069       264.450      -1144.30      -64.3014      -64.3014    
251  4.500       4.27648       264.515      -1146.95      -66.9461      -66.9461    
252  4.510     -0.119680       264.536      -1149.59      -69.5913      -69.5913    
253  4.520      -4.44294       264.513      -1152.24      -72.2365      -72.2365    
254  4.530      -8.65280       264.448      -1154.88      -74.8813      -74.8813    
255  4.540      -12.7738       264.341      -1157.53      -77.5252      -77.5252    
256  4.550      -16.7882       264.194      -1160.17      -80.1678      -80.1678    
257  4.560      -20.7090       264.006      -1162.81      -82.8088      -82.8088    
258  4.570      -24.5305       263.780      -1165.45      -85.4476      -85.4476    
259  4.580      -28.2449       263.517      -1168.08      -88.0841      -88.0841    
260  4.590      -31.8352       263.217      -1170.72      -90.7177      -90.7177    
261  4.600      -35.2870       262.881      -1173.35      -93.3481      -93.3481    
262  4.610      -38.5765       262.512      -1175.98      -95.9751      -95.9751    
263  4.620      -41.6538       262.112      -1178.60      -98.5982      -98.5982    
264  4.630      -44.4827       261.682      -1181.22      -101.217      -101.217    
265  4.640      -47.0153       261.225      -1183.83      -103.832      -103.832    
266  4.650      -49.2034       260.745      -1186.44      -106.441      -106.441    
267  4.660      -50.9850       260.244      -1189.05      -109.046      -109.046    
268  4.670      -52.3225       259.729      -1191.65      -111.646      -111.646    
269  4.680      -53.1601       259.203      -1194.24      -114.241      -114.241    
270  4.690      -53.4730       258.671      -1196.83      -116.830      -116.830    
271  4.700      -53.2226       258.139      -1199.41      -119.414      -119.414    
272  4.710      -52.4018       257.612      -1201.99      -121.993      -121.993    
273  4.720      -51.0055       257.096      -1204.57      -124.567      -124.567    
274  4.730      -49.0453       256.597      -1207.14      -127.136      -127.136    
275  4.740      -46.5517       256.121      -1209.70      -129.699      -129.699    
276  4.750      -43.5557       255.672      -1212.26      -132.258      -132.258    
277  4.760      -40.1135       255.254      -1214.81      -134.813      -134.813    
278  4.770      -36.2839       254.873      -1217.36      -137.364      -137.364    
279  4.780      -32.1339       254.532      -1219.91      -139.911      -139.911    
280  4.790      -27.7382       254.234      -1222.45      -142.455      -142.455    
281  4.800      -23.1621       253.980      -1225.00      -144.996      -144.996    
282  4.810      -18.4879       253.772      -1227.53      -147.535      -147.535    
283  4.820      -13.7782       253.610      -1230.07      -150.072      -150.072    
284  4.830      -9.09455       253.496      -1232.61      -152.608      -152.608    
285  4.840      -4.48995       253.428      -1235.14      -155.142      -155.142    
286  4.850     -0.115894E-01   253.405      -1237.68      -157.677      -157.677    
287  4.860       4.31009       253.426      -1240.21      -160.211      -160.211    
288  4.870       8.45570       253.490      -1242.75      -162.746      -162.746    
289  4.880       12.4070       253.594      -1245.28      -165.281      -165.281    
290  4.890       16.1543       253.736      -1247.82      -167.818      -167.818    
291  4.900       19.7221       253.915      -1250.36      -170.357      -170.357    
292  4.910       23.0839       254.129      -1252.90      -172.897      -172.897    
293  4.920       26.2804       254.375      -1255.44      -175.440      -175.440    
294  4.930       29.3006       254.652      -1257.98      -177.985      -177.985    
295  4.940       32.1592       254.959      -1260.53       179.467       179.467    
296  4.950       34.8584       255.294      -1263.08       176.916       176.916    
297  4.960       37.3955       255.655      -1265.64       174.361       174.361    
298  4.970       39.7567       256.040      -1268.20       171.802       171.802    
299  4.980       41.9389       256.448      -1270.76       169.239       169.239    
300  4.990       43.9007       256.877      -1273.33       166.673       166.673    
301  5.000       45.6279       257.324      -1275.90       164.102       164.102    
302  5.010       47.0875       257.787      -1278.47       161.526       161.526    
303  5.020       48.2336       258.263      -1281.05       158.945       158.945    
304  5.030       49.0395       258.748      -1283.64       156.360       156.360    
305  5.040       49.4698       259.240      -1286.23       153.770       153.770    
306  5.050       49.4891       259.734      -1288.82       151.175       151.175    
307  5.060       49.0797       260.226      -1291.42       148.575       148.575    
308  5.070       48.2188       260.711      -1294.03       145.971       145.971    
309  5.080       46.8952       261.185      -1296.64       143.361       143.361    
310  5.090       45.1156       261.644      -1299.25       140.747       140.747    
311  5.100       42.8924       262.083      -1301.87       138.128       138.128    
312  5.110       40.2327       262.498      -1304.49       135.505       135.505    
313  5.120       37.1732       262.884      -1307.12       132.879       132.879    
314  5.130       33.7566       263.238      -1309.75       130.248       130.248    
315  5.140       30.0098       263.556      -1312.39       127.614       127.614    
316  5.150       25.9849       263.835      -1315.02       124.977       124.977    
317  5.160       21.7353       264.073      -1317.66       122.338       122.338    
318  5.170       17.3034       264.267      -1320.30       119.696       119.696    
319  5.180       12.7371       264.417      -1322.95       117.053       117.053    
320  5.190       8.09168       264.521      -1325.59       114.408       114.408    
321  5.200       3.39941       264.578      -1328.24       111.762       111.762    
322  5.210      -1.28702       264.589      -1330.88       109.117       109.117    
323  5.220      -5.94290       264.553      -1333.53       106.471       106.471    
324  5.230      -10.5295       264.471      -1336.17       103.826       103.826    
325  5.240      -15.0122       264.343      -1338.82       101.182       101.182    
326  5.250      -19.3737       264.171      -1341.46       98.5392       98.5392    
327  5.260      -23.5796       263.957      -1344.10       95.8986       95.8986    
328  5.270      -27.6068       263.702      -1346.74       93.2602       93.2602    
329  5.280      -31.4328       263.407      -1349.38       90.6248       90.6248    
330  5.290      -35.0367       263.075      -1352.01       87.9925       87.9925    
331  5.300      -38.3727       262.708      -1354.64       85.3636       85.3636    
332  5.310      -41.4417       262.310      -1357.26       82.7385       82.7385    
333  5.320      -44.1933       261.883      -1359.88       80.1175       80.1175    
334  5.330      -46.6062       261.429      -1362.50       77.5010       77.5010    
335  5.340      -48.6465       260.954      -1365.11       74.8890       74.8890    
336  5.350      -50.2978       260.460      -1367.72       72.2818       72.2818    
337  5.360      -51.5105       259.952      -1370.32       69.6796       69.6796    
338  5.370      -52.2837       259.434      -1372.92       67.0826       67.0826    
339  5.380      -52.5835       258.911      -1375.51       64.4907       64.4907    
340  5.390      -52.4002       258.387      -1378.10       61.9041       61.9041    
341  5.400      -51.7183       257.868      -1380.68       59.3227       59.3227    
342  5.410      -50.5538       257.358      -1383.25       56.7464       56.7464    
343  5.420      -48.8941       256.862      -1385.82       54.1752       54.1752    
344  5.430      -46.7634       256.385      -1388.39       51.6088       51.6088    
345  5.440      -44.1941       255.931      -1390.95       49.0471       49.0471    
346  5.450      -41.1965       255.505      -1393.51       46.4898       46.4898    
347  5.460      -37.8275       255.111      -1396.06       43.9367       43.9367    
348  5.470      -34.1289       254.752      -1398.61       41.3873       41.3873    
349  5.480      -30.1394       254.432      -1401.16       38.8412       38.8412    
350  5.490      -25.9259       254.152      -1403.70       36.2981       36.2981    
351  5.500      -21.5409       253.915      -1406.24       33.7576       33.7576    
352  5.510      -17.0210       253.723      -1408.78       31.2193       31.2193    
353  5.520      -12.4504       253.575      -1411.32       28.6826       28.6826    
354  5.530      -7.85945       253.474      -1413.85       26.1471       26.1471    
355  5.540      -3.29623       253.418      -1416.39       23.6125       23.6125    
356  5.550       1.19368       253.408      -1418.92       21.0783       21.0783    
357  5.560       5.57762       253.441      -1421.46       18.5439       18.5439    
358  5.570       9.82426       253.518      -1423.99       16.0088       16.0088    
359  5.580       13.9065       253.636      -1426.53       13.4728       13.4728    
360  5.590       17.8177       253.794      -1429.06       10.9355       10.9355    
361  5.600       21.5400       253.991      -1431.60       8.39628       8.39628    
362  5.610       25.0486       254.223      -1434.15       5.85491       5.85491    
363  5.620       28.3675       254.490      -1436.69       3.31113       3.31113    
364  5.630       31.4634       254.788      -1439.24      0.764504      0.764504    
365  5.640       34.3490       255.117      -1441.79      -1.78518      -1.78518    
366  5.650       37.0104       255.473      -1444.34      -4.33825      -4.33825    
367  5.660       39.4466       255.855      -1446.89      -6.89493      -6.89493    
368  5.670       41.6401       256.260      -1449.46      -9.45564      -9.45564    
369  5.680       43.5862       256.685      -1452.02      -12.0206      -12.0206    
370  5.690       45.2683       257.129      -1454.59      -14.5898      -14.5898    
371  5.700       46.6669       257.588      -1457.16      -17.1634      -17.1634    
372  5.710       47.7588       258.059      -1459.74      -19.7417      -19.7417    
373  5.720       48.5388       258.540      -1462.32      -22.3248      -22.3248    
374  5.730       48.9641       259.027      -1464.91      -24.9127      -24.9127    
375  5.740       49.0322       259.516      -1467.51      -27.5055      -27.5055    
376  5.750       48.7195       260.004      -1470.10      -30.1031      -30.1031    
377  5.760       48.0147       260.486      -1472.71      -32.7057      -32.7057    
378  5.770       46.9055       260.960      -1475.31      -35.3131      -35.3131    
379  5.780       45.3838       261.421      -1477.92      -37.9250      -37.9250    
380  5.790       43.4617       261.864      -1480.54      -40.5414      -40.5414    
381  5.800       41.1381       262.286      -1483.16      -43.1621      -43.1621    
382  5.810       38.4311       262.683      -1485.79      -45.7870      -45.7870    
383  5.820       35.3617       263.051      -1488.42      -48.4157      -48.4157    
384  5.830       31.9554       263.386      -1491.05      -51.0480      -51.0480    
385  5.840       28.2353       263.686      -1493.68      -53.6833      -53.6833    
386  5.850       24.2542       263.948      -1496.32      -56.3213      -56.3213    
387  5.860       20.0297       264.169      -1498.96      -58.9619      -58.9619    
388  5.870       15.6223       264.347      -1501.60      -61.6045      -61.6045    
389  5.880       11.0596       264.480      -1504.25      -64.2487      -64.2487    
390  5.890       6.39173       264.567      -1506.89      -66.8938      -66.8938    
391  5.900       1.66378       264.607      -1509.54      -69.5395      -69.5395    
392  5.910      -3.09402       264.600      -1512.19      -72.1853      -72.1853    
393  5.920      -7.81988       264.545      -1514.83      -74.8310      -74.8310    
394  5.930      -12.4966       264.443      -1517.48      -77.4759      -77.4759    
395  5.940      -17.0657       264.296      -1520.12      -80.1196      -80.1196    
396  5.950      -21.5078       264.103      -1522.76      -82.7614      -82.7614    
397  5.960      -25.7716       263.867      -1525.40      -85.4011      -85.4011    
398  5.970      -29.8315       263.590      -1528.04      -88.0385      -88.0385    
399  5.980      -33.6580       263.273      -1530.67      -90.6727      -90.6727    
400  5.990      -37.2032       262.919      -1533.30      -93.3037      -93.3037    
401  6.000      -40.4532       262.532      -1535.93      -95.9310      -95.9310    
402  6.010      -43.3764       262.113      -1538.55      -98.5541      -98.5541    
403  6.020      -45.9250       261.668      -1541.17      -101.173      -101.173    
404  6.030      -48.0999       261.198      -1543.79      -103.787      -103.787    
405  6.040      -49.8579       260.710      -1546.40      -106.397      -106.397    
406  6.050      -51.1891       260.205      -1549.00      -109.001      -109.001    
407  6.060      -52.0609       259.690      -1551.60      -111.601      -111.601    
408  6.070      -52.4757       259.169      -1554.20      -114.195      -114.195    
409  6.080      -52.4174       258.645      -1556.78      -116.785      -116.785    
410  6.090      -51.8791       258.125      -1559.37      -119.369      -119.369    
411  6.100      -50.8667       257.612      -1561.95      -121.947      -121.947    
412  6.110      -49.3922       257.112      -1564.52      -124.521      -124.521    
413  6.120      -47.4568       256.629      -1567.09      -127.090      -127.090    
414  6.130      -45.1035       256.168      -1569.65      -129.654      -129.654    
415  6.140      -42.3406       255.731      -1572.21      -132.214      -132.214    
416  6.150      -39.2014       255.325      -1574.77      -134.769      -134.769    
417  6.160      -35.7385       254.951      -1577.32      -137.321      -137.321    
418  6.170      -31.9862       254.613      -1579.87      -139.869      -139.869    
419  6.180      -27.9754       254.314      -1582.41      -142.414      -142.414    
420  6.190      -23.7752       254.055      -1584.96      -144.955      -144.955    
421  6.200      -19.4263       253.840      -1587.50      -147.495      -147.495    
422  6.210      -14.9645       253.668      -1590.03      -150.033      -150.033    
423  6.220      -10.4536       253.541      -1592.57      -152.569      -152.569    
424  6.230      -5.92316       253.460      -1595.10      -155.105      -155.105    
425  6.240      -1.42610       253.423      -1597.64      -157.639      -157.639    
426  6.250       3.01020       253.431      -1600.17      -160.174      -160.174    
427  6.260       7.34954       253.482      -1602.71      -162.708      -162.708    
428  6.270       11.5650       253.576      -1605.24      -165.244      -165.244    
429  6.280       15.6310       253.712      -1607.78      -167.780      -167.780    
430  6.290       19.5218       253.887      -1610.32      -170.319      -170.319    
431  6.300       23.2310       254.101      -1612.86      -172.859      -172.859    
432  6.310       26.7385       254.350      -1615.40      -175.401      -175.401    
433  6.320       30.0314       254.633      -1617.95      -177.946      -177.946    
434  6.330       33.1085       254.949      -1620.49       179.506       179.506    
435  6.340       35.9419       255.293      -1623.05       176.955       176.955    
436  6.350       38.5382       255.665      -1625.60       174.400       174.400    
437  6.360       40.8768       256.062      -1628.16       171.841       171.841    
438  6.370       42.9574       256.480      -1630.72       169.278       169.278    
439  6.380       44.7500       256.918      -1633.29       166.711       166.711    
440  6.390       46.2504       257.372      -1635.86       164.140       164.140    
441  6.400       47.4499       257.840      -1638.44       161.563       161.563    
442  6.410       48.3152       258.318      -1641.02       158.982       158.982    
443  6.420       48.8513       258.803      -1643.60       156.397       156.397    
444  6.430       49.0231       259.292      -1646.19       153.806       153.806    
445  6.440       48.8357       259.780      -1648.79       151.210       151.210    
446  6.450       48.2631       260.265      -1651.39       148.610       148.610    
447  6.460       47.3098       260.742      -1653.99       146.005       146.005    
448  6.470       45.9627       261.207      -1656.60       143.395       143.395    
449  6.480       44.2284       261.657      -1659.22       140.781       140.781    
450  6.490       42.1070       262.088      -1661.84       138.162       138.162    
451  6.500       39.6150       262.495      -1664.46       135.539       135.539    
452  6.510       36.7608       262.876      -1667.09       132.912       132.912    
453  6.520       33.5686       263.227      -1669.72       130.282       130.282    
454  6.530       30.0583       263.544      -1672.35       127.648       127.648    
455  6.540       26.2700       263.825      -1674.99       125.011       125.011    
456  6.550       22.2246       264.067      -1677.63       122.372       122.372    
457  6.560       17.9597       264.267      -1680.27       119.730       119.730    
458  6.570       13.5196       264.424      -1682.91       117.087       117.087    
459  6.580       8.93430       264.536      -1685.56       114.442       114.442    
460  6.590       4.25526       264.602      -1688.20       111.796       111.796    
461  6.600     -0.482856       264.621      -1690.85       109.150       109.150    
462  6.610      -5.23929       264.592      -1693.50       106.504       106.504    
463  6.620      -9.96960       264.516      -1696.14       103.858       103.858    
464  6.630      -14.6301       264.393      -1698.79       101.214       101.214    
465  6.640      -19.1891       264.224      -1701.43       98.5709       98.5709    
466  6.650      -23.5928       264.010      -1704.07       95.9296       95.9296    
467  6.660      -27.8204       263.754      -1706.71       93.2908       93.2908    
468  6.670      -31.8175       263.456      -1709.35       90.6547       90.6547    
469  6.680      -35.5605       263.120      -1711.98       88.0219       88.0219    
470  6.690      -39.0048       262.748      -1714.61       85.3927       85.3927    
471  6.700      -42.1257       262.343      -1717.23       82.7672       82.7672    
472  6.710      -44.8851       261.909      -1719.85       80.1459       80.1459    
473  6.720      -47.2632       261.449      -1722.47       77.5291       77.5291    
474  6.730      -49.2209       260.967      -1725.08       74.9172       74.9172    
475  6.740      -50.7548       260.468      -1727.69       72.3101       72.3101    
476  6.750      -51.8260       259.957      -1730.29       69.7081       69.7081    
477  6.760      -52.4392       259.436      -1732.89       67.1111       67.1111    
478  6.770      -52.5708       258.913      -1735.48       64.5193       64.5193    
479  6.780      -52.2275       258.390      -1738.07       61.9329       61.9329    
480  6.790      -51.4130       257.873      -1740.65       59.3515       59.3515    
481  6.800      -50.1166       257.366      -1743.22       56.7753       56.7753    
482  6.810      -48.3801       256.875      -1745.80       54.2041       54.2041    
483  6.820      -46.2047       256.403      -1748.36       51.6376       51.6376    
484  6.830      -43.6198       255.955      -1750.92       49.0757       49.0757    
485  6.840      -40.6597       255.535      -1753.48       46.5180       46.5180    
486  6.850      -37.3608       255.145      -1756.04       43.9643       43.9643    
487  6.860      -33.7591       254.791      -1758.59       41.4145       41.4145    
488  6.870      -29.8926       254.473      -1761.13       38.8680       38.8680    
489  6.880      -25.8199       254.195      -1763.68       36.3244       36.3244    
490  6.890      -21.5691       253.959      -1766.22       33.7833       33.7833    
491  6.900      -17.1970       253.765      -1768.76       31.2446       31.2446    
492  6.910      -12.7478       253.616      -1771.29       28.7075       28.7075    
493  6.920      -8.25310       253.511      -1773.83       26.1717       26.1717    
494  6.930      -3.77457       253.451      -1776.36       23.6369       23.6369    
495  6.940      0.685459       253.435      -1778.90       21.1024       21.1024    
496  6.950       5.05424       253.464      -1781.43       18.5678       18.5678    
497  6.960       9.32854       253.536      -1783.97       16.0325       16.0325    
498  6.970       13.4760       253.649      -1786.50       13.4965       13.4965    
499  6.980       17.4689       253.804      -1789.04       10.9590       10.9590    
500  6.990       21.2969       253.997      -1791.58       8.41996       8.41996    
501  7.000       24.9301       254.228      -1794.12       5.87869       5.87869    
502  7.010       28.3655       254.494      -1796.67       3.33491       3.33491    
503  7.020       31.5891       254.793      -1799.21      0.788181      0.788181    
504  7.030       34.5744       255.123      -1801.76      -1.76161      -1.76161    
505  7.040       37.3290       255.482      -1804.31      -4.31468      -4.31468    
506  7.050       39.8221       255.867      -1806.87      -6.87158      -6.87158    
507  7.060       42.0560       256.276      -1809.43      -9.43241      -9.43241    
508  7.070       44.0033       256.706      -1812.00      -11.9974      -11.9974    
509  7.080       45.6621       257.153      -1814.57      -14.5668      -14.5668    
510  7.090       47.0090       257.616      -1817.14      -17.1408      -17.1408    
511  7.100       48.0285       258.090      -1819.72      -19.7194      -19.7194    
512  7.110       48.7194       258.573      -1822.30      -22.3029      -22.3029    
513  7.120       49.0449       259.061      -1824.89      -24.8913      -24.8913    
514  7.130       49.0134       259.551      -1827.48      -27.4844      -27.4844    
515  7.140       48.6079       260.038      -1830.08      -30.0825      -30.0825    
516  7.150       47.8141       260.519      -1832.69      -32.6854      -32.6854    
517  7.160       46.6432       260.990      -1835.29      -35.2930      -35.2930    
518  7.170       45.0770       261.448      -1837.91      -37.9053      -37.9053    
519  7.180       43.1330       261.888      -1840.52      -40.5220      -40.5220    
520  7.190       40.8182       262.307      -1843.14      -43.1431      -43.1431    
521  7.200       38.1351       262.701      -1845.77      -45.7682      -45.7682    
522  7.210       35.1199       263.066      -1848.40      -48.3974      -48.3974    
523  7.220       31.7763       263.400      -1851.03      -51.0298      -51.0298    
524  7.230       28.1374       263.699      -1853.67      -53.6653      -53.6653    
525  7.240       24.2388       263.960      -1856.30      -56.3036      -56.3036    
526  7.250       20.0989       264.181      -1858.94      -58.9443      -58.9443    
527  7.260       15.7674       264.360      -1861.59      -61.5870      -61.5870    
528  7.270       11.2750       264.495      -1864.23      -64.2312      -64.2312    
529  7.280       6.65320       264.584      -1866.88      -66.8765      -66.8765    
530  7.290       1.95580       264.627      -1869.52      -69.5224      -69.5224    
531  7.300      -2.78457       264.622      -1872.17      -72.1686      -72.1686    
532  7.310      -7.52829       264.571      -1874.81      -74.8146      -74.8146    
533  7.320      -12.2321       264.472      -1877.46      -77.4597      -77.4597    
534  7.330      -16.8487       264.327      -1880.10      -80.1034      -80.1034    
535  7.340      -21.3508       264.136      -1882.75      -82.7457      -82.7457    
536  7.350      -25.6839       263.901      -1885.39      -85.3857      -85.3857    
537  7.360      -29.8242       263.624      -1888.02      -88.0234      -88.0234    
538  7.370      -33.7139       263.307      -1890.66      -90.6580      -90.6580    
539  7.380      -37.3360       262.952      -1893.29      -93.2893      -93.2893    
540  7.390      -40.6424       262.563      -1895.92      -95.9169      -95.9169    
541  7.400      -43.5997       262.143      -1898.54      -98.5404      -98.5404    
542  7.410      -46.1938       261.695      -1901.16      -101.159      -101.159    
543  7.420      -48.3643       261.223      -1903.77      -103.774      -103.774    
544  7.430      -50.1250       260.731      -1906.38      -106.384      -106.384    
545  7.440      -51.4272       260.225      -1908.99      -108.988      -108.988    
546  7.450      -52.2636       259.707      -1911.59      -111.588      -111.588    
547  7.460      -52.6313       259.184      -1914.18      -114.183      -114.183    
548  7.470      -52.5108       258.660      -1916.77      -116.772      -116.772    
549  7.480      -51.9139       258.139      -1919.36      -119.356      -119.356    
550  7.490      -50.8393       257.626      -1921.94      -121.935      -121.935    
551  7.500      -49.3065       257.126      -1924.51      -124.509      -124.509    
552  7.510      -47.3275       256.644      -1927.08      -127.077      -127.077    
553  7.520      -44.9356       256.184      -1929.64      -129.642      -129.642    
554  7.530      -42.1389       255.750      -1932.20      -132.202      -132.202    
555  7.540      -39.0025       255.345      -1934.76      -134.757      -134.757    
556  7.550      -35.5348       254.973      -1937.31      -137.309      -137.309    
557  7.560      -31.8015       254.637      -1939.86      -139.857      -139.857    
558  7.570      -27.8240       254.340      -1942.40      -142.402      -142.402    
559  7.580      -23.6646       254.083      -1944.94      -144.944      -144.944    
560  7.590      -19.3567       253.868      -1947.48      -147.484      -147.484    
561  7.600      -14.9494       253.697      -1950.02      -150.022      -150.022    
562  7.610      -10.4877       253.570      -1952.56      -152.559      -152.559    
563  7.620      -6.00651       253.487      -1955.09      -155.094      -155.094    
564  7.630      -1.54278       253.450      -1957.63      -157.629      -157.629    
565  7.640       2.85670       253.456      -1960.16      -160.164      -160.164    
566  7.650       7.18250       253.506      -1962.70      -162.699      -162.699    
567  7.660       11.3868       253.599      -1965.23      -165.234      -165.234    
568  7.670       15.4550       253.733      -1967.77      -167.771      -167.771    
569  7.680       19.3727       253.906      -1970.31      -170.310      -170.310    
570  7.690       23.1061       254.118      -1972.85      -172.850      -172.850    
571  7.700       26.6518       254.367      -1975.39      -175.393      -175.393    
572  7.710       29.9909       254.650      -1977.94      -177.938      -177.938    
573  7.720       33.1062       254.965      -1980.49       179.514       179.514    
574  7.730       35.9919       255.309      -1983.04       176.963       176.963    
575  7.740       38.6232       255.682      -1985.59       174.408       174.408    
576  7.750       41.0092       256.079      -1988.15       171.849       171.849    
577  7.760       43.1023       256.499      -1990.71       169.286       169.286    
578  7.770       44.9188       256.939      -1993.28       166.719       166.719    
579  7.780       46.4279       257.395      -1995.85       164.147       164.147    
580  7.790       47.6141       257.864      -1998.43       161.570       161.570    
581  7.800       48.4718       258.344      -2001.01       158.989       158.989    
582  7.810       48.9737       258.830      -2003.60       156.403       156.403    
583  7.820       49.1220       259.320      -2006.19       153.812       153.812    
584  7.830       48.8913       259.809      -2008.78       151.216       151.216    
585  7.840       48.2851       260.294      -2011.38       148.616       148.616    
586  7.850       47.2884       260.771      -2013.99       146.010       146.010    
587  7.860       45.9114       261.236      -2016.60       143.400       143.400    
588  7.870       44.1448       261.685      -2019.21       140.785       140.785    
589  7.880       42.0077       262.115      -2021.83       138.166       138.166    
590  7.890       39.4945       262.522      -2024.46       135.543       135.543    
591  7.900       36.6421       262.901      -2027.08       132.916       132.916    
592  7.910       33.4485       263.251      -2029.72       130.285       130.285    
593  7.920       29.9617       263.567      -2032.35       127.651       127.651    
594  7.930       26.1846       263.847      -2034.99       125.014       125.014    
595  7.940       22.1659       264.088      -2037.63       122.374       122.374    
596  7.950       17.9331       264.288      -2040.27       119.732       119.732    
597  7.960       13.5139       264.445      -2042.91       117.089       117.089    
598  7.970       8.96211       264.557      -2045.56       114.444       114.444    
599  7.980       4.30468       264.623      -2048.20       111.798       111.798    
600  7.990     -0.415340       264.642      -2050.85       109.152       109.152    
601  8.000      -5.16520       264.614      -2053.49       106.506       106.506    
602  8.010      -9.87990       264.539      -2056.14       103.860       103.860    
603  8.020      -14.5546       264.417      -2058.78       101.216       101.216    
604  8.030      -19.1123       264.249      -2061.43       98.5722       98.5722    
605  8.040      -23.5353       264.036      -2064.07       95.9308       95.9308    
606  8.050      -27.7850       263.780      -2066.71       93.2916       93.2916    
607  8.060      -31.8061       263.482      -2069.34       90.6553       90.6553    
608  8.070      -35.5727       263.146      -2071.98       88.0220       88.0220    
609  8.080      -39.0464       262.774      -2074.61       85.3924       85.3924    
610  8.090      -42.1960       262.368      -2077.23       82.7668       82.7668    
611  8.100      -44.9694       261.933      -2079.85       80.1455       80.1455    
612  8.110      -47.3707       261.472      -2082.47       77.5286       77.5286    
613  8.120      -49.3366       260.990      -2085.08       74.9166       74.9166    
614  8.130      -50.8757       260.490      -2087.69       72.3093       72.3093    
615  8.140      -51.9475       259.977      -2090.29       69.7070       69.7070    
616  8.150      -52.5493       259.456      -2092.89       67.1098       67.1098    
617  8.160      -52.6720       258.931      -2095.48       64.5181       64.5181    
618  8.170      -52.3045       258.407      -2098.07       61.9313       61.9313    
619  8.180      -51.4685       257.889      -2100.65       59.3496       59.3496    
620  8.190      -50.1521       257.382      -2103.23       56.7732       56.7732    
621  8.200      -48.3841       256.891      -2105.80       54.2018       54.2018    
622  8.210      -46.1855       256.419      -2108.36       51.6351       51.6351    
623  8.220      -43.5827       255.971      -2110.93       49.0731       49.0731    
624  8.230      -40.6007       255.551      -2113.48       46.5152       46.5152    
625  8.240      -37.2835       255.163      -2116.04       43.9615       43.9615    
626  8.250      -33.6774       254.809      -2118.59       41.4115       41.4115    
627  8.260      -29.8060       254.492      -2121.14       38.8648       38.8648    
628  8.270      -25.7323       254.215      -2123.68       36.3211       36.3211    
629  8.280      -21.4939       253.979      -2126.22       33.7800       33.7800    
630  8.290      -17.1273       253.786      -2128.76       31.2412       31.2412    
631  8.300      -12.6955       253.638      -2131.30       28.7041       28.7041    
632  8.310      -8.21724       253.533      -2133.83       26.1680       26.1680    
633  8.320      -3.74697       253.473      -2136.37       23.6329       23.6329    
634  8.330      0.685426       253.458      -2138.90       21.0982       21.0982    
635  8.340       5.04516       253.487      -2141.44       18.5635       18.5635    
636  8.350       9.31251       253.558      -2143.97       16.0281       16.0281    
637  8.360       13.4448       253.672      -2146.51       13.4916       13.4916    
638  8.370       17.4422       253.826      -2149.05       10.9539       10.9539    
639  8.380       21.2643       254.019      -2151.59       8.41435       8.41435    
640  8.390       24.9093       254.249      -2154.13       5.87286       5.87286    
641  8.400       28.3519       254.515      -2156.67       3.32897       3.32897    
642  8.410       31.5841       254.814      -2159.22      0.782242      0.782242    
643  8.420       34.5902       255.145      -2161.77      -1.76777      -1.76777    
644  8.430       37.3565       255.504      -2164.32      -4.32106      -4.32106    
645  8.440       39.8681       255.889      -2166.88      -6.87828      -6.87828    
646  8.450       42.1146       256.299      -2169.44      -9.43944      -9.43944    
647  8.460       44.0769       256.729      -2172.00      -12.0047      -12.0047    
648  8.470       45.7425       257.177      -2174.57      -14.5744      -14.5744    
649  8.480       47.0976       257.641      -2177.15      -17.1487      -17.1487    
650  8.490       48.1136       258.116      -2179.73      -19.7276      -19.7276    
651  8.500       48.8029       258.600      -2182.31      -22.3112      -22.3112    
652  8.510       49.1264       259.089      -2184.90      -24.8997      -24.8997    
653  8.520       49.0764       259.579      -2187.49      -27.4930      -27.4930    
654  8.530       48.6593       260.066      -2190.09      -30.0913      -30.0913    
655  8.540       47.8469       260.548      -2192.69      -32.6946      -32.6946    
656  8.550       46.6603       261.020      -2195.30      -35.3026      -35.3026    
657  8.560       45.0753       261.477      -2197.92      -37.9151      -37.9151    
658  8.570       43.1104       261.917      -2200.53      -40.5322      -40.5322    
659  8.580       40.7854       262.336      -2203.15      -43.1535      -43.1535    
660  8.590       38.0858       262.729      -2205.78      -45.7787      -45.7787    
661  8.600       35.0603       263.094      -2208.41      -48.4078      -48.4078    
662  8.610       31.7127       263.427      -2211.04      -51.0404      -51.0404    
663  8.620       28.0658       263.725      -2213.68      -53.6763      -53.6763    
664  8.630       24.1747       263.986      -2216.31      -56.3149      -56.3149    
665  8.640       20.0332       264.206      -2218.96      -58.9558      -58.9558    
666  8.650       15.7095       264.385      -2221.60      -61.5987      -61.5987    
667  8.660       11.2241       264.519      -2224.24      -64.2431      -64.2431    
668  8.670       6.61144       264.608      -2226.89      -66.8886      -66.8886    
669  8.680       1.92075       264.650      -2229.53      -69.5348      -69.5348    
670  8.690      -2.81080       264.645      -2232.18      -72.1812      -72.1812    
671  8.700      -7.54780       264.594      -2234.83      -74.8274      -74.8274    
672  8.710      -12.2458       264.495      -2237.47      -77.4729      -77.4729    
673  8.720      -16.8635       264.349      -2240.12      -80.1171      -80.1171    
674  8.730      -21.3602       264.158      -2242.76      -82.7598      -82.7598    
675  8.740      -25.7027       263.923      -2245.40      -85.4003      -85.4003    
676  8.750      -29.8412       263.646      -2248.04      -88.0382      -88.0382    
677  8.760      -33.7407       263.329      -2250.67      -90.6732      -90.6732    
678  8.770      -37.3700       262.974      -2253.30      -93.3048      -93.3048    
679  8.780      -40.6827       262.584      -2255.93      -95.9326      -95.9326    
680  8.790      -43.6546       262.163      -2258.56      -98.5563      -98.5563    
681  8.800      -46.2462       261.715      -2261.18      -101.176      -101.176    
682  8.810      -48.4337       261.242      -2263.79      -103.790      -103.790    
683  8.820      -50.1900       260.750      -2266.40      -106.400      -106.400    
684  8.830      -51.4948       260.243      -2269.01      -109.005      -109.005    
685  8.840      -52.3343       259.725      -2271.61      -111.606      -111.606    
686  8.850      -52.6909       259.201      -2274.20      -114.200      -114.200    
687  8.860      -52.5676       258.676      -2276.79      -116.790      -116.790    
688  8.870      -51.9596       258.154      -2279.37      -119.374      -119.374    
689  8.880      -50.8730       257.641      -2281.95      -121.953      -121.953    
690  8.890      -49.3243       257.142      -2284.53      -124.527      -124.527    
691  8.900      -47.3345       256.659      -2287.10      -127.096      -127.096    
692  8.910      -44.9205       256.199      -2289.66      -129.660      -129.660    
693  8.920      -42.1154       255.765      -2292.22      -132.220      -132.220    
694  8.930      -38.9596       255.361      -2294.78      -134.776      -134.776    
695  8.940      -35.4813       254.989      -2297.33      -137.328      -137.328    
696  8.950      -31.7366       254.654      -2299.88      -139.876      -139.876    
697  8.960      -27.7535       254.357      -2302.42      -142.421      -142.421    
698  8.970      -23.5892       254.101      -2304.96      -144.964      -144.964    
699  8.980      -19.2780       253.887      -2307.50      -147.504      -147.504    
700  8.990      -14.8737       253.716      -2310.04      -150.042      -150.042    
701  9.000      -10.4113       253.590      -2312.58      -152.579      -152.579    
702  9.010      -5.93425       253.509      -2315.11      -155.114      -155.114    
703  9.020      -1.48213       253.471      -2317.65      -157.650      -157.650    
704  9.030       2.92018       253.479      -2320.18      -160.184      -160.184    
705  9.040       7.23026       253.529      -2322.72      -162.720      -162.720    
706  9.050       11.4334       253.622      -2325.26      -165.255      -165.255    
707  9.060       15.4977       253.757      -2327.79      -167.793      -167.793    
708  9.070       19.4023       253.931      -2330.33      -170.331      -170.331    
709  9.080       23.1427       254.143      -2332.87      -172.872      -172.872    
710  9.090       26.6821       254.392      -2335.41      -175.415      -175.415    
711  9.100       30.0214       254.675      -2337.96      -177.960      -177.960    
712  9.110       33.1394       254.990      -2340.51       179.492       179.492    
713  9.120       36.0279       255.335      -2343.06       176.940       176.940    
714  9.130       38.6667       255.708      -2345.62       174.385       174.385    
715  9.140       41.0490       256.106      -2348.17       171.825       171.825    
716  9.150       43.1537       256.526      -2350.74       169.262       169.262    
717  9.160       44.9667       256.966      -2353.31       166.695       166.695    
718  9.170       46.4841       257.423      -2355.88       164.123       164.123    
719  9.180       47.6644       257.893      -2358.45       161.546       161.546    
720  9.190       48.5247       258.373      -2361.04       158.965       158.965    
721  9.200       49.0224       258.860      -2363.62       156.379       156.379    
722  9.210       49.1609       259.350      -2366.21       153.788       153.788    
723  9.220       48.9279       259.839      -2368.81       151.191       151.191    
724  9.230       48.3053       260.325      -2371.41       148.590       148.590    
725  9.240       47.3048       260.802      -2374.02       145.984       145.984    
726  9.250       45.9107       261.267      -2376.63       143.374       143.374    
727  9.260       44.1281       261.716      -2379.24       140.759       140.759    
728  9.270       41.9829       262.146      -2381.86       138.139       138.139    
729  9.280       39.4561       262.552      -2384.48       135.516       135.516    
730  9.290       36.5894       262.931      -2387.11       132.888       132.888    
731  9.300       33.3902       263.280      -2389.74       130.257       130.257    
732  9.310       29.8970       263.596      -2392.38       127.623       127.623    
733  9.320       26.1057       263.875      -2395.01       124.986       124.986    
734  9.330       22.0896       264.116      -2397.65       122.346       122.346    
735  9.340       17.8476       264.315      -2400.30       119.704       119.704    
736  9.350       13.4345       264.471      -2402.94       117.060       117.060    
737  9.360       8.88043       264.582      -2405.58       114.415       114.415    
738  9.370       4.22572       264.647      -2408.23       111.769       111.769    
739  9.380     -0.494947       264.666      -2410.88       109.122       109.122    
740  9.390      -5.23200       264.637      -2413.52       106.476       106.476    
741  9.400      -9.95093       264.561      -2416.17       103.830       103.830    
742  9.410      -14.6166       264.438      -2418.82       101.184       101.184    
743  9.420      -19.1775       264.269      -2421.46       98.5406       98.5406    
744  9.430      -23.5982       264.056      -2424.10       95.8988       95.8988    
745  9.440      -27.8415       263.799      -2426.74       93.2596       93.2596    
746  9.450      -31.8637       263.501      -2429.38       90.6230       90.6230    
747  9.460      -35.6332       263.164      -2432.01       87.9895       87.9895    
748  9.470      -39.1008       262.791      -2434.64       85.3597       85.3597    
749  9.480      -42.2517       262.385      -2437.27       82.7339       82.7339    
750  9.490      -45.0299       261.949      -2439.89       80.1124       80.1124    
751  9.500      -47.4228       261.488      -2442.50       77.4953       77.4953    
752  9.510      -49.3906       261.005      -2445.12       74.8828       74.8828    
753  9.520      -50.9263       260.505      -2447.72       72.2753       72.2753    
754  9.530      -51.9930       259.991      -2450.33       69.6728       69.6728    
755  9.540      -52.5887       259.469      -2452.92       67.0756       67.0756    
756  9.550      -52.7022       258.944      -2455.52       64.4834       64.4834    
757  9.560      -52.3301       258.420      -2458.10       61.8964       61.8964    
758  9.570      -51.4760       257.902      -2460.69       59.3145       59.3145    
759  9.580      -50.1522       257.395      -2463.26       56.7381       56.7381    
760  9.590      -48.3770       256.904      -2465.83       54.1666       54.1666    
761  9.600      -46.1600       256.432      -2468.40       51.5998       51.5998    
762  9.610      -43.5431       255.985      -2470.96       49.0378       49.0378    
763  9.620      -40.5534       255.565      -2473.52       46.4799       46.4799    
764  9.630      -37.2236       255.177      -2476.07       43.9259       43.9259    
765  9.640      -33.6070       254.824      -2478.62       41.3759       41.3759    
766  9.650      -29.7290       254.508      -2481.17       38.8292       38.8292    
767  9.660      -25.6466       254.231      -2483.71       36.2855       36.2855    
768  9.670      -21.3996       253.997      -2486.26       33.7443       33.7443    
769  9.680      -17.0374       253.805      -2488.79       31.2052       31.2052    
770  9.690      -12.5970       253.657      -2491.33       28.6676       28.6676    
771  9.700      -8.12327       253.553      -2493.87       26.1314       26.1314    
772  9.710      -3.65267       253.495      -2496.40       23.5958       23.5958    
773  9.720      0.776550       253.480      -2498.94       21.0607       21.0607    
774  9.730       5.13432       253.510      -2501.47       18.5255       18.5255    
775  9.740       9.39427       253.582      -2504.01       15.9897       15.9897    
776  9.750       13.5271       253.696      -2506.55       13.4532       13.4532    
777  9.760       17.5130       253.851      -2509.08       10.9153       10.9153    
778  9.770       21.3377       254.045      -2511.62       8.37574       8.37574    
779  9.780       24.9718       254.276      -2514.17       5.83403       5.83403    
780  9.790       28.4189       254.543      -2516.71       3.28992       3.28992    
781  9.800       31.6421       254.842      -2519.26      0.742754      0.742754    
782  9.810       34.6488       255.173      -2521.81      -1.80726      -1.80726    
783  9.820       37.4106       255.533      -2524.36      -4.36076      -4.36076    
784  9.830       39.9211       255.919      -2526.92      -6.91820      -6.91820    
785  9.840       42.1672       256.329      -2529.48      -9.47958      -9.47958    
786  9.850       44.1250       256.760      -2532.05      -12.0453      -12.0453    
787  9.860       45.7879       257.209      -2534.62      -14.6154      -14.6154    
788  9.870       47.1398       257.672      -2537.19      -17.1899      -17.1899    
789  9.880       48.1575       258.148      -2539.77      -19.7690      -19.7690    
790  9.890       48.8345       258.632      -2542.35      -22.3531      -22.3531    
791  9.900       49.1522       259.121      -2544.94      -24.9418      -24.9418    
792  9.910       49.0973       259.612      -2547.54      -27.5355      -27.5355    
793  9.920       48.6719       260.100      -2550.13      -30.1343      -30.1343    
794  9.930       47.8483       260.581      -2552.74      -32.7379      -32.7379    
795  9.940       46.6517       261.053      -2555.35      -35.3462      -35.3462    
796  9.950       45.0559       261.510      -2557.96      -37.9592      -37.9592    
797  9.960       43.0831       261.950      -2560.58      -40.5765      -40.5765    
798  9.970       40.7402       262.368      -2563.20      -43.1980      -43.1980    
799  9.980       38.0374       262.761      -2565.82      -45.8236      -45.8236    
800  9.990       34.9953       263.126      -2568.45      -48.4532      -48.4532    
801  10.00       31.6376       263.458      -2571.09      -51.0860      -51.0860    
