# Mowe_temp                                                                       
# Operating point sequence...
# i     t     dWx ang.acc.  Wx rot.rate   Phi   (bank)  Phi[ 2]       Phi[ 3]      
  1  2.000      -165.101       146.507      -327.688       19.8019       46.6736    
  2  2.010      -144.177       145.065      -329.139       18.4805       45.5724    
  3  2.020      -123.101       143.764      -330.581       17.2215       44.5025    
  4  2.030      -100.434       142.661      -332.013       16.0392       43.4728    
  5  2.040      -77.6211       141.776      -333.435       14.9311       42.4834    
  6  2.050      -54.4382       141.118      -334.850       13.8879       41.5310    
  7  2.060      -31.2713       140.690      -336.260       12.8979       40.6102    
  8  2.070      -8.44659       140.491      -337.666       11.9484       39.7142    
  9  2.080       13.6917       140.516      -339.072       11.0261       38.8351    
 10  2.090       34.8668       140.757      -340.479       10.1176       37.9642    
 11  2.100       54.7632       141.202      -341.889       9.21008       37.0922    
 12  2.110       73.1287       141.838      -343.305       8.29100       36.2093    
 13  2.120       89.7499       142.648      -344.728       7.34871       35.3058    
 14  2.130       104.390       143.614      -346.159       6.37248       34.3719    
 15  2.140       116.962       144.716      -347.601       5.35273       33.3986    
 16  2.150       127.300       145.932      -349.055       4.28113       32.3774    
 17  2.160       135.384       147.240      -350.521       3.15082       31.3012    
 18  2.170       141.199       148.617      -352.000       1.95643       30.1640    
 19  2.180       144.793       150.041      -353.494      0.694245       28.9614    
 20  2.190       146.279       151.491      -355.001     -0.637855       27.6907    
 21  2.200       145.812       152.947      -356.524      -2.04026       26.3509    
 22  2.210       143.580       154.389      -358.060      -3.51165       24.9430    
 23  2.220       139.852       155.802      -359.611      -5.04909       23.4694    
 24  2.230       134.870       157.172      -361.176      -6.64798       21.9342    
 25  2.240       128.972       158.489      -362.754      -8.30225       20.3428    
 26  2.250       122.437       159.744      -364.345      -10.0045       18.7018    
 27  2.260       115.594       160.933      -365.948      -11.7459       17.0185    
 28  2.270       108.754       162.054      -367.563      -13.5171       15.3008    
 29  2.280       102.176       163.109      -369.189      -15.3076       13.5566    
 30  2.290       96.1868       164.102      -370.825      -17.1065       11.7937    
 31  2.300       90.9510       165.040      -372.470      -18.9029       10.0197    
 32  2.310       86.7377       165.930      -374.125      -20.6861       8.24147    
 33  2.320       83.6698       166.785      -375.788      -22.4457       6.46490    
 34  2.330       81.8813       167.616      -377.460      -24.1724       4.69512    
 35  2.340       81.4721       168.436      -379.141      -25.8577       2.93611    
 36  2.350       82.4673       169.259      -380.829      -27.4947       1.19070    
 37  2.360       84.8390       170.099      -382.526      -29.0785     -0.539490    
 38  2.370       88.5804       170.969      -384.231      -30.6055      -2.25399    
 39  2.380       93.5529       171.883      -385.946      -32.0746      -3.95343    
 40  2.390       99.6472       172.852      -387.669      -33.4863      -5.63957    
 41  2.400       106.661       173.886      -389.403      -34.8435      -7.31509    
 42  2.410       114.406       174.994      -391.148      -36.1506      -8.98359    
 43  2.420       122.640       176.180      -392.904      -37.4142      -10.6494    
 44  2.430       131.095       177.450      -394.672      -38.6419      -12.3174    
 45  2.440       139.532       178.803      -396.453      -39.8430      -13.9931    
 46  2.450       147.643       180.239      -398.249      -41.0273      -15.6821    
 47  2.460       155.203       181.752      -400.059      -42.2055      -17.3904    
 48  2.470       161.912       183.336      -401.885      -43.3885      -19.1240    
 49  2.480       167.569       184.981      -403.726      -44.5869      -20.8886    
 50  2.490       171.947       186.675      -405.585      -45.8111      -22.6898    
 51  2.500       174.857       188.406      -407.460      -47.0707      -24.5328    
 52  2.510       176.167       190.157      -409.353      -48.3742      -26.4225    
 53  2.520       175.752       191.913      -411.263      -49.7289      -28.3629    
 54  2.530       173.558       193.655      -413.191      -51.1406      -30.3575    
 55  2.540       169.555       195.366      -415.136      -52.6134      -32.4093    
 56  2.550       163.764       197.028      -417.098      -54.1496      -34.5204    
 57  2.560       156.241       198.624      -419.076      -55.7501      -36.6925    
 58  2.570       147.092       200.136      -421.070      -57.4134      -38.9262    
 59  2.580       136.434       201.550      -423.078      -59.1368      -41.2220    
 60  2.590       124.448       202.851      -425.100      -60.9156      -43.5795    
 61  2.600       111.274       204.026      -427.134      -62.7440      -45.9979    
 62  2.610       97.1353       205.066      -429.179      -64.6147      -48.4759    
 63  2.620       82.2049       205.960      -431.234      -66.5196      -51.0119    
 64  2.630       66.6785       206.703      -433.296      -68.4500      -53.6040    
 65  2.640       50.7307       207.288      -435.366      -70.3967      -56.2498    
 66  2.650       34.5446       207.714      -437.441      -72.3506      -58.9467    
 67  2.660       18.2612       207.978      -439.519      -74.3030      -61.6922    
 68  2.670       2.00853       208.079      -441.599      -76.2457      -64.4833    
 69  2.680      -14.0759       208.019      -443.679      -78.1714      -67.3169    
 70  2.690      -29.9159       207.799      -445.757      -80.0741      -70.1898    
 71  2.700      -45.4365       207.423      -447.833      -81.9488      -73.0988    
 72  2.710      -60.5597       206.894      -449.904      -83.7921      -76.0403    
 73  2.720      -75.2830       206.216      -451.969      -85.6020      -79.0108    
 74  2.730      -89.5285       205.393      -454.027      -87.3779      -82.0063    
 75  2.740      -103.325       204.430      -456.076      -89.1204      -85.0230    
 76  2.750      -116.636       203.331      -458.114      -90.8314      -88.0567    
 77  2.760      -129.467       202.102      -460.141      -92.5138      -91.1031    
 78  2.770      -141.824       200.747      -462.155      -94.1710      -94.1575    
 79  2.780      -153.696       199.270      -464.155      -95.8073      -97.2152    
 80  2.790      -165.073       197.678      -466.139      -97.4270      -100.271    
 81  2.800      -175.964       195.974      -468.107      -99.0344      -103.320    
 82  2.810      -186.313       194.163      -470.057      -100.634      -106.357    
 83  2.820      -196.118       192.253      -471.989      -102.228      -109.376    
 84  2.830      -205.309       190.247      -473.901      -103.821      -112.372    
 85  2.840      -213.853       188.153      -475.793      -105.415      -115.338    
 86  2.850      -221.650       185.977      -477.664      -107.010      -118.269    
 87  2.860      -228.644       183.727      -479.512      -108.606      -121.158    
 88  2.870      -234.717       181.413      -481.337      -110.203      -123.999    
 89  2.880      -239.790       179.043      -483.140      -111.798      -126.787    
 90  2.890      -243.737       176.628      -484.918      -113.389      -129.515    
 91  2.900      -246.463       174.180      -486.672      -114.972      -132.177    
 92  2.910      -247.850       171.711      -488.401      -116.542      -134.768    
 93  2.920      -247.793       169.236      -490.106      -118.095      -137.282    
 94  2.930      -246.220       166.770      -491.786      -119.625      -139.713    
 95  2.940      -243.011       164.328      -493.441      -121.127      -142.058    
 96  2.950      -238.137       161.926      -495.073      -122.597      -144.313    
 97  2.960      -231.526       159.582      -496.680      -124.030      -146.473    
 98  2.970      -223.174       157.313      -498.265      -125.422      -148.537    
 99  2.980      -213.070       155.136      -499.828      -126.769      -150.503    
100  2.990      -201.265       153.069      -501.369      -128.069      -152.369    
101  3.000      -187.819       151.127      -502.890      -129.320      -154.137    
102  3.010      -172.832       149.328      -504.393      -130.523      -155.809    
103  3.020      -156.452       147.685      -505.878      -131.677      -157.387    
104  3.030      -138.827       146.212      -507.348      -132.784      -158.875    
105  3.040      -120.167       144.920      -508.804      -133.847      -160.278    
106  3.050      -100.706       143.818      -510.248      -134.870      -161.603    
107  3.060      -80.6612       142.913      -511.682      -135.857      -162.858    
108  3.070      -60.3127       142.209      -513.108      -136.815      -164.050    
109  3.080      -39.9176       141.708      -514.528      -137.749      -165.188    
110  3.090      -19.7663       141.410      -515.944      -138.667      -166.283    
111  3.100     -0.902278E-01   141.310      -517.358      -139.577      -167.344    
112  3.110       18.8110       141.402      -518.772      -140.486      -168.383    
113  3.120       36.7355       141.677      -520.188      -141.403      -169.408    
114  3.130       53.4321       142.125      -521.608      -142.335      -170.431    
115  3.140       68.7317       142.733      -523.032      -143.291      -171.462    
116  3.150       82.4530       143.485      -524.464      -144.277      -172.509    
117  3.160       94.4828       144.366      -525.903      -145.301      -173.582    
118  3.170       104.710       145.357      -527.352      -146.367      -174.689    
119  3.180       113.121       146.442      -528.812      -147.482      -175.836    
120  3.190       119.670       147.601      -530.282      -148.648      -177.030    
121  3.200       124.410       148.817      -531.764      -149.868      -178.275    
122  3.210       127.429       150.072      -533.259      -151.143      -179.573    
123  3.220       128.822       151.349      -534.766      -152.472       179.072    
124  3.230       128.739       152.633      -536.286      -153.855       177.660    
125  3.240       127.400       153.910      -537.819      -155.289       176.193    
126  3.250       124.968       155.169      -539.364      -156.771       174.674    
127  3.260       121.699       156.400      -540.922      -158.296       173.105    
128  3.270       117.826       157.596      -542.492      -159.860       171.492    
129  3.280       113.567       158.751      -544.073      -161.458       169.841    
130  3.290       109.188       159.865      -545.666      -163.083       168.160    
131  3.300       104.921       160.935      -547.270      -164.731       166.457    
132  3.310       100.951       161.965      -548.885      -166.396       164.739    
133  3.320       97.4901       162.958      -550.509      -168.073       163.018    
134  3.330       94.7003       163.921      -552.143      -169.759       161.300    
135  3.340       92.7235       164.859      -553.787      -171.448       159.596    
136  3.350       91.6705       165.784      -555.440      -173.138       157.914    
137  3.360       91.6219       166.702      -557.103      -174.826       156.261    
138  3.370       92.5956       167.626      -558.774      -176.512       154.643    
139  3.380       94.6311       168.565      -560.455      -178.193       153.066    
140  3.390       97.6876       169.529      -562.146      -179.870       151.534    
141  3.400       101.682       170.528      -563.846       178.457       150.048    
142  3.410       106.555       171.572      -565.557       176.786       148.610    
143  3.420       112.144       172.667      -567.278       175.115       147.216    
144  3.430       118.316       173.821      -569.010       173.442       145.866    
145  3.440       124.881       175.038      -570.755       171.764       144.554    
146  3.450       131.655       176.322      -572.512       170.077       143.273    
147  3.460       138.415       177.672      -574.282       168.377       142.018    
148  3.470       144.977       179.089      -576.066       166.662       140.780    
149  3.480       151.096       180.568      -577.864       164.925       139.551    
150  3.490       156.594       182.105      -579.678       163.165       138.320    
151  3.500       161.282       183.693      -581.507       161.376       137.080    
152  3.510       164.955       185.322      -583.352       159.554       135.821    
153  3.520       167.505       186.982      -585.214       157.697       134.534    
154  3.530       168.759       188.660      -587.092       155.799       133.213    
155  3.540       168.651       190.344      -588.987       153.859       131.850    
156  3.550       167.112       192.019      -590.899       151.874       130.440    
157  3.560       164.093       193.671      -592.827       149.841       128.979    
158  3.570       159.592       195.286      -594.772       147.759       127.464    
159  3.580       153.670       196.849      -596.733       145.625       125.894    
160  3.590       146.335       198.345      -598.708       143.439       124.270    
161  3.600       137.723       199.762      -600.699       141.200       122.593    
162  3.610       127.902       201.087      -602.703       138.909       120.866    
163  3.620       117.021       202.309      -604.719       136.564       119.095    
164  3.630       105.208       203.418      -606.748       134.167       117.284    
165  3.640       92.6080       204.405      -608.786       131.717       115.441    
166  3.650       79.3574       205.263      -610.834       129.217       113.573    
167  3.660       65.6176       205.986      -612.890       126.667       111.686    
168  3.670       51.4908       206.570      -614.953       124.069       109.789    
169  3.680       37.1269       207.013      -617.020       121.423       107.889    
170  3.690       22.6099       207.311      -619.092       118.733       105.993    
171  3.700       8.05849       207.464      -621.165       115.999       104.107    
172  3.710      -6.45807       207.472      -623.239       113.224       102.237    
173  3.720      -20.8887       207.335      -625.313       110.411       100.387    
174  3.730      -35.1618       207.055      -627.385       107.560       98.5594    
175  3.740      -49.2577       206.634      -629.453       104.676       96.7577    
176  3.750      -63.1321       206.072      -631.516       101.760       94.9821    
177  3.760      -76.7883       205.373      -633.573       98.8153       93.2326    
178  3.770      -90.2049       204.539      -635.622       95.8454       91.5077    
179  3.780      -103.366       203.572      -637.662       92.8534       89.8056    
180  3.790      -116.284       202.474      -639.692       89.8431       88.1235    
181  3.800      -128.933       201.248      -641.710       86.8183       86.4581    
182  3.810      -141.304       199.898      -643.716       83.7830       84.8058    
183  3.820      -153.374       198.425      -645.707       80.7420       83.1633    
184  3.830      -165.111       196.834      -647.683       77.7000       81.5273    
185  3.840      -176.474       195.127      -649.642       74.6621       79.8947    
186  3.850      -187.394       193.308      -651.584       71.6338       78.2632    
187  3.860      -197.818       191.383      -653.507       68.6208       76.6312    
188  3.870      -207.651       189.357      -655.411       65.6291       74.9979    
189  3.880      -216.802       187.237      -657.293       62.6649       73.3633    
190  3.890      -225.161       185.029      -659.154       59.7348       71.7283    
191  3.900      -232.616       182.742      -660.993       56.8453       70.0949    
192  3.910      -239.054       180.386      -662.808       54.0034       68.4658    
193  3.920      -244.329       177.972      -664.600       51.2157       66.8446    
194  3.930      -248.345       175.511      -666.367       48.4892       65.2351    
195  3.940      -250.963       173.018      -668.110       45.8304       63.6420    
196  3.950      -252.073       170.507      -669.827       43.2461       62.0700    
197  3.960      -251.586       167.992      -671.520       40.7425       60.5242    
198  3.970      -249.372       165.492      -673.187       38.3253       59.0091    
199  3.980      -245.401       163.022      -674.830       35.9999       57.5295    
200  3.990      -239.598       160.602      -676.448       33.7707       56.0892    
201  4.000      -231.922       158.249      -678.042       31.6416       54.6920    
202  4.010      -222.380       155.982      -679.614       29.6152       53.3404    
203  4.020      -211.004       153.819      -681.163       27.6932       52.0365    
204  4.030      -197.835       151.780      -682.691       25.8762       50.7815    
205  4.040      -182.999       149.880      -684.200       24.1632       49.5756    
206  4.050      -166.601       148.136      -685.690       22.5520       48.4179    
207  4.060      -148.816       146.562      -687.164       21.0389       47.3068    
208  4.070      -129.859       145.172      -688.624       19.6190       46.2395    
209  4.080      -109.938       143.976      -690.070       18.2859       45.2122    
210  4.090      -89.3265       142.981      -691.505       17.0318       44.2206    
211  4.100      -68.2773       142.195      -692.931       15.8480       43.2590    
212  4.110      -47.0905       141.618      -694.351       14.7250       42.3216    
213  4.120      -26.0437       141.253      -695.766       13.6523       41.4014    
214  4.130      -5.43704       141.095      -697.178       12.6187       40.4912    
215  4.140       14.4752       141.138      -698.590       11.6131       39.5835    
216  4.150       33.4089       141.376      -700.003       10.6239       38.6704    
217  4.160       51.1472       141.796      -701.419       9.63975       37.7442    
218  4.170       67.4565       142.386      -702.841       8.64958       36.7972    
219  4.180       82.1722       143.130      -704.269       7.64289       35.8221    
220  4.190       95.1227       144.012      -705.705       6.60992       34.8123    
221  4.200       106.237       145.015      -707.150       5.54174       33.7617    
222  4.210       115.413       146.118      -708.606       4.43046       32.6652    
223  4.220       122.650       147.304      -710.074       3.26944       31.5186    
224  4.230       127.953       148.552      -711.553       2.05337       30.3190    
225  4.240       131.412       149.844      -713.045      0.778517       29.0647    
226  4.250       133.106       151.162      -714.551     -0.557442       27.7550    
227  4.260       133.197       152.490      -716.069      -1.95528       26.3906    
228  4.270       131.878       153.811      -717.601      -3.41410       24.9732    
229  4.280       129.340       155.114      -719.145      -4.93137       23.5058    
230  4.290       125.819       156.387      -720.703      -6.50322       21.9920    
231  4.300       121.578       157.622      -722.273      -8.12434       20.4362    
232  4.310       116.862       158.813      -723.855      -9.78804       18.8433    
233  4.320       111.917       159.956      -725.448      -11.4865       17.2189    
234  4.330       107.008       161.050      -727.053      -13.2111       15.5682    
235  4.340       102.345       162.098      -728.669      -14.9524       13.8969    
236  4.350       98.1815       163.101      -730.295      -16.7007       12.2101    
237  4.360       94.6491       164.067      -731.931      -18.4462       10.5126    
238  4.370       91.9569       165.002      -733.576      -20.1793       8.80881    
239  4.380       90.2041       165.915      -735.231      -21.8907       7.10260    
240  4.390       89.5076       166.816      -736.894      -23.5721       5.39689    
241  4.400       89.9108       167.715      -738.567      -25.2162       3.69404    
242  4.410       91.4500       168.625      -740.249      -26.8173       1.99556    
243  4.420       94.0898       169.556      -741.940      -28.3709      0.302156    
244  4.430       97.8114       170.518      -743.640      -29.8745      -1.38622    
245  4.440       102.475       171.522      -745.351      -31.3273      -3.07030    
246  4.450       108.014       172.576      -747.071      -32.7303      -4.75170    
247  4.460       114.232       173.690      -748.803      -34.0864      -6.43254    
248  4.470       120.967       174.867      -750.546      -35.4000      -8.11547    
249  4.480       128.014       176.113      -752.301      -36.6773      -9.80378    
250  4.490       135.163       177.430      -754.069      -37.9255      -11.5011    
251  4.500       142.182       178.816      -755.850      -39.1531      -13.2114    
252  4.510       148.853       180.271      -757.646      -40.3693      -14.9389    
253  4.520       154.957       181.789      -759.456      -41.5836      -16.6880    
254  4.530       160.273       183.363      -761.282      -42.8057      -18.4629    
255  4.540       164.635       184.986      -763.124      -44.0451      -20.2680    
256  4.550       167.834       186.645      -764.983      -45.3108      -22.1074    
257  4.560       169.763       188.331      -766.858      -46.6111      -23.9849    
258  4.570       170.276       190.027      -768.749      -47.9533      -25.9044    
259  4.580       169.309       191.722      -770.658      -49.3434      -27.8690    
260  4.590       166.802       193.399      -772.584      -50.7861      -29.8815    
261  4.600       162.740       195.043      -774.526      -52.2845      -31.9444    
262  4.610       157.165       196.638      -776.484      -53.8400      -34.0594    
263  4.620       150.083       198.171      -778.458      -55.4527      -36.2283    
264  4.630       141.626       199.626      -780.447      -57.1210      -38.4518    
265  4.640       131.878       200.990      -782.450      -58.8416      -40.7305    
266  4.650       120.962       202.251      -784.466      -60.6100      -43.0646    
267  4.660       109.034       203.398      -786.494      -62.4206      -45.4537    
268  4.670       96.2397       204.423      -788.533      -64.2667      -47.8971    
269  4.680       82.7377       205.315      -790.582      -66.1410      -50.3938    
270  4.690       68.6643       206.071      -792.638      -68.0355      -52.9426    
271  4.700       54.1871       206.684      -794.702      -69.9425      -55.5421    
272  4.710       39.4290       207.151      -796.771      -71.8541      -58.1904    
273  4.720       24.5128       207.470      -798.843      -73.7630      -60.8858    
274  4.730       9.54572       207.640      -800.919      -75.6623      -63.6259    
275  4.740      -5.38727       207.661      -802.995      -77.5461      -66.4085    
276  4.750      -20.1960       207.533      -805.070      -79.4099      -69.2312    
277  4.760      -34.8344       207.259      -807.144      -81.2497      -72.0915    
278  4.770      -49.2708       206.839      -809.214      -83.0633      -74.9864    
279  4.780      -63.4318       206.276      -811.280      -84.8492      -77.9130    
280  4.790      -77.3480       205.572      -813.339      -86.6076      -80.8681    
281  4.800      -90.9612       204.731      -815.390      -88.3396      -83.8485    
282  4.810      -104.287       203.756      -817.432      -90.0469      -86.8505    
283  4.820      -117.314       202.649      -819.464      -91.7324      -89.8702    
284  4.830      -130.026       201.413      -821.484      -93.3994      -92.9036    
285  4.840      -142.420       200.051      -823.491      -95.0513      -95.9463    
286  4.850      -154.469       198.568      -825.484      -96.6919      -98.9938    
287  4.860      -166.160       196.965      -827.461      -98.3248      -102.041    
288  4.870      -177.433       195.248      -829.422      -99.9532      -105.083    
289  4.880      -188.253       193.421      -831.365      -101.580      -108.114    
290  4.890      -198.552       191.488      -833.289      -103.206      -111.129    
291  4.900      -208.248       189.455      -835.194      -104.834      -114.121    
292  4.910      -217.256       187.329      -837.077      -106.463      -117.085    
293  4.920      -225.478       185.118      -838.940      -108.093      -120.013    
294  4.930      -232.798       182.828      -840.779      -109.721      -122.900    
295  4.940      -239.097       180.471      -842.596      -111.346      -125.739    
296  4.950      -244.273       178.057      -844.388      -112.964      -128.524    
297  4.960      -248.180       175.598      -846.156      -114.571      -131.246    
298  4.970      -250.716       173.106      -847.900      -116.163      -133.901    
299  4.980      -251.770       170.597      -849.618      -117.735      -136.481    
300  4.990      -251.229       168.086      -851.312      -119.281      -138.981    
301  5.000      -249.013       165.589      -852.980      -120.797      -141.395    
302  5.010      -245.031       163.123      -854.624      -122.279      -143.719    
303  5.020      -239.247       160.706      -856.243      -123.722      -145.946    
304  5.030      -231.617       158.356      -857.838      -125.123      -148.075    
305  5.040      -222.152       156.092      -859.411      -126.478      -150.102    
306  5.050      -210.850       153.931      -860.961      -127.785      -152.025    
307  5.060      -197.801       151.893      -862.491      -129.044      -153.845    
308  5.070      -183.067       149.993      -864.001      -130.254      -155.563    
309  5.080      -166.812       148.247      -865.492      -131.415      -157.180    
310  5.090      -149.176       146.671      -866.967      -132.529      -158.699    
311  5.100      -130.363       145.276      -868.427      -133.600      -160.127    
312  5.110      -110.598       144.074      -869.875      -134.630      -161.469    
313  5.120      -90.1402       143.072      -871.311      -135.623      -162.733    
314  5.130      -69.2458       142.277      -872.738      -136.587      -163.926    
315  5.140      -48.2001       141.690      -874.159      -137.526      -165.060    
316  5.150      -27.2889       141.313      -875.574      -138.447      -166.143    
317  5.160      -6.79092       141.142      -876.987      -139.358      -167.186    
318  5.170       13.0148       141.171      -878.399      -140.266      -168.202    
319  5.180       31.8727       141.394      -879.813      -141.179      -169.200    
320  5.190       49.5515       141.798      -881.229      -142.105      -170.193    
321  5.200       65.8169       142.372      -882.651      -143.052      -171.191    
322  5.210       80.5187       143.100      -884.078      -144.027      -172.204    
323  5.220       93.4886       143.966      -885.514      -145.036      -173.242    
324  5.230       104.612       144.952      -886.959      -146.085      -174.315    
325  5.240       113.854       146.040      -888.414      -147.181      -175.429    
326  5.250       121.153       147.210      -889.881      -148.326      -176.591    
327  5.260       126.554       148.444      -891.359      -149.524      -177.807    
328  5.270       130.111       149.723      -892.850      -150.776      -179.081    
329  5.280       131.934       151.028      -894.354      -152.084       179.586    
330  5.290       132.160       152.345      -895.871      -153.445       178.191    
331  5.300       130.976       153.657      -897.401      -154.860       176.737    
332  5.310       128.584       154.951      -898.944      -156.324       175.225    
333  5.320       125.224       156.218      -900.500      -157.834       173.659    
334  5.330       121.118       157.447      -902.068      -159.386       172.044    
335  5.340       116.556       158.634      -903.648      -160.975       170.387    
336  5.350       111.746       159.775      -905.240      -162.595       168.695    
337  5.360       106.966       160.868      -906.844      -164.241       166.977    
338  5.370       102.430       161.915      -908.457      -165.907       165.242    
339  5.380       98.3503       162.920      -910.081      -167.589       163.500    
340  5.390       94.9183       163.888      -911.715      -169.281       161.759    
341  5.400       92.2871       164.826      -913.359      -170.980       160.031    
342  5.410       90.5944       165.742      -915.012      -172.681       158.323    
343  5.420       89.9340       166.647      -916.674      -174.382       156.644    
344  5.430       90.3497       167.551      -918.345      -176.080       155.001    
345  5.440       91.8892       168.465      -920.025      -177.774       153.401    
346  5.450       94.5233       169.400      -921.714      -179.463       151.847    
347  5.460       98.2031       170.367      -923.413       178.852       150.342    
348  5.470       102.832       171.374      -925.122       177.171       148.888    
349  5.480       108.317       172.432      -926.841       175.493       147.482    
350  5.490       114.477       173.548      -928.571       173.815       146.123    
351  5.500       121.153       174.728      -930.313       172.134       144.806    
352  5.510       128.125       175.975      -932.067       170.447       143.525    
353  5.520       135.219       177.292      -933.833       168.751       142.273    
354  5.530       142.165       178.679      -935.613       167.042       141.042    
355  5.540       148.796       180.134      -937.407       165.315       139.822    
356  5.550       154.844       181.651      -939.217       163.567       138.605    
357  5.560       160.142       183.224      -941.041       161.793       137.380    
358  5.570       164.463       184.845      -942.882       159.988       136.139    
359  5.580       167.676       186.503      -944.738       158.150       134.872    
360  5.590       169.605       188.187      -946.612       156.273       133.571    
361  5.600       170.155       189.882      -948.503       154.355       132.229    
362  5.610       169.225       191.575      -950.410       152.391       130.840    
363  5.620       166.788       193.252      -952.334       150.381       129.399    
364  5.630       162.807       194.896      -954.275       148.320       127.903    
365  5.640       157.309       196.493      -956.232       146.207       126.350    
366  5.650       150.359       198.028      -958.204       144.042       124.740    
367  5.660       142.009       199.486      -960.192       141.822       123.076    
368  5.670       132.384       200.855      -962.193       139.547       121.359    
369  5.680       121.612       202.122      -964.208       137.218       119.595    
370  5.690       109.825       203.276      -966.235       134.834       117.789    
371  5.700       97.1696       204.309      -968.272       132.397       115.947    
372  5.710       83.8067       205.212      -970.320       129.906       114.077    
373  5.720       69.8808       205.979      -972.375       127.364       112.186    
374  5.730       55.5428       206.604      -974.438       124.772       110.282    
375  5.740       40.9105       207.086      -976.506       122.131       108.374    
376  5.750       26.1206       207.420      -978.578       119.443       106.468    
377  5.760       11.2684       207.607      -980.653       116.711       104.571    
378  5.770      -3.54930       207.646      -982.729       113.936       102.689    
379  5.780      -18.2680       207.537      -984.804       111.122       100.827    
380  5.790      -32.8327       207.281      -986.878       108.269       98.9877    
381  5.800      -47.1683       206.882      -988.949       105.382       97.1747    
382  5.810      -61.3016       206.340      -991.014       102.463       95.3887    
383  5.820      -75.1491       205.658      -993.074       99.5155       93.6299    
384  5.830      -88.7434       204.840      -995.126       96.5420       91.8973    
385  5.840      -102.049       203.886      -997.169       93.5464       90.1890    
386  5.850      -115.079       202.801      -999.202       90.5323       88.5023    
387  5.860      -127.803       201.588      -1001.22       87.5037       86.8339    
388  5.870      -140.235       200.248      -1003.23       84.4649       85.1802    
389  5.880      -152.339       198.786      -1005.23       81.4204       83.5378    
390  5.890      -164.093       197.205      -1007.21       78.3752       81.9030    
391  5.900      -175.463       195.508      -1009.17       75.3341       80.2727    
392  5.910      -186.387       193.700      -1011.12       72.3025       78.6440    
393  5.920      -196.811       191.785      -1013.04       69.2861       77.0153    
394  5.930      -206.653       189.769      -1014.95       66.2908       75.3852    
395  5.940      -215.826       187.658      -1016.84       63.3229       73.7538    
396  5.950      -224.229       185.459      -1018.70       60.3885       72.1214    
397  5.960      -231.746       183.181      -1020.55       57.4944       70.4900    
398  5.970      -238.265       180.834      -1022.37       54.6469       68.8619    
399  5.980      -243.661       178.427      -1024.16       51.8531       67.2406    
400  5.990      -247.817       175.972      -1025.93       49.1194       65.6299    
401  6.000      -250.602       173.483      -1027.68       46.4524       64.0343    
402  6.010      -251.924       170.974      -1029.40       43.8588       62.4587    
403  6.020      -251.648       168.460      -1031.10       41.3445       60.9079    
404  6.030      -249.706       165.957      -1032.77       38.9153       59.3867    
405  6.040      -246.004       163.483      -1034.42       36.5764       57.8998    
406  6.050      -240.493       161.055      -1036.04       34.3324       56.4515    
407  6.060      -233.142       158.691      -1037.64       32.1872       55.0454    
408  6.070      -223.912       156.411      -1039.22       30.1436       53.6846    
409  6.080      -212.882       154.231      -1040.77       28.2034       52.3713    
410  6.090      -200.035       152.171      -1042.30       26.3672       51.1067    
411  6.100      -185.525       150.247      -1043.82       24.6344       49.8913    
412  6.110      -169.437       148.477      -1045.31       23.0029       48.7244    
413  6.120      -151.938       146.873      -1046.79       21.4694       47.6044    
414  6.130      -133.244       145.451      -1048.25       20.0292       46.5289    
415  6.140      -113.554       144.219      -1049.70       18.6762       45.4943    
416  6.150      -93.1116       143.188      -1051.14       17.4031       44.4961    
417  6.160      -72.2067       142.363      -1052.56       16.2015       43.5290    
418  6.170      -51.1227       141.747      -1053.99       15.0620       42.5872    
419  6.180      -30.1096       141.341      -1055.40       13.9744       41.6637    
420  6.190      -9.48473       141.143      -1056.81       12.9278       40.7515    
421  6.200       10.4820       141.146      -1058.23       11.9112       39.8430    
422  6.210       29.5428       141.345      -1059.64       10.9134       38.9306    
423  6.220       47.4267       141.727      -1061.05       9.92295       38.0063    
424  6.230       63.9534       142.281      -1062.48       8.92880       37.0624    
425  6.240       78.9109       142.991      -1063.90       7.92043       36.0916    
426  6.250       92.1433       143.842      -1065.34       6.88790       35.0871    
427  6.260       103.559       144.817      -1066.78       5.82243       34.0429    
428  6.270       113.073       145.895      -1068.23       4.71597       32.9538    
429  6.280       120.646       147.059      -1069.70       3.56156       31.8153    
430  6.290       126.298       148.289      -1071.18       2.35379       30.6246    
431  6.300       130.104       149.566      -1072.67       1.08862       29.3796    
432  6.310       132.144       150.873      -1074.17     -0.236612       28.0796    
433  6.320       132.553       152.192      -1075.68      -1.62293       26.7251    
434  6.330       131.530       153.509      -1077.21      -3.06976       25.3177    
435  6.340       129.262       154.810      -1078.75      -4.57497       23.8602    
436  6.350       125.994       156.083      -1080.31      -6.13504       22.3559    
437  6.360       121.937       157.321      -1081.87      -7.74482       20.8094    
438  6.370       117.386       158.516      -1083.45      -9.39799       19.2255    
439  6.380       112.561       159.664      -1085.04      -11.0872       17.6092    
440  6.390       107.726       160.766      -1086.65      -12.8039       15.9661    
441  6.400       103.108       161.820      -1088.26      -14.5389       14.3018    
442  6.410       98.9233       162.831      -1089.88      -16.2827       12.6212    
443  6.420       95.3658       163.804      -1091.52      -18.0255       10.9293    
444  6.430       92.5993       164.745      -1093.16      -19.7577       9.23045    
445  6.440       90.7410       165.664      -1094.81      -21.4701       7.52850    
446  6.450       89.9265       166.570      -1096.47      -23.1542       5.82660    
447  6.460       90.1825       167.473      -1098.14      -24.8027       4.12701    
448  6.470       91.5643       168.385      -1099.82      -26.4096       2.43125    
449  6.480       94.0526       169.315      -1101.51      -27.9703      0.740155    
450  6.490       97.5923       170.276      -1103.21      -29.4819     -0.946221    
451  6.500       102.122       171.278      -1104.92      -30.9431      -2.62845    
452  6.510       107.501       172.328      -1106.63      -32.3549      -4.30815    
453  6.520       113.603       173.435      -1108.36      -33.7195      -5.98718    
454  6.530       120.229       174.606      -1110.10      -35.0414      -7.66835    
455  6.540       127.205       175.844      -1111.86      -36.3261      -9.35468    
456  6.550       134.313       177.153      -1113.62      -37.5809      -11.0498    
457  6.560       141.311       178.531      -1115.40      -38.8137      -12.7574    
458  6.570       148.011       179.977      -1117.19      -40.0336      -14.4818    
459  6.580       154.179       181.487      -1119.00      -41.2501      -16.2273    
460  6.590       159.586       183.054      -1120.82      -42.4727      -17.9981    
461  6.600       164.071       184.670      -1122.66      -43.7110      -19.7984    
462  6.610       167.453       186.326      -1124.52      -44.9741      -21.6325    
463  6.620       169.555       188.008      -1126.39      -46.2701      -23.5041    
464  6.630       170.291       189.704      -1128.28      -47.6068      -25.4170    
465  6.640       169.556       191.399      -1130.18      -48.9902      -27.3744    
466  6.650       167.318       193.080      -1132.11      -50.4250      -29.3790    
467  6.660       163.513       194.730      -1134.04      -51.9146      -31.4333    
468  6.670       158.207       196.335      -1136.00      -53.4609      -33.5392    
469  6.680       151.401       197.880      -1137.97      -55.0639      -35.6982    
470  6.690       143.216       199.349      -1139.96      -56.7223      -37.9113    
471  6.700       133.726       200.731      -1141.96      -58.4334      -40.1792    
472  6.710       123.057       202.011      -1143.97      -60.1927      -42.5019    
473  6.720       111.362       203.181      -1146.00      -61.9950      -44.8795    
474  6.730       98.7804       204.229      -1148.03      -63.8337      -47.3112    
475  6.740       85.4626       205.148      -1150.08      -65.7016      -49.7959    
476  6.750       71.5784       205.932      -1152.13      -67.5909      -52.3327    
477  6.760       57.2416       206.575      -1154.20      -69.4939      -54.9199    
478  6.770       42.6170       207.073      -1156.27      -71.4027      -57.5560    
479  6.780       27.8118       207.425      -1158.34      -73.3099      -60.2391    
480  6.790       12.9348       207.628      -1160.41      -75.2087      -62.9671    
481  6.800      -1.92192       207.683      -1162.49      -77.0933      -65.7379    
482  6.810      -16.6759       207.590      -1164.56      -78.9586      -68.5491    
483  6.820      -31.2786       207.351      -1166.64      -80.8007      -71.3980    
484  6.830      -45.6758       206.966      -1168.71      -82.6171      -74.2821    
485  6.840      -59.8392       206.439      -1170.78      -84.4065      -77.1985    
486  6.850      -73.7463       205.772      -1172.84      -86.1686      -80.1441    
487  6.860      -87.3816       204.967      -1174.89      -87.9042      -83.1156    
488  6.870      -100.733       204.027      -1176.94      -89.6155      -86.1098    
489  6.880      -113.807       202.955      -1178.97      -91.3047      -89.1227    
490  6.890      -126.577       201.754      -1180.99      -92.9752      -92.1504    
491  6.900      -139.054       200.426      -1183.00      -94.6306      -95.1889    
492  6.910      -151.197       198.976      -1185.00      -96.2744      -98.2334    
493  6.920      -163.000       197.406      -1186.98      -97.9102      -101.279    
494  6.930      -174.417       195.720      -1188.95      -99.5412      -104.322    
495  6.940      -185.397       193.922      -1190.90      -101.170      -107.355    
496  6.950      -195.885       192.016      -1192.83      -102.799      -110.373    
497  6.960      -205.794       190.009      -1194.74      -104.429      -113.371    
498  6.970      -215.047       187.906      -1196.63      -106.061      -116.343    
499  6.980      -223.539       185.715      -1198.49      -107.693      -119.281    
500  6.990      -231.150       183.444      -1200.34      -109.325      -122.180    
501  7.000      -237.789       181.101      -1202.16      -110.953      -125.032    
502  7.010      -243.303       178.699      -1203.96      -112.576      -127.832    
503  7.020      -247.590       176.247      -1205.73      -114.188      -130.572    
504  7.030      -250.535       173.759      -1207.48      -115.785      -133.247    
505  7.040      -251.995       171.250      -1209.21      -117.363      -135.848    
506  7.050      -251.894       168.735      -1210.91      -118.917      -138.371    
507  7.060      -250.130       166.228      -1212.58      -120.442      -140.810    
508  7.070      -246.595       163.749      -1214.23      -121.932      -143.158    
509  7.080      -241.278       161.314      -1215.86      -123.385      -145.413    
510  7.090      -234.096       158.942      -1217.46      -124.796      -147.569    
511  7.100      -225.069       156.650      -1219.04      -126.161      -149.623    
512  7.110      -214.193       154.459      -1220.60      -127.480      -151.575    
513  7.120      -201.534       152.384      -1222.13      -128.749      -153.422    
514  7.130      -187.171       150.445      -1223.64      -129.970      -155.166    
515  7.140      -171.226       148.657      -1225.14      -131.142      -156.808    
516  7.150      -153.850       147.036      -1226.62      -132.267      -158.352    
517  7.160      -135.266       145.593      -1228.08      -133.346      -159.802    
518  7.170      -115.637       144.341      -1229.53      -134.385      -161.164    
519  7.180      -95.2600       143.289      -1230.97      -135.387      -162.446    
520  7.190      -74.3834       142.442      -1232.40      -136.357      -163.655    
521  7.200      -53.2795       141.805      -1233.82      -137.301      -164.801    
522  7.210      -32.2430       141.378      -1235.24      -138.226      -165.894    
523  7.220      -11.5588       141.158      -1236.65      -139.140      -166.945    
524  7.230       8.50058       141.142      -1238.06      -140.048      -167.965    
525  7.240       27.6610       141.320      -1239.48      -140.960      -168.965    
526  7.250       45.6871       141.685      -1240.89      -141.883      -169.956    
527  7.260       62.3593       142.222      -1242.31      -142.825      -170.950    
528  7.270       77.4844       142.917      -1243.74      -143.793      -171.957    
529  7.280       90.8987       143.755      -1245.17      -144.794      -172.987    
530  7.290       102.498       144.718      -1246.62      -145.835      -174.049    
531  7.300       112.207       145.787      -1248.07      -146.919      -175.152    
532  7.310       119.964       146.943      -1249.53      -148.053      -176.302    
533  7.320       125.815       148.167      -1251.01      -149.238      -177.504    
534  7.330       129.788       149.441      -1252.50      -150.478      -178.764    
535  7.340       131.996       150.745      -1254.00      -151.773       179.916    
536  7.350       132.560       152.064      -1255.51      -153.122       178.536    
537  7.360       131.672       153.381      -1257.04      -154.524       177.095    
538  7.370       129.512       154.683      -1258.58      -155.977       175.595    
539  7.380       126.324       155.960      -1260.13      -157.476       174.040    
540  7.390       122.337       157.201      -1261.70      -159.019       172.435    
541  7.400       117.830       158.400      -1263.28      -160.599       170.785    
542  7.410       113.017       159.553      -1264.87      -162.212       169.099    
543  7.420       108.174       160.659      -1266.47      -163.852       167.385    
544  7.430       103.537       161.718      -1268.08      -165.514       165.651    
545  7.440       99.3029       162.733      -1269.70      -167.193       163.908    
546  7.450       95.6832       163.709      -1271.33      -168.883       162.165    
547  7.460       92.8408       164.653      -1272.97      -170.581       160.432    
548  7.470       90.8966       165.574      -1274.63      -172.282       158.717    
549  7.480       89.9956       166.481      -1276.29      -173.984       157.030    
550  7.490       90.1554       167.384      -1277.95      -175.683       155.378    
551  7.500       91.4333       168.295      -1279.63      -177.379       153.767    
552  7.510       93.8318       169.224      -1281.32      -179.070       152.202    
553  7.520       97.2882       170.182      -1283.02       179.244       150.686    
554  7.530       101.736       171.180      -1284.73       177.561       149.220    
555  7.540       107.050       172.226      -1286.44       175.882       147.804    
556  7.550       113.096       173.329      -1288.17       174.203       146.436    
557  7.560       119.699       174.495      -1289.91       172.523       145.110    
558  7.570       126.644       175.728      -1291.66       170.837       143.822    
559  7.580       133.755       177.030      -1293.42       169.143       142.565    
560  7.590       140.788       178.403      -1295.20       167.437       141.330    
561  7.600       147.520       179.844      -1296.99       165.714       140.109    
562  7.610       153.744       181.350      -1298.80       163.971       138.892    
563  7.620       159.241       182.913      -1300.62       162.203       137.670    
564  7.630       163.813       184.526      -1302.46       160.405       136.433    
565  7.640       167.296       186.179      -1304.31       158.574       135.172    
566  7.650       169.516       187.860      -1306.18       156.706       133.879    
567  7.660       170.387       189.557      -1308.07       154.797       132.546    
568  7.670       169.786       191.254      -1309.97       152.844       131.167    
569  7.680       167.667       192.938      -1311.89       150.844       129.736    
570  7.690       164.007       194.592      -1313.83       148.794       128.251    
571  7.700       158.841       196.203      -1315.79       146.693       126.710    
572  7.710       152.155       197.754      -1317.76       144.539       125.111    
573  7.720       144.100       199.232      -1319.74       142.330       123.457    
574  7.730       134.705       200.622      -1321.74       140.068       121.751    
575  7.740       124.150       201.914      -1323.75       137.750       119.995    
576  7.750       112.538       203.094      -1325.78       135.377       118.196    
577  7.760       100.033       204.155      -1327.81       132.951       116.361    
578  7.770       86.7774       205.087      -1329.86       130.471       114.495    
579  7.780       72.9491       205.884      -1331.91       127.940       112.608    
580  7.790       58.6476       206.541      -1333.98       125.357       110.706    
581  7.800       44.0474       207.053      -1336.04       122.726       108.798    
582  7.810       29.2772       207.419      -1338.12       120.048       106.891    
583  7.820       14.4001       207.637      -1340.19       117.325       104.991    
584  7.830     -0.445014       207.707      -1342.27       114.558       103.106    
585  7.840      -15.2104       207.629      -1344.34       111.752       101.239    
586  7.850      -29.8071       207.404      -1346.42       108.907       99.3954    
587  7.860      -44.2209       207.034      -1348.49       106.026       97.5769    
588  7.870      -58.3959       206.522      -1350.56       103.114       95.7854    
589  7.880      -72.3193       205.869      -1352.62       100.171       94.0212    
590  7.890      -85.9765       205.078      -1354.67       97.2028       92.2833    
591  7.900      -99.3472       204.152      -1356.72       94.2113       90.5701    
592  7.910      -112.442       203.094      -1358.75       91.2008       88.8792    
593  7.920      -125.253       201.906      -1360.78       88.1749       87.2071    
594  7.930      -137.753       200.591      -1362.79       85.1379       85.5504    
595  7.940      -149.937       199.154      -1364.79       82.0943       83.9055    
596  7.950      -161.788       197.596      -1366.77       79.0487       82.2688    
597  7.960      -173.254       195.922      -1368.74       76.0063       80.6370    
598  7.970      -184.297       194.135      -1370.69       72.9722       79.0074    
599  7.980      -194.853       192.240      -1372.62       69.9521       77.3781    
600  7.990      -204.842       190.243      -1374.53       66.9518       75.7474    
601  8.000      -214.191       188.149      -1376.43       63.9777       74.1154    
602  8.010      -222.777       185.966      -1378.30       61.0357       72.4823    
603  8.020      -230.513       183.702      -1380.14       58.1323       70.8496    
604  8.030      -237.266       181.365      -1381.97       55.2743       69.2199    
605  8.040      -242.924       178.967      -1383.77       52.4681       67.5960    
606  8.050      -247.361       176.518      -1385.55       49.7207       65.9820    
607  8.060      -250.458       174.032      -1387.30       47.0386       64.3822    
608  8.070      -252.101       171.523      -1389.03       44.4282       62.8015    
609  8.080      -252.163       169.005      -1390.73       41.8961       61.2448    
610  8.090      -250.583       166.495      -1392.41       39.4478       59.7169    
611  8.100      -247.243       164.010      -1394.06       37.0888       58.2225    
612  8.110      -242.103       161.568      -1395.69       34.8237       56.7659    
613  8.120      -235.121       159.186      -1397.29       32.6565       55.3508    
614  8.130      -226.268       156.884      -1398.87       30.5907       53.9808    
615  8.140      -215.583       154.679      -1400.43       28.6278       52.6577    
616  8.150      -203.078       152.591      -1401.97       26.7691       51.3834    
617  8.160      -188.880       150.635      -1403.49       25.0141       50.1583    
618  8.170      -173.067       148.829      -1404.98       23.3608       48.9817    
619  8.180      -155.819       147.189      -1406.46       21.8065       47.8526    
620  8.190      -137.311       145.726      -1407.93       20.3467       46.7685    
621  8.200      -117.764       144.454      -1409.38       18.9754       45.7260    
622  8.210      -97.4304       143.380      -1410.82       17.6859       44.7209    
623  8.220      -76.5554       142.512      -1412.25       16.4697       43.7479    
624  8.230      -55.4481       141.853      -1413.67       15.3177       42.8013    
625  8.240      -34.3616       141.404      -1415.09       14.2198       41.8745    
626  8.250      -13.6086       141.164      -1416.50       13.1655       40.9605    
627  8.260       6.54910       141.127      -1417.92       12.1433       40.0515    
628  8.270       25.8333       141.287      -1419.33       11.1424       39.1402    
629  8.280       43.9993       141.634      -1420.74       10.1510       38.2184    
630  8.290       60.8406       142.155      -1422.16       9.15805       37.2785    
631  8.300       76.1292       142.836      -1423.59       8.15311       36.3131    
632  8.310       89.7353       143.662      -1425.02       7.12598       35.3154    
633  8.320       101.534       144.614      -1426.46       6.06759       34.2791    
634  8.330       111.429       145.674      -1427.91       4.96958       33.1989    
635  8.340       119.387       146.823      -1429.38       3.82500       32.0703    
636  8.350       125.430       148.043      -1430.85       2.62799       30.8899    
637  8.360       129.577       149.313      -1432.34       1.37401       29.6555    
638  8.370       131.960       150.616      -1433.84      0.603757E-01   28.3662    
639  8.380       132.664       151.935      -1435.35      -1.31434       27.0224    
640  8.390       131.896       153.254      -1436.88      -2.74983       25.6253    
641  8.400       129.860       154.559      -1438.42      -4.24423       24.1777    
642  8.410       126.741       155.839      -1439.97      -5.79428       22.6827    
643  8.420       122.831       157.085      -1441.53      -7.39517       21.1446    
644  8.430       118.329       158.289      -1443.11      -9.04093       19.5680    
645  8.440       113.547       159.447      -1444.70      -10.7241       17.9582    
646  8.450       108.688       160.558      -1446.30      -12.4365       16.3205    
647  8.460       104.008       161.622      -1447.91      -14.1691       14.6605    
648  8.470       99.7232       162.641      -1449.53      -15.9122       12.9833    
649  8.480       96.0389       163.621      -1451.16      -17.6559       11.2941    
650  8.490       93.1020       164.569      -1452.80      -19.3908       9.59708    
651  8.500       91.0833       165.492      -1454.45      -21.1076       7.89620    
652  8.510       90.0663       166.400      -1456.11      -22.7977       6.19457    
653  8.520       90.1295       167.303      -1457.78      -24.4532       4.49507    
654  8.530       91.3092       168.213      -1459.46      -26.0680       2.79919    
655  8.540       93.6050       169.141      -1461.14      -27.6373       1.10778    
656  8.550       96.9748       170.096      -1462.84      -29.1580     -0.579072    
657  8.560       101.338       171.090      -1464.55      -30.6285      -2.26172    
658  8.570       106.590       172.132      -1466.26      -32.0490      -3.94134    
659  8.580       112.581       173.230      -1467.99      -33.4220      -5.62014    
660  8.590       119.143       174.391      -1469.73      -34.7514      -7.30058    
661  8.600       126.090       175.618      -1471.48      -36.0425      -8.98562    
662  8.610       133.195       176.915      -1473.24      -37.3023      -10.6788    
663  8.620       140.247       178.282      -1475.02      -38.5387      -12.3840    
664  8.630       147.036       179.718      -1476.81      -39.7606      -14.1051    
665  8.640       153.312       181.219      -1478.61      -40.9774      -15.8465    
666  8.650       158.884       182.779      -1480.43      -42.1987      -17.6124    
667  8.660       163.566       184.389      -1482.27      -43.4340      -19.4072    
668  8.670       167.144       186.040      -1484.12      -44.6925      -21.2348    
669  8.680       169.492       187.720      -1485.99      -45.9828      -23.0995    
670  8.690       170.478       189.417      -1487.88      -47.3123      -25.0047    
671  8.700       170.019       191.116      -1489.78      -48.6876      -26.9537    
672  8.710       168.030       192.803      -1491.70      -50.1135      -28.9495    
673  8.720       164.505       194.462      -1493.64      -51.5940      -30.9948    
674  8.730       159.460       196.078      -1495.59      -53.1308      -33.0913    
675  8.740       152.910       197.636      -1497.56      -54.7245      -35.2406    
676  8.750       144.958       199.122      -1499.54      -56.3740      -37.4440    
677  8.760       135.678       200.521      -1501.54      -58.0767      -39.7020    
678  8.770       125.202       201.823      -1503.55      -59.8283      -42.0149    
679  8.780       113.684       203.014      -1505.57      -61.6238      -44.3825    
680  8.790       101.237       204.087      -1507.61      -63.4566      -46.8041    
681  8.800       88.0442       205.031      -1509.65      -65.3197      -49.2790    
682  8.810       74.2409       205.841      -1511.71      -67.2057      -51.8060    
683  8.820       59.9829       206.510      -1513.77      -69.1066      -54.3839    
684  8.830       45.4131       207.036      -1515.84      -71.0147      -57.0109    
685  8.840       30.6256       207.416      -1517.91      -72.9221      -59.6849    
686  8.850       15.7712       207.648      -1519.98      -74.8222      -62.4042    
687  8.860      0.916599       207.731      -1522.06      -76.7089      -65.1665    
688  8.870      -13.8513       207.666      -1524.14      -78.5771      -67.9696    
689  8.880      -28.4737       207.455      -1526.21      -80.4228      -70.8108    
690  8.890      -42.8946       207.099      -1528.28      -82.2432      -73.6877    
691  8.900      -57.0933       206.599      -1530.35      -84.0367      -76.5973    
692  8.910      -71.0386       205.959      -1532.42      -85.8031      -79.5368    
693  8.920      -84.7089       205.181      -1534.47      -87.5429      -82.5027    
694  8.930      -98.1183       204.268      -1536.52      -89.2580      -85.4919    
695  8.940      -111.231       203.221      -1538.55      -90.9508      -88.5004    
696  8.950      -124.070       202.046      -1540.58      -92.6243      -91.5246    
697  8.960      -136.597       200.743      -1542.59      -94.2823      -94.5604    
698  8.970      -148.825       199.317      -1544.59      -95.9283      -97.6032    
699  8.980      -160.705       197.770      -1546.58      -97.5657      -100.648    
700  8.990      -172.220       196.106      -1548.55      -99.1982      -103.691    
701  9.000      -183.311       194.329      -1550.50      -100.828      -106.726    
702  9.010      -193.932       192.444      -1552.43      -102.458      -109.748    
703  9.020      -203.980       190.456      -1554.35      -104.090      -112.750    
704  9.030      -213.407       188.370      -1556.24      -105.722      -115.727    
705  9.040      -222.086       186.195      -1558.11      -107.356      -118.672    
706  9.050      -229.914       183.937      -1559.97      -108.990      -121.580    
707  9.060      -236.777       181.605      -1561.79      -110.620      -124.442    
708  9.070      -242.556       179.211      -1563.60      -112.245      -127.254    
709  9.080      -247.122       176.766      -1565.38      -113.861      -130.007    
710  9.090      -250.357       174.281      -1567.13      -115.462      -132.696    
711  9.100      -252.145       171.772      -1568.86      -117.046      -135.314    
712  9.110      -252.368       169.253      -1570.57      -118.605      -137.854    
713  9.120      -250.943       166.741      -1572.25      -120.136      -140.311    
714  9.130      -247.770       164.251      -1573.90      -121.633      -142.679    
715  9.140      -242.803       161.803      -1575.53      -123.094      -144.954    
716  9.150      -235.986       159.413      -1577.14      -124.512      -147.131    
717  9.160      -227.296       157.102      -1578.72      -125.886      -149.207    
718  9.170      -216.773       154.886      -1580.28      -127.214      -151.180    
719  9.180      -204.432       152.784      -1581.82      -128.492      -153.049    
720  9.190      -190.361       150.815      -1583.34      -129.722      -154.814    
721  9.200      -174.686       148.994      -1584.84      -130.903      -156.477    
722  9.210      -157.549       147.336      -1586.32      -132.036      -158.041    
723  9.220      -139.128       145.856      -1587.79      -133.124      -159.510    
724  9.230      -119.657       144.565      -1589.24      -134.170      -160.889    
725  9.240      -99.3561       143.472      -1590.68      -135.178      -162.187    
726  9.250      -78.5184       142.585      -1592.11      -136.154      -163.409    
727  9.260      -57.3846       141.906      -1593.53      -137.103      -164.567    
728  9.270      -36.2782       141.438      -1594.95      -138.031      -165.670    
729  9.280      -15.4671       141.179      -1596.36      -138.946      -166.728    
730  9.290       4.77548       141.124      -1597.78      -139.856      -167.753    
731  9.300       24.1582       141.267      -1599.19      -140.767      -168.755    
732  9.310       42.4560       141.598      -1600.60      -141.688      -169.747    
733  9.320       59.4181       142.104      -1602.02      -142.626      -170.740    
734  9.330       74.8831       142.772      -1603.45      -143.590      -171.743    
735  9.340       88.6440       143.586      -1604.88      -144.585      -172.768    
736  9.350       100.608       144.528      -1606.32      -145.618      -173.824    
737  9.360       110.687       145.580      -1607.77      -146.695      -174.918    
738  9.370       118.822       146.723      -1609.23      -147.819      -176.058    
739  9.380       125.028       147.937      -1610.71      -148.995      -177.250    
740  9.390       129.343       149.204      -1612.19      -150.224      -178.499    
741  9.400       131.866       150.506      -1613.69      -151.509      -179.808    
742  9.410       132.727       151.825      -1615.20      -152.848       178.823    
743  9.420       132.069       153.145      -1616.73      -154.240       177.392    
744  9.430       130.124       154.452      -1618.27      -155.684       175.902    
745  9.440       127.101       155.735      -1619.82      -157.175       174.357    
746  9.450       123.232       156.985      -1621.38      -158.709       172.760    
747  9.460       118.779       158.193      -1622.96      -160.282       171.117    
748  9.470       114.003       159.356      -1624.55      -161.889       169.437    
749  9.480       109.134       160.471      -1626.14      -163.524       167.726    
750  9.490       104.434       161.539      -1627.75      -165.182       165.995    
751  9.500       100.101       162.562      -1629.37      -166.858       164.252    
752  9.510       96.3585       163.546      -1631.01      -168.546       162.508    
753  9.520       93.3529       164.496      -1632.65      -170.242       160.772    
754  9.530       91.2505       165.421      -1634.29      -171.942       159.053    
755  9.540       90.1455       166.330      -1635.95      -173.644       157.361    
756  9.550       90.1207       167.234      -1637.62      -175.343       155.702    
757  9.560       91.2148       168.144      -1639.30      -177.040       154.084    
758  9.570       93.4095       169.070      -1640.98      -178.731       152.510    
759  9.580       96.7060       170.023      -1642.68       179.582       150.986    
760  9.590       100.995       171.014      -1644.38       177.899       149.511    
761  9.600       106.183       172.052      -1646.10       176.219       148.087    
762  9.610       112.119       173.146      -1647.83       174.540       146.710    
763  9.620       118.660       174.301      -1649.56       172.860       145.377    
764  9.630       125.578       175.524      -1651.31       171.176       144.083    
765  9.640       132.680       176.816      -1653.07       169.483       142.821    
766  9.650       139.766       178.178      -1654.85       167.779       141.583    
767  9.660       146.573       179.610      -1656.64       166.060       140.360    
768  9.670       152.909       181.106      -1658.44       164.320       139.143    
769  9.680       158.557       182.662      -1660.26       162.556       137.922    
770  9.690       163.303       184.269      -1662.10       160.764       136.688    
771  9.700       166.981       185.918      -1663.95       158.939       135.431    
772  9.710       169.444       187.598      -1665.82       157.077       134.143    
773  9.720       170.537       189.294      -1667.70       155.175       132.817    
774  9.730       170.183       190.995      -1669.60       153.230       131.445    
775  9.740       168.337       192.684      -1671.52       151.238       130.023    
776  9.750       164.923       194.346      -1673.46       149.197       128.546    
777  9.760       159.984       195.967      -1675.41       147.104       127.013    
778  9.770       153.561       197.531      -1677.37       144.959       125.424    
779  9.780       145.707       199.024      -1679.36       142.760       123.778    
780  9.790       136.524       200.431      -1681.35       140.507       122.080    
781  9.800       126.142       201.742      -1683.36       138.198       120.331    
782  9.810       114.688       202.943      -1685.39       135.835       118.539    
783  9.820       102.314       204.025      -1687.42       133.418       116.709    
784  9.830       89.1721       204.981      -1689.47       130.947       114.848    
785  9.840       75.4093       205.802      -1691.52       128.424       112.963    
786  9.850       61.1852       206.484      -1693.58       125.851       111.064    
787  9.860       46.6251       207.022      -1695.65       123.228       109.156    
788  9.870       31.8657       207.414      -1697.72       120.558       107.249    
789  9.880       17.0167       207.658      -1699.80       117.842       105.348    
790  9.890       2.14821       207.753      -1701.87       115.084       103.460    
791  9.900      -12.6171       207.701      -1703.95       112.284       101.591    
792  9.910      -27.2426       207.502      -1706.03       109.446       99.7436    
793  9.920      -41.6847       207.158      -1708.10       106.572       97.9213    
794  9.930      -55.9012       206.670      -1710.17       103.665       96.1258    
795  9.940      -69.8547       206.042      -1712.23       100.729       94.3574    
796  9.950      -83.5539       205.276      -1714.29       97.7652       92.6157    
797  9.960      -96.9792       204.374      -1716.33       94.7783       90.8988    
798  9.970      -110.116       203.339      -1718.37       91.7714       89.2043    
799  9.980      -122.986       202.174      -1720.40       88.7485       87.5291    
800  9.990      -135.538       200.882      -1722.42       85.7138       85.8697    
801  10.00      -147.797       199.466      -1724.42       82.6716       84.2226    
