# Mowe_temp                                                                       
# Operating point sequence...
# i     t     dWx ang.acc.  Wx rot.rate   Phi   (bank)  Phi[ 2]       Phi[ 3]      
  1  2.000       68.5262       62.8437      -162.133      -162.133      -162.133    
  2  2.010       62.1166       63.4649      -162.768      -162.768      -162.768    
  3  2.020       55.9762       64.0452      -163.407      -163.407      -163.407    
  4  2.030       49.7691       64.5704      -164.050      -164.050      -164.050    
  5  2.040       44.0078       65.0388      -164.698      -164.698      -164.698    
  6  2.050       38.6755       65.4528      -165.350      -165.350      -165.350    
  7  2.060       33.8983       65.8168      -166.007      -166.007      -166.007    
  8  2.070       29.8159       66.1369      -166.666      -166.666      -166.666    
  9  2.080       26.5053       66.4203      -167.329      -167.329      -167.329    
 10  2.090       24.0540       66.6751      -167.994      -167.994      -167.994    
 11  2.100       22.5235       66.9102      -168.662      -168.662      -168.662    
 12  2.110       21.9447       67.1348      -169.332      -169.332      -169.332    
 13  2.120       22.3388       67.3587      -170.005      -170.005      -170.005    
 14  2.130       23.7058       67.5913      -170.680      -170.680      -170.680    
 15  2.140       25.9962       67.8421      -171.357      -171.357      -171.357    
 16  2.150       29.1893       68.1204      -172.037      -172.037      -172.037    
 17  2.160       33.1993       68.4344      -172.719      -172.719      -172.719    
 18  2.170       37.9253       68.7919      -173.406      -173.406      -173.406    
 19  2.180       43.2976       69.1998      -174.096      -174.096      -174.096    
 20  2.190       49.1630       69.6635      -174.790      -174.790      -174.790    
 21  2.200       55.4348       70.1876      -175.489      -175.489      -175.489    
 22  2.210       61.9452       70.7752      -176.194      -176.194      -176.194    
 23  2.220       68.5940       71.4284      -176.906      -176.906      -176.906    
 24  2.230       75.2097       72.1475      -177.624      -177.624      -177.624    
 25  2.240       81.7157       72.9320      -178.349      -178.349      -178.349    
 26  2.250       87.9325       73.7797      -179.083      -179.083      -179.083    
 27  2.260       93.7815       74.6875      -179.825      -179.825      -179.825    
 28  2.270       99.1594       75.6512      -180.577       179.423       179.423    
 29  2.280       103.965       76.6655      -181.339       178.661       178.661    
 30  2.290       108.128       77.7244      -182.111       177.889       177.889    
 31  2.300       111.609       78.8215      -182.894       177.106       177.106    
 32  2.310       114.344       79.9494      -183.688       176.312       176.312    
 33  2.320       116.349       81.1011      -184.493       175.507       175.507    
 34  2.330       117.570       82.2688      -185.310       174.690       174.690    
 35  2.340       118.086       83.4452      -186.139       173.861       173.861    
 36  2.350       117.880       84.6233      -186.979       173.021       173.021    
 37  2.360       117.035       85.7962      -187.831       172.169       172.169    
 38  2.370       115.604       86.9578      -188.695       171.305       171.305    
 39  2.380       113.677       88.1029      -189.570       170.430       170.430    
 40  2.390       111.319       89.2267      -190.457       169.543       169.543    
 41  2.400       108.658       90.3257      -191.354       168.646       168.646    
 42  2.410       105.782       91.3972      -192.263       167.737       167.737    
 43  2.420       102.784       92.4396      -193.182       166.818       166.818    
 44  2.430       99.7956       93.4524      -194.111       165.889       165.889    
 45  2.440       96.8954       94.4359      -195.051       164.949       164.949    
 46  2.450       94.1852       95.3917      -196.000       164.000       164.000    
 47  2.460       91.7622       96.3220      -196.958       163.042       163.042    
 48  2.470       89.6832       97.2300      -197.926       162.074       162.074    
 49  2.480       88.0200       98.1195      -198.903       161.097       161.097    
 50  2.490       86.8215       98.9948      -199.888       160.112       160.112    
 51  2.500       86.1465       99.8608      -200.882       159.118       159.118    
 52  2.510       85.9760       100.723      -201.885       158.115       158.115    
 53  2.520       86.3212       101.585      -202.897       157.103       157.103    
 54  2.530       87.2113       102.454      -203.917       156.083       156.083    
 55  2.540       88.5726       103.335      -204.946       155.054       155.054    
 56  2.550       90.3937       104.231      -205.984       154.016       154.016    
 57  2.560       92.6060       105.147      -207.031       152.969       152.969    
 58  2.570       95.1639       106.086      -208.087       151.913       151.913    
 59  2.580       97.9871       107.053      -209.153       150.847       150.847    
 60  2.590       100.997       108.048      -210.228       149.772       149.772    
 61  2.600       104.108       109.074      -211.314       148.686       148.686    
 62  2.610       107.242       110.131      -212.410       147.590       147.590    
 63  2.620       110.298       111.219      -213.517       146.483       146.483    
 64  2.630       113.200       112.336      -214.635       145.365       145.365    
 65  2.640       115.871       113.481      -215.764       144.236       144.236    
 66  2.650       118.213       114.651      -216.904       143.096       143.096    
 67  2.660       120.177       115.842      -218.057       141.943       141.943    
 68  2.670       121.685       117.050      -219.221       140.779       140.779    
 69  2.680       122.694       118.271      -220.398       139.602       139.602    
 70  2.690       123.151       119.499      -221.587       138.413       138.413    
 71  2.700       123.045       120.728      -222.788       137.212       137.212    
 72  2.710       122.336       121.954      -224.001       135.999       135.999    
 73  2.720       121.023       123.169      -225.227       134.773       134.773    
 74  2.730       119.103       124.368      -226.465       133.535       133.535    
 75  2.740       116.610       125.545      -227.714       132.286       132.286    
 76  2.750       113.534       126.694      -228.975       131.025       131.025    
 77  2.760       109.936       127.810      -230.248       129.752       129.752    
 78  2.770       105.849       128.888      -231.531       128.469       128.469    
 79  2.780       101.298       129.922      -232.825       127.175       127.175    
 80  2.790       96.3426       130.910      -234.129       125.871       125.871    
 81  2.800       91.0489       131.846      -235.443       124.557       124.557    
 82  2.810       85.4298       132.727      -236.765       123.235       123.235    
 83  2.820       79.5691       133.551      -238.097       121.903       121.903    
 84  2.830       73.4990       134.316      -239.436       120.564       120.564    
 85  2.840       67.2648       135.020      -240.782       119.218       119.218    
 86  2.850       60.9049       135.660      -242.136       117.864       117.864    
 87  2.860       54.4435       136.236      -243.495       116.505       116.505    
 88  2.870       47.9228       136.748      -244.860       115.140       115.140    
 89  2.880       41.3568       137.194      -246.229       113.771       113.771    
 90  2.890       34.7479       137.575      -247.603       112.397       112.397    
 91  2.900       28.1196       137.889      -248.980       111.020       111.020    
 92  2.910       21.4583       138.137      -250.360       109.640       109.640    
 93  2.920       14.7615       138.318      -251.742       108.258       108.258    
 94  2.930       8.02219       138.432      -253.126       106.874       106.874    
 95  2.940       1.20820       138.478      -254.510       105.490       105.490    
 96  2.950      -5.67648       138.455      -255.894       104.106       104.106    
 97  2.960      -12.6874       138.363      -257.278       102.722       102.722    
 98  2.970      -19.8189       138.200      -258.661       101.339       101.339    
 99  2.980      -27.1283       137.965      -260.042       99.9584       99.9584    
100  2.990      -34.6176       137.656      -261.420       98.5804       98.5804    
101  3.000      -42.3346       137.271      -262.794       97.2060       97.2060    
102  3.010      -50.2812       136.807      -264.164       95.8358       95.8358    
103  3.020      -58.5011       136.262      -265.529       94.4707       94.4707    
104  3.030      -66.9915       135.634      -266.889       93.1114       93.1114    
105  3.040      -75.7804       134.920      -268.241       91.7589       91.7589    
106  3.050      -84.8599       134.116      -269.586       90.4139       90.4139    
107  3.060      -94.2463       133.220      -270.923       89.0775       89.0775    
108  3.070      -103.916       132.228      -272.250       87.7505       87.7505    
109  3.080      -113.868       131.138      -273.566       86.4339       86.4339    
110  3.090      -124.073       129.948      -274.871       85.1287       85.1287    
111  3.100      -134.507       128.654      -276.164       83.8360       83.8360    
112  3.110      -145.124       127.256      -277.443       82.5567       82.5567    
113  3.120      -155.888       125.750      -278.708       81.2920       81.2920    
114  3.130      -166.736       124.137      -279.957       80.0428       80.0428    
115  3.140      -177.614       122.415      -281.190       78.8103       78.8103    
116  3.150      -188.448       120.585      -282.404       77.5956       77.5956    
117  3.160      -199.165       118.647      -283.600       76.3998       76.3998    
118  3.170      -209.685       116.603      -284.776       75.2238       75.2238    
119  3.180      -219.917       114.456      -285.931       74.0688       74.0688    
120  3.190      -229.771       112.208      -287.064       72.9358       72.9358    
121  3.200      -239.152       109.864      -288.174       71.8257       71.8257    
122  3.210      -247.964       107.430      -289.261       70.7394       70.7394    
123  3.220      -256.106       104.911      -290.322       69.6780       69.6780    
124  3.230      -263.473       102.315      -291.358       68.6421       68.6421    
125  3.240      -269.977       99.6501      -292.368       67.6324       67.6324    
126  3.250      -275.515       96.9249      -293.350       66.6497       66.6497    
127  3.260      -279.988       94.1499      -294.306       65.6945       65.6945    
128  3.270      -283.313       91.3362      -295.233       64.7671       64.7671    
129  3.280      -285.409       88.4955      -296.132       63.8680       63.8680    
130  3.290      -286.187       85.6407      -297.003       62.9974       62.9974    
131  3.300      -285.592       82.7852      -297.845       62.1553       62.1553    
132  3.310      -283.552       79.9430      -298.658       61.3416       61.3416    
133  3.320      -280.038       77.1287      -299.444       60.5562       60.5562    
134  3.330      -275.007       74.3572      -300.201       59.7987       59.7987    
135  3.340      -268.458       71.6436      -300.931       59.0686       59.0686    
136  3.350      -260.389       69.0032      -301.635       58.3652       58.3652    
137  3.360      -250.832       66.4508      -302.312       57.6878       57.6878    
138  3.370      -239.833       64.0011      -302.965       57.0353       57.0353    
139  3.380      -227.480       61.6680      -303.593       56.4067       56.4067    
140  3.390      -213.845       59.4647      -304.199       55.8008       55.8008    
141  3.400      -199.076       57.4031      -304.784       55.2161       55.2161    
142  3.410      -183.295       55.4939      -305.349       54.6512       54.6512    
143  3.420      -166.672       53.7464      -305.895       54.1046       54.1046    
144  3.430      -149.369       52.1681      -306.425       53.5747       53.5747    
145  3.440      -131.586       50.7647      -306.940       53.0596       53.0596    
146  3.450      -113.517       49.5402      -307.442       52.5577       52.5577    
147  3.460      -95.3520       48.4963      -307.933       52.0671       52.0671    
148  3.470      -77.3176       47.6329      -308.414       51.5860       51.5860    
149  3.480      -59.5868       46.9478      -308.887       51.1126       51.1126    
150  3.490      -42.3689       46.4370      -309.355       50.6453       50.6453    
151  3.500      -25.8635       46.0943      -309.818       50.1822       50.1822    
152  3.510      -10.2065       45.9121      -310.278       49.7218       49.7218    
153  3.520       4.38957       45.8806      -310.738       49.2625       49.2625    
154  3.530       17.8192       45.9889      -311.197       48.8028       48.8028    
155  3.540       29.9311       46.2245      -311.659       48.3414       48.3414    
156  3.550       40.6141       46.5738      -312.123       47.8771       47.8771    
157  3.560       49.8037       47.0223      -312.591       47.4088       47.4088    
158  3.570       57.3949       47.5544      -313.064       46.9357       46.9357    
159  3.580       63.3899       48.1543      -313.543       46.4570       46.4570    
160  3.590       67.7260       48.8058      -314.028       45.9720       45.9720    
161  3.600       70.4400       49.4926      -314.520       45.4804       45.4804    
162  3.610       71.5470       50.1985      -315.018       44.9819       44.9819    
163  3.620       71.0976       50.9078      -315.524       44.4764       44.4764    
164  3.630       69.1843       51.6054      -316.036       43.9638       43.9638    
165  3.640       65.8942       52.2773      -316.556       43.4445       43.4445    
166  3.650       61.3425       52.9102      -317.081       42.9187       42.9187    
167  3.660       55.6804       53.4923      -317.613       42.3868       42.3868    
168  3.670       49.0580       54.0135      -318.151       41.8494       41.8494    
169  3.680       41.6294       54.4647      -318.693       41.3073       41.3073    
170  3.690       33.5809       54.8390      -319.239       40.7609       40.7609    
171  3.700       25.1000       55.1311      -319.789       40.2113       40.2113    
172  3.710       16.3535       55.3374      -320.341       39.6592       39.6592    
173  3.720       7.55163       55.4566      -320.895       39.1054       39.1054    
174  3.730      -1.14723       55.4886      -321.449       38.5509       38.5509    
175  3.740      -9.55786       55.4356      -322.003       37.9965       37.9965    
176  3.750      -17.5048       55.3012      -322.557       37.4431       37.4431    
177  3.760      -24.8449       55.0908      -323.109       36.8913       36.8913    
178  3.770      -31.4306       54.8111      -323.658       36.3420       36.3420    
179  3.780      -37.1330       54.4703      -324.204       35.7958       35.7958    
180  3.790      -41.8439       54.0778      -324.747       35.2532       35.2532    
181  3.800      -45.4922       53.6437      -325.285       34.7147       34.7147    
182  3.810      -47.9639       53.1792      -325.819       34.1807       34.1807    
183  3.820      -49.2648       52.6959      -326.349       33.6514       33.6514    
184  3.830      -49.3338       52.2060      -326.873       33.1270       33.1270    
185  3.840      -48.1760       51.7215      -327.393       32.6074       32.6074    
186  3.850      -45.8303       51.2544      -327.908       32.0925       32.0925    
187  3.860      -42.3249       50.8166      -328.418       31.5821       31.5821    
188  3.870      -37.7275       50.4191      -328.924       31.0758       31.0758    
189  3.880      -32.1442       50.0723      -329.427       30.5733       30.5733    
190  3.890      -25.6668       49.7856      -329.926       30.0739       30.0739    
191  3.900      -18.4238       49.5672      -330.423       29.5770       29.5770    
192  3.910      -10.5674       49.4240      -330.918       29.0818       29.0818    
193  3.920      -2.21317       49.3615      -331.412       28.5877       28.5877    
194  3.930       6.43467       49.3835      -331.906       28.0938       28.0938    
195  3.940       15.2669       49.4927      -332.401       27.5992       27.5992    
196  3.950       24.0934       49.6897      -332.897       27.1031       27.1031    
197  3.960       32.7642       49.9738      -333.395       26.6046       26.6046    
198  3.970       41.1482       50.3428      -333.897       26.1028       26.1028    
199  3.980       49.0915       50.7931      -334.403       25.5969       25.5969    
200  3.990       56.4658       51.3196      -334.914       25.0862       25.0862    
201  4.000       63.1799       51.9163      -335.430       24.5698       24.5698    
202  4.010       69.1219       52.5760      -335.953       24.0472       24.0472    
203  4.020       74.2169       53.2907      -336.482       23.5177       23.5177    
204  4.030       78.4290       54.0518      -337.019       22.9808       22.9808    
205  4.040       81.6749       54.8501      -337.564       22.4362       22.4362    
206  4.050       83.9827       55.6760      -338.116       21.8835       21.8835    
207  4.060       85.3364       56.5203      -338.678       21.3224       21.3224    
208  4.070       85.7575       57.3734      -339.247       20.7529       20.7529    
209  4.080       85.2930       58.2264      -339.825       20.1749       20.1749    
210  4.090       83.9983       59.0708      -340.412       19.5884       19.5884    
211  4.100       81.9581       59.8986      -341.006       18.9936       18.9936    
212  4.110       79.2460       60.7029      -341.609       18.3906       18.3906    
213  4.120       75.9864       61.4776      -342.220       17.7798       17.7798    
214  4.130       72.2848       62.2177      -342.839       17.1614       17.1614    
215  4.140       68.2443       62.9194      -343.464       16.5358       16.5358    
216  4.150       64.0149       63.5801      -344.097       15.9034       15.9034    
217  4.160       59.7169       64.1984      -344.735       15.2646       15.2646    
218  4.170       55.4440       64.7742      -345.380       14.6199       14.6199    
219  4.180       51.3714       65.3086      -346.030       13.9696       13.9696    
220  4.190       47.5536       65.8037      -346.686       13.3141       13.3141    
221  4.200       44.1570       66.2632      -347.346       12.6538       12.6538    
222  4.210       41.2037       66.6910      -348.011       11.9891       11.9891    
223  4.220       38.8548       67.0927      -348.680       11.3202       11.3202    
224  4.230       37.1120       67.4740      -349.353       10.6474       10.6474    
225  4.240       36.0436       67.8414      -350.029       9.97081       9.97081    
226  4.250       35.7101       68.2019      -350.709       9.29058       9.29058    
227  4.260       36.1020       68.5628      -351.393       8.60674       8.60674    
228  4.270       37.2121       68.9311      -352.081       7.91924       7.91924    
229  4.280       39.0527       69.3143      -352.772       7.22797       7.22797    
230  4.290       41.5650       69.7191      -353.467       6.53274       6.53274    
231  4.300       44.6944       70.1520      -354.167       5.83330       5.83330    
232  4.310       48.4116       70.6191      -354.871       5.12935       5.12935    
233  4.320       52.5920       71.1254      -355.579       4.42054       4.42054    
234  4.330       57.2056       71.6755      -356.294       3.70641       3.70641    
235  4.340       62.1044       72.2730      -357.013       2.98656       2.98656    
236  4.350       67.2288       72.9203      -357.740       2.26048       2.26048    
237  4.360       72.4519       73.6191      -358.472       1.52766       1.52766    
238  4.370       77.6991       74.3700      -359.212      0.787565      0.787565    
239  4.380       82.8466       75.1727      -359.960      0.397144E-01  0.397144E-01
240  4.390       87.8097       76.0256      -360.716     -0.716442     -0.716442    
241  4.400       92.4953       76.9266      -361.481      -1.48134      -1.48134    
242  4.410       96.8479       77.8726      -362.255      -2.25548      -2.25548    
243  4.420       100.764       78.8597      -363.039      -3.03925      -3.03925    
244  4.430       104.204       79.8834      -363.833      -3.83308      -3.83308    
245  4.440       107.136       80.9389      -364.637      -4.63733      -4.63733    
246  4.450       109.501       82.0208      -365.452      -5.45222      -5.45222    
247  4.460       111.320       83.1236      -366.278      -6.27799      -6.27799    
248  4.470       112.552       84.2415      -367.115      -7.11485      -7.11485    
249  4.480       113.247       85.3692      -367.963      -7.96295      -7.96295    
250  4.490       113.402       86.5011      -368.822      -8.82232      -8.82232    
251  4.500       113.078       87.6323      -369.693      -9.69303      -9.69303    
252  4.510       112.303       88.7580      -370.575      -10.5750      -10.5750    
253  4.520       111.154       89.8743      -371.468      -11.4682      -11.4682    
254  4.530       109.681       90.9776      -372.372      -12.3724      -12.3724    
255  4.540       107.976       92.0653      -373.288      -13.2876      -13.2876    
256  4.550       106.094       93.1351      -374.214      -14.2136      -14.2136    
257  4.560       104.116       94.1859      -375.150      -15.1502      -15.1502    
258  4.570       102.141       95.2170      -376.097      -16.0971      -16.0971    
259  4.580       100.201       96.2288      -377.054      -17.0543      -17.0543    
260  4.590       98.4103       97.2221      -378.022      -18.0216      -18.0216    
261  4.600       96.7937       98.1986      -378.999      -18.9987      -18.9987    
262  4.610       95.4317       99.1603      -379.985      -19.9855      -19.9855    
263  4.620       94.3470       100.110      -380.982      -20.9818      -20.9818    
264  4.630       93.6105       101.050      -381.988      -21.9876      -21.9876    
265  4.640       93.1971       101.985      -383.003      -23.0028      -23.0028    
266  4.650       93.1618       102.918      -384.027      -24.0273      -24.0273    
267  4.660       93.5010       103.852      -385.061      -25.0612      -25.0612    
268  4.670       94.1713       104.791      -386.104      -26.1045      -26.1045    
269  4.680       95.1955       105.739      -387.157      -27.1572      -27.1572    
270  4.690       96.5248       106.699      -388.219      -28.2194      -28.2194    
271  4.700       98.1064       107.673      -389.291      -29.2914      -29.2914    
272  4.710       99.9134       108.663      -390.373      -30.3731      -30.3731    
273  4.720       101.893       109.673      -391.465      -31.4648      -31.4648    
274  4.730       103.967       110.702      -392.567      -32.5668      -32.5668    
275  4.740       106.075       111.753      -393.679      -33.6791      -33.6791    
276  4.750       108.163       112.824      -394.802      -34.8021      -34.8021    
277  4.760       110.170       113.916      -395.936      -35.9358      -35.9358    
278  4.770       112.001       115.026      -397.081      -37.0806      -37.0806    
279  4.780       113.631       116.154      -398.237      -38.2366      -38.2366    
280  4.790       114.970       117.296      -399.404      -39.4039      -39.4039    
281  4.800       115.986       118.450      -400.583      -40.5827      -40.5827    
282  4.810       116.621       119.613      -401.773      -41.7730      -41.7730    
283  4.820       116.838       120.779      -402.975      -42.9750      -42.9750    
284  4.830       116.589       121.945      -404.189      -44.1887      -44.1887    
285  4.840       115.890       123.106      -405.414      -45.4140      -45.4140    
286  4.850       114.675       124.258      -406.651      -46.6508      -46.6508    
287  4.860       112.976       125.395      -407.899      -47.8990      -47.8990    
288  4.870       110.764       126.512      -409.159      -49.1585      -49.1585    
289  4.880       108.062       127.605      -410.429      -50.4291      -50.4291    
290  4.890       104.893       128.669      -411.710      -51.7104      -51.7104    
291  4.900       101.241       129.698      -413.002      -53.0022      -53.0022    
292  4.910       97.1893       130.690      -414.304      -54.3041      -54.3041    
293  4.920       92.6988       131.638      -415.616      -55.6157      -55.6157    
294  4.930       87.8547       132.540      -416.936      -56.9365      -56.9365    
295  4.940       82.6658       133.391      -418.266      -58.2660      -58.2660    
296  4.950       77.1799       134.190      -419.604      -59.6038      -59.6038    
297  4.960       71.3920       134.932      -420.949      -60.9493      -60.9493    
298  4.970       65.4040       135.615      -422.302      -62.3020      -62.3020    
299  4.980       59.1643       136.238      -423.661      -63.6611      -63.6611    
300  4.990       52.7619       136.797      -425.026      -65.0261      -65.0261    
301  5.000       46.1697       137.291      -426.396      -66.3964      -66.3964    
302  5.010       39.4411       137.719      -427.771      -67.7713      -67.7713    
303  5.020       32.5748       138.078      -429.150      -69.1502      -69.1502    
304  5.030       25.5673       138.369      -430.532      -70.5322      -70.5322    
305  5.040       18.4467       138.589      -431.917      -71.9169      -71.9169    
306  5.050       11.1796       138.736      -433.303      -73.3033      -73.3033    
307  5.060       3.79027       138.811      -434.691      -74.6909      -74.6909    
308  5.070      -3.74730       138.811      -436.079      -76.0788      -76.0788    
309  5.080      -11.4321       138.735      -437.466      -77.4664      -77.4664    
310  5.090      -19.2955       138.580      -438.853      -78.8528      -78.8528    
311  5.100      -27.3353       138.347      -440.237      -80.2373      -80.2373    
312  5.110      -35.5719       138.032      -441.619      -81.6190      -81.6190    
313  5.120      -44.0210       137.633      -442.997      -82.9971      -82.9971    
314  5.130      -52.6985       137.149      -444.371      -84.3709      -84.3709    
315  5.140      -61.6113       136.577      -445.739      -85.7393      -85.7393    
316  5.150      -70.7718       135.914      -447.102      -87.1016      -87.1016    
317  5.160      -80.1703       135.159      -448.457      -88.4567      -88.4567    
318  5.170      -89.8290       134.309      -449.804      -89.8039      -89.8039    
319  5.180      -99.7237       133.360      -451.142      -91.1421      -91.1421    
320  5.190      -109.853       132.312      -452.470      -92.4703      -92.4703    
321  5.200      -120.191       131.161      -453.787      -93.7874      -93.7874    
322  5.210      -130.723       129.906      -455.093      -95.0925      -95.0925    
323  5.220      -141.402       128.545      -456.385      -96.3846      -96.3846    
324  5.230      -152.205       127.076      -457.662      -97.6624      -97.6624    
325  5.240      -163.074       125.500      -458.925      -98.9251      -98.9251    
326  5.250      -173.958       123.814      -460.171      -100.171      -100.171    
327  5.260      -184.798       122.021      -461.400      -101.400      -101.400    
328  5.270      -195.527       120.119      -462.611      -102.611      -102.611    
329  5.280      -206.065       118.111      -463.802      -103.802      -103.802    
330  5.290      -216.336       116.000      -464.972      -104.972      -104.972    
331  5.300      -226.256       113.788      -466.121      -106.121      -106.121    
332  5.310      -235.737       111.479      -467.247      -107.247      -107.247    
333  5.320      -244.678       109.078      -468.349      -108.349      -108.349    
334  5.330      -252.998       106.591      -469.428      -109.428      -109.428    
335  5.340      -260.590       104.025      -470.480      -110.480      -110.480    
336  5.350      -267.368       101.387      -471.507      -111.507      -111.507    
337  5.360      -273.225       98.6857      -472.508      -112.508      -112.508    
338  5.370      -278.087       95.9315      -473.481      -113.481      -113.481    
339  5.380      -281.843       93.1344      -474.426      -114.426      -114.426    
340  5.390      -284.428       90.3058      -475.343      -115.343      -115.343    
341  5.400      -285.758       87.4579      -476.232      -116.232      -116.232    
342  5.410      -285.751       84.6035      -477.092      -117.092      -117.092    
343  5.420      -284.371       81.7562      -477.924      -117.924      -117.924    
344  5.430      -281.549       78.9300      -478.727      -118.727      -118.727    
345  5.440      -277.253       76.1396      -479.503      -119.503      -119.503    
346  5.450      -271.463       73.3996      -480.250      -120.250      -120.250    
347  5.460      -264.197       70.7250      -480.971      -120.971      -120.971    
348  5.470      -255.431       68.1305      -481.666      -121.666      -121.666    
349  5.480      -245.240       65.6307      -482.335      -122.335      -122.335    
350  5.490      -233.680       63.2395      -482.979      -122.979      -122.979    
351  5.500      -220.806       60.9704      -483.601      -123.601      -123.601    
352  5.510      -206.765       58.8356      -484.200      -124.200      -124.200    
353  5.520      -191.653       56.8462      -484.779      -124.779      -124.779    
354  5.530      -175.635       55.0122      -485.339      -125.339      -125.339    
355  5.540      -158.859       53.3418      -485.881      -125.881      -125.881    
356  5.550      -141.520       51.8415      -486.407      -126.407      -126.407    
357  5.560      -123.783       50.5161      -486.919      -126.919      -126.919    
358  5.570      -105.870       49.3685      -487.419      -127.419      -127.419    
359  5.580      -87.9538       48.3996      -487.908      -127.908      -127.908    
360  5.590      -70.2411       47.6084      -488.389      -128.389      -128.389    
361  5.600      -52.9434       46.9917      -488.862      -128.862      -128.862    
362  5.610      -36.2112       46.5447      -489.331      -129.330      -129.330    
363  5.620      -20.2701       46.2605      -489.795      -129.795      -129.795    
364  5.630      -5.23683       46.1309      -490.257      -130.257      -130.257    
365  5.640       8.68981       46.1456      -490.719      -130.719      -130.719    
366  5.650       21.4065       46.2933      -491.182      -131.182      -131.182    
367  5.660       32.7864       46.5611      -491.646      -131.646      -131.646    
368  5.670       42.7100       46.9351      -492.114      -132.114      -132.114    
369  5.680       51.1429       47.4007      -492.586      -132.586      -132.586    
370  5.690       57.9844       47.9425      -493.063      -133.063      -133.063    
371  5.700       63.2281       48.5446      -493.545      -133.545      -133.545    
372  5.710       66.8669       49.1911      -494.034      -134.034      -134.034    
373  5.720       68.9074       49.8660      -494.529      -134.529      -134.529    
374  5.730       69.3813       50.5535      -495.032      -135.032      -135.032    
375  5.740       68.3715       51.2385      -495.541      -135.541      -135.541    
376  5.750       65.9549       51.9065      -496.056      -136.056      -136.056    
377  5.760       62.2275       52.5441      -496.579      -136.579      -136.579    
378  5.770       57.3223       53.1387      -497.107      -137.107      -137.107    
379  5.780       51.3858       53.6795      -497.641      -137.641      -137.641    
380  5.790       44.5669       54.1569      -498.180      -138.180      -138.180    
381  5.800       37.0358       54.5630      -498.723      -138.723      -138.723    
382  5.810       28.9612       54.8914      -499.271      -139.271      -139.271    
383  5.820       20.5366       55.1378      -499.821      -139.821      -139.821    
384  5.830       11.9286       55.2994      -500.373      -140.373      -140.373    
385  5.840       3.33266       55.3755      -500.926      -140.926      -140.926    
386  5.850      -5.08531       55.3670      -501.479      -141.479      -141.479    
387  5.860      -13.1537       55.2765      -502.032      -142.032      -142.032    
388  5.870      -20.6981       55.1083      -502.584      -142.584      -142.584    
389  5.880      -27.5999       54.8682      -503.134      -143.134      -143.134    
390  5.890      -33.7030       54.5635      -503.681      -143.681      -143.681    
391  5.900      -38.8951       54.2026      -504.224      -144.224      -144.224    
392  5.910      -43.0681       53.7952      -504.764      -144.764      -144.764    
393  5.920      -46.1666       53.3516      -505.300      -145.300      -145.300    
394  5.930      -48.1042       52.8831      -505.831      -145.831      -145.831    
395  5.940      -48.8601       52.4011      -506.358      -146.357      -146.357    
396  5.950      -48.4121       51.9177      -506.879      -146.879      -146.879    
397  5.960      -46.7580       51.4449      -507.396      -147.396      -147.396    
398  5.970      -43.9677       50.9941      -507.908      -147.908      -147.908    
399  5.980      -40.0371       50.5770      -508.416      -148.416      -148.416    
400  5.990      -35.0942       50.2040      -508.920      -148.920      -148.920    
401  6.000      -29.2071       49.8849      -509.421      -149.421      -149.421    
402  6.010      -22.4865       49.6286      -509.918      -149.918      -149.918    
403  6.020      -15.0836       49.4426      -510.414      -150.414      -150.414    
404  6.030      -7.11566       49.3332      -510.908      -150.908      -150.908    
405  6.040       1.25601       49.3051      -511.401      -151.401      -151.401    
406  6.050       9.88174       49.3616      -511.895      -151.895      -151.895    
407  6.060       18.5992       49.5044      -512.390      -152.390      -152.390    
408  6.070       27.2667       49.7338      -512.886      -152.886      -152.886    
409  6.080       35.7154       50.0484      -513.385      -153.385      -153.385    
410  6.090       43.8258       50.4455      -513.888      -153.888      -153.888    
411  6.100       51.4472       50.9208      -514.395      -154.395      -154.395    
412  6.110       58.4797       51.4691      -514.907      -154.907      -154.907    
413  6.120       64.8035       52.0839      -515.425      -155.425      -155.425    
414  6.130       70.3408       52.7578      -515.949      -155.949      -155.949    
415  6.140       75.0333       53.4827      -516.481      -156.481      -156.481    
416  6.150       78.8017       54.2496      -517.020      -157.020      -157.020    
417  6.160       81.6673       55.0498      -517.566      -157.566      -157.566    
418  6.170       83.5564       55.8735      -518.121      -158.121      -158.121    
419  6.180       84.5469       56.7118      -518.684      -158.684      -158.684    
420  6.190       84.6113       57.5553      -519.255      -159.255      -159.255    
421  6.200       83.8435       58.3954      -519.835      -159.835      -159.835    
422  6.210       82.2758       59.2240      -520.423      -160.423      -160.423    
423  6.220       80.0059       60.0335      -521.019      -161.019      -161.019    
424  6.230       77.1318       60.8176      -521.624      -161.624      -161.624    
425  6.240       73.7422       61.5706      -522.236      -162.236      -162.236    
426  6.250       69.9787       62.2881      -522.855      -162.855      -162.855    
427  6.260       65.9278       62.9668      -523.481      -163.481      -163.481    
428  6.270       61.7318       63.6046      -524.114      -164.114      -164.114    
429  6.280       57.5239       64.2007      -524.753      -164.753      -164.753    
430  6.290       53.3969       64.7554      -525.397      -165.397      -165.397    
431  6.300       49.5090       65.2704      -526.047      -166.047      -166.047    
432  6.310       45.9079       65.7481      -526.702      -166.702      -166.702    
433  6.320       42.7545       66.1924      -527.362      -167.362      -167.362    
434  6.330       40.1096       66.6079      -528.026      -168.026      -168.026    
435  6.340       38.0354       66.9999      -528.694      -168.694      -168.694    
436  6.350       36.6145       67.3747      -529.366      -169.366      -169.366    
437  6.360       35.8688       67.7388      -530.041      -170.041      -170.041    
438  6.370       35.8439       68.0991      -530.721      -170.721      -170.721    
439  6.380       36.5433       68.4628      -531.403      -171.403      -171.403    
440  6.390       37.9518       68.8371      -532.090      -172.090      -172.090    
441  6.400       40.0450       69.2288      -532.780      -172.780      -172.780    
442  6.410       42.7952       69.6447      -533.475      -173.475      -173.475    
443  6.420       46.1363       70.0909      -534.173      -174.173      -174.173    
444  6.430       50.0106       70.5731      -534.877      -174.877      -174.877    
445  6.440       54.3244       71.0960      -535.585      -175.585      -175.585    
446  6.450       59.0019       71.6636      -536.299      -176.299      -176.299    
447  6.460       63.9488       72.2792      -537.019      -177.019      -177.019    
448  6.470       69.0601       72.9447      -537.745      -177.745      -177.745    
449  6.480       74.2457       73.6616      -538.479      -178.479      -178.479    
450  6.490       79.3881       74.4298      -539.219      -179.219      -179.219    
451  6.500       84.4102       75.2486      -539.968      -179.968      -179.968    
452  6.510       89.2207       76.1164      -540.725       179.275       179.275    
453  6.520       93.7148       77.0304      -541.490       178.510       178.510    
454  6.530       97.8447       77.9874      -542.266       177.734       177.734    
455  6.540       101.533       78.9833      -543.051       176.949       176.949    
456  6.550       104.743       80.0136      -543.846       176.154       176.154    
457  6.560       107.421       81.0731      -544.651       175.349       175.349    
458  6.570       109.539       82.1566      -545.468       174.532       174.532    
459  6.580       111.124       83.2586      -546.295       173.705       173.705    
460  6.590       112.140       84.3736      -547.133       172.867       172.867    
461  6.600       112.619       85.4960      -547.982       172.018       172.018    
462  6.610       112.600       86.6209      -548.843       171.157       171.157    
463  6.620       112.110       87.7432      -549.715       170.285       170.285    
464  6.630       111.232       88.8589      -550.598       169.402       169.402    
465  6.640       109.971       89.9640      -551.492       168.508       168.508    
466  6.650       108.463       91.0554      -552.397       167.603       167.603    
467  6.660       106.721       92.1307      -553.313       166.687       166.687    
468  6.670       104.862       93.1883      -554.240       165.760       165.760    
469  6.680       102.937       94.2270      -555.177       164.823       164.823    
470  6.690       101.034       95.2469      -556.124       163.876       163.876    
471  6.700       99.2056       96.2482      -557.081       162.919       162.919    
472  6.710       97.5527       97.2323      -558.049       161.951       161.951    
473  6.720       96.0902       98.2010      -559.026       160.974       160.974    
474  6.730       94.8866       99.1565      -560.013       159.987       159.987    
475  6.740       94.0053       100.102      -561.009       158.991       158.991    
476  6.750       93.4389       101.040      -562.015       157.985       157.985    
477  6.760       93.2278       101.974      -563.030       156.970       156.970    
478  6.770       93.3810       102.908      -564.054       155.946       155.946    
479  6.780       93.8901       103.845      -565.088       154.912       154.912    
480  6.790       94.7280       104.789      -566.131       153.869       153.869    
481  6.800       95.9097       105.743      -567.184       152.816       152.816    
482  6.810       97.3579       106.710      -568.246       151.754       151.754    
483  6.820       99.0501       107.693      -569.318       150.682       150.682    
484  6.830       100.941       108.693      -570.400       149.600       149.600    
485  6.840       102.962       109.713      -571.493       148.507       148.507    
486  6.850       105.063       110.754      -572.595       147.405       147.405    
487  6.860       107.171       111.815      -573.708       146.292       146.292    
488  6.870       109.234       112.897      -574.832       145.168       145.168    
489  6.880       111.166       113.999      -575.966       144.034       144.034    
490  6.890       112.925       115.119      -577.112       142.888       142.888    
491  6.900       114.444       116.255      -578.269       141.731       141.731    
492  6.910       115.674       117.405      -579.437       140.563       140.563    
493  6.920       116.539       118.566      -580.617       139.383       139.383    
494  6.930       117.023       119.732      -581.809       138.191       138.191    
495  6.940       117.078       120.902      -583.012       136.988       136.988    
496  6.950       116.684       122.070      -584.227       135.773       135.773    
497  6.960       115.800       123.231      -585.453       134.547       134.547    
498  6.970       114.438       124.381      -586.691       133.309       133.309    
499  6.980       112.579       125.515      -587.941       132.059       132.059    
500  6.990       110.240       126.628      -589.201       130.799       130.799    
501  7.000       107.406       127.715      -590.473       129.527       129.527    
502  7.010       104.118       128.771      -591.755       128.245       128.245    
503  7.020       100.385       129.793      -593.048       126.952       126.952    
504  7.030       96.2482       130.775      -594.351       125.649       125.649    
505  7.040       91.7163       131.714      -595.663       124.337       124.337    
506  7.050       86.8350       132.606      -596.985       123.015       123.015    
507  7.060       81.6387       133.447      -598.315       121.685       121.685    
508  7.070       76.1513       134.235      -599.653       120.347       120.347    
509  7.080       70.4150       134.968      -600.999       119.001       119.001    
510  7.090       64.4454       135.641      -602.352       117.648       117.648    
511  7.100       58.2833       136.254      -603.712       116.288       116.288    
512  7.110       51.9363       136.805      -605.077       114.923       114.923    
513  7.120       45.4475       137.292      -606.447       113.553       113.553    
514  7.130       38.7985       137.712      -607.822       112.178       112.178    
515  7.140       32.0268       138.066      -609.201       110.799       110.799    
516  7.150       25.1179       138.352      -610.582       109.418       109.418    
517  7.160       18.0982       138.567      -611.967       108.033       108.033    
518  7.170       10.9209       138.712      -613.353       106.647       106.647    
519  7.180       3.63048       138.785      -614.741       105.259       105.259    
520  7.190      -3.82619       138.783      -616.128       103.872       103.872    
521  7.200      -11.4405       138.706      -617.515       102.485       102.485    
522  7.210      -19.2388       138.553      -618.902       101.098       101.098    
523  7.220      -27.2161       138.320      -620.286       99.7143       99.7143    
524  7.230      -35.4149       138.006      -621.667       98.3328       98.3328    
525  7.240      -43.8353       137.609      -623.045       96.9550       96.9550    
526  7.250      -52.4945       137.127      -624.419       95.5815       95.5815    
527  7.260      -61.3936       136.557      -625.787       94.2132       94.2132    
528  7.270      -70.5633       135.897      -627.149       92.8512       92.8512    
529  7.280      -79.9846       135.143      -628.504       91.4962       91.4962    
530  7.290      -89.6694       134.294      -629.851       90.1492       90.1492    
531  7.300      -99.5999       133.347      -631.189       88.8112       88.8112    
532  7.310      -109.771       132.300      -632.517       87.4832       87.4832    
533  7.320      -120.169       131.150      -633.834       86.1662       86.1662    
534  7.330      -130.755       129.894      -635.139       84.8612       84.8612    
535  7.340      -141.499       128.533      -636.431       83.5693       83.5693    
536  7.350      -152.373       127.063      -637.708       82.2916       82.2916    
537  7.360      -163.303       125.484      -638.971       81.0292       81.0292    
538  7.370      -174.265       123.796      -640.217       79.7830       79.7830    
539  7.380      -185.171       121.999      -641.446       78.5544       78.5544    
540  7.390      -195.966       120.094      -642.656       77.3442       77.3442    
541  7.400      -206.568       118.081      -643.846       76.1535       76.1535    
542  7.410      -216.902       115.964      -645.016       74.9835       74.9835    
543  7.420      -226.873       113.746      -646.165       73.8352       73.8352    
544  7.430      -236.402       111.431      -647.290       72.7095       72.7095    
545  7.440      -245.387       109.023      -648.393       71.6075       71.6075    
546  7.450      -253.739       106.529      -649.470       70.5300       70.5300    
547  7.460      -261.354       103.955      -650.522       69.4778       69.4778    
548  7.470      -268.144       101.309      -651.548       68.4516       68.4516    
549  7.480      -274.014       98.6008      -652.548       67.4521       67.4521    
550  7.490      -278.863       95.8387      -653.520       66.4801       66.4801    
551  7.500      -282.605       93.0340      -654.464       65.5358       65.5358    
552  7.510      -285.164       90.1979      -655.380       64.6197       64.6197    
553  7.520      -286.446       87.3429      -656.268       63.7320       63.7320    
554  7.530      -286.401       84.4819      -657.127       62.8730       62.8730    
555  7.540      -284.946       81.6285      -657.958       62.0424       62.0424    
556  7.550      -282.056       78.7969      -658.760       61.2402       61.2402    
557  7.560      -277.671       76.0019      -659.534       60.4661       60.4661    
558  7.570      -271.792       73.2582      -660.280       59.7197       59.7197    
559  7.580      -264.411       70.5809      -661.000       59.0004       59.0004    
560  7.590      -255.538       67.9848      -661.693       58.3073       58.3073    
561  7.600      -245.230       65.4846      -662.360       57.6398       57.6398    
562  7.610      -233.528       63.0943      -663.003       56.9966       56.9966    
563  7.620      -220.547       60.8271      -663.623       56.3767       56.3767    
564  7.630      -206.364       58.6957      -664.221       55.7787       55.7787    
565  7.640      -191.129       56.7109      -664.799       55.2013       55.2013    
566  7.650      -174.986       54.8828      -665.357       54.6429       54.6429    
567  7.660      -158.086       53.2194      -665.898       54.1020       54.1020    
568  7.670      -140.635       51.7274      -666.423       53.5769       53.5769    
569  7.680      -122.806       50.4113      -666.934       53.0658       53.0658    
570  7.690      -104.796       49.2740      -667.433       52.5669       52.5669    
571  7.700      -86.8046       48.3161      -667.921       52.0786       52.0786    
572  7.710      -69.0360       47.5366      -668.401       51.5989       51.5989    
573  7.720      -51.6863       46.9322      -668.874       51.1261       51.1261    
574  7.730      -34.9309       46.4978      -669.342       50.6585       50.6585    
575  7.740      -18.9804       46.2265      -669.806       50.1944       50.1944    
576  7.750      -3.94640       46.1098      -670.268       49.7323       49.7323    
577  7.760       9.95130       46.1372      -670.729       49.2707       49.2707    
578  7.770       22.6231       46.2972      -671.192       48.8081       48.8081    
579  7.780       33.9459       46.5768      -671.657       48.3435       48.3435    
580  7.790       43.8025       46.9620      -672.125       47.8755       47.8755    
581  7.800       52.1241       47.4380      -672.597       47.4032       47.4032    
582  7.810       58.8794       47.9891      -673.074       46.9259       46.9259    
583  7.820       64.0012       48.5995      -673.557       46.4428       46.4428    
584  7.830       67.5131       49.2531      -674.047       45.9534       45.9534    
585  7.840       69.4167       49.9338      -674.543       45.4574       45.4574    
586  7.850       69.7533       50.6257      -675.045       44.9545       44.9545    
587  7.860       68.6062       51.3137      -675.555       44.4448       44.4448    
588  7.870       66.0312       51.9833      -676.072       43.9283       43.9283    
589  7.880       62.1729       52.6209      -676.595       43.4053       43.4053    
590  7.890       57.1319       53.2144      -677.124       42.8762       42.8762    
591  7.900       51.0589       53.7526      -677.659       42.3415       42.3415    
592  7.910       44.1197       54.2262      -678.198       41.8018       41.8018    
593  7.920       36.4813       54.6272      -678.742       41.2577       41.2577    
594  7.930       28.3093       54.9496      -679.290       40.7099       40.7099    
595  7.940       19.8009       55.1891      -679.841       40.1594       40.1594    
596  7.950       11.1339       55.3432      -680.393       39.6069       39.6069    
597  7.960       2.49068       55.4111      -680.947       39.0533       39.0533    
598  7.970      -5.96365       55.3940      -681.501       38.4995       38.4995    
599  7.980      -14.0326       55.2948      -682.054       37.9462       37.9462    
600  7.990      -21.5783       55.1178      -682.606       37.3943       37.3943    
601  8.000      -28.4482       54.8692      -683.155       36.8446       36.8446    
602  8.010      -34.5078       54.5562      -683.702       36.2976       36.2976    
603  8.020      -39.6370       54.1877      -684.246       35.7539       35.7539    
604  8.030      -43.7382       53.7732      -684.786       35.2143       35.2143    
605  8.040      -46.7397       53.3235      -685.321       34.6789       34.6789    
606  8.050      -48.5846       52.8496      -685.852       34.1482       34.1482    
607  8.060      -49.2172       52.3636      -686.378       33.6222       33.6222    
608  8.070      -48.6459       51.8772      -686.899       33.1010       33.1010    
609  8.080      -46.8826       51.4026      -687.415       32.5845       32.5845    
610  8.090      -43.9400       50.9514      -687.927       32.0727       32.0727    
611  8.100      -39.8976       50.5350      -688.435       31.5651       31.5651    
612  8.110      -34.8256       50.1640      -688.939       31.0614       31.0614    
613  8.120      -28.8047       49.8484      -689.439       30.5613       30.5613    
614  8.130      -21.9933       49.5965      -689.936       30.0639       30.0639    
615  8.140      -14.4703       49.4161      -690.431       29.5687       29.5687    
616  8.150      -6.42381       49.3131      -690.925       29.0748       29.0748    
617  8.160       2.03437       49.2924      -691.418       28.5816       28.5816    
618  8.170       10.7039       49.3568      -691.912       28.0882       28.0882    
619  8.180       19.4753       49.5081      -692.406       27.5936       27.5936    
620  8.190       28.1626       49.7463      -692.903       27.0971       27.0971    
621  8.200       36.6239       50.0699      -693.402       26.5978       26.5978    
622  8.210       44.7160       50.4758      -693.905       26.0949       26.0949    
623  8.220       52.3145       50.9599      -694.412       25.5875       25.5875    
624  8.230       59.2947       51.5166      -694.925       25.0749       25.0749    
625  8.240       65.5624       52.1392      -695.444       24.5564       24.5564    
626  8.250       71.0348       52.8204      -695.969       24.0314       24.0314    
627  8.260       75.6276       53.5516      -696.501       23.4994       23.4994    
628  8.270       79.3099       54.3241      -697.040       22.9599       22.9599    
629  8.280       82.0634       55.1287      -697.588       22.4125       22.4125    
630  8.290       83.8557       55.9560      -698.143       21.8570       21.8570    
631  8.300       84.7236       56.7965      -698.707       21.2932       21.2932    
632  8.310       84.6830       57.6413      -699.279       20.7209       20.7209    
633  8.320       83.8066       58.4816      -699.860       20.1402       20.1402    
634  8.330       82.1220       59.3092      -700.449       19.5513       19.5513    
635  8.340       79.7680       60.1169      -701.046       18.9541       18.9541    
636  8.350       76.7945       60.8981      -701.651       18.3491       18.3491    
637  8.360       73.3409       61.6474      -702.263       17.7365       17.7365    
638  8.370       69.4908       62.3605      -702.883       17.1165       17.1165    
639  8.380       65.4027       63.0342      -703.510       16.4896       16.4896    
640  8.390       61.1710       63.6666      -704.144       15.8562       15.8562    
641  8.400       56.9345       64.2570      -704.783       15.2167       15.2167    
642  8.410       52.8158       64.8059      -705.429       14.5715       14.5715    
643  8.420       48.9144       65.3149      -706.079       13.9209       13.9209    
644  8.430       45.3666       65.7871      -706.734       13.2655       13.2655    
645  8.440       42.2456       66.2261      -707.395       12.6055       12.6055    
646  8.450       39.6502       66.6368      -708.059       11.9413       11.9413    
647  8.460       37.6478       67.0247      -708.727       11.2730       11.2730    
648  8.470       36.3023       67.3960      -709.399       10.6010       10.6010    
649  8.480       35.6498       67.7574      -710.075       9.92517       9.92517    
650  8.490       35.7108       68.1160      -710.754       9.24576       9.24576    
651  8.500       36.5096       68.4789      -711.437       8.56274       8.56274    
652  8.510       38.0127       68.8533      -712.124       7.87606       7.87606    
653  8.520       40.2067       69.2461      -712.815       7.18550       7.18550    
654  8.530       43.0565       69.6641      -713.509       6.49090       6.49090    
655  8.540       46.4831       70.1134      -714.208       5.79193       5.79193    
656  8.550       50.4337       70.5993      -714.912       5.08825       5.08825    
657  8.560       54.8330       71.1269      -715.620       4.37955       4.37955    
658  8.570       59.5587       71.6998      -716.335       3.66528       3.66528    
659  8.580       64.5616       72.3212      -717.055       2.94505       2.94505    
660  8.590       69.7133       72.9931      -717.782       2.21832       2.21832    
661  8.600       74.9058       73.7164      -718.515       1.48464       1.48464    
662  8.610       80.0673       74.4914      -719.257      0.743432      0.743432    
663  8.620       85.0806       75.3169      -720.006     -0.575739E-02 -0.575739E-02
664  8.630       89.8616       76.1911      -720.764     -0.763526     -0.763526    
665  8.640       94.3282       77.1114      -721.530      -1.53020      -1.53020    
666  8.650       98.4130       78.0743      -722.306      -2.30627      -2.30627    
667  8.660       102.041       79.0755      -723.092      -3.09213      -3.09213    
668  8.670       105.184       80.1105      -723.888      -3.88820      -3.88820    
669  8.680       107.787       81.1741      -724.695      -4.69471      -4.69471    
670  8.690       109.834       82.2609      -725.512      -5.51193      -5.51193    
671  8.700       111.321       83.3653      -726.340      -6.34007      -6.34007    
672  8.710       112.272       84.4820      -727.179      -7.17937      -7.17937    
673  8.720       112.647       85.6052      -728.030      -8.02992      -8.02992    
674  8.730       112.576       86.7301      -728.892      -8.89161      -8.89161    
675  8.740       112.001       87.8518      -729.765      -9.76451      -9.76451    
676  8.750       111.044       88.9660      -730.649      -10.6486      -10.6486    
677  8.760       109.747       90.0690      -731.544      -11.5437      -11.5437    
678  8.770       108.177       91.1579      -732.450      -12.4499      -12.4499    
679  8.780       106.409       92.2303      -733.367      -13.3668      -13.3668    
680  8.790       104.524       93.2846      -734.294      -14.2943      -14.2943    
681  8.800       102.584       94.3199      -735.232      -15.2323      -15.2323    
682  8.810       100.681       95.3363      -736.181      -16.1806      -16.1806    
683  8.820       98.8788       96.3343      -737.139      -17.1390      -17.1390    
684  8.830       97.2289       97.3151      -738.107      -18.1072      -18.1072    
685  8.840       95.8148       98.2809      -739.085      -19.0852      -19.0852    
686  8.850       94.6587       99.2339      -740.073      -20.0727      -20.0727    
687  8.860       93.8193       100.177      -741.070      -21.0698      -21.0698    
688  8.870       93.3147       101.113      -742.076      -22.0763      -22.0763    
689  8.880       93.1746       102.047      -743.092      -23.0921      -23.0921    
690  8.890       93.3811       102.981      -744.117      -24.1173      -24.1173    
691  8.900       93.9573       103.918      -745.152      -25.1518      -25.1518    
692  8.910       94.8792       104.863      -746.196      -26.1958      -26.1958    
693  8.920       96.1029       105.819      -747.249      -27.2493      -27.2493    
694  8.930       97.6213       106.788      -748.312      -28.3124      -28.3124    
695  8.940       99.3617       107.774      -749.385      -29.3853      -29.3853    
696  8.950       101.291       108.778      -750.468      -30.4681      -30.4681    
697  8.960       103.361       109.801      -751.561      -31.5612      -31.5612    
698  8.970       105.471       110.846      -752.664      -32.6645      -32.6645    
699  8.980       107.606       111.911      -753.778      -33.7784      -33.7784    
700  8.990       109.667       112.998      -754.903      -34.9031      -34.9031    
701  9.000       111.590       114.104      -756.039      -36.0386      -36.0386    
702  9.010       113.341       115.228      -757.185      -37.1854      -37.1854    
703  9.020       114.822       116.368      -758.343      -38.3434      -38.3434    
704  9.030       116.007       117.522      -759.513      -39.5129      -39.5129    
705  9.040       116.836       118.685      -760.694      -40.6941      -40.6941    
706  9.050       117.254       119.855      -761.887      -41.8868      -41.8868    
707  9.060       117.253       121.026      -763.091      -43.0912      -43.0912    
708  9.070       116.782       122.195      -764.307      -44.3074      -44.3074    
709  9.080       115.833       123.357      -765.535      -45.5351      -45.5351    
710  9.090       114.396       124.507      -766.774      -46.7745      -46.7745    
711  9.100       112.457       125.640      -768.025      -48.0252      -48.0252    
712  9.110       110.039       126.752      -769.287      -49.2871      -49.2871    
713  9.120       107.141       127.836      -770.560      -50.5600      -50.5600    
714  9.130       103.772       128.890      -771.844      -51.8436      -51.8436    
715  9.140       99.9925       129.907      -773.138      -53.1375      -53.1375    
716  9.150       95.7768       130.885      -774.441      -54.4414      -54.4414    
717  9.160       91.2054       131.819      -775.755      -55.7549      -55.7549    
718  9.170       86.2673       132.706      -777.077      -57.0775      -57.0775    
719  9.180       81.0405       133.541      -778.409      -58.4086      -58.4086    
720  9.190       75.5211       134.323      -779.748      -59.7478      -59.7478    
721  9.200       69.7517       135.049      -781.095      -61.0946      -61.0946    
722  9.210       63.7749       135.716      -782.448      -62.4484      -62.4484    
723  9.220       57.5928       136.323      -783.808      -63.8085      -63.8085    
724  9.230       51.2498       136.866      -785.174      -65.1743      -65.1743    
725  9.240       44.7516       137.346      -786.545      -66.5453      -66.5453    
726  9.250       38.1121       137.760      -787.921      -67.9208      -67.9208    
727  9.260       31.3483       138.107      -789.300      -69.3000      -69.3000    
728  9.270       24.4501       138.386      -790.682      -70.6823      -70.6823    
729  9.280       17.4293       138.595      -792.067      -72.0671      -72.0671    
730  9.290       10.2759       138.733      -793.454      -73.4536      -73.4536    
731  9.300       2.98565       138.799      -794.841      -74.8411      -74.8411    
732  9.310      -4.45613       138.791      -796.229      -76.2290      -76.2290    
733  9.320      -12.0715       138.708      -797.616      -77.6163      -77.6163    
734  9.330      -19.8490       138.548      -799.002      -79.0024      -79.0024    
735  9.340      -27.8481       138.309      -800.386      -80.3865      -80.3865    
736  9.350      -36.0383       137.989      -801.768      -81.7679      -81.7679    
737  9.360      -44.4715       137.586      -803.146      -83.1456      -83.1456    
738  9.370      -53.1348       137.097      -804.519      -84.5189      -84.5189    
739  9.380      -62.0662       136.521      -805.887      -85.8868      -85.8868    
740  9.390      -71.2420       135.854      -807.248      -87.2484      -87.2484    
741  9.400      -80.6909       135.093      -808.603      -88.6030      -88.6030    
742  9.410      -90.3995       134.237      -809.950      -89.9495      -89.9495    
743  9.420      -100.362       133.283      -811.287      -91.2869      -91.2869    
744  9.430      -110.567       132.227      -812.614      -92.6143      -92.6143    
745  9.440      -120.991       131.069      -813.931      -93.9305      -93.9305    
746  9.450      -131.607       129.805      -815.235      -95.2346      -95.2346    
747  9.460      -142.393       128.435      -816.526      -96.5255      -96.5255    
748  9.470      -153.283       126.956      -817.802      -97.8022      -97.8022    
749  9.480      -164.253       125.368      -819.064      -99.0636      -99.0636    
750  9.490      -175.227       123.671      -820.309      -100.309      -100.309    
751  9.500      -186.156       121.864      -821.536      -101.536      -101.536    
752  9.510      -196.964       119.948      -822.745      -102.745      -102.745    
753  9.520      -207.573       117.926      -823.934      -103.934      -103.934    
754  9.530      -217.905       115.799      -825.102      -105.102      -105.102    
755  9.540      -227.866       113.571      -826.249      -106.249      -106.249    
756  9.550      -237.378       111.246      -827.373      -107.373      -107.373    
757  9.560      -246.334       108.828      -828.473      -108.473      -108.473    
758  9.570      -254.647       106.325      -829.549      -109.549      -109.549    
759  9.580      -262.216       103.742      -830.599      -110.599      -110.599    
760  9.590      -268.949       101.088      -831.623      -111.623      -111.623    
761  9.600      -274.747       98.3721      -832.620      -112.620      -112.620    
762  9.610      -279.513       95.6032      -833.590      -113.590      -113.590    
763  9.620      -283.166       92.7924      -834.532      -114.532      -114.532    
764  9.630      -285.622       89.9513      -835.445      -115.445      -115.445    
765  9.640      -286.792       87.0923      -836.330      -116.330      -116.330    
766  9.650      -286.618       84.2284      -837.187      -117.187      -117.187    
767  9.660      -285.037       81.3735      -838.015      -118.015      -118.015    
768  9.670      -281.993       78.5419      -838.814      -118.814      -118.814    
769  9.680      -277.476       75.7481      -839.586      -119.586      -119.586    
770  9.690      -271.433       73.0073      -840.330      -120.330      -120.330    
771  9.700      -263.897       70.3343      -841.047      -121.047      -121.047    
772  9.710      -254.864       67.7442      -841.737      -121.737      -121.737    
773  9.720      -244.396       65.2515      -842.402      -122.402      -122.402    
774  9.730      -232.546       62.8702      -843.043      -123.043      -123.043    
775  9.740      -219.409       60.6137      -843.661      -123.661      -123.661    
776  9.750      -205.090       58.4942      -844.257      -124.257      -124.257    
777  9.760      -189.718       56.5229      -844.832      -124.832      -124.832    
778  9.770      -173.458       54.7094      -845.389      -125.389      -125.389    
779  9.780      -156.464       53.0618      -845.928      -125.928      -125.928    
780  9.790      -138.925       51.5864      -846.452      -126.452      -126.452    
781  9.800      -121.026       50.2878      -846.961      -126.961      -126.961    
782  9.810      -102.973       49.1684      -847.459      -127.459      -127.459    
783  9.820      -84.9537       48.2289      -847.947      -127.947      -127.947    
784  9.830      -67.1883       47.4678      -848.426      -128.426      -128.426    
785  9.840      -49.8477       46.8817      -848.898      -128.898      -128.898    
786  9.850      -33.1471       46.4654      -849.365      -129.365      -129.365    
787  9.860      -17.2366       46.2117      -849.829      -129.829      -129.829    
788  9.870      -2.30451       46.1118      -850.291      -130.291      -130.291    
789  9.880       11.4975       46.1551      -850.753      -130.753      -130.753    
790  9.890       24.0612       46.3300      -851.215      -131.215      -131.215    
791  9.900       35.2285       46.6231      -851.680      -131.680      -131.680    
792  9.910       44.9457       47.0205      -852.149      -132.149      -132.149    
793  9.920       53.1138       47.5070      -852.622      -132.622      -132.622    
794  9.930       59.6800       48.0671      -853.100      -133.100      -133.100    
795  9.940       64.6366       48.6847      -853.584      -133.584      -133.584    
796  9.950       67.9547       49.3436      -854.074      -134.074      -134.074    
797  9.960       69.6736       50.0278      -854.571      -134.571      -134.571    
798  9.970       69.8344       50.7214      -855.075      -135.075      -135.075    
799  9.980       68.4975       51.4093      -855.586      -135.586      -135.586    
800  9.990       65.7608       52.0770      -856.103      -136.103      -136.103    
801  10.00       61.7298       52.7111      -856.627      -136.627      -136.627    
