# Mowe_temp                                                                       
# Operating point sequence...
# i     t     dWx ang.acc.  Wx rot.rate   Phi   (bank)  Phi[ 2]       Phi[ 3]      
  1  2.000       83.3262       410.840      -780.556      -53.1395      -48.3464    
  2  2.010       51.4655       411.354      -784.670      -57.2131      -52.7603    
  3  2.020       18.7648       411.651      -788.785      -61.2971      -57.2070    
  4  2.030      -12.2208       411.668      -792.901      -65.3823      -61.6896    
  5  2.040      -40.5972       411.404      -797.016      -69.4526      -66.1986    
  6  2.050      -64.2195       410.887      -801.127      -73.4911      -70.7193    
  7  2.060      -81.8076       410.170      -805.232      -77.4837      -75.2357    
  8  2.070      -92.5776       409.313      -809.329      -81.4207      -79.7322    
  9  2.080      -96.3018       408.386      -813.417      -85.2976      -84.1954    
 10  2.090      -93.3647       407.454      -817.496      -89.1157      -88.6150    
 11  2.100      -84.6537       406.579      -821.566      -92.8809      -92.9848    
 12  2.110      -71.4844       405.811      -825.628      -96.6034      -97.3031    
 13  2.120      -55.4526       405.185      -829.683      -100.296      -101.573    
 14  2.130      -38.2914       404.721      -833.733      -103.974      -105.801    
 15  2.140      -21.7219       404.422      -837.779      -107.652      -109.998    
 16  2.150      -7.26937       404.274      -841.823      -111.344      -114.176    
 17  2.160       3.82098       404.250      -845.866      -115.060      -118.348    
 18  2.170       10.7217       404.313      -849.909      -118.810      -122.528    
 19  2.180       13.0688       404.421      -853.953      -122.598      -126.726    
 20  2.190       10.9854       404.531      -857.997      -126.428      -130.949    
 21  2.200       5.01815       404.601      -862.043      -130.297      -135.201    
 22  2.210      -3.87314       404.598      -866.089      -134.202      -139.480    
 23  2.220      -14.4780       404.501      -870.134      -138.137      -143.781    
 24  2.230      -25.4256       404.299      -874.177      -142.096      -148.095    
 25  2.240      -35.3272       403.996      -878.219      -146.070      -152.408    
 26  2.250      -42.9053       403.609      -882.257      -150.052      -156.706    
 27  2.260      -47.1027       403.166      -886.290      -154.036      -160.974    
 28  2.270      -47.1732       402.704      -890.320      -158.018      -165.200    
 29  2.280      -42.7514       402.265      -894.344      -161.993      -169.372    
 30  2.290      -33.8560       401.893      -898.365      -165.959      -173.484    
 31  2.300      -20.9429       401.629      -902.383      -169.919      -177.531    
 32  2.310      -4.77528       401.509      -906.399      -173.873       178.483    
 33  2.320       13.5339       401.560      -910.414      -177.826       174.554    
 34  2.330       32.6865       401.794      -914.432       178.218       170.671    
 35  2.340       51.3008       402.214      -918.452       174.252       166.822    
 36  2.350       67.9971       402.808      -922.478       170.269       162.993    
 37  2.360       81.5254       403.549      -926.510       166.262       159.169    
 38  2.370       90.9251       404.402      -930.550       162.226       155.338    
 39  2.380       95.5265       405.324      -934.599       158.152       151.488    
 40  2.390       95.0406       406.264      -938.657       154.039       147.612    
 41  2.400       89.6164       407.175      -942.724       149.881       143.706    
 42  2.410       79.7199       408.010      -946.800       145.679       139.769    
 43  2.420       66.1931       408.730      -950.883       141.433       135.806    
 44  2.430       50.0975       409.304      -954.973       137.145       131.823    
 45  2.440       32.6099       409.712      -959.068       132.821       127.829    
 46  2.450       14.9907       409.949      -963.165       128.465       123.834    
 47  2.460      -1.64582       410.016      -967.265       124.087       119.849    
 48  2.470      -16.2989       409.930      -971.364       119.693       115.882    
 49  2.480      -28.2366       409.713      -975.462       115.292       111.941    
 50  2.490      -36.9987       409.394      -979.557       110.891       108.032    
 51  2.500      -42.4469       409.005      -983.649       106.497       104.155    
 52  2.510      -44.7088       408.577      -987.737       102.116       100.312    
 53  2.520      -44.2055       408.140      -991.820       97.7517       96.4983    
 54  2.530      -41.5321       407.717      -995.899       93.4050       92.7090    
 55  2.540      -37.4408       407.327      -999.974       89.0759       88.9375    
 56  2.550      -32.7262       406.978      -1004.05       84.7621       85.1758    
 57  2.560      -28.1574       406.674      -1008.11       80.4601       81.4164    
 58  2.570      -24.4242       406.410      -1012.18       76.1656       77.6521    
 59  2.580      -22.0235       406.175      -1016.24       71.8738       73.8769    
 60  2.590      -21.2728       405.955      -1020.30       67.5802       70.0862    
 61  2.600      -22.2631       405.733      -1024.36       63.2819       66.2774    
 62  2.610      -24.8382       405.494      -1028.42       58.9770       62.4494    
 63  2.620      -28.6632       405.223      -1032.47       54.6658       58.6026    
 64  2.630      -33.1913       404.911      -1036.52       50.3504       54.7387    
 65  2.640      -37.8345       404.555      -1040.57       46.0351       50.8604    
 66  2.650      -41.8890       404.157      -1044.61       41.7259       46.9710    
 67  2.660      -44.7009       403.727      -1048.65       37.4301       43.0736    
 68  2.670      -45.6996       403.278      -1052.69       33.1553       39.1712    
 69  2.680      -44.4192       402.833      -1056.72       28.9089       35.2659    
 70  2.690      -40.6079       402.414      -1060.74       24.6978       31.3593    
 71  2.700      -34.1840       402.046      -1064.77       20.5270       27.4519    
 72  2.710      -25.2907       401.755      -1068.79       16.3999       23.5430    
 73  2.720      -14.2753       401.562      -1072.80       12.3172       19.6312    
 74  2.730      -1.66129       401.487      -1076.82       8.27744       15.7141    
 75  2.740       11.8871       401.542      -1080.83       4.27666       11.7883    
 76  2.750       25.6129       401.730      -1084.85      0.309167       7.85040    
 77  2.760       38.7354       402.051      -1088.87      -3.63234       3.89623    
 78  2.770       50.5030       402.495      -1092.89      -7.55567     -0.780687E-01
 79  2.780       60.2388       403.045      -1096.92      -11.4691      -4.07653    
 80  2.790       67.4429       403.678      -1100.95      -15.3798      -8.10241    
 81  2.800       71.7398       404.367      -1104.99      -19.2941      -12.1586    
 82  2.810       73.0362       405.083      -1109.04      -23.2166      -16.2471    
 83  2.820       71.3532       405.798      -1113.10      -27.1496      -20.3691    
 84  2.830       66.9971       406.483      -1117.16      -31.0935      -24.5244    
 85  2.840       60.3624       407.113      -1121.22      -35.0468      -28.7123    
 86  2.850       52.0219       407.670      -1125.30      -39.0063      -32.9309    
 87  2.860       42.5799       408.140      -1129.38      -42.9675      -37.1774    
 88  2.870       32.6790       408.514      -1133.46      -46.9254      -41.4486    
 89  2.880       22.8966       408.792      -1137.55      -50.8752      -45.7407    
 90  2.890       13.7546       408.976      -1141.63      -54.8118      -50.0494    
 91  2.900       5.61481       409.075      -1145.72      -58.7318      -54.3710    
 92  2.910      -1.26041       409.099      -1149.82      -62.6326      -58.7017    
 93  2.920      -6.80292       409.062      -1153.91      -66.5133      -63.0382    
 94  2.930      -11.0689       408.976      -1158.00      -70.3743      -67.3779    
 95  2.940      -14.2344       408.852      -1162.08      -74.2175      -71.7192    
 96  2.950      -16.5672       408.700      -1166.17      -78.0459      -76.0608    
 97  2.960      -18.4207       408.527      -1170.26      -81.8629      -80.4023    
 98  2.970      -20.1107       408.335      -1174.34      -85.6728      -84.7444    
 99  2.980      -21.9639       408.125      -1178.42      -89.4796      -89.0876    
100  2.990      -24.2234       407.893      -1182.50      -93.2871      -93.4331    
101  3.000      -27.0425       407.636      -1186.58      -97.0982      -97.7815    
102  3.010      -30.4646       407.347      -1190.66      -100.916      -102.134    
103  3.020      -34.4089       407.021      -1194.73      -104.740      -106.489    
104  3.030      -38.6976       406.655      -1198.80      -108.573      -110.846    
105  3.040      -43.0419       406.245      -1202.86      -112.413      -115.204    
106  3.050      -47.0931       405.795      -1206.92      -116.260      -119.557    
107  3.060      -50.4549       405.309      -1210.98      -120.112      -123.904    
108  3.070      -52.7723       404.795      -1215.03      -123.967      -128.238    
109  3.080      -53.6467       404.266      -1219.07      -127.825      -132.555    
110  3.090      -52.8430       403.737      -1223.11      -131.685      -136.850    
111  3.100      -50.1421       403.227      -1227.15      -135.546      -141.117    
112  3.110      -45.4850       402.753      -1231.18      -139.408      -145.353    
113  3.120      -38.9313       402.336      -1235.20      -143.272      -149.554    
114  3.130      -30.6434       401.992      -1239.22      -147.139      -153.720    
115  3.140      -20.9388       401.738      -1243.24      -151.013      -157.849    
116  3.150      -10.1879       401.586      -1247.26      -154.894      -161.943    
117  3.160       1.12640       401.542      -1251.28      -158.786      -166.005    
118  3.170       12.5107       401.611      -1255.29      -162.693      -170.038    
119  3.180       23.4535       401.790      -1259.31      -166.617      -174.048    
120  3.190       33.4726       402.073      -1263.33      -170.562      -178.039    
121  3.200       42.1586       402.449      -1267.35      -174.529       177.984    
122  3.210       49.1801       402.902      -1271.38      -178.522       174.016    
123  3.220       54.3216       403.415      -1275.41       177.458       170.053    
124  3.230       57.4977       403.969      -1279.45       173.410       166.092    
125  3.240       58.7156       404.545      -1283.49       169.333       162.132    
126  3.250       58.1304       405.125      -1287.54       165.228       158.171    
127  3.260       55.9524       405.691      -1291.59       161.095       154.210    
128  3.270       52.4874       406.230      -1295.65       156.936       150.251    
129  3.280       48.0619       406.730      -1299.72       152.752       146.295    
130  3.290       43.0117       407.183      -1303.79       148.546       142.346    
131  3.300       37.6495       407.585      -1307.86       144.320       138.405    
132  3.310       32.2441       407.934      -1311.94       140.076       134.476    
133  3.320       26.9963       408.231      -1316.02       135.816       130.558    
134  3.330       22.0063       408.476      -1320.10       131.542       126.655    
135  3.340       17.3454       408.674      -1324.19       127.256       122.766    
136  3.350       12.9465       408.826      -1328.27       122.959       118.890    
137  3.360       8.74645       408.935      -1332.36       118.651       115.026    
138  3.370       4.58224       409.001      -1336.45       114.334       111.173    
139  3.380      0.343334       409.026      -1340.54       110.008       107.328    
140  3.390      -4.15375       409.007      -1344.63       105.671       103.488    
141  3.400      -8.99045       408.940      -1348.72       101.326       99.6525    
142  3.410      -14.2353       408.823      -1352.81       96.9707       95.8178    
143  3.420      -19.8852       408.652      -1356.90       92.6066       91.9828    
144  3.430      -25.8579       408.422      -1360.98       88.2345       88.1464    
145  3.440      -32.0058       408.132      -1365.07       83.8558       84.3079    
146  3.450      -38.1218       407.781      -1369.14       79.4727       80.4673    
147  3.460      -43.9291       407.371      -1373.22       75.0880       76.6250    
148  3.470      -49.1433       406.907      -1377.29       70.7054       72.7817    
149  3.480      -53.4603       406.396      -1381.36       66.3289       68.9381    
150  3.490      -56.5872       405.848      -1385.42       61.9629       65.0948    
151  3.500      -58.2771       405.277      -1389.47       57.6122       61.2529    
152  3.510      -58.3383       404.698      -1393.52       53.2814       57.4124    
153  3.520      -56.6571       404.127      -1397.57       48.9746       53.5733    
154  3.530      -53.2076       403.582      -1401.61       44.6952       49.7349    
155  3.540      -48.0430       403.080      -1405.64       40.4459       45.8958    
156  3.550      -41.3215       402.637      -1409.67       36.2284       42.0545    
157  3.560      -33.2775       402.268      -1413.69       32.0432       38.2090    
158  3.570      -24.2110       401.983      -1417.71       27.8898       34.3565    
159  3.580      -14.4729       401.792      -1421.73       23.7665       30.4943    
160  3.590      -4.43700       401.699      -1425.75       19.6711       26.6197    
161  3.600       5.49955       401.704      -1429.77       15.6005       22.7298    
162  3.610       14.9906       401.806      -1433.79       11.5513       18.8221    
163  3.620       23.6934       401.998      -1437.81       7.51998       14.8939    
164  3.630       31.3682       402.271      -1441.83       3.50300       10.9432    
165  3.640       37.7951       402.614      -1445.85     -0.502766       6.96826    
166  3.650       42.8785       403.014      -1449.88      -4.49968       2.96804    
167  3.660       46.5750       403.458      -1453.91      -8.48942      -1.05802    
168  3.670       48.9295       403.932      -1457.95      -12.4730      -5.10997    
169  3.680       50.0384       404.424      -1461.99      -16.4507      -9.18751    
170  3.690       50.0567       404.921      -1466.04      -20.4222      -13.2898    
171  3.700       49.1564       405.415      -1470.09      -24.3867      -17.4158    
172  3.710       47.5192       405.896      -1474.15      -28.3431      -21.5641    
173  3.720       45.3338       406.359      -1478.21      -32.2902      -25.7333    
174  3.730       42.7419       406.798      -1482.27      -36.2270      -29.9219    
175  3.740       39.8526       407.210      -1486.34      -40.1526      -34.1284    
176  3.750       36.7442       407.592      -1490.42      -44.0665      -38.3518    
177  3.760       33.4224       407.943      -1494.49      -47.9689      -42.5908    
178  3.770       29.8785       408.259      -1498.57      -51.8601      -46.8447    
179  3.780       26.0476       408.538      -1502.66      -55.7412      -51.1131    
180  3.790       21.8630       408.776      -1506.74      -59.6137      -55.3959    
181  3.800       17.2435       408.971      -1510.83      -63.4788      -59.6928    
182  3.810       12.1190       409.116      -1514.92      -67.3386      -64.0041    
183  3.820       6.44591       409.208      -1519.01      -71.1943      -68.3295    
184  3.830      0.236988       409.240      -1523.11      -75.0472      -72.6687    
185  3.840      -6.47822       409.207      -1527.20      -78.8986      -77.0215    
186  3.850      -13.5763       409.106      -1531.29      -82.7494      -81.3868    
187  3.860      -20.9186       408.933      -1535.38      -86.5995      -85.7632    
188  3.870      -28.2795       408.686      -1539.47      -90.4491      -90.1487    
189  3.880      -35.4331       408.368      -1543.55      -94.2977      -94.5403    
190  3.890      -42.1074       407.981      -1547.63      -98.1448      -98.9349    
191  3.900      -48.0232       407.532      -1551.71      -101.990      -103.329    
192  3.910      -52.9223       407.030      -1555.78      -105.832      -107.718    
193  3.920      -56.5722       406.485      -1559.85      -109.671      -112.098    
194  3.930      -58.7699       405.911      -1563.91      -113.507      -116.464    
195  3.940      -59.3940       405.324      -1567.97      -117.340      -120.812    
196  3.950      -58.3730       404.739      -1572.02      -121.170      -125.139    
197  3.960      -55.6977       404.173      -1576.06      -124.998      -129.441    
198  3.970      -51.4707       403.641      -1580.10      -128.826      -133.715    
199  3.980      -45.8115       403.159      -1584.14      -132.656      -137.961    
200  3.990      -38.9337       402.738      -1588.17      -136.489      -142.178    
201  4.000      -31.0959       402.391      -1592.19      -140.328      -146.365    
202  4.010      -22.5777       402.124      -1596.22      -144.177      -150.524    
203  4.020      -13.6730       401.944      -1600.24      -148.037      -154.657    
204  4.030      -4.71018       401.853      -1604.26      -151.910      -158.765    
205  4.040       4.03599       401.849      -1608.27      -155.800      -162.851    
206  4.050       12.3192       401.930      -1612.29      -159.709      -166.918    
207  4.060       19.9050       402.090      -1616.31      -163.638      -170.968    
208  4.070       26.6554       402.321      -1620.34      -167.589      -175.004    
209  4.080       32.4477       402.614      -1624.36      -171.564      -179.027    
210  4.090       37.2358       402.960      -1628.39      -175.562       176.961    
211  4.100       41.0219       403.349      -1632.42      -179.584       172.960    
212  4.110       43.8330       403.771      -1636.46       176.370       168.967    
213  4.120       45.7530       404.217      -1640.50       172.300       164.985    
214  4.130       46.8748       404.678      -1644.54       168.207       161.012    
215  4.140       47.2675       405.147      -1648.59       164.092       157.050    
216  4.150       47.0531       405.617      -1652.64       159.956       153.097    
217  4.160       46.2845       406.082      -1656.70       155.801       149.156    
218  4.170       45.0159       406.537      -1660.77       151.626       145.226    
219  4.180       43.2589       406.977      -1664.83       147.434       141.306    
220  4.190       41.0299       407.397      -1668.91       143.224       137.397    
221  4.200       38.2866       407.793      -1672.98       138.997       133.498    
222  4.210       34.9800       408.158      -1677.06       134.753       129.607    
223  4.220       31.0865       408.487      -1681.14       130.493       125.723    
224  4.230       26.5378       408.773      -1685.23       126.216       121.847    
225  4.240       21.3252       409.011      -1689.32       121.923       117.975    
226  4.250       15.4491       409.193      -1693.41       117.613       114.107    
227  4.260       8.93576       409.313      -1697.50       113.287       110.242    
228  4.270       1.88765       409.366      -1701.60       108.946       106.380    
229  4.280      -5.61001       409.346      -1705.69       104.590       102.519    
230  4.290      -13.3442       409.251      -1709.78       100.221       98.6610    
231  4.300      -21.1670       409.078      -1713.87       95.8410       94.8045    
232  4.310      -28.8091       408.828      -1717.96       91.4520       90.9505    
233  4.320      -36.0431       408.504      -1722.05       87.0573       87.0994    
234  4.330      -42.6266       408.112      -1726.13       82.6604       83.2517    
235  4.340      -48.3118       407.660      -1730.21       78.2651       79.4079    
236  4.350      -52.8857       407.156      -1734.29       73.8756       75.5683    
237  4.360      -56.1767       406.614      -1738.35       69.4958       71.7329    
238  4.370      -58.0455       406.046      -1742.42       65.1298       67.9014    
239  4.380      -58.4147       405.467      -1746.48       60.7814       64.0735    
240  4.390      -57.2564       404.893      -1750.53       56.4538       60.2480    
241  4.400      -54.6321       404.337      -1754.57       52.1499       56.4240    
242  4.410      -50.5917       403.815      -1758.61       47.8715       52.5994    
243  4.420      -45.3140       403.338      -1762.65       43.6197       48.7724    
244  4.430      -38.9813       402.920      -1766.68       39.3952       44.9410    
245  4.440      -31.8037       402.568      -1770.71       35.1981       41.1030    
246  4.450      -24.0122       402.291      -1774.73       31.0273       37.2558    
247  4.460      -15.8903       402.092      -1778.76       26.8818       33.3972    
248  4.470      -7.64073       401.975      -1782.78       22.7596       29.5247    
249  4.480      0.477101       401.940      -1786.80       18.6589       25.6362    
250  4.490       8.27026       401.983      -1790.82       14.5779       21.7297    
251  4.500       15.5650       402.101      -1794.84       10.5148       17.8039    
252  4.510       22.2352       402.289      -1798.86       6.46749       13.8570    
253  4.520       28.1687       402.539      -1802.88       2.43485       9.88824    
254  4.530       33.3219       402.845      -1806.91      -1.58464       5.89674    
255  4.540       37.6605       403.197      -1810.94      -5.59172       1.88234    
256  4.550       41.1951       403.590      -1814.98      -9.58698      -2.15500    
257  4.560       43.9472       404.014      -1819.01      -13.5707      -6.21487    
258  4.570       45.9492       404.461      -1823.06      -17.5431      -10.2969    
259  4.580       47.2374       404.925      -1827.10      -21.5046      -14.4005    
260  4.590       47.8545       405.399      -1831.16      -25.4552      -18.5250    
261  4.600       47.8188       405.876      -1835.21      -29.3949      -22.6695    
262  4.610       47.1429       406.349      -1839.27      -33.3244      -26.8336    
263  4.620       45.8257       406.812      -1843.34      -37.2441      -31.0167    
264  4.630       43.8580       407.259      -1847.41      -41.1545      -35.2180    
265  4.640       41.2047       407.683      -1851.48      -45.0566      -39.4376    
266  4.650       37.8599       408.076      -1855.56      -48.9510      -43.6748    
267  4.660       33.7913       408.433      -1859.65      -52.8391      -47.9299    
268  4.670       28.9965       408.745      -1863.73      -56.7216      -52.2026    
269  4.680       23.4889       409.005      -1867.82      -60.5991      -56.4924    
270  4.690       17.3156       409.208      -1871.91      -64.4730      -60.7998    
271  4.700       10.5342       409.346      -1876.00      -68.3433      -65.1236    
272  4.710       3.26867       409.413      -1880.10      -72.2106      -69.4634    
273  4.720      -4.36077       409.407      -1884.19      -76.0750      -73.8179    
274  4.730      -12.1623       409.323      -1888.29      -79.9367      -78.1859    
275  4.740      -19.9653       409.163      -1892.38      -83.7951      -82.5648    
276  4.750      -27.5403       408.925      -1896.47      -87.6499      -86.9523    
277  4.760      -34.6704       408.615      -1900.56      -91.5010      -91.3456    
278  4.770      -41.1404       408.237      -1904.64      -95.3479      -95.7411    
279  4.780      -46.7445       407.800      -1908.72      -99.1905      -100.136    
280  4.790      -51.2853       407.312      -1912.80      -103.029      -104.525    
281  4.800      -54.6268       406.785      -1916.87      -106.863      -108.905    
282  4.810      -56.6526       406.232      -1920.93      -110.693      -113.273    
283  4.820      -57.2839       405.666      -1924.99      -114.519      -117.625    
284  4.830      -56.5047       405.100      -1929.04      -118.344      -121.957    
285  4.840      -54.3483       404.549      -1933.09      -122.167      -126.268    
286  4.850      -50.8765       404.027      -1937.14      -125.992      -130.554    
287  4.860      -46.2195       403.544      -1941.17      -129.818      -134.816    
288  4.870      -40.5143       403.113      -1945.21      -133.649      -139.051    
289  4.880      -33.9636       402.743      -1949.24      -137.487      -143.260    
290  4.890      -26.7429       402.442      -1953.26      -141.333      -147.443    
291  4.900      -19.0947       402.214      -1957.29      -145.189      -151.601    
292  4.910      -11.2164       402.063      -1961.31      -149.059      -155.735    
293  4.920      -3.31469       401.991      -1965.33      -152.944      -159.847    
294  4.930       4.41181       401.996      -1969.35      -156.845      -163.939    
295  4.940       11.8031       402.077      -1973.37      -160.766      -168.011    
296  4.950       18.7109       402.228      -1977.39      -164.706      -172.066    
297  4.960       25.0244       402.445      -1981.42      -168.667      -176.104    
298  4.970       30.6616       402.722      -1985.44      -172.649       179.872    
299  4.980       35.5600       403.052      -1989.47      -176.654       175.861    
300  4.990       39.7051       403.426      -1993.50       179.318       171.864    
301  5.000       43.0653       403.838      -1997.54       175.268       167.879    
302  5.010       45.6543       404.280      -2001.58       171.196       163.905    
303  5.020       47.4772       404.743      -2005.63       167.102       159.942    
304  5.030       48.5507       405.222      -2009.68       162.986       155.990    
305  5.040       48.8833       405.707      -2013.73       158.850       152.048    
306  5.050       48.4810       406.192      -2017.79       154.694       148.116    
307  5.060       47.3519       406.669      -2021.85       150.519       144.194    
308  5.070       45.4905       407.132      -2025.92       146.324       140.280    
309  5.080       42.8817       407.572      -2030.00       142.111       136.374    
310  5.090       39.5415       407.982      -2034.07       137.879       132.475    
311  5.100       35.4563       408.355      -2038.16       133.629       128.582    
312  5.110       30.6456       408.684      -2042.24       129.361       124.695    
313  5.120       25.1392       408.961      -2046.33       125.075       120.813    
314  5.130       18.9993       409.180      -2050.42       120.771       116.936    
315  5.140       12.2752       409.335      -2054.51       116.451       113.063    
316  5.150       5.10912       409.421      -2058.61       112.116       109.193    
317  5.160      -2.39949       409.433      -2062.70       107.765       105.327    
318  5.170      -10.0805       409.370      -2066.79       103.401       101.464    
319  5.180      -17.7613       409.231      -2070.89       99.0255       97.6048    
320  5.190      -25.2446       409.016      -2074.98       94.6412       93.7497    
321  5.200      -32.3401       408.729      -2079.07       90.2507       89.8987    
322  5.210      -38.8381       408.374      -2083.15       85.8568       86.0518    
323  5.220      -44.5539       407.959      -2087.23       81.4633       82.2093    
324  5.230      -49.3093       407.492      -2091.31       77.0736       78.3710    
325  5.240      -52.9584       406.983      -2095.38       72.6913       74.5369    
326  5.250      -55.3809       406.444      -2099.45       68.3199       70.7063    
327  5.260      -56.5027       405.888      -2103.51       63.9634       66.8789    
328  5.270      -56.2702       405.327      -2107.57       59.6244       63.0537    
329  5.280      -54.7048       404.776      -2111.62       55.3057       59.2294    
330  5.290      -51.8369       404.246      -2115.66       51.0098       55.4049    
331  5.300      -47.7805       403.751      -2119.70       46.7384       51.5784    
332  5.310      -42.6276       403.302      -2123.74       42.4923       47.7481    
333  5.320      -36.5503       402.909      -2127.77       38.2718       43.9118    
334  5.330      -29.7367       402.579      -2131.80       34.0773       40.0678    
335  5.340      -22.3610       402.320      -2135.82       29.9083       36.2140    
336  5.350      -14.6426       402.137      -2139.85       25.7637       32.3481    
337  5.360      -6.78073       402.030      -2143.87       21.6424       28.4684    
338  5.370       1.03463       402.001      -2147.89       17.5428       24.5727    
339  5.380       8.61465       402.049      -2151.91       13.4632       20.6593    
340  5.390       15.8156       402.171      -2155.93       9.40242       16.7269    
341  5.400       22.4940       402.361      -2159.95       5.35845       12.7739    
342  5.410       28.5473       402.615      -2163.98       1.33012       8.79973    
343  5.420       33.8899       402.926      -2168.01      -2.68409       4.80328    
344  5.430       38.4723       403.286      -2172.04      -6.68498      0.784530    
345  5.440       42.2608       403.687      -2176.07      -10.6732      -3.25641    
346  5.450       45.2413       404.123      -2180.11      -14.6497      -7.31973    
347  5.460       47.4107       404.584      -2184.15      -18.6152      -11.4050    
348  5.470       48.7784       405.063      -2188.20      -22.5703      -15.5121    
349  5.480       49.3551       405.552      -2192.26      -26.5156      -19.6406    
350  5.490       49.1498       406.042      -2196.31      -30.4514      -23.7896    
351  5.500       48.1832       406.527      -2200.38      -34.3780      -27.9585    
352  5.510       46.4594       406.998      -2204.45      -38.2962      -32.1471    
353  5.520       43.9757       407.449      -2208.52      -42.2064      -36.3548    
354  5.530       40.7628       407.871      -2212.59      -46.1094      -40.5812    
355  5.540       36.8130       408.257      -2216.67      -50.0055      -44.8259    
356  5.550       32.1557       408.600      -2220.76      -53.8957      -49.0888    
357  5.560       26.8238       408.893      -2224.85      -57.7803      -53.3693    
358  5.570       20.8668       409.130      -2228.94      -61.6598      -57.6669    
359  5.580       14.3450       409.304      -2233.03      -65.5350      -61.9814    
360  5.590       7.37097       409.412      -2237.12      -69.4062      -66.3120    
361  5.600      0.414968E-01   409.448      -2241.22      -73.2734      -70.6576    
362  5.610      -7.50195       409.410      -2245.31      -77.1369      -75.0168    
363  5.620      -15.0796       409.296      -2249.40      -80.9965      -79.3877    
364  5.630      -22.5446       409.108      -2253.50      -84.8524      -83.7685    
365  5.640      -29.6843       408.848      -2257.58      -88.7042      -88.1564    
366  5.650      -36.3310       408.519      -2261.67      -92.5520      -92.5487    
367  5.660      -42.2696       408.127      -2265.75      -96.3958      -96.9421    
368  5.670      -47.3534       407.681      -2269.83      -100.235      -101.333    
369  5.680      -51.4024       407.190      -2273.91      -104.071      -105.718    
370  5.690      -54.3055       406.664      -2277.98      -107.903      -110.093    
371  5.700      -55.9483       406.115      -2282.04      -111.732      -114.456    
372  5.710      -56.2851       405.557      -2286.10      -115.558      -118.802    
373  5.720      -55.2876       405.003      -2290.15      -119.383      -123.129    
374  5.730      -52.9899       404.465      -2294.20      -123.208      -127.434    
375  5.740      -49.4434       403.956      -2298.24      -127.034      -131.715    
376  5.750      -44.7632       403.488      -2302.28      -130.864      -135.972    
377  5.760      -39.0786       403.071      -2306.31      -134.699      -140.203    
378  5.770      -32.5565       402.715      -2310.34      -138.540      -144.408    
379  5.780      -25.3900       402.427      -2314.37      -142.391      -148.587    
380  5.790      -17.7654       402.213      -2318.39      -146.252      -152.740    
381  5.800      -9.90891       402.075      -2322.41      -150.127      -156.870    
382  5.810      -2.00498       402.016      -2326.43      -154.017      -160.978    
383  5.820       5.76297       402.035      -2330.45      -157.924      -165.064    
384  5.830       13.1929       402.129      -2334.47      -161.849      -169.132    
385  5.840       20.1634       402.295      -2338.50      -165.794      -173.181    
386  5.850       26.5348       402.527      -2342.52      -169.760      -177.214    
387  5.860       32.2219       402.819      -2346.55      -173.747       178.768    
388  5.870       37.1351       403.164      -2350.58      -177.758       174.763    
389  5.880       41.2523       403.554      -2354.61       178.210       170.770    
390  5.890       44.5355       403.981      -2358.65       174.154       166.789    
391  5.900       46.9896       404.437      -2362.69       170.076       162.820    
392  5.910       48.6052       404.912      -2366.74       165.976       158.860    
393  5.920       49.4132       405.401      -2370.79       161.855       154.911    
394  5.930       49.4273       405.893      -2374.85       157.713       150.972    
395  5.940       48.6582       406.381      -2378.91       153.551       147.041    
396  5.950       47.1329       406.858      -2382.98       149.369       143.119    
397  5.960       44.8547       407.316      -2387.05       145.168       139.206    
398  5.970       41.8453       407.748      -2391.12       140.947       135.299    
399  5.980       38.1273       408.146      -2395.20       136.709       131.400    
400  5.990       33.6962       408.503      -2399.28       132.452       127.507    
401  6.000       28.6062       408.813      -2403.37       128.177       123.620    
402  6.010       22.8851       409.069      -2407.46       123.885       119.739    
403  6.020       16.5982       409.265      -2411.55       119.576       115.862    
404  6.030       9.81899       409.396      -2415.65       115.251       111.989    
405  6.040       2.66069       409.457      -2419.74       110.911       108.121    
406  6.050      -4.75892       409.446      -2423.83       106.557       104.257    
407  6.060      -12.2890       409.360      -2427.93       102.190       100.396    
408  6.070      -19.7710       409.200      -2432.02       97.8132       96.5389    
409  6.080      -27.0124       408.966      -2436.11       93.4281       92.6860    
410  6.090      -33.8351       408.663      -2440.20       89.0374       88.8371    
411  6.100      -40.0471       408.295      -2444.28       84.6444       84.9920    
412  6.110      -45.4677       407.869      -2448.36       80.2524       81.1510    
413  6.120      -49.9357       407.394      -2452.44       75.8647       77.3138    
414  6.130      -53.3033       406.880      -2456.51       71.4851       73.4802    
415  6.140      -55.4461       406.339      -2460.58       67.1172       69.6498    
416  6.150      -56.3204       405.783      -2464.64       62.7643       65.8221    
417  6.160      -55.8480       405.226      -2468.69       58.4297       61.9961    
418  6.170      -54.0575       404.680      -2472.74       54.1158       58.1707    
419  6.180      -50.9924       404.158      -2476.79       49.8248       54.3444    
420  6.190      -46.7246       403.672      -2480.83       45.5584       50.5157    
421  6.200      -41.4000       403.234      -2484.86       41.3177       46.6828    
422  6.210      -35.1552       402.854      -2488.89       37.1032       42.8438    
423  6.220      -28.1776       402.539      -2492.92       32.9145       38.9964    
424  6.230      -20.6752       402.297      -2496.94       28.7514       35.1389    
425  6.240      -12.8298       402.130      -2500.97       24.6129       31.2691    
426  6.250      -4.88078       402.042      -2504.99       20.4974       27.3848    
427  6.260       3.00093       402.033      -2509.01       16.4035       23.4843    
428  6.270       10.6176       402.100      -2513.03       12.3294       19.5656    
429  6.280       17.8058       402.242      -2517.05       8.27365       15.6276    
430  6.290       24.4427       402.452      -2521.08       4.23461       11.6688    
431  6.300       30.3956       402.724      -2525.10      0.211023       7.68876    
432  6.310       35.6056       403.053      -2529.13      -3.79849       3.68665    
433  6.320       40.0085       403.429      -2533.16      -7.79520     -0.338021    
434  6.330       43.5735       403.845      -2537.20      -11.7802      -4.38555    
435  6.340       46.3034       404.292      -2541.24      -15.7542      -8.45567    
436  6.350       48.1820       404.762      -2545.29      -19.7175      -12.5478    
437  6.360       49.2495       405.247      -2549.34      -23.6707      -16.6616    
438  6.370       49.5057       405.739      -2553.39      -27.6145      -20.7968    
439  6.380       48.9798       406.230      -2557.45      -31.5489      -24.9525    
440  6.390       47.6990       406.711      -2561.52      -35.4745      -29.1282    
441  6.400       45.6668       407.176      -2565.59      -39.3916      -33.3231    
442  6.410       42.9119       407.617      -2569.66      -43.3010      -37.5372    
443  6.420       39.4405       408.027      -2573.74      -47.2029      -41.7696    
444  6.430       35.2730       408.399      -2577.82      -51.0981      -46.0203    
445  6.440       30.4303       408.726      -2581.91      -54.9873      -50.2889    
446  6.450       24.9580       409.001      -2585.99      -58.8709      -54.5749    
447  6.460       18.8916       409.219      -2590.09      -62.7495      -58.8779    
448  6.470       12.3013       409.373      -2594.18      -66.6235      -63.1972    
449  6.480       5.30222       409.460      -2598.27      -70.4934      -67.5322    
450  6.490      -2.02406       409.476      -2602.37      -74.3596      -71.8819    
451  6.500      -9.51571       409.417      -2606.46      -78.2217      -76.2444    
452  6.510      -17.0198       409.284      -2610.56      -82.0802      -80.6182    
453  6.520      -24.3808       409.078      -2614.65      -85.9351      -85.0014    
454  6.530      -31.3696       408.800      -2618.74      -89.7862      -89.3910    
455  6.540      -37.8444       408.455      -2622.82      -93.6329      -93.7838    
456  6.550      -43.5929       408.049      -2626.91      -97.4759      -98.1772    
457  6.560      -48.4369       407.591      -2630.98      -101.315      -102.567    
458  6.570      -52.2430       407.090      -2635.06      -105.150      -106.950    
459  6.580      -54.8660       406.557      -2639.13      -108.981      -111.323    
460  6.590      -56.2120       406.005      -2643.19      -112.810      -115.682    
461  6.600      -56.2494       405.446      -2647.25      -116.637      -120.024    
462  6.610      -54.9359       404.893      -2651.30      -120.463      -124.346    
463  6.620      -52.3209       404.360      -2655.34      -124.289      -128.645    
464  6.630      -48.4641       403.859      -2659.38      -128.117      -132.921    
465  6.640      -43.4933       403.402      -2663.42      -131.948      -137.171    
466  6.650      -37.5331       403.000      -2667.45      -135.785      -141.395    
467  6.660      -30.7798       402.660      -2671.48      -139.629      -145.593    
468  6.670      -23.4112       402.391      -2675.51      -143.482      -149.765    
469  6.680      -15.6405       402.197      -2679.53      -147.348      -153.912    
470  6.690      -7.68137       402.081      -2683.55      -151.226      -158.035    
471  6.700      0.269308       402.044      -2687.57      -155.121      -162.137    
472  6.710       8.01086       402.086      -2691.59      -159.033      -166.217    
473  6.720       15.3822       402.202      -2695.62      -162.963      -170.279    
474  6.730       22.2260       402.389      -2699.64      -166.915      -174.324    
475  6.740       28.4349       402.641      -2703.66      -170.887      -178.353    
476  6.750       33.9057       402.951      -2707.69      -174.881       177.632    
477  6.760       38.5806       403.311      -2711.72      -178.898       173.631    
478  6.770       42.4347       403.714      -2715.76       177.062       169.642    
479  6.780       45.4383       404.152      -2719.80       173.000       165.664    
480  6.790       47.6001       404.615      -2723.84       168.916       161.697    
481  6.800       48.9320       405.095      -2727.89       164.809       157.739    
482  6.810       49.4654       405.585      -2731.94       160.682       153.792    
483  6.820       49.2057       406.077      -2736.00       156.533       149.855    
484  6.830       48.1834       406.562      -2740.07       152.364       145.926    
485  6.840       46.4261       407.033      -2744.13       148.176       142.005    
486  6.850       43.9284       407.483      -2748.21       143.968       138.093    
487  6.860       40.7217       407.904      -2752.28       139.742       134.188    
488  6.870       36.8152       408.290      -2756.36       135.497       130.290    
489  6.880       32.2277       408.634      -2760.45       131.235       126.399    
490  6.890       26.9840       408.928      -2764.54       126.955       122.513    
491  6.900       21.1404       409.167      -2768.63       122.658       118.633    
492  6.910       14.7394       409.345      -2772.72       118.344       114.757    
493  6.920       7.87898       409.457      -2776.81       114.015       110.886    
494  6.930      0.653959       409.499      -2780.91       109.671       107.019    
495  6.940      -6.79569       409.467      -2785.00       105.313       103.155    
496  6.950      -14.3198       409.361      -2789.10       100.943       99.2954    
497  6.960      -21.7626       409.181      -2793.19       96.5627       95.4394    
498  6.970      -28.9216       408.928      -2797.28       92.1753       91.5871    
499  6.980      -35.6158       408.606      -2801.37       87.7831       87.7385    
500  6.990      -41.6581       408.221      -2805.45       83.3893       83.8939    
501  7.000      -46.8548       407.780      -2809.53       78.9972       80.0530    
502  7.010      -51.0642       407.293      -2813.61       74.6108       76.2162    
503  7.020      -54.1262       406.770      -2817.68       70.2338       72.3832    
504  7.030      -55.9407       406.222      -2821.74       65.8690       68.5531    
505  7.040      -56.4477       405.664      -2825.80       61.5203       64.7252    
506  7.050      -55.6101       405.107      -2829.86       57.1906       60.8990    
507  7.060      -53.4447       404.565      -2833.90       52.8824       57.0730    
508  7.070      -50.0061       404.051      -2837.95       48.5980       53.2460    
509  7.080      -45.4100       403.577      -2841.99       44.3384       49.4158    
510  7.090      -39.7667       403.153      -2846.02       40.1050       45.5813    
511  7.100      -33.2606       402.791      -2850.05       35.8977       41.7399    
512  7.110      -26.0792       402.496      -2854.08       31.7164       37.8897    
513  7.120      -18.4105       402.275      -2858.10       27.5604       34.0288    
514  7.130      -10.4883       402.131      -2862.12       23.4287       30.1550    
515  7.140      -2.51295       402.067      -2866.14       19.3194       26.2659    
516  7.150       5.33498       402.081      -2870.16       15.2315       22.3603    
517  7.160       12.8514       402.171      -2874.19       11.1628       18.4361    
518  7.170       19.8948       402.334      -2878.21       7.11211       14.4922    
519  7.180       26.3335       402.564      -2882.23       3.07737       10.5271    
520  7.190       32.0646       402.854      -2886.26     -0.942429       6.54037    
521  7.200       37.0318       403.198      -2890.29      -4.94863       2.53136    
522  7.210       41.1616       403.587      -2894.33      -8.94246      -1.50037    
523  7.220       44.4628       404.013      -2898.36      -12.9250      -5.55508    
524  7.230       46.9194       404.467      -2902.41      -16.8964      -9.63200    
525  7.240       48.5429       404.943      -2906.45      -20.8573      -13.7309    
526  7.250       49.3560       405.430      -2910.51      -24.8080      -17.8512    
527  7.260       49.3734       405.922      -2914.56      -28.7496      -21.9929    
528  7.270       48.6273       406.410      -2918.62      -32.6819      -26.1548    
529  7.280       47.1303       406.887      -2922.69      -36.6052      -30.3363    
530  7.290       44.9043       407.345      -2926.76      -40.5204      -34.5372    
531  7.300       41.9495       407.778      -2930.84      -44.4278      -38.7569    
532  7.310       38.2986       408.177      -2934.92      -48.3281      -42.9951    
533  7.320       33.9531       408.537      -2939.00      -52.2218      -47.2514    
534  7.330       28.9417       408.849      -2943.09      -56.1097      -51.5255    
535  7.340       23.3035       409.109      -2947.18      -59.9922      -55.8169    
536  7.350       17.0892       409.309      -2951.27      -63.8698      -60.1251    
537  7.360       10.3829       409.445      -2955.36      -67.7429      -64.4493    
538  7.370       3.26236       409.513      -2959.46      -71.6118      -68.7888    
539  7.380      -4.12913       409.507      -2963.55      -75.4770      -73.1425    
540  7.390      -11.6612       409.428      -2967.65      -79.3384      -77.5089    
541  7.400      -19.1550       409.274      -2971.74      -83.1963      -81.8860    
542  7.410      -26.4482       409.046      -2975.83      -87.0502      -86.2713    
543  7.420      -33.3368       408.748      -2979.92      -90.9002      -90.6624    
544  7.430      -39.6401       408.384      -2984.01      -94.7465      -95.0563    
545  7.440      -45.1600       407.962      -2988.09      -98.5885      -99.4493    
546  7.450      -49.7350       407.490      -2992.17      -102.427      -103.838    
547  7.460      -53.2217       406.977      -2996.24      -106.261      -108.219    
548  7.470      -55.4770       406.437      -3000.31      -110.093      -112.589    
549  7.480      -56.4573       405.880      -3004.37      -113.921      -116.944    
550  7.490      -56.0808       405.321      -3008.42      -117.748      -121.281    
551  7.500      -54.3785       404.772      -3012.47      -121.574      -125.597    
552  7.510      -51.3691       404.246      -3016.52      -125.401      -129.890    
553  7.520      -47.1631       403.757      -3020.56      -129.230      -134.159    
554  7.530      -41.8558       403.314      -3024.60      -133.063      -138.402    
555  7.540      -35.6344       402.930      -3028.63      -136.902      -142.619    
556  7.550      -28.6594       402.610      -3032.66      -140.749      -146.809    
557  7.560      -21.1392       402.363      -3036.68      -144.606      -150.974    
558  7.570      -13.2796       402.192      -3040.70      -148.475      -155.115    
559  7.580      -5.29564       402.099      -3044.73      -152.359      -159.232    
560  7.590       2.61324       402.086      -3048.75      -156.259      -163.328    
561  7.600       10.2649       402.150      -3052.77      -160.176      -167.403    
562  7.610       17.4821       402.288      -3056.79      -164.114      -171.460    
563  7.620       24.1519       402.495      -3060.81      -168.071      -175.501    
564  7.630       30.1371       402.765      -3064.84      -172.050      -179.526    
565  7.640       35.3704       403.091      -3068.87      -176.052       176.463    
566  7.650       39.8008       403.464      -3072.90       179.924       172.464    
567  7.660       43.3979       403.878      -3076.94       175.877       168.478    
568  7.670       46.1498       404.324      -3080.98       171.808       164.502    
569  7.680       48.0724       404.793      -3085.03       167.716       160.537    
570  7.690       49.1586       405.277      -3089.08       163.603       156.583    
571  7.700       49.4658       405.768      -3093.13       159.469       152.638    
572  7.710       48.9945       406.259      -3097.19       155.314       148.703    
573  7.720       47.7580       406.741      -3101.26       151.139       144.776    
574  7.730       45.7872       407.206      -3105.33       146.945       140.858    
575  7.740       43.1019       407.649      -3109.40       142.732       136.948    
576  7.750       39.6845       408.061      -3113.48       138.500       133.045    
577  7.760       35.5853       408.436      -3117.56       134.249       129.148    
578  7.770       30.7991       408.766      -3121.65       129.982       125.259    
579  7.780       25.3745       409.045      -3125.74       125.696       121.374    
580  7.790       19.3524       409.267      -3129.83       121.394       117.495    
581  7.800       12.7923       409.427      -3133.92       117.075       113.620    
582  7.810       5.80407       409.518      -3138.02       112.741       109.750    
583  7.820      -1.51364       409.539      -3142.11       108.392       105.884    
584  7.830      -9.02563       409.486      -3146.21       104.030       102.021    
585  7.840      -16.5569       409.357      -3150.30       99.6558       98.1612    
586  7.850      -23.9528       409.155      -3154.40       95.2726       94.3054    
587  7.860      -31.0071       408.881      -3158.49       90.8829       90.4537    
588  7.870      -37.5392       408.539      -3162.57       86.4894       86.6060    
589  7.880      -43.3517       408.136      -3166.66       82.0954       82.7622    
590  7.890      -48.2849       407.680      -3170.73       77.7045       78.9226    
591  7.900      -52.1562       407.180      -3174.81       73.3200       75.0866    
592  7.910      -54.8614       406.648      -3178.88       68.9458       71.2541    
593  7.920      -56.2877       406.095      -3182.94       64.5849       67.4243    
594  7.930      -56.3850       405.535      -3187.00       60.2411       63.5968    
595  7.940      -55.1417       404.981      -3191.05       55.9173       59.7705    
596  7.950      -52.5756       404.446      -3195.10       51.6154       55.9439    
597  7.960      -48.7785       403.942      -3199.14       47.3380       52.1159    
598  7.970      -43.8329       403.482      -3203.18       43.0855       48.2841    
599  7.980      -37.9109       403.076      -3207.21       38.8595       44.4475    
600  7.990      -31.1783       402.732      -3211.24       34.6594       40.6032    
601  8.000      -23.8269       402.459      -3215.27       30.4850       36.7495    
602  8.010      -16.0570       402.261      -3219.29       26.3358       32.8845    
603  8.020      -8.10135       402.141      -3223.31       22.2106       29.0062    
604  8.030     -0.129543       402.100      -3227.34       18.1075       25.1122    
605  8.040       7.62490       402.137      -3231.36       14.0250       21.2009    
606  8.050       15.0177       402.250      -3235.38       9.96137       17.2705    
607  8.060       21.8855       402.433      -3239.40       5.91496       13.3199    
608  8.070       28.1311       402.682      -3243.43       1.88404       9.34775    
609  8.080       33.6286       402.989      -3247.46      -2.13236       5.35372    
610  8.090       38.3553       403.347      -3251.49      -6.13531       1.33746    
611  8.100       42.2438       403.748      -3255.53      -10.1258      -2.70119    
612  8.110       45.2901       404.183      -3259.57      -14.1050      -6.76267    
613  8.120       47.5103       404.645      -3263.61      -18.0734      -10.8464    
614  8.130       48.8874       405.125      -3267.66      -22.0316      -14.9521    
615  8.140       49.4681       405.615      -3271.71      -25.9800      -19.0792    
616  8.150       49.2683       406.107      -3275.77      -29.9188      -23.2270    
617  8.160       48.2942       406.593      -3279.83      -33.8487      -27.3952    
618  8.170       46.5903       407.065      -3283.90      -37.7698      -31.5828    
619  8.180       44.1394       407.517      -3287.98      -41.6827      -35.7895    
620  8.190       40.9823       407.941      -3292.05      -45.5885      -40.0153    
621  8.200       37.1150       408.330      -3296.13      -49.4867      -44.2589    
622  8.210       32.5623       408.676      -3300.22      -53.3788      -48.5207    
623  8.220       27.3532       408.974      -3304.31      -57.2652      -52.8002    
624  8.230       21.5220       409.217      -3308.40      -61.1466      -57.0970    
625  8.240       15.1497       409.399      -3312.49      -65.0234      -61.4106    
626  8.250       8.28619       409.515      -3316.59      -68.8955      -65.7399    
627  8.260       1.06510       409.560      -3320.68      -72.7639      -70.0844    
628  8.270      -6.39634       409.533      -3324.78      -76.6285      -74.4427    
629  8.280      -13.9501       409.431      -3328.87      -80.4892      -78.8128    
630  8.290      -21.4056       409.254      -3332.96      -84.3462      -83.1931    
631  8.300      -28.6088       409.004      -3337.06      -88.1996      -87.5812    
632  8.310      -35.3434       408.686      -3341.14      -92.0488      -91.9739    
633  8.320      -41.4356       408.303      -3345.23      -95.8941      -96.3683    
634  8.330      -46.6836       407.864      -3349.31      -99.7353      -100.761    
635  8.340      -50.9466       407.378      -3353.39      -103.573      -105.148    
636  8.350      -54.0700       406.856      -3357.46      -107.407      -109.527    
637  8.360      -55.9482       406.309      -3361.52      -111.237      -113.893    
638  8.370      -56.5089       405.750      -3365.58      -115.066      -118.243    
639  8.380      -55.7336       405.192      -3369.64      -118.892      -122.574    
640  8.390      -53.6184       404.648      -3373.69      -122.719      -126.884    
641  8.400      -50.2437       404.132      -3377.73      -126.546      -131.170    
642  8.410      -45.6768       403.656      -3381.77      -130.376      -135.431    
643  8.420      -40.0796       403.230      -3385.80      -134.211      -139.667    
644  8.430      -33.6079       402.864      -3389.84      -138.053      -143.876    
645  8.440      -26.4393       402.565      -3393.86      -141.903      -148.060    
646  8.450      -18.8011       402.341      -3397.89      -145.764      -152.218    
647  8.460      -10.8786       402.193      -3401.91      -149.638      -156.352    
648  8.470      -2.89759       402.125      -3405.93      -153.527      -160.462    
649  8.480       4.95790       402.135      -3409.95      -157.432      -164.552    
650  8.490       12.4906       402.222      -3413.98      -161.356      -168.622    
651  8.500       19.5600       402.381      -3418.00      -165.299      -172.675    
652  8.510       26.0353       402.608      -3422.02      -169.263      -176.711    
653  8.520       31.8015       402.895      -3426.05      -173.249       179.268    
654  8.530       36.8081       403.236      -3430.08      -177.258       175.261    
655  8.540       40.9855       403.623      -3434.12       178.711       171.266    
656  8.550       44.3379       404.048      -3438.16       174.657       167.282    
657  8.560       46.8348       404.502      -3442.20       170.580       163.310    
658  8.570       48.5152       404.976      -3446.25       166.482       159.348    
659  8.580       49.3693       405.464      -3450.30       162.362       155.396    
660  8.590       49.4389       405.956      -3454.36       158.221       151.454    
661  8.600       48.7334       406.445      -3458.42       154.060       147.520    
662  8.610       47.2816       406.923      -3462.49       149.879       143.596    
663  8.620       45.0868       407.383      -3466.56       145.678       139.680    
664  8.630       42.1775       407.818      -3470.63       141.459       135.771    
665  8.640       38.5485       408.219      -3474.71       137.221       131.870    
666  8.650       34.2312       408.582      -3478.80       132.965       127.976    
667  8.660       29.2436       408.897      -3482.88       128.692       124.087    
668  8.670       23.6206       409.160      -3486.97       124.401       120.204    
669  8.680       17.4188       409.364      -3491.07       120.093       116.326    
670  8.690       10.7171       409.503      -3495.16       115.769       112.452    
671  8.700       3.59957       409.573      -3499.26       111.430       108.583    
672  8.710      -3.79956       409.572      -3503.35       107.076       104.717    
673  8.720      -11.3386       409.495      -3507.45       102.710       100.854    
674  8.730      -18.8551       409.344      -3511.54       98.3325       96.9959    
675  8.740      -26.1701       409.119      -3515.63       93.9467       93.1411    
676  8.750      -33.0918       408.824      -3519.72       89.5553       89.2904    
677  8.760      -39.4223       408.463      -3523.81       85.1609       85.4435    
678  8.770      -44.9919       408.042      -3527.89       80.7669       81.6005    
679  8.780      -49.6060       407.571      -3531.97       76.3768       77.7613    
680  8.790      -53.1435       407.060      -3536.04       71.9944       73.9258    
681  8.800      -55.4547       406.520      -3540.11       67.6235       70.0938    
682  8.810      -56.4842       405.963      -3544.17       63.2673       66.2647    
683  8.820      -56.1631       405.403      -3548.23       58.9289       62.4373    
684  8.830      -54.5103       404.853      -3552.28       54.6112       58.6108    
685  8.840      -51.5552       404.326      -3556.33       50.3160       54.7834    
686  8.850      -47.3920       403.835      -3560.37       46.0455       50.9540    
687  8.860      -42.1348       403.390      -3564.41       41.8005       47.1205    
688  8.870      -35.9414       403.002      -3568.44       37.5816       43.2810    
689  8.880      -28.9910       402.679      -3572.47       33.3891       39.4339    
690  8.890      -21.4943       402.429      -3576.49       29.2223       35.5767    
691  8.900      -13.6395       402.254      -3580.52       25.0799       31.7072    
692  8.910      -5.66352       402.158      -3584.54       20.9608       27.8236    
693  8.920       2.26273       402.141      -3588.56       16.8635       23.9239    
694  8.930       9.92421       402.202      -3592.58       12.7864       20.0065    
695  8.940       17.1768       402.336      -3596.61       8.72744       16.0694    
696  8.950       23.8658       402.540      -3600.63       4.68543       12.1118    
697  8.960       29.8956       402.808      -3604.66      0.658682       8.13272    
698  8.970       35.1705       403.131      -3608.69      -3.35396       4.13151    
699  8.980       39.6473       403.503      -3612.72      -7.35375      0.107698    
700  8.990       43.2826       403.916      -3616.76      -11.3414      -3.93860    
701  9.000       46.0807       404.361      -3620.80      -15.3177      -8.00733    
702  9.010       48.0500       404.829      -3624.85      -19.2830      -12.0979    
703  9.020       49.1791       405.313      -3628.90      -23.2384      -16.2105    
704  9.030       49.5235       405.805      -3632.95      -27.1842      -20.3445    
705  9.040       49.0838       406.296      -3637.01      -31.1207      -24.4990    
706  9.050       47.8901       406.779      -3641.08      -35.0481      -28.6734    
707  9.060       45.9455       407.246      -3645.15      -38.9674      -32.8677    
708  9.070       43.2802       407.691      -3649.22      -42.8789      -37.0812    
709  9.080       39.8953       408.105      -3653.30      -46.7827      -41.3129    
710  9.090       35.8071       408.481      -3657.39      -50.6795      -45.5626    
711  9.100       31.0492       408.814      -3661.47      -54.5699      -49.8299    
712  9.110       25.6304       409.096      -3665.56      -58.4548      -54.1150    
713  9.120       19.6159       409.320      -3669.65      -62.3347      -58.4170    
714  9.130       13.0775       409.483      -3673.75      -66.2105      -62.7360    
715  9.140       6.08732       409.577      -3677.84      -70.0821      -67.0707    
716  9.150      -1.23623       409.600      -3681.94      -73.9497      -71.4200    
717  9.160      -8.74299       409.550      -3686.04      -77.8137      -75.7827    
718  9.170      -16.2905       409.424      -3690.13      -81.6740      -80.1569    
719  9.180      -23.6959       409.225      -3694.22      -85.5300      -84.5400    
720  9.190      -30.7724       408.953      -3698.31      -89.3823      -88.9300    
721  9.200      -37.3341       408.614      -3702.40      -93.2307      -93.3239    
722  9.210      -43.1788       408.212      -3706.49      -97.0752      -97.7187    
723  9.220      -48.1461       407.758      -3710.57      -100.916      -102.110    
724  9.230      -52.0616       407.259      -3714.64      -104.752      -106.496    
725  9.240      -54.8121       406.728      -3718.71      -108.586      -110.871    
726  9.250      -56.2858       406.175      -3722.78      -112.416      -115.233    
727  9.260      -56.4328       405.615      -3726.83      -116.244      -119.579    
728  9.270      -55.2392       405.060      -3730.89      -120.071      -123.904    
729  9.280      -52.7213       404.523      -3734.94      -123.898      -128.207    
730  9.290      -48.9583       404.018      -3738.98      -127.727      -132.487    
731  9.300      -44.0585       403.556      -3743.02      -131.559      -136.741    
732  9.310      -38.1723       403.147      -3747.05      -135.396      -140.969    
733  9.320      -31.4540       402.801      -3751.08      -139.241      -145.171    
734  9.330      -24.1203       402.525      -3755.11      -143.095      -149.347    
735  9.340      -16.3613       402.324      -3759.13      -146.960      -153.497    
736  9.350      -8.40233       402.201      -3763.16      -150.838      -157.624    
737  9.360     -0.436392       402.157      -3767.18      -154.732      -161.729    
738  9.370       7.33888       402.191      -3771.20      -158.644      -165.813    
739  9.380       14.7520       402.301      -3775.22      -162.574      -169.878    
740  9.390       21.6512       402.482      -3779.25      -166.524      -173.926    
741  9.400       27.9198       402.728      -3783.27      -170.495      -177.957    
742  9.410       33.4566       403.034      -3787.30      -174.489       178.026    
743  9.420       38.2133       403.390      -3791.33      -178.505       174.021    
744  9.430       42.1442       403.790      -3795.37       177.456       170.030    
745  9.440       45.2303       404.225      -3799.41       173.395       166.049    
746  9.450       47.4777       404.686      -3803.46       169.312       162.080    
747  9.460       48.8923       405.166      -3807.50       165.206       158.121    
748  9.470       49.5067       405.656      -3811.56       161.080       154.172    
749  9.480       49.3296       406.148      -3815.62       156.932       150.232    
750  9.490       48.3939       406.635      -3819.68       152.764       146.301    
751  9.500       46.7018       407.108      -3823.75       148.576       142.379    
752  9.510       44.2827       407.561      -3827.82       144.369       138.465    
753  9.520       41.1410       407.987      -3831.90       140.144       134.558    
754  9.530       37.2953       408.377      -3835.98       135.900       130.659    
755  9.540       32.7609       408.726      -3840.07       131.638       126.766    
756  9.550       27.5609       409.026      -3844.16       127.358       122.879    
757  9.560       21.7469       409.271      -3848.25       123.062       118.997    
758  9.570       15.3759       409.455      -3852.34       118.749       115.120    
759  9.580       8.52390       409.573      -3856.44       114.420       111.247    
760  9.590       1.29541       409.621      -3860.53       110.076       107.379    
761  9.600      -6.15456       409.596      -3864.63       105.717       103.513    
762  9.610      -13.7270       409.496      -3868.72       101.347       99.6522    
763  9.620      -21.1925       409.322      -3872.82       96.9669       95.7947    
764  9.630      -28.4116       409.074      -3876.91       92.5790       91.9410    
765  9.640      -35.1651       408.757      -3881.00       88.1859       88.0911    
766  9.650      -41.2839       408.376      -3885.08       83.7910       84.2452    
767  9.660      -46.5700       407.939      -3889.17       79.3977       80.4031    
768  9.670      -50.8587       407.454      -3893.24       75.0097       76.5652    
769  9.680      -54.0245       406.932      -3897.31       70.6304       72.7308    
770  9.690      -55.9421       406.385      -3901.38       66.2638       68.8998    
771  9.700      -56.5466       405.826      -3905.44       61.9127       65.0712    
772  9.710      -55.8043       405.267      -3909.50       57.5800       61.2437    
773  9.720      -53.7394       404.723      -3913.55       53.2689       57.4168    
774  9.730      -50.3842       404.206      -3917.59       48.9815       53.5893    
775  9.740      -45.8677       403.727      -3921.63       44.7190       49.7588    
776  9.750      -40.2910       403.299      -3925.67       40.4821       45.9237    
777  9.760      -33.8432       402.931      -3929.70       36.2715       42.0820    
778  9.770      -26.6937       402.630      -3933.73       32.0866       38.2315    
779  9.780      -19.0556       402.403      -3937.75       27.9274       34.3706    
780  9.790      -11.1491       402.253      -3941.77       23.7919       30.4964    
781  9.800      -3.15065       402.182      -3945.80       19.6795       26.6077    
782  9.810       4.70363       402.189      -3949.82       15.5884       22.7024    
783  9.820       12.2562       402.274      -3953.84       11.5170       18.7788    
784  9.830       19.3531       402.431      -3957.86       7.46342       14.8354    
785  9.840       25.8468       402.655      -3961.89       3.42632       10.8712    
786  9.850       31.6445       402.941      -3965.92     -0.595960       6.88516    
787  9.860       36.6761       403.281      -3969.95      -4.60455       2.87684    
788  9.870       40.8957       403.667      -3973.99      -8.60089      -1.15443    
789  9.880       44.2680       404.091      -3978.02      -12.5854      -5.20827    
790  9.890       46.8100       404.544      -3982.07      -16.5585      -9.28414    
791  9.900       48.5108       405.019      -3986.11      -20.5212      -13.3823    
792  9.910       49.3997       405.506      -3990.17      -24.4740      -17.5020    
793  9.920       49.4908       405.999      -3994.23      -28.4171      -21.6427    
794  9.930       48.8195       406.488      -3998.29      -32.3509      -25.8038    
795  9.940       47.3851       406.967      -4002.35      -36.2763      -29.9851    
796  9.950       45.2109       407.428      -4006.43      -40.1930      -34.1854    
797  9.960       42.3161       407.864      -4010.50      -44.1023      -38.4049    
798  9.970       38.7105       408.268      -4014.58      -48.0042      -42.6426    
799  9.980       34.3983       408.631      -4018.67      -51.8995      -46.8985    
800  9.990       29.4294       408.949      -4022.76      -55.7886      -51.1719    
801  10.00       23.8071       409.213      -4026.85      -59.6724      -55.4628    
