# [0_3/90]_s                                                                      
# Operating point sequence...
# i     t     RY pos[ 1]    Theta[ 1]    
  1  2.994     -0.472252E-01   1.41644    
  2  2.995     -0.363449E-01  0.858983    
  3  2.996     -0.252339E-01  0.375937    
  4  2.997     -0.138672E-01 -0.261095E-01
  5  2.998     -0.225240E-02 -0.332131    
  6  2.999      0.958669E-02 -0.529414    
  7  3.000      0.215984E-01 -0.605303    
  8  3.001      0.336909E-01 -0.544287    
  9  3.002      0.457281E-01 -0.327817    
 10  3.003      0.575370E-01  0.603289E-01
 11  3.004      0.689236E-01  0.622834    
 12  3.005      0.796924E-01   1.33666    
 13  3.006      0.896661E-01   2.14765    
 14  3.007      0.987008E-01   2.97719    
 15  3.008      0.106696       3.73974    
 16  3.009      0.113598       4.36365    
 17  3.010      0.119395       4.80610    
 18  3.011      0.124114       5.05751    
 19  3.012      0.127805       5.13702    
 20  3.013      0.130534       5.08221    
 21  3.014      0.132369       4.93720    
 22  3.015      0.133380       4.74347    
 23  3.016      0.133635       4.53612    
 24  3.017      0.133194       4.34363    
 25  3.018      0.132109       4.18791    
 26  3.019      0.130421       4.08286    
 27  3.020      0.128163       4.03238    
 28  3.021      0.125362       4.02962    
 29  3.022      0.122036       4.05852    
 30  3.023      0.118196       4.09752    
 31  3.024      0.113837       4.12376    
 32  3.025      0.108945       4.11637    
 33  3.026      0.103493       4.05810    
 34  3.027      0.974512E-01   3.93544    
 35  3.028      0.907917E-01   3.73837    
 36  3.029      0.834962E-01   3.46052    
 37  3.030      0.755589E-01   3.10021    
 38  3.031      0.669869E-01   2.66167    
 39  3.032      0.577977E-01   2.15604    
 40  3.033      0.480172E-01   1.60148    
 41  3.034      0.376773E-01   1.02244    
 42  3.035      0.268165E-01  0.448150    
 43  3.036      0.154818E-01 -0.893110E-01
 44  3.037      0.373117E-02 -0.557358    
 45  3.038     -0.836295E-02 -0.925081    
 46  3.039     -0.207112E-01  -1.16481    
 47  3.040     -0.332056E-01  -1.25278    
 48  3.041     -0.457201E-01  -1.16962    
 49  3.042     -0.581170E-01 -0.902527    
 50  3.043     -0.702563E-01 -0.449943    
 51  3.044     -0.820039E-01  0.172899    
 52  3.045     -0.932374E-01  0.930548    
 53  3.046     -0.103848       1.76857    
 54  3.047     -0.113740       2.62040    
 55  3.048     -0.122832       3.41825    
 56  3.049     -0.131055       4.10457    
 57  3.050     -0.138359       4.64017    
 58  3.051     -0.144716       5.00734    
 59  3.052     -0.150119       5.20872    
 60  3.053     -0.154584       5.26421    
 61  3.054     -0.158146       5.20729    
 62  3.055     -0.160849       5.08080    
 63  3.056     -0.162743       4.93170    
 64  3.057     -0.163876       4.80475    
 65  3.058     -0.164294       4.73591    
 66  3.059     -0.164042       4.74689    
 67  3.060     -0.163162       4.84238    
 68  3.061     -0.161696       5.01073    
 69  3.062     -0.159682       5.22767    
 70  3.063     -0.157150       5.46219    
 71  3.064     -0.154119       5.68247    
 72  3.065     -0.150595       5.86076    
 73  3.066     -0.146569       5.97619    
 74  3.067     -0.142028       6.01561    
 75  3.068     -0.136956       5.97294    
 76  3.069     -0.131343       5.84782    
 77  3.070     -0.125182       5.64387    
 78  3.071     -0.118475       5.36697    
 79  3.072     -0.111228       5.02371    
 80  3.073     -0.103453       4.62046    
 81  3.074     -0.951631E-01   4.16331    
 82  3.075     -0.863760E-01   3.65902    
 83  3.076     -0.771142E-01   3.11631    
 84  3.077     -0.674060E-01   2.54718    
 85  3.078     -0.572852E-01   1.96757    
 86  3.079     -0.467890E-01   1.39704    
 87  3.080     -0.359545E-01  0.857760    
 88  3.081     -0.248147E-01  0.372833    
 89  3.082     -0.133965E-01 -0.356515E-01
 90  3.083     -0.172379E-02 -0.348204    
 91  3.084      0.101735E-01 -0.548305    
 92  3.085      0.222436E-01 -0.620996    
 93  3.086      0.343970E-01 -0.550606    
 94  3.087      0.464989E-01 -0.320286    
 95  3.088      0.583728E-01  0.835978E-01
 96  3.089      0.698179E-01  0.661467    
 97  3.090      0.806327E-01   1.38882    
 98  3.091      0.906377E-01   2.21037    
 99  3.092      0.996914E-01   3.04625    
100  3.093      0.107698       3.80989    
101  3.094      0.114609       4.42934    
102  3.095      0.120417       4.86245    
103  3.096      0.125153       5.10111    
104  3.097      0.128869       5.16663    
105  3.098      0.131629       5.09931    
106  3.099      0.133498       4.94591    
107  3.100      0.134544       4.74985    
108  3.101      0.134830       4.54675    
109  3.102      0.134417       4.36418    
110  3.103      0.133357       4.22205    
111  3.104      0.131691       4.13204    
112  3.105      0.129454       4.09631    
113  3.106      0.126672       4.10699    
114  3.107      0.123364       4.14769    
115  3.108      0.119537       4.19674    
116  3.109      0.115187       4.23108    
117  3.110      0.110299       4.22941    
118  3.111      0.104847       4.17384    
119  3.112      0.988004E-01   4.05041    
120  3.113      0.921336E-01   3.84912    
121  3.114      0.848287E-01   3.56426    
122  3.115      0.768804E-01   3.19530    
123  3.116      0.682964E-01   2.74788    
124  3.117      0.590959E-01   2.23424    
125  3.118      0.493059E-01   1.67306    
126  3.119      0.389600E-01   1.08854    
127  3.120      0.280974E-01  0.509085    
128  3.121      0.167648E-01 -0.343578E-01
129  3.122      0.501862E-02 -0.510266    
130  3.123     -0.707187E-02 -0.888467    
131  3.124     -0.194214E-01  -1.14155    
132  3.125     -0.319259E-01  -1.24535    
133  3.126     -0.444630E-01  -1.17936    
134  3.127     -0.568972E-01 -0.928928    
135  3.128     -0.690892E-01 -0.490310    
136  3.129     -0.809049E-01  0.123316    
137  3.130     -0.922206E-01  0.877940    
138  3.131     -0.102925       1.71954    
139  3.132     -0.112919       2.58076    
140  3.133     -0.122115       3.39196    
141  3.134     -0.130441       4.09321    
142  3.135     -0.137841       4.64287    
143  3.136     -0.144285       5.02110    
144  3.137     -0.149764       5.22902    
145  3.138     -0.154295       5.28582    
146  3.139     -0.157914       5.22515    
147  3.140     -0.160670       5.09095    
148  3.141     -0.162613       4.93187    
149  3.142     -0.163795       4.79450    
150  3.143     -0.164264       4.71645    
151  3.144     -0.164065       4.72066    
152  3.145     -0.163241       4.81252    
153  3.146     -0.161833       4.98059    
154  3.147     -0.159880       5.20045    
155  3.148     -0.157411       5.44063    
156  3.149     -0.154446       5.66883    
157  3.150     -0.150987       5.85673    
158  3.151     -0.147026       5.98300    
159  3.152     -0.142549       6.03398    
160  3.153     -0.137540       6.00309    
161  3.154     -0.131984       5.88937    
162  3.155     -0.125877       5.69578    
163  3.156     -0.119218       5.42750    
164  3.157     -0.112015       5.09055    
165  3.158     -0.104279       4.69089    
166  3.159     -0.960236E-01   4.23457    
167  3.160     -0.872677E-01   3.72853    
168  3.161     -0.780339E-01   3.18199    
169  3.162     -0.683516E-01   2.60759    
170  3.163     -0.582553E-01   2.02192    
171  3.164     -0.477836E-01   1.44512    
172  3.165     -0.369749E-01  0.899724    
173  3.166     -0.258632E-01  0.408938    
174  3.167     -0.144755E-01 -0.533118E-02
175  3.168     -0.283432E-02 -0.324144    
176  3.169      0.903295E-02 -0.531860    
177  3.170      0.210787E-01 -0.614571    
178  3.171      0.332186E-01 -0.557398    
179  3.172      0.453222E-01 -0.343388    
180  3.173      0.572161E-01  0.426016E-01
181  3.174      0.687008E-01  0.603887    
182  3.175      0.795736E-01   1.31944    
183  3.176      0.896522E-01   2.13661    
184  3.177      0.987906E-01   2.97627    
185  3.178      0.106888       3.75036    
186  3.179      0.113891       4.38416    
187  3.180      0.119788       4.83268    
188  3.181      0.124605       5.08569    
189  3.182      0.128393       5.16325    
190  3.183      0.131215       5.10506    
191  3.184      0.133139       4.95759    
192  3.185      0.134232       4.76410    
193  3.186      0.134562       4.56017    
194  3.187      0.134189       4.37357    
195  3.188      0.133166       4.22487    
196  3.189      0.131538       4.12688    
197  3.190      0.129339       4.08309    
198  3.191      0.126596       4.08691    
199  3.192      0.123327       4.12283    
200  3.193      0.119542       4.16963    
201  3.194      0.115236       4.20428    
202  3.195      0.110395       4.20529    
203  3.196      0.104993       4.15455    
204  3.197      0.989985E-01   4.03786    
205  3.198      0.923845E-01   3.84478    
206  3.199      0.851317E-01   3.56903    
207  3.200      0.772338E-01   3.20928    
208  3.201      0.686978E-01   2.77016    
209  3.202      0.595423E-01   2.26300    
210  3.203      0.497941E-01   1.70577    
211  3.204      0.394864E-01   1.12232    
212  3.205      0.286580E-01  0.541159    
213  3.206      0.173552E-01 -0.631622E-02
214  3.207      0.563411E-02 -0.487920    
215  3.208     -0.643623E-02 -0.872822    
216  3.209     -0.187707E-01  -1.13317    
217  3.210     -0.312657E-01  -1.24476    
218  3.211     -0.437991E-01  -1.18736    
219  3.212     -0.562358E-01 -0.946578    
220  3.213     -0.684367E-01 -0.518437    
221  3.214     -0.802674E-01  0.848211E-01
222  3.215     -0.916041E-01  0.830672    
223  3.216     -0.102335       1.66666    
224  3.217     -0.112362       2.52645    
225  3.218     -0.121598       3.34059    
226  3.219     -0.129969       4.04835    
227  3.220     -0.137421       4.60680    
228  3.221     -0.143919       4.99475    
229  3.222     -0.149455       5.21227    
230  3.223     -0.154043       5.27780    
231  3.224     -0.157717       5.22440    
232  3.225     -0.160523       5.09549    
233  3.226     -0.162513       4.93930    
234  3.227     -0.163738       4.80228    
235  3.228     -0.164245       4.72230    
236  3.229     -0.164080       4.72292    
237  3.230     -0.163287       4.81046    
238  3.231     -0.161906       4.97442    
239  3.232     -0.159978       5.19119    
240  3.233     -0.157532       5.42975    
241  3.234     -0.154588       5.65784    
242  3.235     -0.151151       5.84695    
243  3.236     -0.147215       5.97534    
244  3.237     -0.142763       6.02898    
245  3.238     -0.137781       6.00098    
246  3.239     -0.132254       5.89020    
247  3.240     -0.126176       5.69959    
248  3.241     -0.119547       5.43443    
249  3.242     -0.112374       5.10085    
250  3.243     -0.104667       4.70495    
251  3.244     -0.964410E-01   4.25269    
252  3.245     -0.877138E-01   3.75078    
253  3.246     -0.785079E-01   3.20803    
254  3.247     -0.688519E-01   2.63659    
255  3.248     -0.587801E-01   2.05257    
256  3.249     -0.483304E-01   1.47574    
257  3.250     -0.375409E-01  0.928490    
258  3.251     -0.264457E-01  0.434087    
259  3.252     -0.150722E-01  0.147178E-01
260  3.253     -0.344333E-02 -0.310261    
261  3.254      0.841407E-02 -0.524794    
262  3.255      0.204536E-01 -0.614755    
263  3.256      0.325930E-01 -0.565327    
264  3.257      0.447043E-01 -0.359754    
265  3.258      0.566162E-01  0.171581E-01
266  3.259      0.681298E-01  0.569453    
267  3.260      0.790420E-01   1.27759    
268  3.261      0.891687E-01   2.09076    
269  3.262      0.983618E-01   2.93113    
270  3.263      0.106518       3.71076    
271  3.264      0.113581       4.35381    
272  3.265      0.119539       4.81331    
273  3.266      0.124415       5.07703    
274  3.267      0.128261       5.16349    
275  3.268      0.131137       5.11165    
276  3.269      0.133111       4.96804    
277  3.270      0.134252       4.77639    
278  3.271      0.134625       4.57282    
279  3.272      0.134291       4.38544    
280  3.273      0.133305       4.23507    
281  3.274      0.131711       4.13486    
282  3.275      0.129543       4.08874    
283  3.276      0.126829       4.09064    
284  3.277      0.123587       4.12552    
285  3.278      0.119829       4.17240    
286  3.279      0.115549       4.20830    
287  3.280      0.110735       4.21157    
288  3.281      0.105361       4.16387    
289  3.282      0.993967E-01   4.05072    
290  3.283      0.928141E-01   3.86149    
291  3.284      0.855937E-01   3.58969    
292  3.285      0.777285E-01   3.23373    
293  3.286      0.692247E-01   2.79803    
294  3.287      0.601004E-01   2.29366    
295  3.288      0.503820E-01   1.73827    
296  3.289      0.401025E-01   1.15542    
297  3.290      0.293003E-01  0.573334    
298  3.291      0.180211E-01  0.231601E-01
299  3.292      0.632015E-02 -0.463049    
300  3.293     -0.573453E-02 -0.854443    
301  3.294     -0.180592E-01  -1.12301    
302  3.295     -0.305515E-01  -1.24427    
303  3.296     -0.430906E-01  -1.19756    
304  3.297     -0.555419E-01 -0.967856    
305  3.298     -0.677658E-01 -0.550255    
306  3.299     -0.796276E-01  0.441276E-01
307  3.300     -0.910023E-01  0.783906    
308  3.301     -0.101778       1.61751    
309  3.302     -0.111853       2.47896    
310  3.303     -0.121142       3.29853    
311  3.304     -0.129570       4.01463    
312  3.305     -0.137080       4.58313    
313  3.306     -0.143637       4.98156    
314  3.307     -0.149231       5.20880    
315  3.308     -0.153875       5.28224    
316  3.309     -0.157602       5.23420    
317  3.310     -0.160459       5.10765    
318  3.311     -0.162497       4.95082    
319  3.312     -0.163767       4.81060    
320  3.313     -0.164317       4.72569    
321  3.314     -0.164193       4.72074    
322  3.315     -0.163438       4.80316    
323  3.316     -0.162093       4.96339    
324  3.317     -0.160198       5.17838    
325  3.318     -0.157784       5.41734    
326  3.319     -0.154871       5.64783    
327  3.320     -0.151464       5.84094    
328  3.321     -0.147558       5.97441    
329  3.322     -0.143138       6.03372    
330  3.323     -0.138187       6.01151    
331  3.324     -0.132693       5.90633    
332  3.325     -0.126647       5.72086    
333  3.326     -0.120050       5.46027    
334  3.327     -0.112908       5.13065    
335  3.328     -0.105232       4.73810    
336  3.329     -0.970351E-01   4.28861    
337  3.330     -0.883360E-01   3.78886    
338  3.331     -0.791566E-01   3.24755    
339  3.332     -0.695250E-01   2.67668    
340  3.333     -0.594753E-01   2.09216    
341  3.334     -0.490452E-01   1.51360    
342  3.335     -0.382730E-01  0.963283    
343  3.336     -0.271931E-01  0.464453    
344  3.337     -0.158334E-01  0.393805E-01
345  3.338     -0.421665E-02 -0.292409    
346  3.339      0.763104E-02 -0.514719    
347  3.340      0.196652E-01 -0.613398    
348  3.341      0.318064E-01 -0.573714    
349  3.342      0.439296E-01 -0.378917    
350  3.343      0.558658E-01 -0.133654E-01
351  3.344      0.674172E-01  0.528190    
352  3.345      0.783800E-01   1.22810    
353  3.346      0.885679E-01   2.03754    
354  3.347      0.978301E-01   2.87987    
355  3.348      0.106060       3.66698    
356  3.349      0.113199       4.32146    
357  3.350      0.119231       4.79410    
358  3.351      0.124179       5.07043    
359  3.352      0.128092       5.16727    
360  3.353      0.131031       5.12269    
361  3.354      0.133063       4.98316    
362  3.355      0.134257       4.79285    
363  3.356      0.134680       4.58846    
364  3.357      0.134392       4.39867    
365  3.358      0.133448       4.24489    
366  3.359      0.131893       4.14087    
367  3.360      0.129762       4.09126    
368  3.361      0.127084       4.09063    
369  3.362      0.123878       4.12442    
370  3.363      0.120154       4.17184    
371  3.364      0.115910       4.20984    
372  3.365      0.111132       4.21655    
373  3.366      0.105796       4.17330    
374  3.367      0.998713E-01   4.06531    
375  3.368      0.933300E-01   3.88166    
376  3.369      0.861517E-01   3.61554    
377  3.370      0.783284E-01   3.26502    
378  3.371      0.698656E-01   2.83410    
379  3.372      0.607805E-01   2.33343    
380  3.373      0.510994E-01   1.78026    
381  3.374      0.408545E-01   1.19785    
382  3.375      0.300841E-01  0.614169    
383  3.376      0.188332E-01  0.602705E-01
384  3.377      0.715637E-02 -0.431771    
385  3.378     -0.487943E-02 -0.830961    
386  3.379     -0.171915E-01  -1.10907    
387  3.380     -0.296790E-01  -1.24139    
388  3.381     -0.422220E-01  -1.20698    
389  3.382     -0.546866E-01 -0.990294    
390  3.383     -0.669334E-01 -0.585525    
391  3.384     -0.788271E-01 -0.247200E-02
392  3.385     -0.902419E-01  0.728959    
393  3.386     -0.101065       1.55846    
394  3.387     -0.111195       2.42073    
395  3.388     -0.120543       3.24581    
396  3.389     -0.129036       3.97117    
397  3.390     -0.136613       4.55120    
398  3.391     -0.143239       4.96187    
399  3.392     -0.148901       5.20065    
400  3.393     -0.153611       5.28377    
401  3.394     -0.157402       5.24263    
402  3.395     -0.160318       5.11966    
403  3.396     -0.162412       4.96297    
404  3.397     -0.163734       4.81984    
405  3.398     -0.164333       4.72978    
406  3.399     -0.164255       4.71861    
407  3.400     -0.163542       4.79502    
408  3.401     -0.162238       4.95051    
409  3.402     -0.160380       5.16283    
410  3.403     -0.158002       5.40145    
411  3.404     -0.155124       5.63386    
412  3.405     -0.151752       5.83073    
413  3.406     -0.147882       5.96928    
414  3.407     -0.143499       6.03441    
415  3.408     -0.138586       6.01832    
416  3.409     -0.133130       5.91916    
417  3.410     -0.127123       5.73939    
418  3.411     -0.120564       5.48402    
419  3.412     -0.113460       5.15913    
420  3.413     -0.105820       4.77079    
421  3.414     -0.976584E-01   4.32500    
422  3.415     -0.889928E-01   3.82832    
423  3.416     -0.798450E-01   3.28930    
424  3.417     -0.702427E-01   2.71969    
425  3.418     -0.602196E-01   2.13513    
426  3.419     -0.498134E-01   1.55505    
427  3.420     -0.390623E-01   1.00159    
428  3.421     -0.280014E-01  0.498033    
429  3.422     -0.166589E-01  0.667897E-01
430  3.423     -0.505772E-02 -0.272374    
431  3.424      0.677662E-02 -0.503064    
432  3.425      0.188017E-01 -0.611083    
433  3.426      0.309410E-01 -0.581847    
434  3.427      0.430731E-01 -0.398727    
435  3.428      0.550316E-01 -0.457367E-01
436  3.429      0.666201E-01  0.483578    
437  3.430      0.776342E-01   1.17364    
438  3.431      0.878858E-01   1.97791    
439  3.432      0.972209E-01   2.82131    
440  3.433      0.105530       3.61573    
441  3.434      0.112750       4.28220    
442  3.435      0.118863       4.76905    
443  3.436      0.123889       5.05933    
444  3.437      0.127875       5.16792    
445  3.438      0.130882       5.13182    
446  3.439      0.132978       4.99738    
447  3.440      0.134231       4.80921    
448  3.441      0.134706       4.60460    
449  3.442      0.134468       4.41278    
450  3.443      0.133569       4.25570    
451  3.444      0.132057       4.14771    
452  3.445      0.129966       4.09419    
453  3.446      0.127326       4.09045    
454  3.447      0.124157       4.12250    
455  3.448      0.120469       4.16985    
456  3.449      0.116263       4.20947    
457  3.450      0.111523       4.21929    
458  3.451      0.106228       4.18033    
459  3.452      0.100346       4.07753    
460  3.453      0.938487E-01   3.89968    
461  3.454      0.867156E-01   3.63962    
462  3.455      0.789376E-01   3.29507    
463  3.456      0.705192E-01   2.86957    
464  3.457      0.614769E-01   2.37326    
465  3.458      0.518363E-01   1.82296    
466  3.459      0.416295E-01   1.24152    
467  3.460      0.308940E-01  0.656630    
468  3.461      0.196745E-01  0.991806E-01
469  3.462      0.802445E-02 -0.398733    
470  3.463     -0.398998E-02 -0.805962    
471  3.464     -0.162874E-01  -1.09402    
472  3.465     -0.287684E-01  -1.23791    
473  3.466     -0.413143E-01  -1.21639    
474  3.467     -0.537919E-01  -1.01338    
475  3.468     -0.660620E-01 -0.622169    
476  3.469     -0.779885E-01 -0.512150E-01
477  3.470     -0.894450E-01  0.671113    
478  3.471     -0.100317       1.49588    
479  3.472     -0.110504       2.35854    
480  3.473     -0.119915       3.18907    
481  3.474     -0.128474       3.92393    
482  3.475     -0.136122       4.51605    
483  3.476     -0.142821       4.93974    
484  3.477     -0.148555       5.19091    
485  3.478     -0.153336       5.28453    
486  3.479     -0.157194       5.25105    
487  3.480     -0.160174       5.13226    
488  3.481     -0.162328       4.97612    
489  3.482     -0.163706       4.83023    
490  3.483     -0.164358       4.73497    
491  3.484     -0.164328       4.71733    
492  3.485     -0.163662       4.78732    
493  3.486     -0.162400       4.93769    
494  3.487     -0.160582       5.14697    
495  3.488     -0.158242       5.38505    
496  3.489     -0.155400       5.61932    
497  3.490     -0.152065       5.82006    
498  3.491     -0.148232       5.96391    
499  3.492     -0.143887       6.03515    
500  3.493     -0.139014       6.02549    
501  3.494     -0.133598       5.93266    
502  3.495     -0.127631       5.75886    
503  3.496     -0.121112       5.50897    
504  3.497     -0.114047       5.18900    
505  3.498     -0.106445       4.80509    
506  3.499     -0.983208E-01   4.36318    
507  3.500     -0.896907E-01   3.86981    
508  3.501     -0.805764E-01   3.33333    
509  3.502     -0.710053E-01   2.76520    
510  3.503     -0.610106E-01   2.18082    
511  3.504     -0.506297E-01   1.59933    
512  3.505     -0.399011E-01   1.04273    
513  3.506     -0.288602E-01  0.534288    
514  3.507     -0.175357E-01  0.965691E-01
515  3.508     -0.595076E-02 -0.250424    
516  3.509      0.586981E-02 -0.490045    
517  3.510      0.178855E-01 -0.608014    
518  3.511      0.300230E-01 -0.589859    
519  3.512      0.421644E-01 -0.419065    
520  3.513      0.541465E-01 -0.793275E-01
521  3.514      0.657742E-01  0.436996    
522  3.515      0.768427E-01   1.11644    
523  3.516      0.871620E-01   1.91491    
524  3.517      0.965747E-01   2.75903    
525  3.518      0.104968       3.56084    
526  3.519      0.112275       4.23984    
527  3.520      0.118474       4.74181    
528  3.521      0.123583       5.04707    
529  3.522      0.127648       5.16839    
530  3.523      0.130730       5.14155    
531  3.524      0.132894       5.01269    
532  3.525      0.134210       4.82689    
533  3.526      0.134744       4.62210    
534  3.527      0.134559       4.42819    
535  3.528      0.133710       4.26766    
536  3.529      0.132243       4.15553    
537  3.530      0.130196       4.09792    
538  3.531      0.127598       4.09093    
539  3.532      0.124469       4.12117    
540  3.533      0.120821       4.16851    
541  3.534      0.116654       4.20992    
542  3.535      0.111956       4.22310    
543  3.536      0.106704       4.18880    
544  3.537      0.100868       4.09158    
545  3.538      0.944183E-01   3.91994    
546  3.539      0.873340E-01   3.66639    
547  3.540      0.796048E-01   3.32821    
548  3.541      0.712344E-01   2.90850    
549  3.542      0.622383E-01   2.41688    
550  3.543      0.526417E-01   1.86970    
551  3.544      0.424762E-01   1.28938    
552  3.545      0.317788E-01  0.703302    
553  3.546      0.205935E-01  0.142176    
554  3.547      0.897305E-02 -0.361920    
555  3.548     -0.301757E-02 -0.777687    
556  3.549     -0.152984E-01  -1.07639    
557  3.550     -0.277713E-01  -1.23275    
558  3.551     -0.403194E-01  -1.22519    
559  3.552     -0.528101E-01  -1.03707    
560  3.553     -0.651045E-01 -0.660710    
561  3.554     -0.770658E-01 -0.103133    
562  3.555     -0.885668E-01  0.608971    
563  3.556     -0.994922E-01   1.42818    
564  3.557     -0.109739       2.29085    
565  3.558     -0.119218       3.12688    
566  3.559     -0.127850       3.87178    
567  3.560     -0.135574       4.47685    
568  3.561     -0.142351       4.91460    
569  3.562     -0.148164       5.17929    
570  3.563     -0.153021       5.28449    
571  3.564     -0.156953       5.25955    
572  3.565     -0.160002       5.14556    
573  3.566     -0.162220       4.99027    
574  3.567     -0.163659       4.84160    
575  3.568     -0.164368       4.74081    
576  3.569     -0.164392       4.71616    
577  3.570     -0.163775       4.77913    
578  3.571     -0.162560       4.92375    
579  3.572     -0.160786       5.12952    
580  3.573     -0.158487       5.36677    
581  3.574     -0.155685       5.60283    
582  3.575     -0.152390       5.80758    
583  3.576     -0.148598       5.95702    
584  3.577     -0.144294       6.03484    
585  3.578     -0.139464       6.03213    
586  3.579     -0.134091       5.94621    
587  3.580     -0.128168       5.77895    
588  3.581     -0.121693       5.53507    
589  3.582     -0.114671       5.22053    
590  3.583     -0.107111       4.84147    
591  3.584     -0.990264E-01   4.40385    
592  3.585     -0.904349E-01   3.91412    
593  3.586     -0.813572E-01   3.38043    
594  3.587     -0.718201E-01   2.81399    
595  3.588     -0.618563E-01   2.22988    
596  3.589     -0.515032E-01   1.64699    
597  3.590     -0.407994E-01   1.08717    
598  3.591     -0.297804E-01  0.573649    
599  3.592     -0.184759E-01  0.129129    
600  3.593     -0.690904E-02 -0.226123    
601  3.594      0.489590E-02 -0.475206    
602  3.595      0.169004E-01 -0.603736    
603  3.596      0.290345E-01 -0.597369    
604  3.597      0.411841E-01 -0.439734    
605  3.598      0.531894E-01 -0.114248    
606  3.599      0.648570E-01  0.387933    
607  3.600      0.759821E-01   1.05556    
608  3.601      0.863724E-01   1.84718    
609  3.602      0.958673E-01   2.69139    
610  3.603      0.104350       3.50053    
611  3.604      0.111750       4.19259    
612  3.605      0.118042       4.71063    
613  3.606      0.123241       5.03211    
614  3.607      0.127391       5.16738    
615  3.608      0.130552       5.15087    
616  3.609      0.132790       5.02839    
617  3.610      0.134174       4.84545    
618  3.611      0.134770       4.64073    
619  3.612      0.134642       4.44474    
620  3.613      0.133846       4.28061    
621  3.614      0.132429       4.16402    
622  3.615      0.130429       4.10193    
623  3.616      0.127875       4.09126    
624  3.617      0.124788       4.11932    
625  3.618      0.121183       4.16636    
626  3.619      0.117059       4.20943    
627  3.620      0.112405       4.22601    
628  3.621      0.107199       4.19651    
629  3.622      0.101411       4.10516    
630  3.623      0.950127E-01   3.94011    
631  3.624      0.879804E-01   3.69352    
632  3.625      0.803036E-01   3.36225    
633  3.626      0.719846E-01   2.94888    
634  3.627      0.630382E-01   2.46248    
635  3.628      0.534889E-01   1.91887    
636  3.629      0.433678E-01   1.34001    
637  3.630      0.327115E-01  0.752921    
638  3.631      0.215631E-01  0.188135    
639  3.632      0.997478E-02 -0.322307    
640  3.633     -0.198985E-02 -0.746953    
641  3.634     -0.142521E-01  -1.05679    
642  3.635     -0.267157E-01  -1.22624    
643  3.636     -0.392649E-01  -1.23337    
644  3.637     -0.517685E-01  -1.06101    
645  3.638     -0.640875E-01 -0.700475    
646  3.639     -0.760848E-01 -0.157323    
647  3.640     -0.876321E-01  0.543540    
648  3.641     -0.986131E-01   1.35635    
649  3.642     -0.108924       2.21848    
650  3.643     -0.118473       3.05988    
651  3.644     -0.127182       3.81510    
652  3.645     -0.134988       4.43377    
653  3.646     -0.141848       4.88648    
654  3.647     -0.147744       5.16570    
655  3.648     -0.152683       5.28348    
656  3.649     -0.156692       5.26798    
657  3.650     -0.159815       5.15953    
658  3.651     -0.162103       5.00554    
659  3.652     -0.163607       4.85426    
660  3.653     -0.164377       4.74781    
661  3.654     -0.164458       4.71579    
662  3.655     -0.163895       4.77122    
663  3.656     -0.162729       4.90955    
664  3.657     -0.161002       5.11133    
665  3.658     -0.158747       5.34742    
666  3.659     -0.155987       5.58514    
667  3.660     -0.152735       5.79395    
668  3.661     -0.148985       5.94923    
669  3.662     -0.144726       6.03394    
670  3.663     -0.139941       6.03860    
671  3.664     -0.134614       5.96001    
672  3.665     -0.128738       5.79973    
673  3.666     -0.122309       5.56228    
674  3.667     -0.115332       5.25356    
675  3.668     -0.107816       4.87971    
676  3.669     -0.997752E-01   4.44671    
677  3.670     -0.912250E-01   3.96093    
678  3.671     -0.821864E-01   3.43034    
679  3.672     -0.726857E-01   2.86586    
680  3.673     -0.627554E-01   2.28222    
681  3.674     -0.524322E-01   1.69804    
682  3.675     -0.417550E-01   1.13497    
683  3.676     -0.307597E-01  0.616198    
684  3.677     -0.194765E-01  0.164572    
685  3.678     -0.792908E-02 -0.199377    
686  3.679      0.385901E-02 -0.458465    
687  3.680      0.158512E-01 -0.598173    
688  3.681      0.279809E-01 -0.604258    
689  3.682      0.401382E-01 -0.460521    
690  3.683      0.521668E-01 -0.150142    
691  3.684      0.638757E-01  0.336900    
692  3.685      0.750597E-01  0.991634    
693  3.686      0.855246E-01   1.77542    
694  3.687      0.951063E-01   2.61905    
695  3.688      0.103684       3.43538    
696  3.689      0.111182       4.14092    
697  3.690      0.117573       4.67595    
698  3.691      0.122868       5.01479    
699  3.692      0.127110       5.16520    
700  3.693      0.130356       5.16004    
701  3.694      0.132673       5.04470    
702  3.695      0.134130       4.86509    
703  3.696      0.134794       4.66065    
704  3.697      0.134727       4.46261    
705  3.698      0.133988       4.29475    
706  3.699      0.132624       4.17349    
707  3.700      0.130674       4.10662    
708  3.701      0.128168       4.09195    
709  3.702      0.125128       4.11757    
710  3.703      0.121568       4.16417    
711  3.704      0.117489       4.20886    
712  3.705      0.112883       4.22895    
713  3.706      0.107726       4.20450    
714  3.707      0.101990       4.11936    
715  3.708      0.956460E-01   3.96132    
716  3.709      0.886695E-01   3.72216    
717  3.710      0.810488E-01   3.39829    
718  3.711      0.727850E-01   2.99175    
719  3.712      0.638922E-01   2.51104    
720  3.713      0.543939E-01   1.97140    
721  3.714      0.443206E-01   1.39430    
722  3.715      0.337087E-01  0.806384    
723  3.716      0.226006E-01  0.237941    
724  3.717      0.110474E-01 -0.279019    
725  3.718     -0.888523E-03 -0.712913    
726  3.719     -0.131299E-01  -1.03445    
727  3.720     -0.255821E-01  -1.21772    
728  3.721     -0.381312E-01  -1.24044    
729  3.722     -0.506471E-01  -1.08490    
730  3.723     -0.629910E-01 -0.741396    
731  3.724     -0.750254E-01 -0.213929    
732  3.725     -0.866209E-01  0.474481    
733  3.726     -0.976602E-01   1.27987    
734  3.727     -0.108038       2.14080    
735  3.728     -0.117663       2.98737    
736  3.729     -0.126453       3.75316    
737  3.730     -0.134344       4.38608    
738  3.731     -0.141293       4.85469    
739  3.732     -0.147278       5.14952    
740  3.733     -0.152304       5.28097    
741  3.734     -0.156397       5.27592    
742  3.735     -0.159600       5.17377    
743  3.736     -0.161962       5.02159    
744  3.737     -0.163535       4.86788    
745  3.738     -0.164370       4.75564    
746  3.739     -0.164513       4.71587    
747  3.740     -0.164007       4.76320    
748  3.741     -0.162895       4.89462    
749  3.742     -0.161217       5.09188    
750  3.743     -0.159009       5.32641    
751  3.744     -0.156296       5.56559    
752  3.745     -0.153088       5.77848    
753  3.746     -0.149384       5.93979    
754  3.747     -0.145172       6.03174    
755  3.748     -0.140435       6.04420    
756  3.749     -0.135158       5.97343    
757  3.750     -0.129332       5.82062    
758  3.751     -0.122952       5.59008    
759  3.752     -0.116024       5.28764    
760  3.753     -0.108556       4.91943    
761  3.754     -0.100561       4.49144    
762  3.755     -0.920551E-01   4.00997    
763  3.756     -0.830585E-01   3.48280    
764  3.757     -0.735972E-01   2.92054    
765  3.758     -0.637028E-01   2.33759    
766  3.759     -0.534121E-01   1.75224    
767  3.760     -0.427636E-01   1.18594    
768  3.761     -0.317941E-01  0.661820    
769  3.762     -0.205340E-01  0.202848    
770  3.763     -0.900771E-02 -0.170158    
771  3.764      0.276180E-02 -0.439708    
772  3.765      0.147399E-01 -0.591127    
773  3.766      0.268635E-01 -0.610271    
774  3.767      0.390270E-01 -0.481136    
775  3.768      0.510783E-01 -0.186722    
776  3.769      0.628285E-01  0.284133    
777  3.770      0.740728E-01  0.924779    
778  3.771      0.846148E-01   1.69957    
779  3.772      0.942871E-01   2.54175    
780  3.773      0.102964       3.36492    
781  3.774      0.110567       4.08423    
782  3.775      0.117063       4.63705    
783  3.776      0.122460       4.99440    
784  3.777      0.126798       5.16121    
785  3.778      0.130135       5.16854    
786  3.779      0.132537       5.06121    
787  3.780      0.134072       4.88553    
788  3.781      0.134807       4.68169    
789  3.782      0.134806       4.48171    
790  3.783      0.134128       4.31005    
791  3.784      0.132820       4.18388    
792  3.785      0.130923       4.11187    
793  3.786      0.128468       4.09280    
794  3.787      0.125476       4.11558    
795  3.788      0.121964       4.16142    
796  3.789      0.117933       4.20757    
797  3.790      0.113376       4.23114    
798  3.791      0.108271       4.21183    
799  3.792      0.102590       4.13312    
800  3.793      0.963032E-01   3.98241    
801  3.794      0.893855E-01   3.75108    
802  3.795      0.818240E-01   3.43508    
803  3.796      0.736188E-01   3.03587    
804  3.797      0.647826E-01   2.56137    
805  3.798      0.553384E-01   2.02617    
806  3.799      0.453161E-01   1.45121    
807  3.800      0.347515E-01  0.862732    
808  3.801      0.236863E-01  0.290745    
809  3.802      0.121706E-01 -0.232798    
810  3.803      0.265688E-03 -0.676178    
811  3.804     -0.119528E-01  -1.00982    
812  3.805     -0.243920E-01  -1.20746    
813  3.806     -0.369399E-01  -1.24645    
814  3.807     -0.494675E-01  -1.10853    
815  3.808     -0.618365E-01 -0.782984    
816  3.809     -0.739088E-01 -0.272248    
817  3.810     -0.855542E-01  0.402642    
818  3.811     -0.966541E-01   1.19965    
819  3.812     -0.107102       2.05869    
820  3.813     -0.116805       2.91010    
821  3.814     -0.125680       3.68659    
822  3.815     -0.133662       4.33430    
823  3.816     -0.140704       4.81964    
824  3.817     -0.146783       5.13108    
825  3.818     -0.151901       5.27723    
826  3.819     -0.156083       5.28358    
827  3.820     -0.159370       5.18855    
828  3.821     -0.161811       5.03875    
829  3.822     -0.163459       4.88288    
830  3.823     -0.164363       4.76481    
831  3.824     -0.164571       4.71697    
832  3.825     -0.164125       4.75569    
833  3.826     -0.163070       4.87965    
834  3.827     -0.161446       5.07183    
835  3.828     -0.159287       5.30441    
836  3.829     -0.156622       5.54486    
837  3.830     -0.153461       5.76183    
838  3.831     -0.149806       5.92935    
839  3.832     -0.145643       6.02888    
840  3.833     -0.140957       6.04955    
841  3.834     -0.135733       5.98706    
842  3.835     -0.129958       5.84219    
843  3.836     -0.123631       5.61901    
844  3.837     -0.116755       5.32324    
845  3.838     -0.109337       4.96105    
846  3.839     -0.101391       4.53842    
847  3.840     -0.929319E-01   4.06159    
848  3.841     -0.839801E-01   3.53814    
849  3.842     -0.745606E-01   2.97838    
850  3.843     -0.647046E-01   2.39634    
851  3.844     -0.544485E-01   1.80997    
852  3.845     -0.438309E-01   1.24046    
853  3.846     -0.328888E-01  0.710886    
854  3.847     -0.216535E-01  0.244322    
855  3.848     -0.101497E-01 -0.138135    
856  3.849      0.159988E-02 -0.418658    
857  3.850      0.135626E-01 -0.582378    
858  3.851      0.256788E-01 -0.615223    
859  3.852      0.378477E-01 -0.501403    
860  3.853      0.499212E-01 -0.223790    
861  3.854      0.617134E-01  0.229864    
862  3.855      0.730199E-01  0.855258    
863  3.856      0.836423E-01   1.61988    
864  3.857      0.934095E-01   2.45970    
865  3.858      0.102191       3.28932    
866  3.859      0.109904       4.02262    
867  3.860      0.116511       4.59403    
868  3.861      0.122017       4.97106    
869  3.862      0.126458       5.15554    
870  3.863      0.129892       5.17651    
871  3.864      0.132384       5.07808    
872  3.865      0.134002       4.90691    
873  3.866      0.134814       4.70400    
874  3.867      0.134883       4.50218    
875  3.868      0.134270       4.32665    
876  3.869      0.133023       4.19535    
877  3.870      0.131183       4.11790    
878  3.871      0.128781       4.09408    
879  3.872      0.125842       4.11369    
880  3.873      0.122380       4.15855    
881  3.874      0.118401       4.20605    
882  3.875      0.113897       4.23315    
883  3.876      0.108847       4.21919    
884  3.877      0.103224       4.14722    
885  3.878      0.969969E-01   4.00423    
886  3.879      0.901416E-01   3.78120    
887  3.880      0.826432E-01   3.47358    
888  3.881      0.745004E-01   3.08225    
889  3.882      0.657248E-01   2.61445    
890  3.883      0.563385E-01   2.08415    
891  3.884      0.463709E-01   1.51173    
892  3.885      0.358571E-01  0.922936    
893  3.886      0.248382E-01  0.347514    
894  3.887      0.133632E-01 -0.182691    
895  3.888      0.149227E-02 -0.635826    
896  3.889     -0.107007E-01 -0.982037    
897  3.890     -0.231247E-01  -1.19470    
898  3.891     -0.356696E-01  -1.25080    
899  3.892     -0.482078E-01  -1.13150    
900  3.893     -0.606016E-01 -0.825092    
901  3.894     -0.727126E-01 -0.332384    
902  3.895     -0.844093E-01  0.327663    
903  3.896     -0.955719E-01   1.11510    
904  3.897     -0.106093       1.97134    
905  3.898     -0.115877       2.82715    
906  3.899     -0.124842       3.61439    
907  3.900     -0.132919       4.27740    
908  3.901     -0.140060       4.78034    
909  3.902     -0.146239       5.10946    
910  3.903     -0.151455       5.27148    
911  3.904     -0.155731       5.29032    
912  3.905     -0.159107       5.20332    
913  3.906     -0.161632       5.05655    
914  3.907     -0.163359       4.89885    
915  3.908     -0.164337       4.77495    
916  3.909     -0.164614       4.71874    
917  3.910     -0.164234       4.74833    
918  3.911     -0.163239       4.86417    
919  3.912     -0.161671       5.05066    
920  3.913     -0.159566       5.28079    
921  3.914     -0.156951       5.52220    
922  3.915     -0.153841       5.74316    
923  3.916     -0.150236       5.91701    
924  3.917     -0.146126       6.02440    
925  3.918     -0.141494       6.05367    
926  3.919     -0.136325       5.99994    
927  3.920     -0.130606       5.86351    
928  3.921     -0.124335       5.64818    
929  3.922     -0.117513       5.35959    
930  3.923     -0.110149       5.00386    
931  3.924     -0.102255       4.58702    
932  3.925     -0.938466E-01   4.11521    
933  3.926     -0.849426E-01   3.59585    
934  3.927     -0.755680E-01   3.03892    
935  3.928     -0.657533E-01   2.45806    
936  3.929     -0.555346E-01   1.87086    
937  3.930     -0.449503E-01   1.29825    
938  3.931     -0.340379E-01  0.763197    
939  3.932     -0.228294E-01  0.288884    
940  3.933     -0.113501E-01 -0.103313    
941  3.934      0.377674E-03 -0.395208    
942  3.935      0.123229E-01 -0.571712    
943  3.936      0.244297E-01 -0.618811    
944  3.937      0.366019E-01 -0.520949    
945  3.938      0.486962E-01 -0.260937    
946  3.939      0.605298E-01  0.174483    
947  3.940      0.718989E-01  0.783361    
948  3.941      0.826034E-01   1.53647    
949  3.942      0.924686E-01   2.37277    
950  3.943      0.101360       3.20815    
951  3.944      0.109188       3.95543    
952  3.945      0.115912       4.54606    
953  3.946      0.121531       4.94384    
954  3.947      0.126082       5.14729    
955  3.948      0.129618       5.18316    
956  3.949      0.132206       5.09468    
957  3.950      0.133912       4.92876    
958  3.951      0.134804       4.72723    
959  3.952      0.134948       4.52377    
960  3.953      0.134403       4.34438    
961  3.954      0.133220       4.20778    
962  3.955      0.131440       4.12455    
963  3.956      0.129095       4.09555    
964  3.957      0.126211       4.11156    
965  3.958      0.122803       4.15503    
966  3.959      0.118877       4.20362    
967  3.960      0.114427       4.23413    
968  3.961      0.109435       4.22554    
969  3.962      0.103872       4.16046    
970  3.963      0.977090E-01   4.02547    
971  3.964      0.909191E-01   3.81111    
972  3.965      0.834870E-01   3.51232    
973  3.966      0.754098E-01   3.12937    
974  3.967      0.666982E-01   2.66883    
975  3.968      0.573730E-01   2.14398    
976  3.969      0.474632E-01   1.57456    
977  3.970      0.370032E-01  0.985825    
978  3.971      0.260334E-01  0.407199    
979  3.972      0.146019E-01 -0.129591    
980  3.973      0.276741E-02 -0.592584    
981  3.974     -0.939774E-02 -0.951635    
982  3.975     -0.218044E-01  -1.17975    
983  3.976     -0.343446E-01  -1.25350    
984  3.977     -0.468923E-01  -1.15353    
985  3.978     -0.593105E-01 -0.867134    
986  3.979     -0.714602E-01 -0.393493    
987  3.980     -0.832091E-01  0.250567    
988  3.981     -0.944360E-01   1.02731    
989  3.982     -0.105032       1.87982    
990  3.983     -0.114901       2.73943    
991  3.984     -0.123959       3.53728    
992  3.985     -0.132134       4.21589    
993  3.986     -0.139378       4.73711    
994  3.987     -0.145660       5.08485    
995  3.988     -0.150979       5.26377    
996  3.989     -0.155355       5.29615    
997  3.990     -0.158825       5.21813    
998  3.991     -0.161439       5.07515    
999  3.992     -0.163248       4.91610    
