# [0_3/90]_s                                                                      
# 
#   Op.Point     Eigenvalue
       1    -10.200026         31.518488    
       1    -94.626205         0.0000000    
       1    -10.228639         135.95875    
       1    -154.87970         0.0000000    
       1    -11.674732         164.13156    
       1    -215.81592         0.0000000    
       1    -278.85519         0.0000000    
       1    -8.5072979         400.45851    
       1    -14.754322         504.79879    
       2    -11.125235         32.615256    
       2    -100.25204         0.0000000    
       2    -10.988541         134.19178    
       2    -12.091006         163.94944    
       2    -164.66643         0.0000000    
       2    -229.43877         0.0000000    
       2    -8.9708492         400.14325    
       2    -15.649458         504.50669    
       3    -12.128417         33.813192    
       3    -105.83229         0.0000000    
       3    -11.715807         132.19780    
       3    -12.486128         163.80889    
       3    -174.46657         0.0000000    
       3    -243.07423         0.0000000    
       3    -9.4269394         399.81268    
       3    -16.541254         504.20053    
       4    -13.226699         35.123770    
       4    -111.36498         0.0000000    
       4    -12.388174         129.95658    
       4    -12.866812         163.71117    
       4    -184.28003         0.0000000    
       4    -256.72223         0.0000000    
       4    -9.8757043         399.46673    
       4    -17.429774         503.88075    
       5    -14.442894         36.561246    
       5    -116.84805         0.0000000    
       5    -12.978265         127.44579    
       5    -13.239192         163.65603    
       5    -194.10670         0.0000000    
       5    -270.38260         0.0000000    
       5    -10.317273         399.10521    
       5    -18.315094         503.54774    
       6    -15.808337         38.143251    
       6    -122.27934         0.0000000    
       6    -13.451081         124.63985    
       6    -13.608521         163.64215    
       6    -203.94644         0.0000000    
       6    -284.05536         0.0000000    
       6    -10.751766         398.72790    
       6    -19.197302         503.20193    
       7    -17.367608         39.891140    
       7    -13.759412         121.50889    
       7    -127.65648         0.0000000    
       7    -13.979068         163.66750    
       7    -213.79904         0.0000000    
       7    -297.74039         0.0000000    
       7    -11.179288         398.33452    
       7    -20.076483         502.84372    
       8    -19.186726         41.829295    
       8    -13.835637         118.01884    
       8    -132.97693         0.0000000    
       8    -14.354152         163.72972    
       8    -223.66434         0.0000000    
       8    -11.599930         397.92473    
       8    -20.952735         502.47353    
       9    -21.367714         43.980548    
       9    -13.577082         114.13528    
       9    -138.23787         0.0000000    
       9    -14.736257         163.82638    
       9    -233.54208         0.0000000    
       9    -12.013765         397.49813    
       9    -21.826147         502.09178    
      10    -24.073639         46.348554    
      10    -12.820890         109.84036    
      10    -143.43613         0.0000000    
      10    -15.127189         163.95514    
      10    -243.43207         0.0000000    
      10    -12.420849         397.05429    
      10    -22.696827         501.69889    
      11    -27.560900         48.859408    
      11    -11.311576         105.19029    
      11    -148.56810         0.0000000    
      11    -15.528219         164.11387    
      11    -253.33406         0.0000000    
      11    -12.821217         396.59270    
      11    -23.564866         501.29527    
      12    -32.152922         51.210755    
      12    -8.7273160         100.46507    
      12    -153.62965         0.0000000    
      12    -15.940225         164.30066    
      12    -263.24780         0.0000000    
      12    -366.34821         0.0000000    
      12    -13.214881         396.11283    
      12    -24.430365         500.88137    
      13    -37.934967         52.736826    
      13    -4.9850464         96.301777    
      13    -158.61603         0.0000000    
      13    -16.363803         164.51389    
      13    -273.17303         0.0000000    
      13    -13.601836         395.61408    
      13    -25.293425         500.45760    
      14    -44.369555         52.850967    
      14   -0.62508294         93.249584    
      14    -163.52158         0.0000000    
      14    -16.799351         164.75217    
      14    -283.10950         0.0000000    
      14    -13.982049         395.09580    
      14    -26.154150         500.02442    
      15    -50.790017         51.598080    
      15     3.6824502         91.213343    
      15    -17.247141         165.01437    
      15    -168.33968         0.0000000    
      15    -293.05692         0.0000000    
      15    -14.355461         394.55732    
      15    -27.012633         499.58228    
      16    -56.928684         49.274980    
      16     7.6656089         89.826496    
      16    -17.707361         165.29955    
      16    -173.06229         0.0000000    
      16    -303.01501         0.0000000    
      16    -14.721992         393.99790    
      16    -27.868973         499.13163    
      17    -62.771133         46.051664    
      17     11.304828         88.817669    
      17    -18.180166         165.60697    
      17    -177.67967         0.0000000    
      17    -312.98352         0.0000000    
      17    -15.081527         393.41676    
      17    -28.723263         498.67294    
      18    -68.372104         41.925409    
      18     14.648438         88.032041    
      18    -18.665687         165.93605    
      18    -182.17964         0.0000000    
      18    -322.96207         0.0000000    
      18    -15.433928         392.81308    
      18    -29.575597         498.20669    
      19    -73.792765         36.712251    
      19     17.749621         87.383271    
      19    -19.164065         166.28637    
      19    -186.54703         0.0000000    
      19    -332.95053         0.0000000    
      19    -15.779026         392.18599    
      19    -30.426079         497.73337    
      20    -79.087760         29.915232    
      20     20.652798         86.821285    
      20    -19.675458         166.65764    
      20    -190.76193         0.0000000    
      20    -342.94849         0.0000000    
      20    -16.116614         391.53457    
      20    -476.73297         0.0000000    
      20    -31.274787         497.25347    
      21    -84.305460         20.003731    
      21     23.392816         86.315515    
      21    -20.200051         167.04966    
      21    -194.79808         0.0000000    
      21    -352.95569         0.0000000    
      21    -16.446455         390.85787    
      21    -32.121822         496.76751    
      21    -17.485687         727.70451    
      22    -59.985073         0.0000000    
      22     33.182492         84.546718    
      22    -150.81587         0.0000000    
      22    -22.435509         168.82499    
      22    -208.09569         0.0000000    
      22    -17.682216         387.87754    
      22    -393.07141         0.0000000    
      22    -35.494969         494.77362    
      22    -18.714230         726.13923    
      23    -49.846939         0.0000000    
      23     53.276299         80.078267    
      23    -29.148251         174.80956    
      23    -249.39593         38.166955    
      23    -20.009441         378.08655    
      23    -43.856427         489.63861    
      23    -21.076417         721.75730    
      24    -48.411053         0.0000000    
      24     70.515421         74.283248    
      24    -38.256378         183.50354    
      24    -312.13415         58.148873    
      24    -20.434652         363.76194    
      24    -52.216972         484.77407    
      24    -22.363463         716.64548    
      25    -49.018772         0.0000000    
      25     86.408097         66.418871    
      25    -52.259506         195.79798    
      25    -16.391721         343.25092    
      25    -372.64027         74.076507    
      25    -60.789701         480.74187    
      25    -22.446439         710.67018    
      26    -50.478870         0.0000000    
      26     101.53775         55.474350    
      26    -77.811313         209.48562    
      26    -1.0936508         318.18874    
      26    -432.17074         88.867794    
      26    -69.927054         477.89789    
      26    -21.134063         703.67688    
      27    -52.364658         0.0000000    
      27     116.18617         38.819775    
      27    -114.56681         211.07814    
      27     25.270475         301.69811    
      27    -80.097894         476.28103    
      27    -491.25062         103.22608    
      27    -18.179338         695.55995    
      28    -52.567322         0.0000000    
      28     117.63111         36.559858    
      28    -118.24157         210.41703    
      28     27.903401         300.66510    
      28    -81.191600         476.17834    
      28    -497.14486         104.64821    
      28    -17.782745         694.68612    
      29    -52.771812         0.0000000    
      29     119.07292         34.114789    
      29    -121.88140         209.64553    
      29     30.501233         299.70422    
      29    -82.301296         476.08477    
      29    -503.03736         106.06842    
      29    -17.366611         693.80139    
      30    -52.977962         0.0000000    
      30     120.51170         31.441285    
      30    -125.48466         208.77214    
      30     33.062404         298.80668    
      30    -83.427470         475.99985    
      30    -508.92823         107.48669    
      30    -16.930634         692.90594    
      31    -53.185608         0.0000000    
      31     121.94755         28.474853    
      31    -129.05077         207.80436    
      31     35.586372         297.96463    
      31    -84.570626         475.92302    
      31    -514.81767         108.90326    
      31    -16.474551         691.99997    
      32    -53.394596         0.0000000    
      32     123.38055         25.111801    
      32    -132.57981         206.74870    
      32     38.073264         297.17122    
      32    -85.731235         475.85374    
      32    -520.70573         110.31803    
      32    -15.998070         691.08374    
      33    -53.604778         0.0000000    
      33     124.81081         21.163628    
      33    -136.07238         205.61081    
      33     40.523735         296.42045    
      33    -86.909761         475.79141    
      33    -526.59256         111.73107    
      33    -15.500905         690.15751    
      34    -53.815998         0.0000000    
      34     126.23838         16.208052    
      34    -139.52947         204.39554    
      34     42.938743         295.70704    
      34    -88.106673         475.73541    
      34    -532.47831         113.14248    
      34    -14.982835         689.22156    
      35    -54.028107         0.0000000    
      35     127.66337         8.6597949    
      35    -142.95221         203.10702    
      35     45.319489         295.02646    
      35    -89.322389         475.68508    
      35    -538.36297         114.55237    
      35    -14.443567         688.27625    
      36    -54.240959         0.0000000    
      36     118.35116         0.0000000    
      36     139.82053         0.0000000    
      36    -146.34195         201.74877    
      36     47.667288         294.37470    
      36    -90.557349         475.63974    
      36    -544.24672         115.96081    
      36    -13.882894         687.32192    
      37    -54.454414         0.0000000    
      37     112.95643         0.0000000    
      37     148.05528         0.0000000    
      37    -149.70003         200.32376    
      37     49.983501         293.74832    
      37    -91.811944         475.59869    
      37    -550.12959         117.36764    
      37    -13.300575         686.35897    
