# [0_3/90]_s                                                                      
# Operating point sequence...
# i     t     RY pos[ 1]    Theta[ 1]    
  1  7.984     -0.196174       1.45759    
  2  7.985     -0.192236       1.40441    
  3  7.986     -0.188186       1.34717    
  4  7.987     -0.183998       1.28419    
  5  7.988     -0.179669       1.21519    
  6  7.989     -0.175203       1.14059    
  7  7.990     -0.170610       1.06114    
  8  7.991     -0.165902      0.977877    
  9  7.992     -0.161092      0.891892    
 10  7.993     -0.156193      0.804245    
 11  7.994     -0.151221      0.715801    
 12  7.995     -0.146193      0.627113    
 13  7.996     -0.141126      0.538354    
 14  7.997     -0.136037      0.449290    
 15  7.998     -0.130945      0.359320    
 16  7.999     -0.125866      0.267561    
 17  8.000     -0.120820      0.172982    
 18  8.001     -0.115827      0.745277E-01
 19  8.002     -0.110904     -0.288155E-01
 20  8.003     -0.106078     -0.137794    
 21  8.004     -0.101373     -0.252978    
 22  8.005     -0.968163E-01 -0.374679    
 23  8.006     -0.924359E-01 -0.502934    
 24  8.007     -0.882623E-01 -0.637492    
 25  8.008     -0.843269E-01 -0.777811    
 26  8.009     -0.806612E-01 -0.923071    
 27  8.010     -0.772960E-01  -1.07221    
 28  8.011     -0.742601E-01  -1.22397    
 29  8.012     -0.715791E-01  -1.37697    
 30  8.013     -0.692738E-01  -1.52982    
 31  8.014     -0.673599E-01  -1.68114    
 32  8.015     -0.658472E-01  -1.82966    
 33  8.016     -0.647397E-01  -1.97424    
 34  8.017     -0.640365E-01  -2.11382    
 35  8.018     -0.637319E-01  -2.24737    
 36  8.019     -0.638165E-01  -2.37387    
 37  8.020     -0.642773E-01  -2.49226    
 38  8.021     -0.650996E-01  -2.60156    
 39  8.022     -0.662681E-01  -2.70092    
 40  8.023     -0.677683E-01  -2.78975    
 41  8.024     -0.695874E-01  -2.86772    
 42  8.025     -0.717144E-01  -2.93479    
 43  8.026     -0.741397E-01  -2.99112    
 44  8.027     -0.768550E-01  -3.03699    
 45  8.028     -0.798530E-01  -3.07279    
 46  8.029     -0.831264E-01  -3.09890    
 47  8.030     -0.866680E-01  -3.11569    
 48  8.031     -0.904691E-01  -3.12347    
 49  8.032     -0.945188E-01  -3.12235    
 50  8.033     -0.988020E-01  -3.11218    
 51  8.034     -0.103299      -3.09253    
 52  8.035     -0.107986      -3.06269    
 53  8.036     -0.112834      -3.02179    
 54  8.037     -0.117813      -2.96897    
 55  8.038     -0.122893      -2.90361    
 56  8.039     -0.128043      -2.82552    
 57  8.040     -0.133236      -2.73499    
 58  8.041     -0.138447      -2.63284    
 59  8.042     -0.143654      -2.52027    
 60  8.043     -0.148837      -2.39864    
 61  8.044     -0.153976      -2.26924    
 62  8.045     -0.159055      -2.13306    
 63  8.046     -0.164055      -1.99072    
 64  8.047     -0.168961      -1.84245    
 65  8.048     -0.173755      -1.68828    
 66  8.049     -0.178422      -1.52836    
 67  8.050     -0.182944      -1.36330    
 68  8.051     -0.187305      -1.19442    
 69  8.052     -0.191492      -1.02392    
 70  8.053     -0.195491     -0.854698    
 71  8.054     -0.199293     -0.690039    
 72  8.055     -0.202891     -0.533100    
 73  8.056     -0.206282     -0.386402    
 74  8.057     -0.209465     -0.251430    
 75  8.058     -0.212442     -0.128461    
 76  8.059     -0.215213     -0.166492E-01
 77  8.060     -0.217781      0.856882E-01
 78  8.061     -0.220147      0.180649    
 79  8.062     -0.222311      0.270313    
 80  8.063     -0.224272      0.356384    
 81  8.064     -0.226030      0.439971    
 82  8.065     -0.227581      0.521530    
 83  8.066     -0.228925      0.600946    
 84  8.067     -0.230059      0.677726    
 85  8.068     -0.230981      0.751244    
 86  8.069     -0.231693      0.820991    
 87  8.070     -0.232194      0.886772    
 88  8.071     -0.232486      0.948816    
 89  8.072     -0.232572       1.00777    
 90  8.073     -0.232454       1.06459    
 91  8.074     -0.232134       1.12034    
 92  8.075     -0.231612       1.17594    
 93  8.076     -0.230890       1.23189    
 94  8.077     -0.229965       1.28815    
 95  8.078     -0.228837       1.34399    
 96  8.079     -0.227503       1.39805    
 97  8.080     -0.225960       1.44854    
 98  8.081     -0.224207       1.49345    
 99  8.082     -0.222242       1.53088    
100  8.083     -0.220065       1.55928    
101  8.084     -0.217678       1.57766    
102  8.085     -0.215083       1.58563    
103  8.086     -0.212285       1.58336    
104  8.087     -0.209287       1.57146    
105  8.088     -0.206097       1.55069    
106  8.089     -0.202718       1.52183    
107  8.090     -0.199159       1.48550    
108  8.091     -0.195424       1.44208    
109  8.092     -0.191520       1.39178    
110  8.093     -0.187454       1.33471    
111  8.094     -0.183233       1.27104    
112  8.095     -0.178866       1.20112    
113  8.096     -0.174362       1.12554    
114  8.097     -0.169732       1.04519    
115  8.098     -0.164988      0.961126    
116  8.099     -0.160145      0.874523    
117  8.100     -0.155218      0.786456    
118  8.101     -0.150221      0.697775    
119  8.102     -0.145173      0.608976    
120  8.103     -0.140089      0.520137    
121  8.104     -0.134988      0.430924    
122  8.105     -0.129886      0.340648    
123  8.106     -0.124802      0.248370    
124  8.107     -0.119756      0.153029    
125  8.108     -0.114766      0.535608E-01
126  8.109     -0.109854     -0.509873E-01
127  8.110     -0.105044     -0.161381    
128  8.111     -0.100361     -0.278141    
129  8.112     -0.958325E-01 -0.401514    
130  8.113     -0.914873E-01 -0.531455    
131  8.114     -0.873563E-01 -0.667624    
132  8.115     -0.834713E-01 -0.809397    
133  8.116     -0.798639E-01 -0.955886    
134  8.117     -0.765646E-01  -1.10598    
135  8.118     -0.736014E-01  -1.25839    
136  8.119     -0.709988E-01  -1.41174    
137  8.120     -0.687767E-01  -1.56463    
138  8.121     -0.669492E-01  -1.71572    
139  8.122     -0.655248E-01  -1.86377    
140  8.123     -0.645065E-01  -2.00767    
141  8.124     -0.638924E-01  -2.14635    
142  8.125     -0.636759E-01  -2.27878    
143  8.126     -0.638466E-01  -2.40393    
144  8.127     -0.643911E-01  -2.52073    
145  8.128     -0.652942E-01  -2.62824    
146  8.129     -0.665406E-01  -2.72564    
147  8.130     -0.681163E-01  -2.81240    
148  8.131     -0.700088E-01  -2.88827    
149  8.132     -0.722075E-01  -2.95325    
150  8.133     -0.747032E-01  -3.00752    
151  8.134     -0.774876E-01  -3.05140    
152  8.135     -0.805536E-01  -3.08527    
153  8.136     -0.838938E-01  -3.10950    
154  8.137     -0.875009E-01  -3.12447    
155  8.138     -0.913658E-01  -3.13044    
156  8.139     -0.954769E-01  -3.12749    
157  8.140     -0.998181E-01  -3.11541    
158  8.141     -0.104369      -3.09371    
159  8.142     -0.109104      -3.06162    
160  8.143     -0.113993      -3.01824    
161  8.144     -0.119008      -2.96274    
162  8.145     -0.124115      -2.89457    
163  8.146     -0.129288      -2.81361    
164  8.147     -0.134497      -2.72032    
165  8.148     -0.139720      -2.61562    
166  8.149     -0.144934      -2.50077    
167  8.150     -0.150120      -2.37719    
168  8.151     -0.155258      -2.24612    
169  8.152     -0.160331      -2.10848    
170  8.153     -0.165322      -1.96480    
171  8.154     -0.170215      -1.81523    
172  8.155     -0.174993      -1.65977    
173  8.156     -0.179640      -1.49864    
174  8.157     -0.184138      -1.33254    
175  8.158     -0.188472      -1.16299    
176  8.159     -0.192628     -0.992347    
177  8.160     -0.196594     -0.823644    
178  8.161     -0.200361     -0.660195    
179  8.162     -0.203923     -0.505079    
180  8.163     -0.207278     -0.360633    
181  8.164     -0.210425     -0.228093    
182  8.165     -0.213365     -0.107482    
183  8.166     -0.216101      0.226672E-02
184  8.167     -0.218633      0.102972    
185  8.168     -0.220964      0.196779    
186  8.169     -0.223092      0.285726    
187  8.170     -0.225017      0.371413    
188  8.171     -0.226738      0.454816    
189  8.172     -0.228252      0.536252    
190  8.173     -0.229558      0.615500    
191  8.174     -0.230653      0.692001    
192  8.175     -0.231536      0.765115    
193  8.176     -0.232209      0.834368    
194  8.177     -0.232671      0.899631    
195  8.178     -0.232924      0.961218    
196  8.179     -0.232971       1.01985    
197  8.180     -0.232815       1.07654    
198  8.181     -0.232456       1.13235    
199  8.182     -0.231896       1.18815    
200  8.183     -0.231135       1.24434    
201  8.184     -0.230172       1.30075    
202  8.185     -0.229004       1.35652    
203  8.186     -0.227629       1.41017    
204  8.187     -0.226044       1.45984    
205  8.188     -0.224249       1.50353    
206  8.189     -0.222241       1.53935    
207  8.190     -0.220021       1.56588    
208  8.191     -0.217591       1.58223    
209  8.192     -0.214954       1.58816    
210  8.193     -0.212114       1.58395    
211  8.194     -0.209076       1.57025    
212  8.195     -0.205845       1.54788    
213  8.196     -0.202428       1.51758    
214  8.197     -0.198831       1.47993    
215  8.198     -0.195059       1.43528    
216  8.199     -0.191119       1.38380    
217  8.200     -0.187018       1.32560    
218  8.201     -0.182764       1.26087    
219  8.202     -0.178364       1.18998    
220  8.203     -0.173829       1.11360    
221  8.204     -0.169170       1.03263    
222  8.205     -0.164400      0.948188    
223  8.206     -0.159533      0.861425    
224  8.207     -0.154584      0.773387    
225  8.208     -0.149569      0.684863    
226  8.209     -0.144505      0.596269    
227  8.210     -0.139408      0.507599    
228  8.211     -0.134297      0.418441    
229  8.212     -0.129188      0.328043    
230  8.213     -0.124100      0.235429    
231  8.214     -0.119052      0.139523    
232  8.215     -0.114064      0.392724E-01
233  8.216     -0.109158     -0.662512E-01
234  8.217     -0.104358     -0.177774    
235  8.218     -0.996889E-01 -0.295772    
236  8.219     -0.951791E-01 -0.420444    
237  8.220     -0.908579E-01 -0.551697    
238  8.221     -0.867564E-01 -0.689143    
239  8.222     -0.829067E-01 -0.832116    
240  8.223     -0.793402E-01 -0.979686    
241  8.224     -0.760874E-01  -1.13071    
242  8.225     -0.731761E-01  -1.28389    
243  8.226     -0.706300E-01  -1.43783    
244  8.227     -0.684682E-01  -1.59114    
245  8.228     -0.667042E-01  -1.74251    
246  8.229     -0.653457E-01  -1.89072    
247  8.230     -0.643948E-01  -2.03465    
248  8.231     -0.638488E-01  -2.17326    
249  8.232     -0.637006E-01  -2.30552    
250  8.233     -0.639391E-01  -2.43038    
251  8.234     -0.645504E-01  -2.54678    
252  8.235     -0.655191E-01  -2.65378    
253  8.236     -0.668300E-01  -2.75060    
254  8.237     -0.684691E-01  -2.83674    
255  8.238     -0.704242E-01  -2.91197    
256  8.239     -0.726849E-01  -2.97632    
257  8.240     -0.752422E-01  -3.02998    
258  8.241     -0.780881E-01  -3.07325    
259  8.242     -0.812153E-01  -3.10647    
260  8.243     -0.846167E-01  -3.13003    
261  8.244     -0.882847E-01  -3.14424    
262  8.245     -0.922100E-01  -3.14934    
263  8.246     -0.963801E-01  -3.14537    
264  8.247     -0.100778      -3.13206    
265  8.248     -0.105383      -3.10888    
266  8.249     -0.110168      -3.07504    
267  8.250     -0.115104      -3.02966    
268  8.251     -0.120159      -2.97195    
269  8.252     -0.125304      -2.90146    
270  8.253     -0.130508      -2.81820    
271  8.254     -0.135746      -2.72271    
272  8.255     -0.140993      -2.61604    
273  8.256     -0.146228      -2.49952    
274  8.257     -0.151432      -2.37455    
275  8.258     -0.156585      -2.24236    
276  8.259     -0.161671      -2.10382    
277  8.260     -0.166672      -1.95934    
278  8.261     -0.171572      -1.80904    
279  8.262     -0.176355      -1.65290    
280  8.263     -0.181003      -1.49115    
281  8.264     -0.185501      -1.32460    
282  8.265     -0.189832      -1.15489    
283  8.266     -0.193983     -0.984496    
284  8.267     -0.197942     -0.816512    
285  8.268     -0.201701     -0.654251    
286  8.269     -0.205254     -0.500697    
287  8.270     -0.208600     -0.358015    
288  8.271     -0.211738     -0.227234    
289  8.272     -0.214670     -0.108165    
290  8.273     -0.217397      0.421657E-03
291  8.274     -0.219922      0.100446    
292  8.275     -0.222244      0.194072    
293  8.276     -0.224364      0.283288    
294  8.277     -0.226281      0.369595    
295  8.278     -0.227993      0.453839    
296  8.279     -0.229497      0.536217    
297  8.280     -0.230792      0.616402    
298  8.281     -0.231876      0.693768    
299  8.282     -0.232748      0.767652    
300  8.283     -0.233409      0.837589    
301  8.284     -0.233859      0.903493    
302  8.285     -0.234100      0.965730    
303  8.286     -0.234135       1.02507    
304  8.287     -0.233965       1.08255    
305  8.288     -0.233593       1.13921    
306  8.289     -0.233020       1.19589    
307  8.290     -0.232244       1.25292    
308  8.291     -0.231265       1.31003    
309  8.292     -0.230081       1.36625    
310  8.293     -0.228688       1.42004    
311  8.294     -0.227085       1.46951    
312  8.295     -0.225270       1.51263    
313  8.296     -0.223242       1.54760    
314  8.297     -0.221002       1.57305    
315  8.298     -0.218551       1.58823    
316  8.299     -0.215893       1.59299    
317  8.300     -0.213031       1.58771    
318  8.301     -0.209972       1.57309    
319  8.302     -0.206720       1.54997    
320  8.303     -0.203281       1.51910    
321  8.304     -0.199662       1.48103    
322  8.305     -0.195869       1.43607    
323  8.306     -0.191907       1.38438    
324  8.307     -0.187784       1.32605    
325  8.308     -0.183508       1.26126    
326  8.309     -0.179086       1.19042    
327  8.310     -0.174528       1.11421    
328  8.311     -0.169847       1.03356    
329  8.312     -0.165055      0.949584    
330  8.313     -0.160165      0.863435    
331  8.314     -0.155194      0.776130    
332  8.315     -0.150156      0.688412    
333  8.316     -0.145070      0.600645    
334  8.317     -0.139950      0.512765    
335  8.318     -0.134816      0.424306    
336  8.319     -0.129683      0.334476    
337  8.320     -0.124571      0.242272    
338  8.321     -0.119499      0.146604    
339  8.322     -0.114486      0.464201E-01
340  8.323     -0.109554     -0.592004E-01
341  8.324     -0.104727     -0.170974    
342  8.325     -0.100031     -0.289367    
343  8.326     -0.954942E-01 -0.414571    
344  8.327     -0.911459E-01 -0.546490    
345  8.328     -0.870175E-01 -0.684739    
346  8.329     -0.831413E-01 -0.828651    
347  8.330     -0.795493E-01 -0.977298    
348  8.331     -0.762722E-01  -1.12953    
349  8.332     -0.733382E-01  -1.28405    
350  8.333     -0.707714E-01  -1.43946    
351  8.334     -0.685912E-01  -1.59435    
352  8.335     -0.668115E-01  -1.74742    
353  8.336     -0.654402E-01  -1.89742    
354  8.337     -0.644798E-01  -2.04326    
355  8.338     -0.639277E-01  -2.18387    
356  8.339     -0.637768E-01  -2.31821    
357  8.340     -0.640157E-01  -2.44520    
358  8.341     -0.646305E-01  -2.56377    
359  8.342     -0.656053E-01  -2.67295    
360  8.343     -0.669248E-01  -2.77195    
361  8.344     -0.685746E-01  -2.86025    
362  8.345     -0.705426E-01  -2.93759    
363  8.346     -0.728181E-01  -3.00398    
364  8.347     -0.753922E-01  -3.05956    
365  8.348     -0.782568E-01  -3.10456    
366  8.349     -0.814047E-01  -3.13930    
367  8.350     -0.848291E-01  -3.16409    
368  8.351     -0.885222E-01  -3.17925    
369  8.352     -0.924750E-01  -3.18498    
370  8.353     -0.966750E-01  -3.18132    
371  8.354     -0.101105      -3.16804    
372  8.355     -0.105744      -3.14462    
373  8.356     -0.110565      -3.11031    
374  8.357     -0.115537      -3.06430    
375  8.358     -0.120630      -3.00584    
376  8.359     -0.125813      -2.93455    
377  8.360     -0.131056      -2.85049    
378  8.361     -0.136333      -2.75428    
379  8.362     -0.141620      -2.64702    
380  8.363     -0.146895      -2.53008    
381  8.364     -0.152138      -2.40492    
382  8.365     -0.157332      -2.27276    
383  8.366     -0.162458      -2.13447    
384  8.367     -0.167501      -1.99043    
385  8.368     -0.172442      -1.84070    
386  8.369     -0.177266      -1.68521    
387  8.370     -0.181956      -1.52413    
388  8.371     -0.186496      -1.35823    
389  8.372     -0.190869      -1.18909    
390  8.373     -0.195062      -1.01916    
391  8.374     -0.199063     -0.851529    
392  8.375     -0.202864     -0.689487    
393  8.376     -0.206459     -0.536003    
394  8.377     -0.209847     -0.393213    
395  8.378     -0.213027     -0.262113    
396  8.379     -0.216001     -0.142477    
397  8.380     -0.218771     -0.330336E-01
398  8.381     -0.221337      0.681650E-01
399  8.382     -0.223702      0.163298    
400  8.383     -0.225865      0.254352    
401  8.384     -0.227824      0.342803    
402  8.385     -0.229577      0.429455    
403  8.386     -0.231123      0.514443    
404  8.387     -0.232458      0.597368    
405  8.388     -0.233582      0.677527    
406  8.389     -0.234493      0.754181    
407  8.390     -0.235192      0.826795    
408  8.391     -0.235678      0.895229    
409  8.392     -0.235955      0.959805    
410  8.393     -0.236025       1.02128    
411  8.394     -0.235889       1.08067    
412  8.395     -0.235550       1.13904    
413  8.396     -0.235008       1.19724    
414  8.397     -0.234263       1.25563    
415  8.398     -0.233313       1.31395    
416  8.399     -0.232156       1.37125    
417  8.400     -0.230791       1.42601    
418  8.401     -0.229214       1.47631    
419  8.402     -0.227423       1.52016    
420  8.403     -0.225419       1.55575    
421  8.404     -0.223200       1.58174    
422  8.405     -0.220770       1.59738    
423  8.406     -0.218130       1.60257    
424  8.407     -0.215286       1.59773    
425  8.408     -0.212243       1.58363    
426  8.409     -0.209005       1.56113    
427  8.410     -0.205580       1.53104    
428  8.411     -0.201972       1.49392    
429  8.412     -0.198187       1.45010    
430  8.413     -0.194233       1.39971    
431  8.414     -0.190115       1.34282    
432  8.415     -0.185840       1.27959    
433  8.416     -0.181418       1.21038    
434  8.417     -0.176857       1.13582    
435  8.418     -0.172169       1.05683    
436  8.419     -0.167366      0.974489    
437  8.420     -0.162463      0.889951    
438  8.421     -0.157473      0.804228    
439  8.422     -0.152413      0.718074    
440  8.423     -0.147299      0.631859    
441  8.424     -0.142148      0.545527    
442  8.425     -0.136976      0.458616    
443  8.426     -0.131801      0.370331    
444  8.427     -0.126640      0.279658    
445  8.428     -0.121513      0.185493    
446  8.429     -0.116438      0.867589E-01
447  8.430     -0.111438     -0.174916E-01
448  8.431     -0.106535     -0.128011    
449  8.432     -0.101755     -0.245310    
450  8.433     -0.971263E-01 -0.369635    
451  8.434     -0.926777E-01 -0.500954    
452  8.435     -0.884410E-01 -0.638947    
453  8.436     -0.844488E-01 -0.783011    
454  8.437     -0.807339E-01 -0.932276    
455  8.438     -0.773278E-01  -1.08563    
456  8.439     -0.742602E-01  -1.24180    
457  8.440     -0.715571E-01  -1.39937    
458  8.441     -0.692398E-01  -1.55694    
459  8.442     -0.673241E-01  -1.71314    
460  8.443     -0.658200E-01  -1.86671    
461  8.444     -0.647318E-01  -2.01651    
462  8.445     -0.640582E-01  -2.16146    
463  8.446     -0.637934E-01  -2.30050    
464  8.447     -0.639269E-01  -2.43253    
465  8.448     -0.644448E-01  -2.55645    
466  8.449     -0.653312E-01  -2.67122    
467  8.450     -0.665698E-01  -2.77601    
468  8.451     -0.681458E-01  -2.87018    
469  8.452     -0.700461E-01  -2.95341    
470  8.453     -0.722596E-01  -3.02559    
471  8.454     -0.747769E-01  -3.08676    
472  8.455     -0.775898E-01  -3.13708    
473  8.456     -0.806911E-01  -3.17675    
474  8.457     -0.840740E-01  -3.20604    
475  8.458     -0.877313E-01  -3.22520    
476  8.459     -0.916548E-01  -3.23444    
477  8.460     -0.958328E-01  -3.23385    
478  8.461     -0.100250      -3.22330    
479  8.462     -0.104884      -3.20237    
480  8.463     -0.109711      -3.17042    
481  8.464     -0.114700      -3.12669    
482  8.465     -0.119819      -3.07047    
483  8.466     -0.125037      -3.00135    
484  8.467     -0.130323      -2.91934    
485  8.468     -0.135650      -2.82503    
486  8.469     -0.140993      -2.71948    
487  8.470     -0.146331      -2.60410    
488  8.471     -0.151642      -2.48042    
489  8.472     -0.156908      -2.34978    
490  8.473     -0.162112      -2.21313    
491  8.474     -0.167237      -2.07096    
492  8.475     -0.172266      -1.92332    
493  8.476     -0.177182      -1.77007    
494  8.477     -0.181969      -1.61118    
495  8.478     -0.186609      -1.44718    
496  8.479     -0.191088      -1.27937    
497  8.480     -0.195389      -1.10996    
498  8.481     -0.199501     -0.941889    
499  8.482     -0.203414     -0.778445    
500  8.483     -0.207123     -0.622709    
501  8.484     -0.210624     -0.477037    
502  8.485     -0.213918     -0.342686    
503  8.486     -0.217005     -0.219667    
504  8.487     -0.219887     -0.106880    
505  8.488     -0.222567     -0.244542E-02
506  8.489     -0.225045      0.958453E-01
507  8.490     -0.227320      0.190080    
508  8.491     -0.229392      0.281870    
509  8.492     -0.231259      0.372149    
510  8.493     -0.232918      0.461139    
511  8.494     -0.234366      0.548457    
512  8.495     -0.235602      0.633344    
513  8.496     -0.236624      0.714926    
514  8.497     -0.237432      0.792496    
515  8.498     -0.238027      0.865710    
516  8.499     -0.238409      0.934707    
517  8.500     -0.238582       1.00011    
518  8.501     -0.238548       1.06287    
519  8.502     -0.238308       1.12408    
520  8.503     -0.237864       1.18469    
521  8.504     -0.237215       1.24524    
522  8.505     -0.236360       1.30564    
523  8.506     -0.235298       1.36514    
524  8.507     -0.234025       1.42235    
525  8.508     -0.232540       1.47541    
526  8.509     -0.230839       1.52233    
527  8.510     -0.228923       1.56120    
528  8.511     -0.226790       1.59056    
529  8.512     -0.224443       1.60953    
530  8.513     -0.221884       1.61791    
531  8.514     -0.219117       1.61607    
532  8.515     -0.216146       1.60477    
533  8.516     -0.212979       1.58496    
534  8.517     -0.209619       1.55754    
535  8.518     -0.206073       1.52319    
536  8.519     -0.202346       1.48232    
537  8.520     -0.198445       1.43510    
538  8.521     -0.194375       1.38158    
539  8.522     -0.190144       1.32184    
540  8.523     -0.185759       1.25612    
541  8.524     -0.181228       1.18494    
542  8.525     -0.176563       1.10912    
543  8.526     -0.171776       1.02967    
544  8.527     -0.166878      0.947741    
545  8.528     -0.161885      0.864388    
546  8.529     -0.156813      0.780455    
547  8.530     -0.151675      0.696429    
548  8.531     -0.146490      0.612371    
549  8.532     -0.141273      0.527915    
550  8.533     -0.136040      0.442333    
551  8.534     -0.130810      0.354636    
552  8.535     -0.125599      0.263706    
553  8.536     -0.120428      0.168417    
554  8.537     -0.115315      0.677442E-01
555  8.538     -0.110283     -0.391643E-01
556  8.539     -0.105358     -0.152938    
557  8.540     -0.100564     -0.273959    
558  8.541     -0.959312E-01 -0.402346    
559  8.542     -0.914909E-01 -0.537940    
560  8.543     -0.872754E-01 -0.680302    
561  8.544     -0.833183E-01 -0.828710    
562  8.545     -0.796528E-01 -0.982177    
563  8.546     -0.763109E-01  -1.13949    
564  8.547     -0.733217E-01  -1.29929    
565  8.548     -0.707105E-01  -1.46013    
566  8.549     -0.684972E-01  -1.62058    
567  8.550     -0.666964E-01  -1.77930    
568  8.551     -0.653162E-01  -1.93507    
569  8.552     -0.643592E-01  -2.08676    
570  8.553     -0.638227E-01  -2.23329    
571  8.554     -0.636986E-01  -2.37357    
572  8.555     -0.639746E-01  -2.50647    
573  8.556     -0.646352E-01  -2.63087    
574  8.557     -0.656633E-01  -2.74579    
575  8.558     -0.670427E-01  -2.85045    
576  8.559     -0.687586E-01  -2.94435    
577  8.560     -0.707986E-01  -3.02720    
578  8.561     -0.731519E-01  -3.09890    
579  8.562     -0.758099E-01  -3.15945    
580  8.563     -0.787649E-01  -3.20894    
581  8.564     -0.820101E-01  -3.24747    
582  8.565     -0.855390E-01  -3.27522    
583  8.566     -0.893446E-01  -3.29238    
584  8.567     -0.934175E-01  -3.29910    
585  8.568     -0.977448E-01  -3.29538    
586  8.569     -0.102308      -3.28101    
587  8.570     -0.107084      -3.25554    
588  8.571     -0.112045      -3.21833    
589  8.572     -0.117158      -3.16869    
590  8.573     -0.122391      -3.10609    
591  8.574     -0.127712      -3.03038    
592  8.575     -0.133091      -2.94190    
593  8.576     -0.138502      -2.84155    
594  8.577     -0.143921      -2.73069    
595  8.578     -0.149326      -2.61090    
596  8.579     -0.154698      -2.48375    
597  8.580     -0.160019      -2.35048    
598  8.581     -0.165272      -2.21186    
599  8.582     -0.170439      -2.06812    
600  8.583     -0.175505      -1.91910    
601  8.584     -0.180451      -1.76456    
602  8.585     -0.185262      -1.60454    
603  8.586     -0.189920      -1.43977    
604  8.587     -0.194410      -1.27186    
605  8.588     -0.198718      -1.10332    
606  8.589     -0.202831     -0.937290    
607  8.590     -0.206743     -0.777023    
608  8.591     -0.210449     -0.625351    
609  8.592     -0.213947     -0.484176    
610  8.593     -0.217238     -0.354184    
611  8.594     -0.220324     -0.234820    
612  8.595     -0.223205     -0.124522    
613  8.596     -0.225885     -0.211329E-01
614  8.597     -0.228363      0.776199E-01
615  8.598     -0.230638      0.173693    
616  8.599     -0.232709      0.268422    
617  8.600     -0.234573      0.362382    
618  8.601     -0.236228      0.455426    
619  8.602     -0.237669      0.546855    
620  8.603     -0.238896      0.635679    
621  8.604     -0.239907      0.720911    
622  8.605     -0.240703      0.801832    
623  8.606     -0.241283      0.878175    
624  8.607     -0.241650      0.950203    
625  8.608     -0.241807       1.01865    
626  8.609     -0.241755       1.08457    
627  8.610     -0.241497       1.14903    
628  8.611     -0.241032       1.21288    
629  8.612     -0.240360       1.27644    
630  8.613     -0.239479       1.33941    
631  8.614     -0.238387       1.40074    
632  8.615     -0.237082       1.45882    
633  8.616     -0.235560       1.51167    
634  8.617     -0.233820       1.55726    
635  8.618     -0.231861       1.59384    
636  8.619     -0.229684       1.62017    
637  8.620     -0.227290       1.63568    
638  8.621     -0.224683       1.64049    
639  8.622     -0.221867       1.63525    
640  8.623     -0.218847       1.62093    
641  8.624     -0.215629       1.59860    
642  8.625     -0.212218       1.56918    
643  8.626     -0.208619       1.53331    
644  8.627     -0.204840       1.49131    
645  8.628     -0.200884       1.44329    
646  8.629     -0.196759       1.38926    
647  8.630     -0.192470       1.32930    
648  8.631     -0.188026       1.26370    
649  8.632     -0.183436       1.19304    
650  8.633     -0.178710       1.11820    
651  8.634     -0.173860       1.04024    
652  8.635     -0.168900      0.960289    
653  8.636     -0.163843      0.879346    
654  8.637     -0.158705      0.798137    
655  8.638     -0.153502      0.716997    
656  8.639     -0.148248      0.635817    
657  8.640     -0.142961      0.554064    
658  8.641     -0.137656      0.470868    
659  8.642     -0.132350      0.385139    
660  8.643     -0.127060      0.295700    
661  8.644     -0.121805      0.201409    
662  8.645     -0.116606      0.101250    
663  8.646     -0.111484     -0.560113E-02
664  8.647     -0.106464     -0.119747    
665  8.648     -0.101573     -0.241552    
666  8.649     -0.968398E-01 -0.371125    
667  8.650     -0.922968E-01 -0.508311    
668  8.651     -0.879771E-01 -0.652676    
669  8.652     -0.839152E-01 -0.803495    
670  8.653     -0.801454E-01 -0.959773    
671  8.654     -0.767007E-01  -1.12027    
672  8.655     -0.736119E-01  -1.28359    
673  8.656     -0.709054E-01  -1.44824    
674  8.657     -0.686029E-01  -1.61277    
675  8.658     -0.667199E-01  -1.77580    
676  8.659     -0.652660E-01  -1.93608    
677  8.660     -0.642446E-01  -2.09250    
678  8.661     -0.636535E-01  -2.24394    
679  8.662     -0.634850E-01  -2.38928    
680  8.663     -0.637262E-01  -2.52736    
681  8.664     -0.643609E-01  -2.65707    
682  8.665     -0.653712E-01  -2.77738    
683  8.666     -0.667398E-01  -2.88754    
684  8.667     -0.684515E-01  -2.98698    
685  8.668     -0.704931E-01  -3.07539    
686  8.669     -0.728539E-01  -3.15258    
687  8.670     -0.755249E-01  -3.21842    
688  8.671     -0.784987E-01  -3.27285    
689  8.672     -0.817686E-01  -3.31585    
690  8.673     -0.853288E-01  -3.34746    
691  8.674     -0.891725E-01  -3.36778    
692  8.675     -0.932910E-01  -3.37692    
693  8.676     -0.976715E-01  -3.37488    
694  8.677     -0.102296      -3.36151    
695  8.678     -0.107140      -3.33641    
696  8.679     -0.112174      -3.29903    
697  8.680     -0.117367      -3.24878    
698  8.681     -0.122684      -3.18522    
699  8.682     -0.128092      -3.10830    
700  8.683     -0.133561      -3.01849    
701  8.684     -0.139065      -2.91680    
702  8.685     -0.144578      -2.80474    
703  8.686     -0.150079      -2.68405    
704  8.687     -0.155548      -2.55639    
705  8.688     -0.160969      -2.42309    
706  8.689     -0.166322      -2.28493    
707  8.690     -0.171592      -2.14210    
708  8.691     -0.176761      -1.99435    
709  8.692     -0.181813      -1.84129    
710  8.693     -0.186730      -1.68282    
711  8.694     -0.191495      -1.51952    
712  8.695     -0.196093      -1.35292    
713  8.696     -0.200508      -1.18544    
714  8.697     -0.204730      -1.02022    
715  8.698     -0.208750     -0.860492    
716  8.699     -0.212563     -0.709099    
717  8.700     -0.216169     -0.567923    
718  8.701     -0.219568     -0.437603    
719  8.702     -0.222762     -0.317506    
720  8.703     -0.225753     -0.205965    
721  8.704     -0.228542     -0.100707    
722  8.705     -0.231129      0.641798E-03
723  8.706     -0.233514      0.100111    
724  8.707     -0.235695      0.199059    
725  8.708     -0.237668      0.298024    
726  8.709     -0.239430      0.396761    
727  8.710     -0.240979      0.494424    
728  8.711     -0.242311      0.589838    
729  8.712     -0.243426      0.681814    
730  8.713     -0.244322      0.769437    
731  8.714     -0.245001      0.852271    
732  8.715     -0.245465      0.930455    
733  8.716     -0.245716       1.00465    
734  8.717     -0.245755       1.07588    
735  8.718     -0.245585       1.14523    
736  8.719     -0.245207       1.21361    
737  8.720     -0.244618       1.28138    
738  8.721     -0.243819       1.34828    
739  8.722     -0.242806       1.41328    
740  8.723     -0.241576       1.47476    
741  8.724     -0.240127       1.53069    
742  8.725     -0.238457       1.57899    
743  8.726     -0.236564       1.61786    
744  8.727     -0.234449       1.64603    
745  8.728     -0.232114       1.66297    
746  8.729     -0.229562       1.66883    
747  8.730     -0.226798       1.66439    
748  8.731     -0.223826       1.65076    
749  8.732     -0.220652       1.62915    
750  8.733     -0.217281       1.60062    
751  8.734     -0.213719       1.56592    
752  8.735     -0.209971       1.52547    
753  8.736     -0.206043       1.47938    
754  8.737     -0.201940       1.42763    
755  8.738     -0.197668       1.37026    
756  8.739     -0.193235       1.30749    
757  8.740     -0.188649       1.23981    
758  8.741     -0.183921       1.16806    
759  8.742     -0.179060       1.09328    
760  8.743     -0.174081       1.01657    
761  8.744     -0.168997      0.938979    
762  8.745     -0.163823      0.861257    
763  8.746     -0.158573      0.783773    
764  8.747     -0.153263      0.706436    
765  8.748     -0.147907      0.628712    
766  8.749     -0.142523      0.549708    
767  8.750     -0.137124      0.468290    
768  8.751     -0.131729      0.383224    
769  8.752     -0.126354      0.293302    
770  8.753     -0.121019      0.197439    
771  8.754     -0.115743      0.947355E-01
772  8.755     -0.110552     -0.154964E-01
773  8.756     -0.105470     -0.133723    
774  8.757     -0.100527     -0.260181    
775  8.758     -0.957524E-01 -0.394866    
776  8.759     -0.911805E-01 -0.537505    
777  8.760     -0.868460E-01 -0.687538    
778  8.761     -0.827847E-01 -0.844104    
779  8.762     -0.790318E-01  -1.00606    
780  8.763     -0.756211E-01  -1.17204    
781  8.764     -0.725832E-01  -1.34054    
782  8.765     -0.699443E-01  -1.51001    
783  8.766     -0.677251E-01  -1.67900    
784  8.767     -0.659400E-01  -1.84615    
785  8.768     -0.645972E-01  -2.01026    
786  8.769     -0.636986E-01  -2.17021    
787  8.770     -0.632399E-01  -2.32488    
788  8.771     -0.632107E-01  -2.47308    
789  8.772     -0.635957E-01  -2.61365    
790  8.773     -0.643766E-01  -2.74549    
791  8.774     -0.655344E-01  -2.86770    
792  8.775     -0.670515E-01  -2.97961    
793  8.776     -0.689129E-01  -3.08074    
794  8.777     -0.711059E-01  -3.17077    
795  8.778     -0.736205E-01  -3.24941    
796  8.779     -0.764484E-01  -3.31639    
797  8.780     -0.795827E-01  -3.37148    
798  8.781     -0.830179E-01  -3.41451    
799  8.782     -0.867483E-01  -3.44539    
800  8.783     -0.907673E-01  -3.46415    
801  8.784     -0.950649E-01  -3.47083    
802  8.785     -0.996262E-01  -3.46537    
803  8.786     -0.104430      -3.44757    
804  8.787     -0.109449      -3.41704    
805  8.788     -0.114651      -3.37331    
806  8.789     -0.120001      -3.31595    
807  8.790     -0.125465      -3.24479    
808  8.791     -0.131011      -3.16013    
809  8.792     -0.136607      -3.06288    
810  8.793     -0.142228      -2.95447    
811  8.794     -0.147851      -2.83672    
812  8.795     -0.153454      -2.71156    
813  8.796     -0.159020      -2.58068    
814  8.797     -0.164529      -2.44523    
815  8.798     -0.169966      -2.30573    
816  8.799     -0.175313      -2.16205    
817  8.800     -0.180554      -2.01370    
818  8.801     -0.185671      -1.86017    
819  8.802     -0.190646      -1.70149    
820  8.803     -0.195463      -1.53848    
821  8.804     -0.200106      -1.37300    
822  8.805     -0.204561      -1.20781    
823  8.806     -0.208818      -1.04611    
824  8.807     -0.212871     -0.891034    
825  8.808     -0.216717     -0.745012    
826  8.809     -0.220355     -0.609328    
827  8.810     -0.223787     -0.483932    
828  8.811     -0.227016     -0.367545    
829  8.812     -0.230044     -0.258009    
830  8.813     -0.232871     -0.152789    
831  8.814     -0.235496     -0.494884E-01
832  8.815     -0.237919      0.537264E-01
833  8.816     -0.240136      0.157858    
834  8.817     -0.242143      0.263011    
835  8.818     -0.243937      0.368496    
836  8.819     -0.245514      0.473074    
837  8.820     -0.246873      0.575285    
838  8.821     -0.248011      0.673775    
839  8.822     -0.248928      0.767591    
840  8.823     -0.249626      0.856355    
841  8.824     -0.250107      0.940319    
842  8.825     -0.250373       1.02026    
843  8.826     -0.250426       1.09724    
844  8.827     -0.250267       1.17234    
845  8.828     -0.249896       1.24628    
846  8.829     -0.249312       1.31921    
847  8.830     -0.248512       1.39053    
848  8.831     -0.247495       1.45889    
849  8.832     -0.246255       1.52242    
850  8.833     -0.244792       1.57892    
851  8.834     -0.243103       1.62635    
852  8.835     -0.241188       1.66304    
853  8.836     -0.239047       1.68803    
854  8.837     -0.236683       1.70114    
855  8.838     -0.234100       1.70296    
856  8.839     -0.231302       1.69458    
857  8.840     -0.228294       1.67740    
858  8.841     -0.225083       1.65279    
859  8.842     -0.221673       1.62187    
860  8.843     -0.218069       1.58537    
861  8.844     -0.214278       1.54365    
862  8.845     -0.210303       1.49677    
863  8.846     -0.206151       1.44469    
864  8.847     -0.201827       1.38744    
865  8.848     -0.197338       1.32530    
866  8.849     -0.192694       1.25886    
867  8.850     -0.187903       1.18899    
868  8.851     -0.182978       1.11679    
869  8.852     -0.177930       1.04337    
870  8.853     -0.172775      0.969683    
871  8.854     -0.167525      0.896368    
872  8.855     -0.162195      0.823614    
873  8.856     -0.156801      0.751127    
874  8.857     -0.151355      0.678174    
875  8.858     -0.145875      0.603680    
876  8.859     -0.140373      0.526376    
877  8.860     -0.134866      0.444939    
878  8.861     -0.129371      0.358122    
879  8.862     -0.123907      0.264836    
880  8.863     -0.118493      0.164191    
881  8.864     -0.113153      0.555097E-01
882  8.865     -0.107912     -0.616824E-01
883  8.866     -0.102799     -0.187656    
884  8.867     -0.978445E-01 -0.322463    
885  8.868     -0.930829E-01 -0.465901    
886  8.869     -0.885497E-01 -0.617474    
887  8.870     -0.842817E-01 -0.776368    
888  8.871     -0.803161E-01 -0.941453    
889  8.872     -0.766887E-01  -1.11134    
890  8.873     -0.734328E-01  -1.28447    
891  8.874     -0.705778E-01  -1.45922    
892  8.875     -0.681477E-01  -1.63406    
893  8.876     -0.661601E-01  -1.80757    
894  8.877     -0.646264E-01  -1.97852    
895  8.878     -0.635511E-01  -2.14577    
896  8.879     -0.629319E-01  -2.30816    
897  8.880     -0.627596E-01  -2.46451    
898  8.881     -0.630189E-01  -2.61363    
899  8.882     -0.636906E-01  -2.75440    
900  8.883     -0.647541E-01  -2.88592    
901  8.884     -0.661901E-01  -3.00747    
902  8.885     -0.679820E-01  -3.11853    
903  8.886     -0.701159E-01  -3.21868    
904  8.887     -0.725808E-01  -3.30748    
905  8.888     -0.753678E-01  -3.38448    
906  8.889     -0.784701E-01  -3.44918    
907  8.890     -0.818825E-01  -3.50115    
908  8.891     -0.856003E-01  -3.54011    
909  8.892     -0.896179E-01  -3.56590    
910  8.893     -0.939268E-01  -3.57848    
911  8.894     -0.985135E-01  -3.57781    
912  8.895     -0.103358      -3.56377    
913  8.896     -0.108433      -3.53610    
914  8.897     -0.113706      -3.49445    
915  8.898     -0.119142      -3.43850    
916  8.899     -0.124704      -3.36819    
917  8.900     -0.130357      -3.28388    
918  8.901     -0.136071      -3.18655    
919  8.902     -0.141817      -3.07777    
920  8.903     -0.147570      -2.95956    
921  8.904     -0.153310      -2.83407    
922  8.905     -0.159017      -2.70326    
923  8.906     -0.164673      -2.56851    
924  8.907     -0.170262      -2.43051    
925  8.908     -0.175767      -2.28915    
926  8.909     -0.181171      -2.14386    
927  8.910     -0.186456      -1.99391    
928  8.911     -0.191604      -1.83899    
929  8.912     -0.196598      -1.67956    
930  8.913     -0.201420      -1.51717    
931  8.914     -0.206058      -1.35434    
932  8.915     -0.210499      -1.19419    
933  8.916     -0.214738      -1.03988    
934  8.917     -0.218769     -0.893974    
935  8.918     -0.222593     -0.757917    
936  8.919     -0.226212     -0.631797    
937  8.920     -0.229628     -0.514382    
938  8.921     -0.232843     -0.403450    
939  8.922     -0.235859     -0.296290    
940  8.923     -0.238674     -0.190254    
941  8.924     -0.241288     -0.832386E-01
942  8.925     -0.243697      0.259885E-01
943  8.926     -0.245898      0.137666    
944  8.927     -0.247885      0.251107    
945  8.928     -0.249654      0.364938    
946  8.929     -0.251203      0.477430    
947  8.930     -0.252530      0.586874    
948  8.931     -0.253632      0.691913    
949  8.932     -0.254513      0.791788    
950  8.933     -0.255172      0.886427    
951  8.934     -0.255613      0.976394    
952  8.935     -0.255837       1.06267    
953  8.936     -0.255845       1.14636    
954  8.937     -0.255639       1.22830    
955  8.938     -0.255217       1.30881    
956  8.939     -0.254577       1.38743    
957  8.940     -0.253715       1.46293    
958  8.941     -0.252629       1.53344    
959  8.942     -0.251315       1.59668    
960  8.943     -0.249771       1.65043    
961  8.944     -0.247996       1.69283    
962  8.945     -0.245991       1.72271    
963  8.946     -0.243757       1.73976    
964  8.947     -0.241298       1.74451    
965  8.948     -0.238618       1.73817    
966  8.949     -0.235723       1.72234    
967  8.950     -0.232618       1.69866    
968  8.951     -0.229309       1.66858    
969  8.952     -0.225801       1.63313    
970  8.953     -0.222099       1.59289    
971  8.954     -0.218207       1.54805    
972  8.955     -0.214130       1.49860    
973  8.956     -0.209874       1.44449    
974  8.957     -0.205445       1.38589    
975  8.958     -0.200850       1.32324    
976  8.959     -0.196098       1.25732    
977  8.960     -0.191200       1.18919    
978  8.961     -0.186168       1.11998    
979  8.962     -0.181014       1.05074    
980  8.963     -0.175751      0.982224    
981  8.964     -0.170395      0.914763    
982  8.965     -0.164957      0.848169    
983  8.966     -0.159454      0.781754    
984  8.967     -0.153897      0.714434    
985  8.968     -0.148301      0.644865    
986  8.969     -0.142680      0.571608    
987  8.970     -0.137049      0.493272    
988  8.971     -0.131425      0.408628    
989  8.972     -0.125826      0.316650    
990  8.973     -0.120272      0.216532    
991  8.974     -0.114786      0.107662    
992  8.975     -0.109395     -0.103958E-01
993  8.976     -0.104127     -0.137909    
994  8.977     -0.990149E-01 -0.274941    
995  8.978     -0.940926E-01 -0.421308    
996  8.979     -0.893973E-01 -0.576510    
997  8.980     -0.849672E-01 -0.739695    
998  8.981     -0.808411E-01 -0.909666    
999  8.982     -0.770569E-01  -1.08494    
