# [0_3/90]_s                                                                      
# Operating point sequence...
# i     t     RY pos[ 1]    Theta[ 1]    
  1  4.990      0.474181E-01   1.56857    
  2  4.991      0.368165E-01  0.955419    
  3  4.992      0.258605E-01  0.382150    
  4  4.993      0.144973E-01 -0.141247    
  5  4.994      0.274989E-02 -0.590084    
  6  4.995     -0.932449E-02 -0.938671    
  7  4.996     -0.216434E-01  -1.16224    
  8  4.997     -0.341013E-01  -1.23752    
  9  4.998     -0.465735E-01  -1.14362    
 10  4.999     -0.589242E-01 -0.865603    
 11  5.000     -0.710159E-01 -0.400869    
 12  5.001     -0.827162E-01  0.234541    
 13  5.002     -0.939012E-01   1.00300    
 14  5.003     -0.104458       1.84761    
 15  5.004     -0.114285       2.70001    
 16  5.005     -0.123296       3.49179    
 17  5.006     -0.131419       4.16608    
 18  5.007     -0.138606       4.68545    
 19  5.008     -0.144829       5.03448    
 20  5.009     -0.150088       5.21803    
 21  5.010     -0.154406       5.25781    
 22  5.011     -0.157824       5.18858    
 23  5.012     -0.160394       5.05403    
 24  5.013     -0.162167       4.90144    
 25  5.014     -0.163194       4.77527    
 26  5.015     -0.163522       4.71036    
 27  5.016     -0.163192       4.72673    
 28  5.017     -0.162246       4.82707    
 29  5.018     -0.160724       4.99794    
 30  5.019     -0.158661       5.21404    
 31  5.020     -0.156086       5.44422    
 32  5.021     -0.153011       5.65739    
 33  5.022     -0.149440       5.82712    
 34  5.023     -0.145362       5.93393    
 35  5.024     -0.140764       5.96575    
 36  5.025     -0.135628       5.91702    
 37  5.026     -0.129947       5.78727    
 38  5.027     -0.123715       5.57944    
 39  5.028     -0.116936       5.29838    
 40  5.029     -0.109619       4.94972    
 41  5.030     -0.101774       4.53926    
 42  5.031     -0.934167E-01   4.07328    
 43  5.032     -0.845646E-01   3.55946    
 44  5.033     -0.752411E-01   3.00808    
 45  5.034     -0.654755E-01   2.43295    
 46  5.035     -0.553026E-01   1.85161    
 47  5.036     -0.447605E-01   1.28476    
 48  5.037     -0.338866E-01  0.754933    
 49  5.038     -0.227136E-01  0.284831    
 50  5.039     -0.112680E-01 -0.104578    
 51  5.040      0.425898E-03 -0.395315    
 52  5.041      0.123353E-01 -0.572193    
 53  5.042      0.244028E-01 -0.620856    
 54  5.043      0.365312E-01 -0.525375    
 55  5.044      0.485781E-01 -0.268437    
 56  5.045      0.603625E-01  0.162937    
 57  5.046      0.716836E-01  0.766295    
 58  5.047      0.823443E-01   1.51222    
 59  5.048      0.921722E-01   2.34027    
 60  5.049      0.101034       3.16786    
 61  5.050      0.108842       3.90965    
 62  5.051      0.115553       4.49866    
 63  5.052      0.121166       4.89927    
 64  5.053      0.125715       5.10929    
 65  5.054      0.129252       5.15360    
 66  5.055      0.131843       5.07318    
 67  5.056      0.133554       4.91330    
 68  5.057      0.134452       4.71515    
 69  5.058      0.134602       4.51271    
 70  5.059      0.134062       4.33272    
 71  5.060      0.132883       4.19469    
 72  5.061      0.131106       4.10971    
 73  5.062      0.128763       4.07882    
 74  5.063      0.125880       4.09274    
 75  5.064      0.122474       4.13385    
 76  5.065      0.118551       4.17977    
 77  5.066      0.114106       4.20742    
 78  5.067      0.109121       4.19608    
 79  5.068      0.103569       4.12875    
 80  5.069      0.974192E-01   3.99244    
 81  5.070      0.906472E-01   3.77801    
 82  5.071      0.832366E-01   3.48060    
 83  5.072      0.751845E-01   3.10046    
 84  5.073      0.665005E-01   2.64395    
 85  5.074      0.572049E-01   2.12399    
 86  5.075      0.473253E-01   1.55990    
 87  5.076      0.368954E-01  0.976505    
 88  5.077      0.259550E-01  0.402806    
 89  5.078      0.145519E-01 -0.129793    
 90  5.079      0.274469E-02 -0.589554    
 91  5.080     -0.939401E-02 -0.946367    
 92  5.081     -0.217747E-01  -1.17314    
 93  5.082     -0.342890E-01  -1.24630    
 94  5.083     -0.468107E-01  -1.14643    
 95  5.084     -0.592027E-01 -0.860880    
 96  5.085     -0.713261E-01 -0.388988    
 97  5.086     -0.830483E-01  0.252263    
 98  5.087     -0.942479E-01   1.02512    
 99  5.088     -0.104816       1.87290    
100  5.089     -0.114656       2.72745    
101  5.090     -0.123686       3.52061    
102  5.091     -0.131834       4.19558    
103  5.092     -0.139053       4.71476    
104  5.093     -0.145314       5.06231    
105  5.094     -0.150616       5.24289    
106  5.095     -0.154977       5.27847    
107  5.096     -0.158436       5.20462    
108  5.097     -0.161042       5.06609    
109  5.098     -0.162844       4.91106    
110  5.099     -0.163894       4.78448    
111  5.100     -0.164238       4.72135    
112  5.101     -0.163919       4.74148    
113  5.102     -0.162981       4.84726    
114  5.103     -0.161465       5.02480    
115  5.104     -0.159408       5.24831    
116  5.105     -0.156839       5.48604    
117  5.106     -0.153774       5.70625    
118  5.107     -0.150214       5.88188    
119  5.108     -0.146151       5.99295    
120  5.109     -0.141569       6.02716    
121  5.110     -0.136452       5.97904    
122  5.111     -0.130789       5.84850    
123  5.112     -0.124575       5.63911    
124  5.113     -0.117811       5.35645    
125  5.114     -0.110506       5.00672    
126  5.115     -0.102670       4.59601    
127  5.116     -0.943192E-01   4.13051    
128  5.117     -0.854716E-01   3.61743    
129  5.118     -0.761514E-01   3.06640    
130  5.119     -0.663886E-01   2.49055    
131  5.120     -0.562185E-01   1.90690    
132  5.121     -0.456795E-01   1.33589    
133  5.122     -0.348093E-01  0.800143    
134  5.123     -0.236405E-01  0.322729    
135  5.124     -0.121992E-01 -0.748267E-01
136  5.125     -0.508454E-03 -0.373992    
137  5.126      0.114012E-01 -0.559280    
138  5.127      0.234756E-01 -0.616422    
139  5.128      0.356211E-01 -0.529869    
140  5.129      0.476983E-01 -0.282549    
141  5.130      0.595273E-01  0.138980    
142  5.131      0.709063E-01  0.733711    
143  5.132      0.816354E-01   1.47427    
144  5.133      0.915385E-01   2.30188    
145  5.134      0.100478       3.13424    
146  5.135      0.108364       3.88468    
147  5.136      0.115149       4.48376    
148  5.137      0.120833       4.89338    
149  5.138      0.125446       5.10974    
150  5.139      0.129043       5.15740    
151  5.140      0.131687       5.07815    
152  5.141      0.133448       4.91847    
153  5.142      0.134392       4.72049    
154  5.143      0.134585       4.51846    
155  5.144      0.134087       4.33887    
156  5.145      0.132948       4.20081    
157  5.146      0.131211       4.11517    
158  5.147      0.128909       4.08321    
159  5.148      0.126068       4.09617    
160  5.149      0.122703       4.13702    
161  5.150      0.118822       4.18386    
162  5.151      0.114419       4.21384    
163  5.152      0.109476       4.20615    
164  5.153      0.103966       4.14356    
165  5.154      0.978585E-01   4.01266    
166  5.155      0.911278E-01   3.80386    
167  5.156      0.837569E-01   3.51177    
168  5.157      0.757420E-01   3.13616    
169  5.158      0.670924E-01   2.68297    
170  5.159      0.578284E-01   2.16481    
171  5.160      0.479781E-01   1.60086    
172  5.161      0.375756E-01   1.01594    
173  5.162      0.266612E-01  0.439197    
174  5.163      0.152826E-01 -0.977898E-01
175  5.164      0.349824E-02 -0.563066    
176  5.165     -0.862007E-02 -0.926400    
177  5.166     -0.209842E-01  -1.16071    
178  5.167     -0.334872E-01  -1.24255    
179  5.168     -0.460046E-01  -1.15255    
180  5.169     -0.583999E-01 -0.877768    
181  5.170     -0.705347E-01 -0.416707    
182  5.171     -0.822763E-01  0.214929    
183  5.172     -0.935028E-01  0.980801    
184  5.173     -0.104105       1.82530    
185  5.174     -0.113986       2.68064    
186  5.175     -0.123061       3.47814    
187  5.176     -0.131260       4.15988    
188  5.177     -0.138531       4.68686    
189  5.178     -0.144845       5.04204    
190  5.179     -0.150197       5.22919    
191  5.180     -0.154606       5.26977    
192  5.181     -0.158109       5.19910    
193  5.182     -0.160754       5.06188    
194  5.183     -0.162593       4.90646    
195  5.184     -0.163676       4.77809    
196  5.185     -0.164051       4.71223    
197  5.186     -0.163763       4.72924    
198  5.187     -0.162855       4.83209    
199  5.188     -0.161368       5.00743    
200  5.189     -0.159341       5.22979    
201  5.190     -0.156802       5.46757    
202  5.191     -0.153767       5.68899    
203  5.192     -0.150239       5.86676    
204  5.193     -0.146209       5.98071    
205  5.194     -0.141662       6.01828    
206  5.195     -0.136581       5.97387    
207  5.196     -0.130953       5.84724    
208  5.197     -0.124773       5.64191    
209  5.198     -0.118044       5.36336    
210  5.199     -0.110772       5.01771    
211  5.200     -0.102969       4.61095    
212  5.201     -0.946497E-01   4.14905    
213  5.202     -0.858330E-01   3.63900    
214  5.203     -0.765427E-01   3.09022    
215  5.204     -0.668087E-01   2.51564    
216  5.205     -0.566664E-01   1.93219    
217  5.206     -0.461543E-01   1.36032    
218  5.207     -0.353100E-01  0.822738    
219  5.208     -0.241667E-01  0.342653    
220  5.209     -0.127507E-01 -0.582538E-01
221  5.210     -0.108471E-02 -0.361371    
222  5.211      0.108015E-01 -0.551299    
223  5.212      0.228556E-01 -0.614069    
224  5.213      0.349865E-01 -0.534544    
225  5.214      0.470570E-01 -0.295868    
226  5.215      0.588891E-01  0.115781    
227  5.216      0.702814E-01  0.700612    
228  5.217      0.810337E-01   1.43308    
229  5.218      0.909685E-01   2.25622    
230  5.219      0.999466E-01   3.08867    
231  5.220      0.107874       3.84352    
232  5.221      0.114705       4.45003    
233  5.222      0.120433       4.86847    
234  5.223      0.125089       5.09355    
235  5.224      0.128726       5.14886    
236  5.225      0.131407       5.07565    
237  5.226      0.133201       4.92031    
238  5.227      0.134176       4.72497    
239  5.228      0.134397       4.52388    
240  5.229      0.133923       4.34350    
241  5.230      0.132808       4.20309    
242  5.231      0.131093       4.11396    
243  5.232      0.128811       4.07798    
244  5.233      0.125989       4.08711    
245  5.234      0.122643       4.12490    
246  5.235      0.118782       4.16979    
247  5.236      0.114398       4.19904    
248  5.237      0.109476       4.19181    
249  5.238      0.103989       4.13071    
250  5.239      0.979058E-01   4.00220    
251  5.240      0.912002E-01   3.79653    
252  5.241      0.838548E-01   3.50810    
253  5.242      0.758652E-01   3.13640    
254  5.243      0.672402E-01   2.68699    
255  5.244      0.579996E-01   2.17217    
256  5.245      0.481715E-01   1.61077    
257  5.246      0.377899E-01   1.02736    
258  5.247      0.268947E-01  0.450943    
259  5.248      0.155334E-01 -0.869289E-01
260  5.249      0.376399E-02 -0.554210    
261  5.250     -0.834235E-02 -0.920484    
262  5.251     -0.206979E-01  -1.15846    
263  5.252     -0.331961E-01  -1.24450    
264  5.253     -0.457126E-01  -1.15910    
265  5.254     -0.581110E-01 -0.889148    
266  5.255     -0.702525E-01 -0.432873    
267  5.256     -0.820039E-01  0.194461    
268  5.257     -0.932430E-01  0.957050    
269  5.258     -0.103860       1.79977    
270  5.259     -0.113759       2.65516    
271  5.260     -0.122854       3.45451    
272  5.261     -0.131075       4.13959    
273  5.262     -0.138370       4.67091    
274  5.263     -0.144710       5.03085    
275  5.264     -0.150089       5.22264    
276  5.265     -0.154526       5.26728    
277  5.266     -0.158055       5.19971    
278  5.267     -0.160726       5.06438    
279  5.268     -0.162589       4.90955    
280  5.269     -0.163695       4.78055    
281  5.270     -0.164091       4.71312    
282  5.271     -0.163822       4.72807    
283  5.272     -0.162932       4.82886    
284  5.273     -0.161461       5.00259    
285  5.274     -0.159449       5.22411    
286  5.275     -0.156923       5.46194    
287  5.276     -0.153901       5.68423    
288  5.277     -0.150386       5.86352    
289  5.278     -0.146369       5.97939    
290  5.279     -0.141836       6.01909    
291  5.280     -0.136769       5.97681    
292  5.281     -0.131156       5.85221    
293  5.282     -0.124993       5.64877    
294  5.283     -0.118281       5.37201    
295  5.284     -0.111026       5.02812    
296  5.285     -0.103240       4.62316    
297  5.286     -0.949387E-01   4.16311    
298  5.287     -0.861396E-01   3.65491    
299  5.288     -0.768666E-01   3.10779    
300  5.289     -0.671493E-01   2.53448    
301  5.290     -0.570226E-01   1.95168    
302  5.291     -0.465247E-01   1.37963    
303  5.292     -0.356933E-01  0.840920    
304  5.293     -0.245615E-01  0.358732    
305  5.294     -0.131556E-01 -0.451749E-01
306  5.295     -0.149838E-02 -0.352029    
307  5.296      0.103809E-01 -0.546256    
308  5.297      0.224309E-01 -0.613784    
309  5.298      0.345618E-01 -0.539478    
310  5.299      0.466379E-01 -0.306483    
311  5.300      0.584820E-01  0.992284E-01
312  5.301      0.698932E-01  0.678454    
313  5.302      0.806706E-01   1.40662    
314  5.303      0.906354E-01   2.22777    
315  5.304      0.996472E-01   3.06121    
316  5.305      0.107611       3.81988    
317  5.306      0.114478       4.43228    
318  5.307      0.120242       4.85745    
319  5.308      0.124933       5.08892    
320  5.309      0.128604       5.14938    
321  5.310      0.131318       5.07969    
322  5.311      0.133143       4.92627    
323  5.312      0.134146       4.73154    
324  5.313      0.134393       4.53007    
325  5.314      0.133944       4.34859    
326  5.315      0.132852       4.20662    
327  5.316      0.131158       4.11575    
328  5.317      0.128897       4.07820    
329  5.318      0.126094       4.08624    
330  5.319      0.122767       4.12364    
331  5.320      0.118924       4.16894    
332  5.321      0.114559       4.19938    
333  5.322      0.109656       4.19396    
334  5.323      0.104189       4.13512    
335  5.324      0.981267E-01   4.00913    
336  5.325      0.914427E-01   3.80610    
337  5.326      0.841193E-01   3.52027    
338  5.327      0.761516E-01   3.15097    
339  5.328      0.675480E-01   2.70365    
340  5.329      0.583281E-01   2.19043    
341  5.330      0.485196E-01   1.63002    
342  5.331      0.381564E-01   1.04686    
343  5.332      0.272782E-01  0.469810    
344  5.333      0.159323E-01 -0.696855E-01
345  5.334      0.417613E-02 -0.539633    
346  5.335     -0.791954E-02 -0.909616    
347  5.336     -0.202677E-01  -1.15228    
348  5.337     -0.327625E-01  -1.24389    
349  5.338     -0.452802E-01  -1.16470    
350  5.339     -0.576845E-01 -0.901239    
351  5.340     -0.698364E-01 -0.451180    
352  5.341     -0.816026E-01  0.170896    
353  5.342     -0.928605E-01  0.929848    
354  5.343     -0.103500       1.77105    
355  5.344     -0.113424       2.62719    
356  5.345     -0.122547       3.42940    
357  5.346     -0.130798       4.11892    
358  5.347     -0.138125       4.65561    
359  5.348     -0.144496       5.02117    
360  5.349     -0.149907       5.21817    
361  5.350     -0.154373       5.26704    
362  5.351     -0.157932       5.20230    
363  5.352     -0.160629       5.06817    
364  5.353     -0.162518       4.91289    
365  5.354     -0.163648       4.78209    
366  5.355     -0.164067       4.71198    
367  5.356     -0.163820       4.72394    
368  5.357     -0.162950       4.82203    
369  5.358     -0.161500       4.99379    
370  5.359     -0.159505       5.21438    
371  5.360     -0.156998       5.45236    
372  5.361     -0.153994       5.67580    
373  5.362     -0.150497       5.85704    
374  5.363     -0.146499       5.97541    
375  5.364     -0.141984       6.01792    
376  5.365     -0.136938       5.97857    
377  5.366     -0.131346       5.85690    
378  5.367     -0.125203       5.65626    
379  5.368     -0.118511       5.38211    
380  5.369     -0.111277       5.04063    
381  5.370     -0.103511       4.63782    
382  5.371     -0.952290E-01   4.17968    
383  5.372     -0.864488E-01   3.67306    
384  5.373     -0.771938E-01   3.12711    
385  5.374     -0.674934E-01   2.55446    
386  5.375     -0.573824E-01   1.97169    
387  5.376     -0.468991E-01   1.39897    
388  5.377     -0.360812E-01  0.858851    
389  5.378     -0.249620E-01  0.374519    
390  5.379     -0.135681E-01 -0.322022E-01
391  5.380     -0.192226E-02 -0.342460    
392  5.381      0.994685E-02 -0.540629    
393  5.382      0.219889E-01 -0.612693    
394  5.383      0.341157E-01 -0.543623    
395  5.384      0.461932E-01 -0.316614    
396  5.385      0.580453E-01  0.826177E-01
397  5.386      0.694717E-01  0.655585    
398  5.387      0.802710E-01   1.37882    
399  5.388      0.902635E-01   2.19748    
400  5.389      0.993073E-01   3.03150    
401  5.390      0.107306       3.79372    
402  5.391      0.114209       4.41177    
403  5.392      0.120009       4.84353    
404  5.393      0.124734       5.08140    
405  5.394      0.128438       5.14721    
406  5.395      0.131182       5.08141    
407  5.396      0.133034       4.93037    
408  5.397      0.134063       4.73667    
409  5.398      0.134334       4.53511    
410  5.399      0.133907       4.35262    
411  5.400      0.132835       4.20895    
412  5.401      0.131161       4.11600    
413  5.402      0.128918       4.07636    
414  5.403      0.126133       4.08267    
415  5.404      0.122824       4.11898    
416  5.405      0.118998       4.16399    
417  5.406      0.114651       4.19492    
418  5.407      0.109767       4.19072    
419  5.408      0.104319       4.13371    
420  5.409      0.982780E-01   4.01004    
421  5.410      0.916157E-01   3.80967    
422  5.411      0.843144E-01   3.52670    
423  5.412      0.763688E-01   3.16027    
424  5.413      0.677866E-01   2.71559    
425  5.414      0.585873E-01   2.20455    
426  5.415      0.487983E-01   1.64564    
427  5.416      0.384534E-01   1.06313    
428  5.417      0.275921E-01  0.485758    
429  5.418      0.162614E-01 -0.550592E-01
430  5.419      0.451848E-02 -0.527302    
431  5.420     -0.756635E-02 -0.900470    
432  5.421     -0.199065E-01  -1.14709    
433  5.422     -0.323967E-01  -1.24330    
434  5.423     -0.449135E-01  -1.16926    
435  5.424     -0.573210E-01 -0.911271    
436  5.425     -0.694799E-01 -0.466623    
437  5.426     -0.812566E-01  0.150640    
438  5.427     -0.925284E-01  0.905986    
439  5.428     -0.103185       1.74531    
440  5.429     -0.113128       2.60157    
441  5.430     -0.122273       3.40582    
442  5.431     -0.130549       4.09892    
443  5.432     -0.137902       4.64015    
444  5.433     -0.144300       5.01058    
445  5.434     -0.149737       5.21224    
446  5.435     -0.154231       5.26507    
447  5.436     -0.157814       5.20322    
448  5.437     -0.160536       5.07067    
449  5.438     -0.162448       4.91560    
450  5.439     -0.163599       4.78379    
451  5.440     -0.164038       4.71177    
452  5.441     -0.163810       4.72139    
453  5.442     -0.162957       4.81717    
454  5.443     -0.161522       4.98712    
455  5.444     -0.159544       5.20663    
456  5.445     -0.157050       5.44441    
457  5.446     -0.154061       5.66849    
458  5.447     -0.150578       5.85104    
459  5.448     -0.146595       5.97119    
460  5.449     -0.142096       6.01578    
461  5.450     -0.137066       5.97860    
462  5.451     -0.131491       5.85910    
463  5.452     -0.125365       5.66057    
464  5.453     -0.118691       5.38844    
465  5.454     -0.111473       5.04888    
466  5.455     -0.103725       4.64793    
467  5.456     -0.954595E-01   4.19155    
468  5.457     -0.866955E-01   3.68654    
469  5.458     -0.774563E-01   3.14194    
470  5.459     -0.677708E-01   2.57024    
471  5.460     -0.576738E-01   1.98787    
472  5.461     -0.472033E-01   1.41490    
473  5.462     -0.363973E-01  0.873798    
474  5.463     -0.252891E-01  0.387771    
475  5.464     -0.139055E-01 -0.212978E-01
476  5.465     -0.226925E-02 -0.334448    
477  5.466      0.959126E-02 -0.535969    
478  5.467      0.216266E-01 -0.611827    
479  5.468      0.337498E-01 -0.547064    
480  5.469      0.458280E-01 -0.324919    
481  5.470      0.576864E-01  0.690443E-01
482  5.471      0.691249E-01  0.636857    
483  5.472      0.799418E-01   1.35591    
484  5.473      0.899568E-01   2.17229    
485  5.474      0.990268E-01   3.00654    
486  5.475      0.107054       3.77146    
487  5.476      0.113986       4.39405    
488  5.477      0.119816       4.83124    
489  5.478      0.124570       5.07444    
490  5.479      0.128301       5.14477    
491  5.480      0.131070       5.08227    
492  5.481      0.132947       4.93327    
493  5.482      0.133998       4.74052    
494  5.483      0.134289       4.53900    
495  5.484      0.133881       4.35586    
496  5.485      0.132826       4.21099    
497  5.486      0.131169       4.11652    
498  5.487      0.128942       4.07532    
499  5.488      0.126172       4.08031    
500  5.489      0.122877       4.11578    
501  5.490      0.119066       4.16057    
502  5.491      0.114735       4.19192    
503  5.492      0.109867       4.18870    
504  5.493      0.104436       4.13317    
505  5.494      0.984121E-01   4.01138    
506  5.495      0.917683E-01   3.81317    
507  5.496      0.844857E-01   3.53253    
508  5.497      0.765588E-01   3.16843    
509  5.498      0.679951E-01   2.72591    
510  5.499      0.588135E-01   2.21668    
511  5.500      0.490415E-01   1.65905    
512  5.501      0.387125E-01   1.07714    
513  5.502      0.278660E-01  0.499580    
514  5.503      0.165488E-01 -0.422644E-01
515  5.504      0.481782E-02 -0.516381    
516  5.505     -0.725707E-02 -0.892211    
517  5.506     -0.195897E-01  -1.14220    
518  5.507     -0.320753E-01  -1.24240    
519  5.508     -0.445908E-01  -1.17285    
520  5.509     -0.570005E-01 -0.919644    
521  5.510     -0.691650E-01 -0.479733    
522  5.511     -0.809507E-01  0.133318    
523  5.512     -0.922342E-01  0.885501    
524  5.513     -0.102905       1.72315    
525  5.514     -0.112865       2.57946    
526  5.515     -0.122029       3.38540    
527  5.516     -0.130326       4.08152    
528  5.517     -0.137700       4.62660    
529  5.518     -0.144121       5.00121    
530  5.519     -0.149582       5.20687    
531  5.520     -0.154097       5.26310    
532  5.521     -0.157703       5.20375    
533  5.522     -0.160445       5.07257    
534  5.523     -0.162375       4.91771    
535  5.524     -0.163545       4.78504    
536  5.525     -0.164001       4.71138    
537  5.526     -0.163788       4.71897    
538  5.527     -0.162950       4.81274    
539  5.528     -0.161529       4.98106    
540  5.529     -0.159564       5.19961    
541  5.530     -0.157083       5.43716    
542  5.531     -0.154105       5.66170    
543  5.532     -0.150635       5.84531    
544  5.533     -0.146665       5.96694    
545  5.534     -0.142180       6.01325    
546  5.535     -0.137164       5.97792    
547  5.536     -0.131603       5.86028    
548  5.537     -0.125492       5.66355    
549  5.538     -0.118832       5.39315    
550  5.539     -0.111629       5.05524    
551  5.540     -0.103895       4.65587    
552  5.541     -0.956440E-01   4.20097    
553  5.542     -0.868939E-01   3.69731    
554  5.543     -0.776680E-01   3.15385    
555  5.544     -0.679952E-01   2.58294    
556  5.545     -0.579100E-01   2.00095    
557  5.546     -0.474505E-01   1.42781    
558  5.547     -0.366546E-01  0.885958    
559  5.548     -0.255559E-01  0.398599    
560  5.549     -0.141812E-01 -0.123347E-01
561  5.550     -0.255340E-02 -0.327806    
562  5.551      0.929948E-02 -0.532038    
563  5.552      0.213286E-01 -0.610987    
564  5.553      0.334480E-01 -0.549756    
565  5.554      0.455261E-01 -0.331621    
566  5.555      0.573888E-01  0.579726E-01
567  5.556      0.688363E-01  0.621476    
568  5.557      0.796671E-01   1.33698    
569  5.558      0.896999E-01   2.15135    
570  5.559      0.987907E-01   2.98563    
571  5.560      0.106841       3.75263    
572  5.561      0.113797       4.37885    
573  5.562      0.119651       4.82045    
574  5.563      0.124428       5.06806    
575  5.564      0.128181       5.14216    
576  5.565      0.130972       5.08247    
577  5.566      0.132867       4.93524    
578  5.567      0.133936       4.74336    
579  5.568      0.134244       4.54195    
580  5.569      0.133851       4.35829    
581  5.570      0.132811       4.21245    
582  5.571      0.131166       4.11672    
583  5.572      0.128952       4.07420    
584  5.573      0.126195       4.07805    
585  5.574      0.122913       4.11276    
586  5.575      0.119114       4.15727    
587  5.576      0.114794       4.18886    
588  5.577      0.109939       4.18638    
589  5.578      0.104522       4.13199    
590  5.579      0.985128E-01   4.01168    
591  5.580      0.918840E-01   3.81523    
592  5.581      0.846169E-01   3.53651    
593  5.582      0.767055E-01   3.17436    
594  5.583      0.681570E-01   2.73368    
595  5.584      0.589901E-01   2.22600    
596  5.585      0.492321E-01   1.66949    
597  5.586      0.389164E-01   1.08816    
598  5.587      0.280822E-01  0.510531    
599  5.588      0.167763E-01 -0.320741E-01
600  5.589      0.505526E-02 -0.507642    
601  5.590     -0.701126E-02 -0.885565    
602  5.591     -0.193375E-01  -1.13822    
603  5.592     -0.318190E-01  -1.24158    
604  5.593     -0.443330E-01  -1.17559    
605  5.594     -0.567440E-01 -0.926202    
606  5.595     -0.689126E-01 -0.490097    
607  5.596     -0.807049E-01  0.119532    
608  5.597     -0.919974E-01  0.869103    
609  5.598     -0.102679       1.70532    
610  5.599     -0.112653       2.56156    
611  5.600     -0.121832       3.36877    
612  5.601     -0.130144       4.06724    
613  5.602     -0.137536       4.61538    
614  5.603     -0.143975       4.99332    
615  5.604     -0.149453       5.20220    
616  5.605     -0.153987       5.26122    
617  5.606     -0.157609       5.20395    
618  5.607     -0.160368       5.07396    
619  5.608     -0.162314       4.91935    
620  5.609     -0.163498       4.78608    
621  5.610     -0.163967       4.71115    
622  5.611     -0.163767       4.71714    
623  5.612     -0.162941       4.80929    
624  5.613     -0.161531       4.97629    
625  5.614     -0.159576       5.19399    
626  5.615     -0.157105       5.43127    
627  5.616     -0.154138       5.65613    
628  5.617     -0.150678       5.84052    
629  5.618     -0.146718       5.96329    
630  5.619     -0.142243       6.01094    
631  5.620     -0.137238       5.97705    
632  5.621     -0.131689       5.86085    
633  5.622     -0.125590       5.66553    
634  5.623     -0.118942       5.39649    
635  5.624     -0.111751       5.05990    
636  5.625     -0.104029       4.66180    
637  5.626     -0.957890E-01   4.20812    
638  5.627     -0.870503E-01   3.70559    
639  5.628     -0.778353E-01   3.16310    
640  5.629     -0.681729E-01   2.59292    
641  5.630     -0.580976E-01   2.01128    
642  5.631     -0.476473E-01   1.43808    
643  5.632     -0.368598E-01  0.895701    
644  5.633     -0.257690E-01  0.407332    
645  5.634     -0.144019E-01 -0.505327E-02
646  5.635     -0.278120E-02 -0.322353    
647  5.636      0.906517E-02 -0.528731    
648  5.637      0.210889E-01 -0.610137    
649  5.638      0.332049E-01 -0.551710    
650  5.639      0.452823E-01 -0.336767    
651  5.640      0.571477E-01  0.493388E-01
652  5.641      0.686020E-01  0.609373    
653  5.642      0.794431E-01   1.32197    
654  5.643      0.894895E-01   2.13463    
655  5.644      0.985964E-01   2.96878    
656  5.645      0.106664       3.73728    
657  5.646      0.113639       4.36626    
658  5.647      0.119511       4.81128    
659  5.648      0.124307       5.06236    
660  5.649      0.128077       5.13947    
661  5.650      0.130884       5.08204    
662  5.651      0.132795       4.93627    
663  5.652      0.133878       4.74512    
664  5.653      0.134199       4.54385    
665  5.654      0.133818       4.35985    
666  5.655      0.132790       4.21328    
667  5.656      0.131156       4.11658    
668  5.657      0.128952       4.07303    
669  5.658      0.126205       4.07597    
670  5.659      0.122932       4.11004    
671  5.660      0.119143       4.15430    
672  5.661      0.114834       4.18604    
673  5.662      0.109989       4.18410    
674  5.663      0.104583       4.13059    
675  5.664      0.985860E-01   4.01145    
676  5.665      0.919696E-01   3.81638    
677  5.666      0.847151E-01   3.53919    
678  5.667      0.768164E-01   3.17862    
679  5.668      0.682804E-01   2.73943    
680  5.669      0.591256E-01   2.23303    
681  5.670      0.493791E-01   1.67748    
682  5.671      0.390743E-01   1.09666    
683  5.672      0.282504E-01  0.519059    
684  5.673      0.169539E-01 -0.240617E-01
685  5.674      0.524135E-02 -0.500676    
686  5.675     -0.681790E-02 -0.880158    
687  5.676     -0.191383E-01  -1.13482    
688  5.677     -0.316158E-01  -1.24059    
689  5.678     -0.441278E-01  -1.17735    
690  5.679     -0.565389E-01 -0.930957    
691  5.680     -0.687098E-01 -0.497869    
692  5.681     -0.805064E-01  0.109005    
693  5.682     -0.918050E-01  0.856416    
694  5.683     -0.102495       1.69136    
695  5.684     -0.112477       2.54738    
696  5.685     -0.121667       3.35541    
697  5.686     -0.129991       4.05556    
698  5.687     -0.137396       4.60595    
699  5.688     -0.143848       4.98639    
700  5.689     -0.149340       5.19775    
701  5.690     -0.153887       5.25894    
702  5.691     -0.157522       5.20334    
703  5.692     -0.160293       5.07437    
704  5.693     -0.162250       4.92007    
705  5.694     -0.163445       4.78643    
706  5.695     -0.163925       4.71063    
707  5.696     -0.163734       4.71543    
708  5.697     -0.162917       4.80636    
709  5.698     -0.161516       4.97229    
710  5.699     -0.159568       5.18926    
711  5.700     -0.157105       5.42624    
712  5.701     -0.154144       5.65120    
713  5.702     -0.150692       5.83605    
714  5.703     -0.146740       5.95953    
715  5.704     -0.142274       6.00806    
716  5.705     -0.137277       5.97516    
717  5.706     -0.131737       5.85998    
718  5.707     -0.125646       5.66568    
719  5.708     -0.119007       5.39765    
720  5.709     -0.111826       5.06205    
721  5.710     -0.104113       4.66495    
722  5.711     -0.958822E-01   4.21225    
723  5.712     -0.871524E-01   3.71065    
724  5.713     -0.779460E-01   3.16898    
725  5.714     -0.682919E-01   2.59943    
726  5.715     -0.582243E-01   2.01819    
727  5.716     -0.477813E-01   1.44507    
728  5.717     -0.370008E-01  0.902423    
729  5.718     -0.259164E-01  0.413426    
730  5.719     -0.145554E-01  0.883656E-04
731  5.720     -0.294068E-02 -0.318444    
732  5.721      0.890013E-02 -0.526296    
733  5.722      0.209190E-01 -0.609402    
734  5.723      0.330314E-01 -0.552936    
735  5.724      0.451071E-01 -0.340252    
736  5.725      0.569734E-01  0.433411E-01
737  5.726      0.684310E-01  0.600821    
738  5.727      0.792782E-01   1.31121    
739  5.728      0.893331E-01   2.12243    
740  5.729      0.984504E-01   2.95627    
741  5.730      0.106530       3.72563    
742  5.731      0.113517       4.35642    
743  5.732      0.119402       4.80379    
744  5.733      0.124210       5.05732    
745  5.734      0.127992       5.13662    
746  5.735      0.130810       5.08089    
747  5.736      0.132732       4.93627    
748  5.737      0.133824       4.74575    
749  5.738      0.134154       4.54469    
750  5.739      0.133782       4.36052    
751  5.740      0.132761       4.21349    
752  5.741      0.131135       4.11614    
753  5.742      0.128938       4.07183    
754  5.743      0.126197       4.07406    
755  5.744      0.122932       4.10759    
756  5.745      0.119149       4.15153    
757  5.746      0.114847       4.18324    
758  5.747      0.110009       4.18154    
759  5.748      0.104611       4.12852    
760  5.749      0.986219E-01   4.01010    
761  5.750      0.920141E-01   3.81595    
762  5.751      0.847685E-01   3.53981    
763  5.752      0.768787E-01   3.18036    
764  5.753      0.683515E-01   2.74226    
765  5.754      0.592052E-01   2.23684    
766  5.755      0.494670E-01   1.68205    
767  5.756      0.391701E-01   1.10172    
768  5.757      0.283536E-01  0.524261    
769  5.758      0.170640E-01 -0.190742E-01
770  5.759      0.535756E-02 -0.496272    
771  5.760     -0.669629E-02 -0.876680    
772  5.761     -0.190122E-01  -1.13258    
773  5.762     -0.314864E-01  -1.23986    
774  5.763     -0.439964E-01  -1.17837    
775  5.764     -0.564069E-01 -0.933883    
776  5.765     -0.685786E-01 -0.502749    
777  5.766     -0.803772E-01  0.102312    
778  5.767     -0.916791E-01  0.848259    
779  5.768     -0.102373       1.68228    
780  5.769     -0.112361       2.53804    
781  5.770     -0.121556       3.34647    
782  5.771     -0.129888       4.04759    
783  5.772     -0.137300       4.59934    
784  5.773     -0.143761       4.98136    
785  5.774     -0.149261       5.19430    
786  5.775     -0.153816       5.25693    
787  5.776     -0.157459       5.20246    
788  5.777     -0.160238       5.07423    
789  5.778     -0.162202       4.92022    
790  5.779     -0.163404       4.78644    
791  5.780     -0.163890       4.71013    
792  5.781     -0.163705       4.71421    
793  5.782     -0.162894       4.80435    
794  5.783     -0.161498       4.96959    
795  5.784     -0.159555       5.18606    
796  5.785     -0.157097       5.42277    
797  5.786     -0.154141       5.64772    
798  5.787     -0.150693       5.83279    
799  5.788     -0.146746       5.95664    
800  5.789     -0.142285       6.00567    
801  5.790     -0.137294       5.97333    
802  5.791     -0.131760       5.85875    
803  5.792     -0.125676       5.66506    
804  5.793     -0.119043       5.39765    
805  5.794     -0.111867       5.06269    
806  5.795     -0.104161       4.66624    
807  5.796     -0.959363E-01   4.21422    
808  5.797     -0.872127E-01   3.71329    
809  5.798     -0.780124E-01   3.17224    
810  5.799     -0.683642E-01   2.60322    
811  5.800     -0.583023E-01   2.02233    
812  5.801     -0.478647E-01   1.44937    
813  5.802     -0.370893E-01  0.906654    
814  5.803     -0.260098E-01  0.417351    
815  5.804     -0.146536E-01  0.347870E-02
816  5.805     -0.304334E-02 -0.315782    
817  5.806      0.879315E-02 -0.524528    
818  5.807      0.208081E-01 -0.608688    
819  5.808      0.329174E-01 -0.553454    
820  5.809      0.449911E-01 -0.342204    
821  5.810      0.568567E-01  0.397729E-01
822  5.811      0.683155E-01  0.595570    
823  5.812      0.791654E-01   1.30444    
824  5.813      0.892245E-01   2.11459    
825  5.814      0.983473E-01   2.94803    
826  5.815      0.106433       3.71771    
827  5.816      0.113427       4.34946    
828  5.817      0.119319       4.79818    
829  5.818      0.124135       5.05318    
830  5.819      0.127924       5.13385    
831  5.820      0.130748       5.07921    
832  5.821      0.132676       4.93538    
833  5.822      0.133774       4.74534    
834  5.823      0.134109       4.54448    
835  5.824      0.133742       4.36029    
836  5.825      0.132726       4.21303    
837  5.826      0.131104       4.11529    
838  5.827      0.128912       4.07051    
839  5.828      0.126176       4.07227    
840  5.829      0.122914       4.10539    
841  5.830      0.119136       4.14905    
842  5.831      0.114839       4.18065    
843  5.832      0.110006       4.17901    
844  5.833      0.104613       4.12624    
845  5.834      0.986292E-01   4.00823    
846  5.835      0.920270E-01   3.81462    
847  5.836      0.847873E-01   3.53913    
848  5.837      0.769035E-01   3.18039    
849  5.838      0.683822E-01   2.74302    
850  5.839      0.592417E-01   2.23826    
851  5.840      0.495091E-01   1.68404    
852  5.841      0.392175E-01   1.10412    
853  5.842      0.284061E-01  0.526886    
854  5.843      0.171212E-01 -0.164245E-01
855  5.844      0.541935E-02 -0.493805    
856  5.845     -0.663036E-02 -0.874591    
857  5.846     -0.189426E-01  -1.13106    
858  5.847     -0.314137E-01  -1.23907    
859  5.848     -0.439213E-01  -1.17848    
860  5.849     -0.563300E-01 -0.935023    
861  5.850     -0.685007E-01 -0.504996    
862  5.851     -0.802990E-01  0.989734E-01
863  5.852     -0.916011E-01  0.843963    
864  5.853     -0.102296       1.67727    
865  5.854     -0.112285       2.53264    
866  5.855     -0.121483       3.34103    
867  5.856     -0.129816       4.04244    
868  5.857     -0.137231       4.59473    
869  5.858     -0.143695       4.97745    
870  5.859     -0.149199       5.19117    
871  5.860     -0.153758       5.25457    
872  5.861     -0.157405       5.20079    
873  5.862     -0.160187       5.07308    
874  5.863     -0.162154       4.91938    
875  5.864     -0.163359       4.78569    
876  5.865     -0.163848       4.70928    
877  5.866     -0.163666       4.71308    
878  5.867     -0.162857       4.80285    
879  5.868     -0.161463       4.96769    
880  5.869     -0.159523       5.18379    
881  5.870     -0.157067       5.42022    
882  5.871     -0.154113       5.64497    
883  5.872     -0.150668       5.82992    
884  5.873     -0.146723       5.95375    
885  5.874     -0.142265       6.00282    
886  5.875     -0.137276       5.97058    
887  5.876     -0.131745       5.85616    
888  5.877     -0.125664       5.66268    
889  5.878     -0.119035       5.39553    
890  5.879     -0.111863       5.06090    
891  5.880     -0.104160       4.66482    
892  5.881     -0.959390E-01   4.21322    
893  5.882     -0.872190E-01   3.71275    
894  5.883     -0.780224E-01   3.17215    
895  5.884     -0.683779E-01   2.60356    
896  5.885     -0.583196E-01   2.02305    
897  5.886     -0.478855E-01   1.45037    
898  5.887     -0.371135E-01  0.907834    
899  5.888     -0.260374E-01  0.418600    
900  5.889     -0.146845E-01  0.469170E-02
901  5.890     -0.307758E-02 -0.314705    
902  5.891      0.875558E-02 -0.523672    
903  5.892      0.207672E-01 -0.608131    
904  5.893      0.328733E-01 -0.553288    
905  5.894      0.449441E-01 -0.342542    
906  5.895      0.568072E-01  0.387952E-01
907  5.896      0.682640E-01  0.593834    
908  5.897      0.791125E-01   1.30189    
909  5.898      0.891708E-01   2.11130    
910  5.899      0.982933E-01   2.94419    
911  5.900      0.106379       3.71361    
912  5.901      0.113374       4.34537    
913  5.902      0.119267       4.79437    
914  5.903      0.124084       5.04983    
915  5.904      0.127874       5.13102    
916  5.905      0.130700       5.07691    
917  5.906      0.132629       4.93352    
918  5.907      0.133728       4.74384    
919  5.908      0.134065       4.54324    
920  5.909      0.133699       4.35920    
921  5.910      0.132684       4.21197    
922  5.911      0.131063       4.11413    
923  5.912      0.128872       4.06915    
924  5.913      0.126137       4.07062    
925  5.914      0.122877       4.10342    
926  5.915      0.119100       4.14678    
927  5.916      0.114804       4.17809    
928  5.917      0.109973       4.17623    
929  5.918      0.104581       4.12333    
930  5.919      0.985990E-01   4.00528    
931  5.920      0.919988E-01   3.81174    
932  5.921      0.847611E-01   3.53642    
933  5.922      0.768793E-01   3.17792    
934  5.923      0.683602E-01   2.74085    
935  5.924      0.592219E-01   2.23645    
936  5.925      0.494913E-01   1.68258    
937  5.926      0.392019E-01   1.10302    
938  5.927      0.283926E-01  0.526127    
939  5.928      0.171099E-01 -0.168695E-01
940  5.929      0.541011E-02 -0.493971    
941  5.930     -0.663746E-02 -0.874514    
942  5.931     -0.189475E-01  -1.13077    
943  5.932     -0.314163E-01  -1.23862    
944  5.933     -0.439216E-01  -1.17790    
945  5.934     -0.563280E-01 -0.934385    
946  5.935     -0.684962E-01 -0.504380    
947  5.936     -0.802920E-01  0.994661E-01
948  5.937     -0.915915E-01  0.844223    
949  5.938     -0.102284       1.67720    
950  5.939     -0.112270       2.53217    
951  5.940     -0.121465       3.34013    
952  5.941     -0.129796       4.04113    
953  5.942     -0.137209       4.59308    
954  5.943     -0.143671       4.97555    
955  5.944     -0.149173       5.18916    
956  5.945     -0.153730       5.25257    
957  5.946     -0.157376       5.19891    
958  5.947     -0.160157       5.07143    
959  5.948     -0.162124       4.91801    
960  5.949     -0.163327       4.78461    
961  5.950     -0.163815       4.70845    
962  5.951     -0.163632       4.71244    
963  5.952     -0.162823       4.80230    
964  5.953     -0.161428       4.96711    
965  5.954     -0.159487       5.18308    
966  5.955     -0.157030       5.41927    
967  5.956     -0.154076       5.64372    
968  5.957     -0.150630       5.82833    
969  5.958     -0.146685       5.95181    
970  5.959     -0.142227       6.00054    
971  5.960     -0.137238       5.96799    
972  5.961     -0.131706       5.85329    
973  5.962     -0.125626       5.65961    
974  5.963     -0.118996       5.39233    
975  5.964     -0.111825       5.05764    
976  5.965     -0.104122       4.66159    
977  5.966     -0.959022E-01   4.21010    
978  5.967     -0.871831E-01   3.70980    
979  5.968     -0.779875E-01   3.16945    
980  5.969     -0.683441E-01   2.60115    
981  5.970     -0.582871E-01   2.02096    
982  5.971     -0.478544E-01   1.44864    
983  5.972     -0.370839E-01  0.906467    
984  5.973     -0.260094E-01  0.417604    
985  5.974     -0.146581E-01  0.406225E-02
986  5.975     -0.305293E-02 -0.314975    
987  5.976      0.877834E-02 -0.523586    
988  5.977      0.207879E-01 -0.607696    
989  5.978      0.328914E-01 -0.552499    
990  5.979      0.449591E-01 -0.341413    
991  5.980      0.568187E-01  0.402056E-01
992  5.981      0.682713E-01  0.595394    
993  5.982      0.791153E-01   1.30339    
994  5.983      0.891688E-01   2.11247    
995  5.984      0.982864E-01   2.94477    
996  5.985      0.106368       3.71344    
997  5.986      0.113358       4.34443    
998  5.987      0.119247       4.79273    
999  5.988      0.124059       5.04766    
