# [0_3/90]_s                                                                      
# Operating point sequence...
# i     t     RY pos[ 1]    Theta[ 1]    
  1  1.800     -0.769714E-01 -0.998326    
  2  1.801     -0.738117E-01  -1.16508    
  3  1.802     -0.709109E-01  -1.32780    
  4  1.803     -0.683651E-01  -1.48876    
  5  1.804     -0.662158E-01  -1.64752    
  6  1.805     -0.644829E-01  -1.80334    
  7  1.806     -0.631752E-01  -1.95527    
  8  1.807     -0.622942E-01  -2.10237    
  9  1.808     -0.618357E-01  -2.24366    
 10  1.809     -0.617898E-01  -2.37817    
 11  1.810     -0.621427E-01  -2.50492    
 12  1.811     -0.628775E-01  -2.62298    
 13  1.812     -0.639770E-01  -2.73166    
 14  1.813     -0.654251E-01  -2.83048    
 15  1.814     -0.672081E-01  -2.91919    
 16  1.815     -0.693142E-01  -2.99770    
 17  1.816     -0.717339E-01  -3.06597    
 18  1.817     -0.744590E-01  -3.12397    
 19  1.818     -0.774828E-01  -3.17166    
 20  1.819     -0.807991E-01  -3.20903    
 21  1.820     -0.844016E-01  -3.23612    
 22  1.821     -0.882833E-01  -3.25302    
 23  1.822     -0.924340E-01  -3.25972    
 24  1.823     -0.968392E-01  -3.25608    
 25  1.824     -0.101479      -3.24165    
 26  1.825     -0.106327      -3.21572    
 27  1.826     -0.111353      -3.17738    
 28  1.827     -0.116525      -3.12577    
 29  1.828     -0.121808      -3.06026    
 30  1.829     -0.127171      -2.98074    
 31  1.830     -0.132584      -2.88768    
 32  1.831     -0.138021      -2.78217    
 33  1.832     -0.143458      -2.66576    
 34  1.833     -0.148874      -2.54016    
 35  1.834     -0.154249      -2.40698    
 36  1.835     -0.159566      -2.26746    
 37  1.836     -0.164808      -2.12228    
 38  1.837     -0.169957      -1.97166    
 39  1.838     -0.174997      -1.81553    
 40  1.839     -0.179911      -1.65387    
 41  1.840     -0.184682      -1.48715    
 42  1.841     -0.189292      -1.31663    
 43  1.842     -0.193727      -1.14452    
 44  1.843     -0.197972     -0.973821    
 45  1.844     -0.202018     -0.807939    
 46  1.845     -0.205859     -0.650163    
 47  1.846     -0.209490     -0.503071    
 48  1.847     -0.212911     -0.368115    
 49  1.848     -0.216124     -0.245422    
 50  1.849     -0.219131     -0.133886    
 51  1.850     -0.221934     -0.314853E-01
 52  1.851     -0.224536      0.642571E-01
 53  1.852     -0.226935      0.155791    
 54  1.853     -0.229131      0.245126    
 55  1.854     -0.231123      0.333569    
 56  1.855     -0.232907      0.421630    
 57  1.856     -0.234481      0.509099    
 58  1.857     -0.235842      0.595251    
 59  1.858     -0.236989      0.679136    
 60  1.859     -0.237919      0.759877    
 61  1.860     -0.238634      0.836935    
 62  1.861     -0.239134      0.910263    
 63  1.862     -0.239422      0.980345    
 64  1.863     -0.239500       1.04808    
 65  1.864     -0.239370       1.11458    
 66  1.865     -0.239034       1.18083    
 67  1.866     -0.238490       1.24745    
 68  1.867     -0.237738       1.31443    
 69  1.868     -0.236776       1.38099    
 70  1.869     -0.235600       1.44566    
 71  1.870     -0.234209       1.50642    
 72  1.871     -0.232599       1.56101    
 73  1.872     -0.230768       1.60724    
 74  1.873     -0.228716       1.64335    
 75  1.874     -0.226445       1.66820    
 76  1.875     -0.223955       1.68138    
 77  1.876     -0.221252       1.68318    
 78  1.877     -0.218339       1.67439    
 79  1.878     -0.215223       1.65606    
 80  1.879     -0.211909       1.62927    
 81  1.880     -0.208403       1.59490    
 82  1.881     -0.204711       1.55354    
 83  1.882     -0.200838       1.50551    
 84  1.883     -0.196792       1.45097    
 85  1.884     -0.192579       1.39004    
 86  1.885     -0.188205       1.32299    
 87  1.886     -0.183680       1.25036    
 88  1.887     -0.179014       1.17299    
 89  1.888     -0.174218       1.09200    
 90  1.889     -0.169305       1.00864    
 91  1.890     -0.164289      0.924136    
 92  1.891     -0.159184      0.839486    
 93  1.892     -0.154008      0.755335    
 94  1.893     -0.148775      0.671860    
 95  1.894     -0.143502      0.588751    
 96  1.895     -0.138205      0.505274    
 97  1.896     -0.132900      0.420369    
 98  1.897     -0.127606      0.332799    
 99  1.898     -0.122339      0.241284    
100  1.899     -0.117119      0.144628    
101  1.900     -0.111968      0.418058E-01
102  1.901     -0.106909     -0.679787E-01
103  1.902     -0.101968     -0.185261    
104  1.903     -0.971722E-01 -0.310297    
105  1.904     -0.925535E-01 -0.443050    
106  1.905     -0.881443E-01 -0.583175    
107  1.906     -0.839789E-01 -0.730012    
108  1.907     -0.800920E-01 -0.882600    
109  1.908     -0.765173E-01  -1.03970    
110  1.909     -0.732867E-01  -1.19988    
111  1.910     -0.704283E-01  -1.36157    
112  1.911     -0.679653E-01  -1.52322    
113  1.912     -0.659151E-01  -1.68334    
114  1.913     -0.642889E-01  -1.84060    
115  1.914     -0.630914E-01  -1.99382    
116  1.915     -0.623217E-01  -2.14190    
117  1.916     -0.619732E-01  -2.28380    
118  1.917     -0.620344E-01  -2.41845    
119  1.918     -0.624899E-01  -2.54481    
120  1.919     -0.633224E-01  -2.66193    
121  1.920     -0.645144E-01  -2.76906    
122  1.921     -0.660504E-01  -2.86568    
123  1.922     -0.679169E-01  -2.95152    
124  1.923     -0.701031E-01  -3.02650    
125  1.924     -0.725998E-01  -3.09067    
126  1.925     -0.753994E-01  -3.14410    
127  1.926     -0.784954E-01  -3.18695    
128  1.927     -0.818819E-01  -3.21941    
129  1.928     -0.855527E-01  -3.24173    
130  1.929     -0.895001E-01  -3.25412    
131  1.930     -0.937133E-01  -3.25667    
132  1.931     -0.981764E-01  -3.24924    
133  1.932     -0.102868      -3.23141    
134  1.933     -0.107760      -3.20245    
135  1.934     -0.112823      -3.16147    
136  1.935     -0.118023      -3.10760    
137  1.936     -0.123326      -3.04028    
138  1.937     -0.128701      -2.95943    
139  1.938     -0.134120      -2.86559    
140  1.939     -0.139557      -2.75989    
141  1.940     -0.144990      -2.64385    
142  1.941     -0.150399      -2.51914    
143  1.942     -0.155763      -2.38722    
144  1.943     -0.161066      -2.24913    
145  1.944     -0.166290      -2.10536    
146  1.945     -0.171418      -1.95588    
147  1.946     -0.176432      -1.80047    
148  1.947     -0.181317      -1.63902    
149  1.948     -0.186053      -1.47202    
150  1.949     -0.190625      -1.30081    
151  1.950     -0.195018      -1.12777    
152  1.951     -0.199219     -0.956072    
153  1.952     -0.203219     -0.789271    
154  1.953     -0.207012     -0.630709    
155  1.954     -0.210595     -0.482929    
156  1.955     -0.213970     -0.347261    
157  1.956     -0.217137     -0.223670    
158  1.957     -0.220100     -0.110899    
159  1.958     -0.222859     -0.683131E-02
160  1.959     -0.225416      0.910018E-01
161  1.960     -0.227771      0.184933    
162  1.961     -0.229922      0.276761    
163  1.962     -0.231867      0.367526    
164  1.963     -0.233603      0.457472    
165  1.964     -0.235127      0.546162    
166  1.965     -0.236436      0.632733    
167  1.966     -0.237530      0.716186    
168  1.967     -0.238408      0.795696    
169  1.968     -0.239070      0.870843    
170  1.969     -0.239519      0.941746    
171  1.970     -0.239756       1.00906    
172  1.971     -0.239784       1.07383    
173  1.972     -0.239605       1.13727    
174  1.973     -0.239219       1.20043    
175  1.974     -0.238627       1.26392    
176  1.975     -0.237826       1.32770    
177  1.976     -0.236814       1.39094    
178  1.977     -0.235589       1.45214    
179  1.978     -0.234146       1.50928    
180  1.979     -0.232484       1.56012    
181  1.980     -0.230601       1.60260    
182  1.981     -0.228498       1.63509    
183  1.982     -0.226175       1.65661    
184  1.983     -0.223636       1.66694    
185  1.984     -0.220885       1.66650    
186  1.985     -0.217925       1.65614    
187  1.986     -0.214765       1.63692    
188  1.987     -0.211408       1.60986    
189  1.988     -0.207860       1.57571    
190  1.989     -0.204128       1.53493    
191  1.990     -0.200217       1.48770    
192  1.991     -0.196133       1.43407    
193  1.992     -0.191882       1.37408    
194  1.993     -0.187472       1.30799    
195  1.994     -0.182913       1.23633    
196  1.995     -0.178213       1.15994    
197  1.996     -0.173386       1.07993    
198  1.997     -0.168445      0.997524    
199  1.998     -0.163403      0.913880    
200  1.999     -0.158277      0.829919    
201  2.000     -0.153082      0.746182    
202  2.001     -0.147834      0.662764    
203  2.002     -0.142550      0.579278    
204  2.003     -0.137246      0.494950    
205  2.004     -0.131937      0.408728    
206  2.005     -0.126642      0.319415    
207  2.006     -0.121378      0.225808    
208  2.007     -0.116166      0.126803    
209  2.008     -0.111028      0.214814E-01
210  2.009     -0.105986     -0.908491E-01
211  2.010     -0.101067     -0.210625    
212  2.011     -0.963012E-01 -0.338011    
213  2.012     -0.917189E-01 -0.472888    
214  2.013     -0.873535E-01 -0.614843    
215  2.014     -0.832392E-01 -0.763158    
216  2.015     -0.794104E-01 -0.916830    
217  2.016     -0.759007E-01  -1.07460    
218  2.017     -0.727408E-01  -1.23504    
219  2.018     -0.699577E-01  -1.39661    
220  2.019     -0.675735E-01  -1.55778    
221  2.020     -0.656042E-01  -1.71715    
222  2.021     -0.640597E-01  -1.87344    
223  2.022     -0.629436E-01  -2.02550    
224  2.023     -0.622541E-01  -2.17229    
225  2.024     -0.619839E-01  -2.31274    
226  2.025     -0.621206E-01  -2.44582    
227  2.026     -0.626487E-01  -2.57048    
228  2.027     -0.635505E-01  -2.68581    
229  2.028     -0.648091E-01  -2.79112    
230  2.029     -0.664093E-01  -2.88595    
231  2.030     -0.683383E-01  -2.97006    
232  2.031     -0.705853E-01  -3.04340    
233  2.032     -0.731416E-01  -3.10596    
234  2.033     -0.759997E-01  -3.15785    
235  2.034     -0.791532E-01  -3.19916    
236  2.035     -0.825961E-01  -3.23007    
237  2.036     -0.863221E-01  -3.25078    
238  2.037     -0.903230E-01  -3.26145    
239  2.038     -0.945871E-01  -3.26212    
240  2.039     -0.990974E-01  -3.25257    
241  2.040     -0.103831      -3.23230    
242  2.041     -0.108760      -3.20055    
243  2.042     -0.113853      -3.15641    
244  2.043     -0.119076      -3.09910    
245  2.044     -0.124397      -3.02813    
246  2.045     -0.129783      -2.94360    
247  2.046     -0.135208      -2.84619    
248  2.047     -0.140647      -2.73717    
249  2.048     -0.146077      -2.61818    
250  2.049     -0.151478      -2.49088    
251  2.050     -0.156832      -2.35673    
252  2.051     -0.162120      -2.21668    
253  2.052     -0.167326      -2.07114    
254  2.053     -0.172432      -1.92006    
255  2.054     -0.177421      -1.76321    
256  2.055     -0.182277      -1.60057    
257  2.056     -0.186981      -1.43278    
258  2.057     -0.191518      -1.26139    
259  2.058     -0.195873      -1.08895    
260  2.059     -0.200034     -0.918717    
261  2.060     -0.203992     -0.754227    
262  2.061     -0.207742     -0.598664    
263  2.062     -0.211283     -0.454317    
264  2.063     -0.214616     -0.322202    
265  2.064     -0.217741     -0.201983    
266  2.065     -0.220662     -0.921599E-01
267  2.066     -0.223381      0.952379E-02
268  2.067     -0.225897      0.105576    
269  2.068     -0.228211      0.198274    
270  2.069     -0.230320      0.289301    
271  2.070     -0.232223      0.379556    
272  2.071     -0.233917      0.469145    
273  2.072     -0.235399      0.557533    
274  2.073     -0.236666      0.643800    
275  2.074     -0.237718      0.726953    
276  2.075     -0.238553      0.806210    
277  2.076     -0.239173      0.881228    
278  2.077     -0.239581      0.952208    
279  2.078     -0.239777       1.01986    
280  2.079     -0.239764       1.08527    
281  2.080     -0.239544       1.14960    
282  2.081     -0.239118       1.21380    
283  2.082     -0.238485       1.27834    
284  2.083     -0.237643       1.34301    
285  2.084     -0.236590       1.40680    
286  2.085     -0.235321       1.46808    
287  2.086     -0.233836       1.52472    
288  2.087     -0.232131       1.57449    
289  2.088     -0.230204       1.61538    
290  2.089     -0.228058       1.64586    
291  2.090     -0.225692       1.66512    
292  2.091     -0.223110       1.67307    
293  2.092     -0.220317       1.67023    
294  2.093     -0.217317       1.65756    
295  2.094     -0.214117       1.63613    
296  2.095     -0.210721       1.60694    
297  2.096     -0.207137       1.57073    
298  2.097     -0.203368       1.52792    
299  2.098     -0.199422       1.47869    
300  2.099     -0.195304       1.42308    
301  2.100     -0.191021       1.36120    
302  2.101     -0.186581       1.29338    
303  2.102     -0.181993       1.22021    
304  2.103     -0.177267       1.14262    
305  2.104     -0.172416       1.06175    
306  2.105     -0.167454      0.978839    
307  2.106     -0.162395      0.895002    
308  2.107     -0.157254      0.811095    
309  2.108     -0.152047      0.727569    
310  2.109     -0.146790      0.644402    
311  2.110     -0.141500      0.561119    
312  2.111     -0.136193      0.476863    
313  2.112     -0.130884      0.390521    
314  2.113     -0.125593      0.300865    
315  2.114     -0.120337      0.206678    
316  2.115     -0.115136      0.106871    
317  2.116     -0.110013      0.545882E-03
318  2.117     -0.104992     -0.112953    
319  2.118     -0.100100     -0.234020    
320  2.119     -0.953661E-01 -0.362768    
321  2.120     -0.908224E-01 -0.499023    
322  2.121     -0.865022E-01 -0.642305    
323  2.122     -0.824400E-01 -0.791832    
324  2.123     -0.786703E-01 -0.946534    
325  2.124     -0.752261E-01  -1.10510    
326  2.125     -0.721377E-01  -1.26605    
327  2.126     -0.694312E-01  -1.42785    
328  2.127     -0.671276E-01  -1.58896    
329  2.128     -0.652416E-01  -1.74798    
330  2.129     -0.637819E-01  -1.90367    
331  2.130     -0.627511E-01  -2.05489    
332  2.131     -0.621459E-01  -2.20060    
333  2.132     -0.619580E-01  -2.33973    
334  2.133     -0.621742E-01  -2.47124    
335  2.134     -0.627783E-01  -2.59411    
336  2.135     -0.637526E-01  -2.70747    
337  2.136     -0.650805E-01  -2.81066    
338  2.137     -0.667471E-01  -2.90327    
339  2.138     -0.687401E-01  -2.98512    
340  2.139     -0.710493E-01  -3.05617    
341  2.140     -0.736661E-01  -3.11647    
342  2.141     -0.765834E-01  -3.16610    
343  2.142     -0.797949E-01  -3.20521    
344  2.143     -0.832946E-01  -3.23399    
345  2.144     -0.870762E-01  -3.25265    
346  2.145     -0.911307E-01  -3.26136    
347  2.146     -0.954456E-01  -3.26011    
348  2.147     -0.100003      -3.24865    
349  2.148     -0.104778      -3.22639    
350  2.149     -0.109743      -3.19255    
351  2.150     -0.114866      -3.14620    
352  2.151     -0.120112      -3.08658    
353  2.152     -0.125448      -3.01331    
354  2.153     -0.130846      -2.92656    
355  2.154     -0.136277      -2.82714    
356  2.155     -0.141717      -2.71640    
357  2.156     -0.147144      -2.59598    
358  2.157     -0.152539      -2.46753    
359  2.158     -0.157883      -2.33241    
360  2.159     -0.163158      -2.19146    
361  2.160     -0.168347      -2.04498    
362  2.161     -0.173434      -1.89284    
363  2.162     -0.178401      -1.73480    
364  2.163     -0.183230      -1.57096    
365  2.164     -0.187904      -1.40210    
366  2.165     -0.192408      -1.23000    
367  2.166     -0.196728      -1.05735    
368  2.167     -0.200851     -0.887553    
369  2.168     -0.204771     -0.724123    
370  2.169     -0.208482     -0.570135    
371  2.170     -0.211984     -0.427669    
372  2.171     -0.215277     -0.297496    
373  2.172     -0.218365     -0.179041    
374  2.173     -0.221247     -0.706341E-01
375  2.174     -0.223928      0.300642E-01
376  2.175     -0.226406      0.125547    
377  2.176     -0.228681      0.217997    
378  2.177     -0.230752      0.308952    
379  2.178     -0.232616      0.399149    
380  2.179     -0.234270      0.488554    
381  2.180     -0.235710      0.576532    
382  2.181     -0.236936      0.662129    
383  2.182     -0.237946      0.744370    
384  2.183     -0.238740      0.822555    
385  2.184     -0.239320      0.896448    
386  2.185     -0.239686      0.966367    
387  2.186     -0.239842       1.03313    
388  2.187     -0.239789       1.09785    
389  2.188     -0.239530       1.16172    
390  2.189     -0.239064       1.22561    
391  2.190     -0.238390       1.28990    
392  2.191     -0.237508       1.35422    
393  2.192     -0.236413       1.41745    
394  2.193     -0.235103       1.47783    
395  2.194     -0.233575       1.53321    
396  2.195     -0.231827       1.58137    
397  2.196     -0.229859       1.62035    
398  2.197     -0.227669       1.64877    
399  2.198     -0.225261       1.66596    
400  2.199     -0.222639       1.67193    
401  2.200     -0.219805       1.66733    
402  2.201     -0.216766       1.65314    
403  2.202     -0.213527       1.63042    
404  2.203     -0.210095       1.60014    
405  2.204     -0.206474       1.56294    
406  2.205     -0.202671       1.51920    
407  2.206     -0.198691       1.46903    
408  2.207     -0.194540       1.41248    
409  2.208     -0.190225       1.34967    
410  2.209     -0.185755       1.28097    
411  2.210     -0.181139       1.20704    
412  2.211     -0.176388       1.12885    
413  2.212     -0.171514       1.04757    
414  2.213     -0.166531      0.964422    
415  2.214     -0.161453      0.880505    
416  2.215     -0.156297      0.796602    
417  2.216     -0.151078      0.713080    
418  2.217     -0.145813      0.629833    
419  2.218     -0.140517      0.546313    
420  2.219     -0.135206      0.461609    
421  2.220     -0.129899      0.374585    
422  2.221     -0.124611      0.284011    
423  2.222     -0.119363      0.188695    
424  2.223     -0.114173      0.875859E-01
425  2.224     -0.109066     -0.201659E-01
426  2.225     -0.104066     -0.135165    
427  2.226     -0.992000E-01 -0.257750    
428  2.227     -0.944982E-01 -0.387984    
429  2.228     -0.899926E-01 -0.525636    
430  2.229     -0.857171E-01 -0.670171    
431  2.230     -0.817062E-01 -0.820756    
432  2.231     -0.779942E-01 -0.976277    
433  2.232     -0.746136E-01  -1.13539    
434  2.233     -0.715941E-01  -1.29660    
435  2.234     -0.689610E-01  -1.45836    
436  2.235     -0.667341E-01  -1.61917    
437  2.236     -0.649271E-01  -1.77766    
438  2.237     -0.635474E-01  -1.93261    
439  2.238     -0.625965E-01  -2.08291    
440  2.239     -0.620702E-01  -2.22751    
441  2.240     -0.619594E-01  -2.36536    
442  2.241     -0.622499E-01  -2.49540    
443  2.242     -0.629253E-01  -2.61665    
444  2.243     -0.639678E-01  -2.72825    
445  2.244     -0.653611E-01  -2.82961    
446  2.245     -0.670907E-01  -2.92035    
447  2.246     -0.691448E-01  -3.00033    
448  2.247     -0.715135E-01  -3.06951    
449  2.248     -0.741885E-01  -3.12794    
450  2.249     -0.771629E-01  -3.17572    
451  2.250     -0.804304E-01  -3.21300    
452  2.251     -0.839852E-01  -3.23996    
453  2.252     -0.878205E-01  -3.25680    
454  2.253     -0.919268E-01  -3.26367    
455  2.254     -0.962906E-01  -3.26051    
456  2.255     -0.100893      -3.24702    
457  2.256     -0.105708      -3.22256    
458  2.257     -0.110707      -3.18631    
459  2.258     -0.115858      -3.13737    
460  2.259     -0.121125      -3.07504    
461  2.260     -0.126477      -2.99902    
462  2.261     -0.131885      -2.90964    
463  2.262     -0.137322      -2.80781    
464  2.263     -0.142763      -2.69497    
465  2.264     -0.148187      -2.57279    
466  2.265     -0.153576      -2.44290    
467  2.266     -0.158909      -2.30658    
468  2.267     -0.164171      -2.16456    
469  2.268     -0.169344      -2.01703    
470  2.269     -0.174411      -1.86383    
471  2.270     -0.179354      -1.70475    
472  2.271     -0.184157      -1.53998    
473  2.272     -0.188803      -1.37047    
474  2.273     -0.193274      -1.19818    
475  2.274     -0.197559      -1.02597    
476  2.275     -0.201646     -0.857288    
477  2.276     -0.205528     -0.695616    
478  2.277     -0.209201     -0.543866    
479  2.278     -0.212665     -0.403877    
480  2.279     -0.215921     -0.276152    
481  2.280     -0.218971     -0.159874    
482  2.281     -0.221817     -0.532019E-01
483  2.282     -0.224461      0.462770E-01
484  2.283     -0.226903      0.141033    
485  2.284     -0.229141      0.233147    
486  2.285     -0.231175      0.324011    
487  2.286     -0.233001      0.414208    
488  2.287     -0.234616      0.503566    
489  2.288     -0.236019      0.591365    
490  2.289     -0.237206      0.676613    
491  2.290     -0.238176      0.758365    
492  2.291     -0.238931      0.835985    
493  2.292     -0.239472      0.909336    
494  2.293     -0.239800      0.978833    
495  2.294     -0.239917       1.04536    
496  2.295     -0.239827       1.11007    
497  2.296     -0.239530       1.17411    
498  2.297     -0.239026       1.23827    
499  2.298     -0.238315       1.30279    
500  2.299     -0.237393       1.36717    
501  2.300     -0.236259       1.43013    
502  2.301     -0.234910       1.48984    
503  2.302     -0.233341       1.54407    
504  2.303     -0.231552       1.59065    
505  2.304     -0.229543       1.62772    
506  2.305     -0.227313       1.65402    
507  2.306     -0.224864       1.66900    
508  2.307     -0.222202       1.67283    
509  2.308     -0.219330       1.66624    
510  2.309     -0.216253       1.65025    
511  2.310     -0.212977       1.62594    
512  2.311     -0.209509       1.59421    
513  2.312     -0.205853       1.55567    
514  2.313     -0.202016       1.51063    
515  2.314     -0.198003       1.45920    
516  2.315     -0.193821       1.40141    
517  2.316     -0.189477       1.33744    
518  2.317     -0.184978       1.26769    
519  2.318     -0.180335       1.19289    
520  2.319     -0.175559       1.11406    
521  2.320     -0.170663       1.03240    
522  2.321     -0.165660      0.949113    
523  2.322     -0.160566      0.865246    
524  2.323     -0.155396      0.781511    
525  2.324     -0.150166      0.698184    
526  2.325     -0.144892      0.615070    
527  2.326     -0.139590      0.531538    
528  2.327     -0.134277      0.446622    
529  2.328     -0.128970      0.359152    
530  2.329     -0.123687      0.267894    
531  2.330     -0.118445      0.171671    
532  2.331     -0.113267      0.694633E-01
533  2.332     -0.108175     -0.395366E-01
534  2.333     -0.103195     -0.155886    
535  2.334     -0.983541E-01 -0.279875    
536  2.335     -0.936829E-01 -0.411512    
537  2.336     -0.892140E-01 -0.550509    
538  2.337     -0.849814E-01 -0.696278    
539  2.338     -0.810197E-01 -0.847927    
540  2.339     -0.773629E-01  -1.00429    
541  2.340     -0.740433E-01  -1.16400    
542  2.341     -0.710899E-01  -1.32552    
543  2.342     -0.685270E-01  -1.48733    
544  2.343     -0.663733E-01  -1.64792    
545  2.344     -0.646416E-01  -1.80596    
546  2.345     -0.633380E-01  -1.96024    
547  2.346     -0.624631E-01  -2.10968    
548  2.347     -0.620118E-01  -2.25324    
549  2.348     -0.619738E-01  -2.38984    
550  2.349     -0.623346E-01  -2.51844    
551  2.350     -0.630771E-01  -2.63808    
552  2.351     -0.641838E-01  -2.74795    
553  2.352     -0.656386E-01  -2.84748    
554  2.353     -0.674276E-01  -2.93636    
555  2.354     -0.695392E-01  -3.01446    
556  2.355     -0.719639E-01  -3.08176    
557  2.356     -0.746937E-01  -3.13834    
558  2.357     -0.777218E-01  -3.18428    
559  2.358     -0.810421E-01  -3.21974    
560  2.359     -0.846488E-01  -3.24492    
561  2.360     -0.885346E-01  -3.26002    
562  2.361     -0.926895E-01  -3.26514    
563  2.362     -0.970991E-01  -3.26020    
564  2.363     -0.101743      -3.24482    
565  2.364     -0.106595      -3.21835    
566  2.365     -0.111626      -3.17991    
567  2.366     -0.116801      -3.12862    
568  2.367     -0.122088      -3.06385    
569  2.368     -0.127454      -2.98540    
570  2.369     -0.132871      -2.89369    
571  2.370     -0.138312      -2.78977    
572  2.371     -0.143753      -2.67511    
573  2.372     -0.149175      -2.55144    
574  2.373     -0.154556      -2.42030    
575  2.374     -0.159881      -2.28291    
576  2.375     -0.165130      -2.13990    
577  2.376     -0.170287      -1.99137    
578  2.377     -0.175335      -1.83711    
579  2.378     -0.180256      -1.67696    
580  2.379     -0.185034      -1.51121    
581  2.380     -0.189651      -1.34099    
582  2.381     -0.194092      -1.16844    
583  2.382     -0.198344     -0.996554    
584  2.383     -0.202396     -0.828837    
585  2.384     -0.206243     -0.668715    
586  2.385     -0.209880     -0.518940    
587  2.386     -0.213308     -0.381122    
588  2.387     -0.216529     -0.255515    
589  2.388     -0.219544     -0.141090    
590  2.389     -0.222355     -0.358622E-01
591  2.390     -0.224965      0.626320E-01
592  2.391     -0.227372      0.156824    
593  2.392     -0.229576      0.248689    
594  2.393     -0.231574      0.339476    
595  2.394     -0.233364      0.429621    
596  2.395     -0.234943      0.518836    
597  2.396     -0.236308      0.606325    
598  2.397     -0.237458      0.691082    
599  2.398     -0.238391      0.772194    
600  2.399     -0.239109      0.849105    
601  2.400     -0.239613      0.921776    
602  2.401     -0.239904      0.990715    
603  2.402     -0.239986       1.05688    
604  2.403     -0.239860       1.12144    
605  2.404     -0.239527       1.18549    
606  2.405     -0.238987       1.24978    
607  2.406     -0.238239       1.31439    
608  2.407     -0.237281       1.37868    
609  2.408     -0.236110       1.44127    
610  2.409     -0.234722       1.50021    
611  2.410     -0.233115       1.55329    
612  2.411     -0.231287       1.59834    
613  2.412     -0.229239       1.63360    
614  2.413     -0.226970       1.65793    
615  2.414     -0.224484       1.67092    
616  2.415     -0.221783       1.67286    
617  2.416     -0.218875       1.66455    
618  2.417     -0.215762       1.64703    
619  2.418     -0.212452       1.62137    
620  2.419     -0.208950       1.58843    
621  2.420     -0.205261       1.54876    
622  2.421     -0.201392       1.50262    
623  2.422     -0.197349       1.45009    
624  2.423     -0.193137       1.39123    
625  2.424     -0.188763       1.32623    
626  2.425     -0.184238       1.25557    
627  2.426     -0.179570       1.18001    
628  2.427     -0.174770       1.10063    
629  2.428     -0.169853       1.01863    
630  2.429     -0.164832      0.935211    
631  2.430     -0.159722      0.851366    
632  2.431     -0.154539      0.767738    
633  2.432     -0.149299      0.684519    
634  2.433     -0.144017      0.601432    
635  2.434     -0.138711      0.517777    
636  2.435     -0.133396      0.432542    
637  2.436     -0.128089      0.344532    
638  2.437     -0.122809      0.252516    
639  2.438     -0.117575      0.155339    
640  2.439     -0.112408      0.520141E-01
641  2.440     -0.107331     -0.582232E-01
642  2.441     -0.102371     -0.175886    
643  2.442     -0.975542E-01 -0.301216    
644  2.443     -0.929129E-01 -0.434172    
645  2.444     -0.884797E-01 -0.574416    
646  2.445     -0.842886E-01 -0.721308    
647  2.446     -0.803743E-01 -0.873905    
648  2.447     -0.767707E-01  -1.03100    
649  2.448     -0.735095E-01  -1.19119    
650  2.449     -0.706192E-01  -1.35294    
651  2.450     -0.681232E-01  -1.51472    
652  2.451     -0.660392E-01  -1.67504    
653  2.452     -0.643788E-01  -1.83259    
654  2.453     -0.631474E-01  -1.98621    
655  2.454     -0.623443E-01  -2.13480    
656  2.455     -0.619636E-01  -2.27733    
657  2.456     -0.619942E-01  -2.41273    
658  2.457     -0.624210E-01  -2.53995    
659  2.458     -0.632267E-01  -2.65807    
660  2.459     -0.643938E-01  -2.76630    
661  2.460     -0.659067E-01  -2.86413    
662  2.461     -0.677517E-01  -2.95127    
663  2.462     -0.699177E-01  -3.02763    
664  2.463     -0.723955E-01  -3.09320    
665  2.464     -0.751772E-01  -3.14805    
666  2.465     -0.782563E-01  -3.19228    
667  2.466     -0.816268E-01  -3.22605    
668  2.467     -0.852827E-01  -3.24957    
669  2.468     -0.892164E-01  -3.26301    
670  2.469     -0.934174E-01  -3.26646    
671  2.470     -0.978700E-01  -3.25980    
672  2.471     -0.102553      -3.24259    
673  2.472     -0.107440      -3.21413    
674  2.473     -0.112499      -3.17355    
675  2.474     -0.117698      -3.11997    
676  2.475     -0.123003      -3.05283    
677  2.476     -0.128382      -2.97203    
678  2.477     -0.133806      -2.87811    
679  2.478     -0.139251      -2.77219    
680  2.479     -0.144692      -2.65584    
681  2.480     -0.150110      -2.53076    
682  2.481     -0.155486      -2.39846    
683  2.482     -0.160800      -2.26007    
684  2.483     -0.166037      -2.11611    
685  2.484     -0.171179      -1.96663    
686  2.485     -0.176208      -1.81138    
687  2.486     -0.181108      -1.65025    
688  2.487     -0.185862      -1.48365    
689  2.488     -0.190452      -1.31288    
690  2.489     -0.194864      -1.14022    
691  2.490     -0.199084     -0.968817    
692  2.491     -0.203103     -0.802187    
693  2.492     -0.206916     -0.643685    
694  2.493     -0.210520     -0.495893    
695  2.494     -0.213915     -0.360197    
696  2.495     -0.217102     -0.236615    
697  2.496     -0.220084     -0.123922    
698  2.497     -0.222863     -0.200131E-01
699  2.498     -0.225440      0.776079E-01
700  2.499     -0.227814      0.171323    
701  2.500     -0.229985      0.263000    
702  2.501     -0.231950      0.353749    
703  2.502     -0.233706      0.443871    
704  2.503     -0.235251      0.532968    
705  2.504     -0.236581      0.620183    
706  2.505     -0.237696      0.704502    
707  2.506     -0.238594      0.785051    
708  2.507     -0.239277      0.861354    
709  2.508     -0.239746      0.933461    
710  2.509     -0.240003       1.00197    
711  2.510     -0.240050       1.06788    
712  2.511     -0.239890       1.13239    
713  2.512     -0.239524       1.19655    
714  2.513     -0.238950       1.26100    
715  2.514     -0.238168       1.32571    
716  2.515     -0.237175       1.38991    
717  2.516     -0.235968       1.45210    
718  2.517     -0.234544       1.51027    
719  2.518     -0.232900       1.56218    
720  2.519     -0.231036       1.60572    
721  2.520     -0.228950       1.63921    
722  2.521     -0.226645       1.66163    
723  2.522     -0.224123       1.67271    
724  2.523     -0.221387       1.67284    
725  2.524     -0.218444       1.66287    
726  2.525     -0.215298       1.64389    
727  2.526     -0.211955       1.61694    
728  2.527     -0.208421       1.58282    
729  2.528     -0.204701       1.54204    
730  2.529     -0.200802       1.49483    
731  2.530     -0.196729       1.44124    
732  2.531     -0.192489       1.38135    
733  2.532     -0.188089       1.31537    
734  2.533     -0.183538       1.24385    
735  2.534     -0.178846       1.16761    
736  2.535     -0.174025       1.08774    
737  2.536     -0.169088       1.00547    
738  2.537     -0.164050      0.921973    
739  2.538     -0.158926      0.838192    
740  2.539     -0.153730      0.754699    
741  2.540     -0.148480      0.671605    
742  2.541     -0.143192      0.588554    
743  2.542     -0.137881      0.504784    
744  2.543     -0.132564      0.419239    
745  2.544     -0.127259      0.330710    
746  2.545     -0.121983      0.237967    
747  2.546     -0.116756      0.139877    
748  2.547     -0.111600      0.354879E-01
749  2.548     -0.106537     -0.759269E-01
750  2.549     -0.101595     -0.194836    
751  2.550     -0.968028E-01 -0.321437    
752  2.551     -0.921904E-01 -0.455640    
753  2.552     -0.877914E-01 -0.597059    
754  2.553     -0.836402E-01 -0.745002    
755  2.554     -0.797713E-01 -0.898481    
756  2.555     -0.762186E-01  -1.05625    
757  2.556     -0.730132E-01  -1.21688    
758  2.557     -0.701830E-01  -1.37882    
759  2.558     -0.677504E-01  -1.54053    
760  2.559     -0.657324E-01  -1.70058    
761  2.560     -0.641394E-01  -1.85765    
762  2.561     -0.629759E-01  -2.01060    
763  2.562     -0.622404E-01  -2.15837    
764  2.563     -0.619261E-01  -2.29989    
765  2.564     -0.620210E-01  -2.43412    
766  2.565     -0.625096E-01  -2.56002    
767  2.566     -0.633744E-01  -2.67665    
768  2.567     -0.645981E-01  -2.78331    
769  2.568     -0.661653E-01  -2.87951    
770  2.569     -0.680628E-01  -2.96499    
771  2.570     -0.702798E-01  -3.03969    
772  2.571     -0.728073E-01  -3.10361    
773  2.572     -0.756378E-01  -3.15682    
774  2.573     -0.787648E-01  -3.19943    
775  2.574     -0.821824E-01  -3.23160    
776  2.575     -0.858844E-01  -3.25354    
777  2.576     -0.898630E-01  -3.26543    
778  2.577     -0.941069E-01  -3.26731    
779  2.578     -0.985996E-01  -3.25902    
780  2.579     -0.103319      -3.24007    
781  2.580     -0.108238      -3.20974    
782  2.581     -0.113323      -3.16712    
783  2.582     -0.118543      -3.11138    
784  2.583     -0.123864      -3.04202    
785  2.584     -0.129254      -2.95903    
786  2.585     -0.134685      -2.86307    
787  2.586     -0.140132      -2.75533    
788  2.587     -0.145574      -2.63744    
789  2.588     -0.150988      -2.51107    
790  2.589     -0.156356      -2.37773    
791  2.590     -0.161662      -2.23841    
792  2.591     -0.166886      -2.09357    
793  2.592     -0.172013      -1.94317    
794  2.593     -0.177025      -1.78697    
795  2.594     -0.181905      -1.62490    
796  2.595     -0.186635      -1.45750    
797  2.596     -0.191199      -1.28624    
798  2.597     -0.195582      -1.11354    
799  2.598     -0.199773     -0.942649    
800  2.599     -0.203761     -0.777102    
801  2.600     -0.207542     -0.620170    
802  2.601     -0.211114     -0.474265    
803  2.602     -0.214477     -0.340553    
804  2.603     -0.217633     -0.218835    
805  2.604     -0.220584     -0.107710    
806  2.605     -0.223332     -0.497296E-02
807  2.606     -0.225878      0.918912E-01
808  2.607     -0.228221      0.185207    
809  2.608     -0.230361      0.276733    
810  2.609     -0.232294      0.367447    
811  2.610     -0.234018      0.457524    
812  2.611     -0.235530      0.546471    
813  2.612     -0.236828      0.633380    
814  2.613     -0.237909      0.717237    
815  2.614     -0.238775      0.797215    
816  2.615     -0.239424      0.872913    
817  2.616     -0.239860      0.944472    
818  2.617     -0.240085       1.01257    
819  2.618     -0.240100       1.07825    
820  2.619     -0.239909       1.14272    
821  2.620     -0.239510       1.20697    
822  2.621     -0.238904       1.27155    
823  2.622     -0.238089       1.33632    
824  2.623     -0.237063       1.40039    
825  2.624     -0.235822       1.46215    
826  2.625     -0.234364       1.51953    
827  2.626     -0.232686       1.57028    
828  2.627     -0.230787       1.61234    
829  2.628     -0.228666       1.64414    
830  2.629     -0.226327       1.66477    
831  2.630     -0.223770       1.67406    
832  2.631     -0.221001       1.67251    
833  2.632     -0.218025       1.66103    
834  2.633     -0.214847       1.64071    
835  2.634     -0.211473       1.61257    
836  2.635     -0.207909       1.57738    
837  2.636     -0.204161       1.53558    
838  2.637     -0.200233       1.48737    
839  2.638     -0.196133       1.43279    
840  2.639     -0.191866       1.37192    
841  2.640     -0.187441       1.30505    
842  2.641     -0.182866       1.23274    
843  2.642     -0.178152       1.15587    
844  2.643     -0.173311       1.07557    
845  2.644     -0.168356      0.993064    
846  2.645     -0.163302      0.909509    
847  2.646     -0.158164      0.825793    
848  2.647     -0.152958      0.742419    
849  2.648     -0.147699      0.659420    
850  2.649     -0.142405      0.576370    
851  2.650     -0.137090      0.492450    
852  2.651     -0.131772      0.406569    
853  2.652     -0.126468      0.317503    
854  2.653     -0.121197      0.224031    
855  2.654     -0.115977      0.125044    
856  2.655     -0.110831      0.196201E-01
857  2.656     -0.105784     -0.929276E-01
858  2.657     -0.100860     -0.213027    
859  2.658     -0.960910E-01 -0.340831    
860  2.659     -0.915069E-01 -0.476207    
861  2.660     -0.871413E-01 -0.618719    
862  2.661     -0.830289E-01 -0.767630    
863  2.662     -0.792041E-01 -0.921909    
864  2.663     -0.757004E-01  -1.08028    
865  2.664     -0.725488E-01  -1.24127    
866  2.665     -0.697762E-01  -1.40334    
867  2.666     -0.674045E-01  -1.56496    
868  2.667     -0.654495E-01  -1.72470    
869  2.668     -0.639208E-01  -1.88129    
870  2.669     -0.628218E-01  -2.03359    
871  2.670     -0.621504E-01  -2.18054    
872  2.671     -0.618989E-01  -2.32109    
873  2.672     -0.620546E-01  -2.45418    
874  2.673     -0.626016E-01  -2.57879    
875  2.674     -0.635222E-01  -2.69402    
876  2.675     -0.647994E-01  -2.79919    
877  2.676     -0.664180E-01  -2.89385    
878  2.677     -0.683653E-01  -2.97777    
879  2.678     -0.706306E-01  -3.05091    
880  2.679     -0.732054E-01  -3.11329    
881  2.680     -0.760822E-01  -3.16495    
882  2.681     -0.792548E-01  -3.20604    
883  2.682     -0.827172E-01  -3.23671    
884  2.683     -0.864631E-01  -3.25717    
885  2.684     -0.904843E-01  -3.26758    
886  2.685     -0.947688E-01  -3.26797    
887  2.686     -0.992993E-01  -3.25813    
888  2.687     -0.104053      -3.23753    
889  2.688     -0.109001      -3.20539    
890  2.689     -0.114111      -3.16082    
891  2.690     -0.119350      -3.10302    
892  2.691     -0.124685      -3.03154    
893  2.692     -0.130085      -2.94650    
894  2.693     -0.135523      -2.84861    
895  2.694     -0.140973      -2.73918    
896  2.695     -0.146413      -2.61985    
897  2.696     -0.151823      -2.49231    
898  2.697     -0.157186      -2.35798    
899  2.698     -0.162481      -2.21778    
900  2.699     -0.167694      -2.07210    
901  2.700     -0.172807      -1.92083    
