# Pazy Wing (simplified : constant stiffness properties)                          
# Operating point sequence...
# i     t     conv	stall	 RY pos[ 1]    Theta[ 1]    
  1 0.9980      1  0 -0.128381     -0.247323    
  2 0.9990      1  0 -0.128413     -0.250090    
  3  1.000      1  0 -0.128440     -0.252463    
  4  1.001      1  0 -0.128460     -0.254278    
  5  1.002      1  0 -0.128472     -0.255451    
  6  1.003      1  0 -0.128476     -0.255939    
  7  1.004      1  0 -0.128472     -0.255725    
  8  1.005      1  0 -0.128461     -0.254812    
  9  1.006      1  0 -0.128443     -0.253224    
 10  1.007      1  0 -0.128420     -0.251006    
 11  1.008      1  0 -0.128394     -0.248226    
 12  1.009      1  0 -0.128364     -0.244970    
 13  1.010      1  0 -0.128333     -0.241345    
 14  1.011      1  0 -0.128303     -0.237475    
 15  1.012      1  0 -0.128274     -0.233500    
 16  1.013      1  0 -0.128248     -0.229568    
 17  1.014      1  0 -0.128227     -0.225831    
 18  1.015      1  0 -0.128211     -0.222438    
 19  1.016      1  0 -0.128201     -0.219527    
 20  1.017      1  0 -0.128199     -0.217219    
 21  1.018      1  0 -0.128204     -0.215612    
 22  1.019      1  0 -0.128217     -0.214772    
 23  1.020      1  0 -0.128238     -0.214735    
 24  1.021      1  0 -0.128265     -0.215499    
 25  1.022      1  0 -0.128298     -0.217031    
 26  1.023      1  0 -0.128337     -0.219261    
 27  1.024      1  0 -0.128379     -0.222095    
 28  1.025      1  0 -0.128424     -0.225413    
 29  1.026      1  0 -0.128470     -0.229082    
 30  1.027      1  0 -0.128515     -0.232959    
 31  1.028      1  0 -0.128558     -0.236898    
 32  1.029      1  0 -0.128598     -0.240759    
 33  1.030      1  0 -0.128633     -0.244410    
 34  1.031      1  0 -0.128662     -0.247733    
 35  1.032      1  0 -0.128684     -0.250624    
 36  1.033      1  0 -0.128699     -0.252997    
 37  1.034      1  0 -0.128705     -0.254784    
 38  1.035      1  0 -0.128704     -0.255934    
 39  1.036      1  0 -0.128694     -0.256415    
 40  1.037      1  0 -0.128677     -0.256210    
 41  1.038      1  0 -0.128653     -0.255322    
 42  1.039      1  0 -0.128623     -0.253773    
 43  1.040      1  0 -0.128587     -0.251603    
 44  1.041      1  0 -0.128548     -0.248875    
 45  1.042      1  0 -0.128506     -0.245670    
 46  1.043      1  0 -0.128462     -0.242091    
 47  1.044      1  0 -0.128419     -0.238259    
 48  1.045      1  0 -0.128378     -0.234310    
 49  1.046      1  0 -0.128340     -0.230392    
 50  1.047      1  0 -0.128307     -0.226656    
 51  1.048      1  0 -0.128279     -0.223251    
 52  1.049      1  0 -0.128257     -0.220318    
 53  1.050      1  0 -0.128243     -0.217980    
 54  1.051      1  0 -0.128237     -0.216335    
 55  1.052      1  0 -0.128238     -0.215453    
 56  1.053      1  0 -0.128247     -0.215369    
 57  1.054      1  0 -0.128263     -0.216082    
 58  1.055      1  0 -0.128285     -0.217557    
 59  1.056      1  0 -0.128313     -0.219727    
 60  1.057      1  0 -0.128344     -0.222495    
 61  1.058      1  0 -0.128378     -0.225742    
 62  1.059      1  0 -0.128414     -0.229335    
 63  1.060      1  0 -0.128449     -0.233133    
 64  1.061      1  0 -0.128482     -0.236991    
 65  1.062      1  0 -0.128511     -0.240772    
 66  1.063      1  0 -0.128537     -0.244348    
 67  1.064      1  0 -0.128556     -0.247604    
 68  1.065      1  0 -0.128569     -0.250438    
 69  1.066      1  0 -0.128575     -0.252768    
 70  1.067      1  0 -0.128573     -0.254527    
 71  1.068      1  0 -0.128563     -0.255665    
 72  1.069      1  0 -0.128545     -0.256147    
 73  1.070      1  0 -0.128520     -0.255955    
 74  1.071      1  0 -0.128488     -0.255091    
 75  1.072      1  0 -0.128451     -0.253571    
 76  1.073      1  0 -0.128408     -0.251434    
 77  1.074      1  0 -0.128362     -0.248738    
 78  1.075      1  0 -0.128313     -0.245563    
 79  1.076      1  0 -0.128264     -0.242010    
 80  1.077      1  0 -0.128215     -0.238199    
 81  1.078      1  0 -0.128168     -0.234266    
 82  1.079      1  0 -0.128125     -0.230359    
 83  1.080      1  0 -0.128086     -0.226630    
 84  1.081      1  0 -0.128053     -0.223230    
 85  1.082      1  0 -0.128027     -0.220298    
 86  1.083      1  0 -0.128008     -0.217959    
 87  1.084      1  0 -0.127998     -0.216310    
 88  1.085      1  0 -0.127995     -0.215419    
 89  1.086      1  0 -0.128000     -0.215320    
 90  1.087      1  0 -0.128013     -0.216013    
 91  1.088      1  0 -0.128032     -0.217459    
 92  1.089      1  0 -0.128056     -0.219592    
 93  1.090      1  0 -0.128085     -0.222313    
 94  1.091      1  0 -0.128117     -0.225506    
 95  1.092      1  0 -0.128150     -0.229039    
 96  1.093      1  0 -0.128183     -0.232772    
 97  1.094      1  0 -0.128214     -0.236564    
 98  1.095      1  0 -0.128242     -0.240282    
 99  1.096      1  0 -0.128266     -0.243799    
100  1.097      1  0 -0.128285     -0.247002    
101  1.098      1  0 -0.128297     -0.249793    
102  1.099      1  0 -0.128302     -0.252091    
103  1.100      1  0 -0.128300     -0.253827    
104  1.101      1  0 -0.128290     -0.254951    
105  1.102      1  0 -0.128273     -0.255429    
106  1.103      1  0 -0.128249     -0.255240    
107  1.104      1  0 -0.128218     -0.254383    
108  1.105      1  0 -0.128181     -0.252876    
109  1.106      1  0 -0.128140     -0.250754    
110  1.107      1  0 -0.128095     -0.248076    
111  1.108      1  0 -0.128048     -0.244923    
112  1.109      1  0 -0.128000     -0.241394    
113  1.110      1  0 -0.127953     -0.237611    
114  1.111      1  0 -0.127909     -0.233709    
115  1.112      1  0 -0.127867     -0.229838    
116  1.113      1  0 -0.127831     -0.226148    
117  1.114      1  0 -0.127801     -0.222789    
118  1.115      1  0 -0.127778     -0.219901    
119  1.116      1  0 -0.127762     -0.217604    
120  1.117      1  0 -0.127755     -0.215993    
121  1.118      1  0 -0.127755     -0.215135    
122  1.119      1  0 -0.127764     -0.215061    
123  1.120      1  0 -0.127780     -0.215768    
124  1.121      1  0 -0.127802     -0.217217    
125  1.122      1  0 -0.127830     -0.219341    
126  1.123      1  0 -0.127863     -0.222042    
127  1.124      1  0 -0.127898     -0.225205    
128  1.125      1  0 -0.127936     -0.228700    
129  1.126      1  0 -0.127973     -0.232390    
130  1.127      1  0 -0.128008     -0.236136    
131  1.128      1  0 -0.128041     -0.239808    
132  1.129      1  0 -0.128069     -0.243280    
133  1.130      1  0 -0.128092     -0.246443    
134  1.131      1  0 -0.128109     -0.249199    
135  1.132      1  0 -0.128120     -0.251466    
136  1.133      1  0 -0.128122     -0.253178    
137  1.134      1  0 -0.128118     -0.254283    
138  1.135      1  0 -0.128105     -0.254746    
139  1.136      1  0 -0.128086     -0.254548    
140  1.137      1  0 -0.128061     -0.253687    
141  1.138      1  0 -0.128029     -0.252181    
142  1.139      1  0 -0.127993     -0.250067    
143  1.140      1  0 -0.127954     -0.247403    
144  1.141      1  0 -0.127913     -0.244272    
145  1.142      1  0 -0.127870     -0.240774    
146  1.143      1  0 -0.127829     -0.237031    
147  1.144      1  0 -0.127790     -0.233179    
148  1.145      1  0 -0.127754     -0.229364    
149  1.146      1  0 -0.127724     -0.225738    
150  1.147      1  0 -0.127699     -0.222446    
151  1.148      1  0 -0.127681     -0.219625    
152  1.149      1  0 -0.127671     -0.217393    
153  1.150      1  0 -0.127669     -0.215842    
154  1.151      1  0 -0.127675     -0.215035    
155  1.152      1  0 -0.127688     -0.215001    
156  1.153      1  0 -0.127709     -0.215736    
157  1.154      1  0 -0.127737     -0.217200    
158  1.155      1  0 -0.127770     -0.219325    
159  1.156      1  0 -0.127807     -0.222017    
160  1.157      1  0 -0.127848     -0.225161    
161  1.158      1  0 -0.127889     -0.228628    
162  1.159      1  0 -0.127931     -0.232285    
163  1.160      1  0 -0.127971     -0.235996    
164  1.161      1  0 -0.128009     -0.239631    
165  1.162      1  0 -0.128042     -0.243067    
166  1.163      1  0 -0.128069     -0.246196    
167  1.164      1  0 -0.128091     -0.248920    
168  1.165      1  0 -0.128106     -0.251158    
169  1.166      1  0 -0.128113     -0.252843    
170  1.167      1  0 -0.128113     -0.253926    
171  1.168      1  0 -0.128105     -0.254371    
172  1.169      1  0 -0.128090     -0.254159    
173  1.170      1  0 -0.128069     -0.253291    
174  1.171      1  0 -0.128042     -0.251784    
175  1.172      1  0 -0.128011     -0.249678    
176  1.173      1  0 -0.127976     -0.247032    
177  1.174      1  0 -0.127939     -0.243929    
178  1.175      1  0 -0.127901     -0.240469    
179  1.176      1  0 -0.127863     -0.236774    
180  1.177      1  0 -0.127828     -0.232979    
181  1.178      1  0 -0.127797     -0.229227    
182  1.179      1  0 -0.127770     -0.225668    
183  1.180      1  0 -0.127748     -0.222444    
184  1.181      1  0 -0.127734     -0.219689    
185  1.182      1  0 -0.127727     -0.217517    
186  1.183      1  0 -0.127728     -0.216017    
187  1.184      1  0 -0.127736     -0.215251    
188  1.185      1  0 -0.127753     -0.215246    
189  1.186      1  0 -0.127776     -0.215998    
190  1.187      1  0 -0.127806     -0.217466    
191  1.188      1  0 -0.127841     -0.219585    
192  1.189      1  0 -0.127880     -0.222260    
193  1.190      1  0 -0.127923     -0.225379    
194  1.191      1  0 -0.127966     -0.228817    
195  1.192      1  0 -0.128009     -0.232440    
196  1.193      1  0 -0.128051     -0.236115    
197  1.194      1  0 -0.128090     -0.239713    
198  1.195      1  0 -0.128124     -0.243114    
199  1.196      1  0 -0.128153     -0.246207    
200  1.197      1  0 -0.128176     -0.248899    
201  1.198      1  0 -0.128192     -0.251107    
202  1.199      1  0 -0.128200     -0.252766    
203  1.200      1  0 -0.128201     -0.253826    
204  1.201      1  0 -0.128195     -0.254253    
205  1.202      1  0 -0.128181     -0.254029    
206  1.203      1  0 -0.128161     -0.253156    
207  1.204      1  0 -0.128135     -0.251653    
208  1.205      1  0 -0.128105     -0.249559    
209  1.206      1  0 -0.128071     -0.246936    
210  1.207      1  0 -0.128034     -0.243864    
211  1.208      1  0 -0.127997     -0.240444    
212  1.209      1  0 -0.127961     -0.236797    
213  1.210      1  0 -0.127926     -0.233054    
214  1.211      1  0 -0.127895     -0.229359    
215  1.212      1  0 -0.127868     -0.225856    
216  1.213      1  0 -0.127847     -0.222686    
217  1.214      1  0 -0.127833     -0.219979    
218  1.215      1  0 -0.127825     -0.217847    
219  1.216      1  0 -0.127826     -0.216379    
220  1.217      1  0 -0.127834     -0.215633    
221  1.218      1  0 -0.127849     -0.215637    
222  1.219      1  0 -0.127872     -0.216386    
223  1.220      1  0 -0.127900     -0.217842    
224  1.221      1  0 -0.127934     -0.219939    
225  1.222      1  0 -0.127972     -0.222586    
226  1.223      1  0 -0.128012     -0.225670    
227  1.224      1  0 -0.128054     -0.229070    
228  1.225      1  0 -0.128095     -0.232653    
229  1.226      1  0 -0.128135     -0.236287    
230  1.227      1  0 -0.128172     -0.239845    
231  1.228      1  0 -0.128205     -0.243206    
232  1.229      1  0 -0.128232     -0.246263    
233  1.230      1  0 -0.128253     -0.248920    
234  1.231      1  0 -0.128267     -0.251098    
235  1.232      1  0 -0.128274     -0.252730    
236  1.233      1  0 -0.128273     -0.253769    
237  1.234      1  0 -0.128265     -0.254181    
238  1.235      1  0 -0.128250     -0.253949    
239  1.236      1  0 -0.128228     -0.253076    
240  1.237      1  0 -0.128201     -0.251580    
241  1.238      1  0 -0.128169     -0.249503    
242  1.239      1  0 -0.128133     -0.246904    
243  1.240      1  0 -0.128095     -0.243865    
244  1.241      1  0 -0.128057     -0.240484    
245  1.242      1  0 -0.128019     -0.236880    
246  1.243      1  0 -0.127982     -0.233184    
247  1.244      1  0 -0.127949     -0.229535    
248  1.245      1  0 -0.127921     -0.226076    
249  1.246      1  0 -0.127898     -0.222945    
250  1.247      1  0 -0.127881     -0.220272    
251  1.248      1  0 -0.127872     -0.218165    
252  1.249      1  0 -0.127870     -0.216712    
253  1.250      1  0 -0.127875     -0.215972    
254  1.251      1  0 -0.127888     -0.215972    
255  1.252      1  0 -0.127908     -0.216708    
256  1.253      1  0 -0.127934     -0.218142    
257  1.254      1  0 -0.127965     -0.220210    
258  1.255      1  0 -0.128000     -0.222821    
259  1.256      1  0 -0.128037     -0.225867    
260  1.257      1  0 -0.128076     -0.229224    
261  1.258      1  0 -0.128115     -0.232762    
262  1.259      1  0 -0.128152     -0.236351    
263  1.260      1  0 -0.128186     -0.239865    
264  1.261      1  0 -0.128215     -0.243183    
265  1.262      1  0 -0.128240     -0.246200    
266  1.263      1  0 -0.128258     -0.248820    
267  1.264      1  0 -0.128270     -0.250966    
268  1.265      1  0 -0.128274     -0.252572    
269  1.266      1  0 -0.128271     -0.253590    
270  1.267      1  0 -0.128261     -0.253988    
271  1.268      1  0 -0.128243     -0.253749    
272  1.269      1  0 -0.128220     -0.252877    
273  1.270      1  0 -0.128190     -0.251392    
274  1.271      1  0 -0.128157     -0.249332    
275  1.272      1  0 -0.128119     -0.246758    
276  1.273      1  0 -0.128080     -0.243749    
277  1.274      1  0 -0.128039     -0.240405    
278  1.275      1  0 -0.127999     -0.236841    
279  1.276      1  0 -0.127961     -0.233186    
280  1.277      1  0 -0.127927     -0.229579    
281  1.278      1  0 -0.127897     -0.226159    
282  1.279      1  0 -0.127872     -0.223063    
283  1.280      1  0 -0.127854     -0.220419    
284  1.281      1  0 -0.127842     -0.218334    
285  1.282      1  0 -0.127838     -0.216896    
286  1.283      1  0 -0.127842     -0.216161    
287  1.284      1  0 -0.127853     -0.216158    
288  1.285      1  0 -0.127870     -0.216882    
289  1.286      1  0 -0.127894     -0.218296    
290  1.287      1  0 -0.127923     -0.220337    
291  1.288      1  0 -0.127956     -0.222915    
292  1.289      1  0 -0.127991     -0.225921    
293  1.290      1  0 -0.128028     -0.229236    
294  1.291      1  0 -0.128064     -0.232730    
295  1.292      1  0 -0.128099     -0.236273    
296  1.293      1  0 -0.128131     -0.239741    
297  1.294      1  0 -0.128159     -0.243015    
298  1.295      1  0 -0.128182     -0.245989    
299  1.296      1  0 -0.128198     -0.248572    
300  1.297      1  0 -0.128208     -0.250683    
301  1.298      1  0 -0.128211     -0.252261    
302  1.299      1  0 -0.128207     -0.253257    
303  1.300      1  0 -0.128195     -0.253641    
304  1.301      1  0 -0.128177     -0.253396    
305  1.302      1  0 -0.128152     -0.252525    
306  1.303      1  0 -0.128122     -0.251048    
307  1.304      1  0 -0.128088     -0.249005    
308  1.305      1  0 -0.128050     -0.246454    
309  1.306      1  0 -0.128010     -0.243475    
310  1.307      1  0 -0.127969     -0.240166    
311  1.308      1  0 -0.127929     -0.236641    
312  1.309      1  0 -0.127891     -0.233028    
313  1.310      1  0 -0.127856     -0.229462    
314  1.311      1  0 -0.127825     -0.226084    
315  1.312      1  0 -0.127800     -0.223027    
316  1.313      1  0 -0.127782     -0.220417    
317  1.314      1  0 -0.127770     -0.218362    
318  1.315      1  0 -0.127765     -0.216946    
319  1.316      1  0 -0.127769     -0.216227    
320  1.317      1  0 -0.127779     -0.216230    
321  1.318      1  0 -0.127796     -0.216951    
322  1.319      1  0 -0.127819     -0.218354    
323  1.320      1  0 -0.127847     -0.220375    
324  1.321      1  0 -0.127879     -0.222926    
325  1.322      1  0 -0.127914     -0.225899    
326  1.323      1  0 -0.127950     -0.229174    
327  1.324      1  0 -0.127986     -0.232625    
328  1.325      1  0 -0.128020     -0.236123    
329  1.326      1  0 -0.128051     -0.239545    
330  1.327      1  0 -0.128079     -0.242774    
331  1.328      1  0 -0.128101     -0.245706    
332  1.329      1  0 -0.128118     -0.248249    
333  1.330      1  0 -0.128127     -0.250326    
334  1.331      1  0 -0.128130     -0.251874    
335  1.332      1  0 -0.128126     -0.252847    
336  1.333      1  0 -0.128115     -0.253214    
337  1.334      1  0 -0.128097     -0.252960    
338  1.335      1  0 -0.128073     -0.252087    
339  1.336      1  0 -0.128043     -0.250615    
340  1.337      1  0 -0.128010     -0.248586    
341  1.338      1  0 -0.127973     -0.246056    
342  1.339      1  0 -0.127933     -0.243106    
343  1.340      1  0 -0.127893     -0.239831    
344  1.341      1  0 -0.127854     -0.236346    
345  1.342      1  0 -0.127817     -0.232776    
346  1.343      1  0 -0.127783     -0.229258    
347  1.344      1  0 -0.127753     -0.225926    
348  1.345      1  0 -0.127729     -0.222917    
349  1.346      1  0 -0.127711     -0.220351    
350  1.347      1  0 -0.127700     -0.218335    
351  1.348      1  0 -0.127697     -0.216951    
352  1.349      1  0 -0.127700     -0.216256    
353  1.350      1  0 -0.127711     -0.216276    
354  1.351      1  0 -0.127729     -0.217003    
355  1.352      1  0 -0.127752     -0.218403    
356  1.353      1  0 -0.127781     -0.220411    
357  1.354      1  0 -0.127813     -0.222940    
358  1.355      1  0 -0.127848     -0.225884    
359  1.356      1  0 -0.127884     -0.229123    
360  1.357      1  0 -0.127920     -0.232534    
361  1.358      1  0 -0.127955     -0.235988    
362  1.359      1  0 -0.127987     -0.239365    
363  1.360      1  0 -0.128015     -0.242549    
364  1.361      1  0 -0.128037     -0.245438    
365  1.362      1  0 -0.128054     -0.247940    
366  1.363      1  0 -0.128065     -0.249980    
367  1.364      1  0 -0.128068     -0.251497    
368  1.365      1  0 -0.128065     -0.252444    
369  1.366      1  0 -0.128054     -0.252791    
370  1.367      1  0 -0.128037     -0.252525    
371  1.368      1  0 -0.128014     -0.251647    
372  1.369      1  0 -0.127986     -0.250180    
373  1.370      1  0 -0.127953     -0.248162    
374  1.371      1  0 -0.127917     -0.245652    
375  1.372      1  0 -0.127879     -0.242729    
376  1.373      1  0 -0.127841     -0.239489    
377  1.374      1  0 -0.127803     -0.236045    
378  1.375      1  0 -0.127767     -0.232522    
379  1.376      1  0 -0.127734     -0.229052    
380  1.377      1  0 -0.127706     -0.225773    
381  1.378      1  0 -0.127683     -0.222815    
382  1.379      1  0 -0.127666     -0.220298    
383  1.380      1  0 -0.127656     -0.218326    
384  1.381      1  0 -0.127654     -0.216981    
385  1.382      1  0 -0.127658     -0.216316    
386  1.383      1  0 -0.127670     -0.216356    
387  1.384      1  0 -0.127688     -0.217094    
388  1.385      1  0 -0.127712     -0.218495    
389  1.386      1  0 -0.127741     -0.220493    
390  1.387      1  0 -0.127773     -0.223003    
391  1.388      1  0 -0.127809     -0.225919    
392  1.389      1  0 -0.127845     -0.229124    
393  1.390      1  0 -0.127881     -0.232494    
394  1.391      1  0 -0.127916     -0.235904    
395  1.392      1  0 -0.127948     -0.239235    
396  1.393      1  0 -0.127976     -0.242373    
397  1.394      1  0 -0.127999     -0.245217    
398  1.395      1  0 -0.128016     -0.247677    
399  1.396      1  0 -0.128027     -0.249679    
400  1.397      1  0 -0.128030     -0.251162    
401  1.398      1  0 -0.128027     -0.252081    
402  1.399      1  0 -0.128018     -0.252408    
403  1.400      1  0 -0.128001     -0.252127    
404  1.401      1  0 -0.127979     -0.251243    
405  1.402      1  0 -0.127951     -0.249777    
406  1.403      1  0 -0.127919     -0.247768    
407  1.404      1  0 -0.127884     -0.245277    
408  1.405      1  0 -0.127847     -0.242381    
409  1.406      1  0 -0.127810     -0.239175    
410  1.407      1  0 -0.127773     -0.235772    
411  1.408      1  0 -0.127738     -0.232296    
412  1.409      1  0 -0.127706     -0.228878    
413  1.410      1  0 -0.127678     -0.225652    
414  1.411      1  0 -0.127656     -0.222747    
415  1.412      1  0 -0.127640     -0.220281    
416  1.413      1  0 -0.127631     -0.218356    
417  1.414      1  0 -0.127628     -0.217051    
418  1.415      1  0 -0.127633     -0.216418    
419  1.416      1  0 -0.127645     -0.216480    
420  1.417      1  0 -0.127663     -0.217230    
421  1.418      1  0 -0.127687     -0.218631    
422  1.419      1  0 -0.127716     -0.220619    
423  1.420      1  0 -0.127748     -0.223110    
424  1.421      1  0 -0.127783     -0.225997    
425  1.422      1  0 -0.127819     -0.229167    
426  1.423      1  0 -0.127855     -0.232496    
427  1.424      1  0 -0.127889     -0.235862    
428  1.425      1  0 -0.127921     -0.239146    
429  1.426      1  0 -0.127948     -0.242237    
430  1.427      1  0 -0.127971     -0.245035    
431  1.428      1  0 -0.127987     -0.247451    
432  1.429      1  0 -0.127998     -0.249413    
433  1.430      1  0 -0.128001     -0.250861    
434  1.431      1  0 -0.127998     -0.251751    
435  1.432      1  0 -0.127988     -0.252053    
436  1.433      1  0 -0.127972     -0.251756    
437  1.434      1  0 -0.127950     -0.250864    
438  1.435      1  0 -0.127922     -0.249397    
439  1.436      1  0 -0.127890     -0.247397    
440  1.437      1  0 -0.127856     -0.244922    
441  1.438      1  0 -0.127819     -0.242051    
442  1.439      1  0 -0.127782     -0.238879    
443  1.440      1  0 -0.127745     -0.235517    
444  1.441      1  0 -0.127710     -0.232087    
445  1.442      1  0 -0.127679     -0.228720    
446  1.443      1  0 -0.127652     -0.225547    
447  1.444      1  0 -0.127630     -0.222695    
448  1.445      1  0 -0.127614     -0.220280    
449  1.446      1  0 -0.127604     -0.218402    
450  1.447      1  0 -0.127602     -0.217137    
451  1.448      1  0 -0.127607     -0.216535    
452  1.449      1  0 -0.127618     -0.216619    
453  1.450      1  0 -0.127636     -0.217380    
454  1.451      1  0 -0.127660     -0.218782    
455  1.452      1  0 -0.127688     -0.220760    
456  1.453      1  0 -0.127719     -0.223230    
457  1.454      1  0 -0.127753     -0.226088    
458  1.455      1  0 -0.127789     -0.229221    
459  1.456      1  0 -0.127823     -0.232508    
460  1.457      1  0 -0.127857     -0.235828    
461  1.458      1  0 -0.127887     -0.239064    
462  1.459      1  0 -0.127914     -0.242107    
463  1.460      1  0 -0.127936     -0.244856    
464  1.461      1  0 -0.127951     -0.247228    
465  1.462      1  0 -0.127961     -0.249148    
466  1.463      1  0 -0.127964     -0.250558    
467  1.464      1  0 -0.127960     -0.251415    
468  1.465      1  0 -0.127950     -0.251692    
469  1.466      1  0 -0.127933     -0.251376    
470  1.467      1  0 -0.127911     -0.250472    
471  1.468      1  0 -0.127883     -0.249002    
472  1.469      1  0 -0.127851     -0.247008    
473  1.470      1  0 -0.127817     -0.244548    
474  1.471      1  0 -0.127780     -0.241701    
475  1.472      1  0 -0.127743     -0.238561    
476  1.473      1  0 -0.127706     -0.235239    
477  1.474      1  0 -0.127672     -0.231856    
478  1.475      1  0 -0.127640     -0.228540    
479  1.476      1  0 -0.127613     -0.225420    
480  1.477      1  0 -0.127591     -0.222622    
481  1.478      1  0 -0.127575     -0.220258    
482  1.479      1  0 -0.127566     -0.218427    
483  1.480      1  0 -0.127563     -0.217203    
484  1.481      1  0 -0.127568     -0.216634    
485  1.482      1  0 -0.127579     -0.216740    
486  1.483      1  0 -0.127596     -0.217513    
487  1.484      1  0 -0.127619     -0.218916    
488  1.485      1  0 -0.127646     -0.220884    
489  1.486      1  0 -0.127677     -0.223335    
490  1.487      1  0 -0.127710     -0.226165    
491  1.488      1  0 -0.127745     -0.229262    
492  1.489      1  0 -0.127779     -0.232507    
493  1.490      1  0 -0.127811     -0.235781    
494  1.491      1  0 -0.127840     -0.238968    
495  1.492      1  0 -0.127866     -0.241960    
496  1.493      1  0 -0.127887     -0.244661    
497  1.494      1  0 -0.127902     -0.246984    
498  1.495      1  0 -0.127911     -0.248859    
499  1.496      1  0 -0.127913     -0.250229    
500  1.497      1  0 -0.127909     -0.251052    
501  1.498      1  0 -0.127898     -0.251299    
502  1.499      1  0 -0.127881     -0.250962    
503  1.500      1  0 -0.127858     -0.250044    
504  1.501      1  0 -0.127830     -0.248570    
505  1.502      1  0 -0.127798     -0.246580    
506  1.503      1  0 -0.127764     -0.244134    
507  1.504      1  0 -0.127727     -0.241310    
508  1.505      1  0 -0.127690     -0.238202    
509  1.506      1  0 -0.127654     -0.234920    
510  1.507      1  0 -0.127620     -0.231583    
511  1.508      1  0 -0.127588     -0.228319    
512  1.509      1  0 -0.127561     -0.225254    
513  1.510      1  0 -0.127540     -0.222511    
514  1.511      1  0 -0.127524     -0.220201    
515  1.512      1  0 -0.127515     -0.218419    
516  1.513      1  0 -0.127512     -0.217238    
517  1.514      1  0 -0.127516     -0.216705    
518  1.515      1  0 -0.127527     -0.216837    
519  1.516      1  0 -0.127544     -0.217625    
520  1.517      1  0 -0.127567     -0.219032    
521  1.518      1  0 -0.127593     -0.220994    
522  1.519      1  0 -0.127624     -0.223427    
523  1.520      1  0 -0.127656     -0.226230    
524  1.521      1  0 -0.127690     -0.229292    
525  1.522      1  0 -0.127723     -0.232495    
526  1.523      1  0 -0.127755     -0.235722    
527  1.524      1  0 -0.127783     -0.238859    
528  1.525      1  0 -0.127808     -0.241800    
529  1.526      1  0 -0.127828     -0.244449    
530  1.527      1  0 -0.127843     -0.246722    
531  1.528      1  0 -0.127851     -0.248551    
532  1.529      1  0 -0.127853     -0.249877    
533  1.530      1  0 -0.127848     -0.250662    
534  1.531      1  0 -0.127837     -0.250878    
535  1.532      1  0 -0.127820     -0.250516    
536  1.533      1  0 -0.127797     -0.249583    
537  1.534      1  0 -0.127769     -0.248101    
538  1.535      1  0 -0.127738     -0.246113    
539  1.536      1  0 -0.127703     -0.243679    
540  1.537      1  0 -0.127667     -0.240877    
541  1.538      1  0 -0.127631     -0.237801    
542  1.539      1  0 -0.127595     -0.234559    
543  1.540      1  0 -0.127561     -0.231270    
544  1.541      1  0 -0.127530     -0.228059    
545  1.542      1  0 -0.127504     -0.225050    
546  1.543      1  0 -0.127482     -0.222365    
547  1.544      1  0 -0.127467     -0.220112    
548  1.545      1  0 -0.127458     -0.218384    
549  1.546      1  0 -0.127456     -0.217250    
550  1.547      1  0 -0.127460     -0.216755    
551  1.548      1  0 -0.127471     -0.216917    
552  1.549      1  0 -0.127488     -0.217724    
553  1.550      1  0 -0.127510     -0.219138    
554  1.551      1  0 -0.127537     -0.221096    
555  1.552      1  0 -0.127567     -0.223514    
556  1.553      1  0 -0.127599     -0.226292    
557  1.554      1  0 -0.127632     -0.229320    
558  1.555      1  0 -0.127665     -0.232482    
559  1.556      1  0 -0.127696     -0.235662    
560  1.557      1  0 -0.127724     -0.238749    
561  1.558      1  0 -0.127748     -0.241637    
562  1.559      1  0 -0.127768     -0.244233    
563  1.560      1  0 -0.127782     -0.246455    
564  1.561      1  0 -0.127790     -0.248233    
565  1.562      1  0 -0.127791     -0.249514    
566  1.563      1  0 -0.127786     -0.250258    
567  1.564      1  0 -0.127775     -0.250441    
568  1.565      1  0 -0.127758     -0.250052    
569  1.566      1  0 -0.127735     -0.249100    
570  1.567      1  0 -0.127708     -0.247609    
571  1.568      1  0 -0.127676     -0.245622    
572  1.569      1  0 -0.127642     -0.243200    
573  1.570      1  0 -0.127607     -0.240419    
574  1.571      1  0 -0.127571     -0.237375    
575  1.572      1  0 -0.127535     -0.234174    
576  1.573      1  0 -0.127502     -0.230933    
577  1.574      1  0 -0.127472     -0.227777    
578  1.575      1  0 -0.127446     -0.224827    
579  1.576      1  0 -0.127426     -0.222203    
580  1.577      1  0 -0.127411     -0.220009    
581  1.578      1  0 -0.127402     -0.218337    
582  1.579      1  0 -0.127400     -0.217254    
583  1.580      1  0 -0.127405     -0.216802    
584  1.581      1  0 -0.127416     -0.216997    
585  1.582      1  0 -0.127433     -0.217825    
586  1.583      1  0 -0.127455     -0.219250    
587  1.584      1  0 -0.127482     -0.221206    
588  1.585      1  0 -0.127511     -0.223611    
589  1.586      1  0 -0.127543     -0.226365    
590  1.587      1  0 -0.127576     -0.229360    
591  1.588      1  0 -0.127608     -0.232482    
592  1.589      1  0 -0.127638     -0.235615    
593  1.590      1  0 -0.127666     -0.238650    
594  1.591      1  0 -0.127690     -0.241484    
595  1.592      1  0 -0.127709     -0.244024    
596  1.593      1  0 -0.127722     -0.246191    
597  1.594      1  0 -0.127730     -0.247918    
598  1.595      1  0 -0.127731     -0.249150    
599  1.596      1  0 -0.127726     -0.249851    
600  1.597      1  0 -0.127715     -0.249996    
601  1.598      1  0 -0.127697     -0.249578    
602  1.599      1  0 -0.127675     -0.248606    
603  1.600      1  0 -0.127648     -0.247105    
604  1.601      1  0 -0.127617     -0.245118    
605  1.602      1  0 -0.127583     -0.242705    
606  1.603      1  0 -0.127548     -0.239946    
607  1.604      1  0 -0.127513     -0.236933    
608  1.605      1  0 -0.127478     -0.233773    
609  1.606      1  0 -0.127445     -0.230582    
610  1.607      1  0 -0.127416     -0.227481    
611  1.608      1  0 -0.127391     -0.224593    
612  1.609      1  0 -0.127371     -0.222031    
613  1.610      1  0 -0.127357     -0.219901    
614  1.611      1  0 -0.127348     -0.218288    
615  1.612      1  0 -0.127347     -0.217258    
616  1.613      1  0 -0.127352     -0.216852    
617  1.614      1  0 -0.127363     -0.217083    
618  1.615      1  0 -0.127380     -0.217936    
619  1.616      1  0 -0.127402     -0.219373    
620  1.617      1  0 -0.127428     -0.221330    
621  1.618      1  0 -0.127458     -0.223723    
622  1.619      1  0 -0.127489     -0.226455    
623  1.620      1  0 -0.127521     -0.229417    
624  1.621      1  0 -0.127553     -0.232496    
625  1.622      1  0 -0.127583     -0.235581    
626  1.623      1  0 -0.127610     -0.238563    
627  1.624      1  0 -0.127633     -0.241341    
628  1.625      1  0 -0.127651     -0.243824    
629  1.626      1  0 -0.127664     -0.245934    
630  1.627      1  0 -0.127671     -0.247605    
631  1.628      1  0 -0.127672     -0.248787    
632  1.629      1  0 -0.127667     -0.249442    
633  1.630      1  0 -0.127655     -0.249548    
634  1.631      1  0 -0.127638     -0.249098    
635  1.632      1  0 -0.127616     -0.248103    
636  1.633      1  0 -0.127589     -0.246589    
637  1.634      1  0 -0.127558     -0.244600    
638  1.635      1  0 -0.127525     -0.242196    
639  1.636      1  0 -0.127490     -0.239457    
640  1.637      1  0 -0.127455     -0.236475    
641  1.638      1  0 -0.127421     -0.233356    
642  1.639      1  0 -0.127389     -0.230216    
643  1.640      1  0 -0.127360     -0.227172    
644  1.641      1  0 -0.127336     -0.224346    
645  1.642      1  0 -0.127316     -0.221849    
646  1.643      1  0 -0.127302     -0.219783    
647  1.644      1  0 -0.127295     -0.218232    
648  1.645      1  0 -0.127294     -0.217258    
649  1.646      1  0 -0.127299     -0.216901    
650  1.647      1  0 -0.127310     -0.217170    
651  1.648      1  0 -0.127327     -0.218050    
652  1.649      1  0 -0.127349     -0.219501    
653  1.650      1  0 -0.127375     -0.221460    
654  1.651      1  0 -0.127404     -0.223842    
655  1.652      1  0 -0.127434     -0.226551    
656  1.653      1  0 -0.127466     -0.229479    
657  1.654      1  0 -0.127497     -0.232517    
658  1.655      1  0 -0.127526     -0.235552    
659  1.656      1  0 -0.127552     -0.238479    
660  1.657      1  0 -0.127575     -0.241199    
661  1.658      1  0 -0.127592     -0.243622    
662  1.659      1  0 -0.127605     -0.245673    
663  1.660      1  0 -0.127611     -0.247287    
664  1.661      1  0 -0.127612     -0.248415    
665  1.662      1  0 -0.127606     -0.249022    
666  1.663      1  0 -0.127594     -0.249086    
667  1.664      1  0 -0.127576     -0.248603    
668  1.665      1  0 -0.127554     -0.247583    
669  1.666      1  0 -0.127527     -0.246054    
670  1.667      1  0 -0.127496     -0.244061    
671  1.668      1  0 -0.127463     -0.241666    
672  1.669      1  0 -0.127429     -0.238946    
673  1.670      1  0 -0.127394     -0.235995    
674  1.671      1  0 -0.127360     -0.232918    
675  1.672      1  0 -0.127329     -0.229828    
676  1.673      1  0 -0.127301     -0.226843    
677  1.674      1  0 -0.127277     -0.224080    
678  1.675      1  0 -0.127258     -0.221650    
679  1.676      1  0 -0.127244     -0.219651    
680  1.677      1  0 -0.127237     -0.218164    
681  1.678      1  0 -0.127236     -0.217249    
682  1.679      1  0 -0.127241     -0.216941    
683  1.680      1  0 -0.127252     -0.217251    
684  1.681      1  0 -0.127269     -0.218160    
685  1.682      1  0 -0.127291     -0.219627    
686  1.683      1  0 -0.127316     -0.221588    
687  1.684      1  0 -0.127345     -0.223960    
688  1.685      1  0 -0.127375     -0.226646    
689  1.686      1  0 -0.127405     -0.229541    
690  1.687      1  0 -0.127436     -0.232535    
691  1.688      1  0 -0.127464     -0.235520    
692  1.689      1  0 -0.127489     -0.238390    
693  1.690      1  0 -0.127511     -0.241049    
694  1.691      1  0 -0.127528     -0.243411    
695  1.692      1  0 -0.127539     -0.245400    
696  1.693      1  0 -0.127545     -0.246954    
697  1.694      1  0 -0.127545     -0.248026    
698  1.695      1  0 -0.127538     -0.248582    
699  1.696      1  0 -0.127526     -0.248602    
700  1.697      1  0 -0.127508     -0.248082    
701  1.698      1  0 -0.127485     -0.247035    
702  1.699      1  0 -0.127458     -0.245490    
703  1.700      1  0 -0.127428     -0.243492    
704  1.701      1  0 -0.127395     -0.241103    
705  1.702      1  0 -0.127361     -0.238403    
706  1.703      1  0 -0.127326     -0.235482    
707  1.704      1  0 -0.127293     -0.232447    
708  1.705      1  0 -0.127262     -0.229409    
709  1.706      1  0 -0.127234     -0.226484    
710  1.707      1  0 -0.127211     -0.223788    
711  1.708      1  0 -0.127192     -0.221427    
712  1.709      1  0 -0.127179     -0.219498    
713  1.710      1  0 -0.127172     -0.218078    
714  1.711      1  0 -0.127171     -0.217225    
715  1.712      1  0 -0.127176     -0.216971    
716  1.713      1  0 -0.127188     -0.217323    
717  1.714      1  0 -0.127204     -0.218264    
718  1.715      1  0 -0.127225     -0.219748    
719  1.716      1  0 -0.127250     -0.221713    
720  1.717      1  0 -0.127278     -0.224075    
721  1.718      1  0 -0.127308     -0.226739    
722  1.719      1  0 -0.127338     -0.229600    
723  1.720      1  0 -0.127367     -0.232550    
724  1.721      1  0 -0.127394     -0.235483    
725  1.722      1  0 -0.127419     -0.238295    
726  1.723      1  0 -0.127439     -0.240892    
727  1.724      1  0 -0.127455     -0.243190    
728  1.725      1  0 -0.127466     -0.245115    
729  1.726      1  0 -0.127471     -0.246607    
730  1.727      1  0 -0.127470     -0.247619    
731  1.728      1  0 -0.127463     -0.248121    
732  1.729      1  0 -0.127450     -0.248093    
733  1.730      1  0 -0.127432     -0.247534    
734  1.731      1  0 -0.127409     -0.246458    
735  1.732      1  0 -0.127382     -0.244894    
736  1.733      1  0 -0.127351     -0.242889    
737  1.734      1  0 -0.127319     -0.240506    
738  1.735      1  0 -0.127285     -0.237824    
739  1.736      1  0 -0.127251     -0.234936    
740  1.737      1  0 -0.127218     -0.231943    
741  1.738      1  0 -0.127188     -0.228959    
742  1.739      1  0 -0.127160     -0.226097    
743  1.740      1  0 -0.127137     -0.223469    
744  1.741      1  0 -0.127119     -0.221180    
745  1.742      1  0 -0.127106     -0.219323    
746  1.743      1  0 -0.127100     -0.217973    
747  1.744      1  0 -0.127099     -0.217184    
748  1.745      1  0 -0.127105     -0.216987    
749  1.746      1  0 -0.127116     -0.217385    
750  1.747      1  0 -0.127132     -0.218358    
751  1.748      1  0 -0.127153     -0.219863    
752  1.749      1  0 -0.127178     -0.221834    
753  1.750      1  0 -0.127205     -0.224188    
754  1.751      1  0 -0.127234     -0.226830    
755  1.752      1  0 -0.127263     -0.229657    
756  1.753      1  0 -0.127292     -0.232563    
757  1.754      1  0 -0.127318     -0.235442    
758  1.755      1  0 -0.127342     -0.238194    
759  1.756      1  0 -0.127362     -0.240727    
760  1.757      1  0 -0.127377     -0.242957    
761  1.758      1  0 -0.127387     -0.244815    
762  1.759      1  0 -0.127391     -0.246241    
763  1.760      1  0 -0.127390     -0.247191    
764  1.761      1  0 -0.127382     -0.247635    
765  1.762      1  0 -0.127369     -0.247558    
766  1.763      1  0 -0.127350     -0.246957    
767  1.764      1  0 -0.127327     -0.245850    
768  1.765      1  0 -0.127300     -0.244265    
769  1.766      1  0 -0.127270     -0.242252    
770  1.767      1  0 -0.127237     -0.239875    
771  1.768      1  0 -0.127204     -0.237211    
772  1.769      1  0 -0.127170     -0.234353    
773  1.770      1  0 -0.127138     -0.231405    
774  1.771      1  0 -0.127108     -0.228476    
775  1.772      1  0 -0.127082     -0.225678    
776  1.773      1  0 -0.127059     -0.223121    
777  1.774      1  0 -0.127042     -0.220908    
778  1.775      1  0 -0.127029     -0.219127    
779  1.776      1  0 -0.127023     -0.217851    
780  1.777      1  0 -0.127023     -0.217131    
781  1.778      1  0 -0.127029     -0.216993    
782  1.779      1  0 -0.127040     -0.217440    
783  1.780      1  0 -0.127057     -0.218450    
784  1.781      1  0 -0.127078     -0.219977    
785  1.782      1  0 -0.127102     -0.221954    
786  1.783      1  0 -0.127129     -0.224300    
787  1.784      1  0 -0.127157     -0.226921    
788  1.785      1  0 -0.127186     -0.229714    
789  1.786      1  0 -0.127213     -0.232574    
790  1.787      1  0 -0.127239     -0.235399    
791  1.788      1  0 -0.127262     -0.238089    
792  1.789      1  0 -0.127281     -0.240555    
793  1.790      1  0 -0.127295     -0.242716    
794  1.791      1  0 -0.127305     -0.244503    
795  1.792      1  0 -0.127308     -0.245861    
796  1.793      1  0 -0.127306     -0.246746    
797  1.794      1  0 -0.127298     -0.247130    
798  1.795      1  0 -0.127284     -0.246999    
799  1.796      1  0 -0.127266     -0.246354    
800  1.797      1  0 -0.127242     -0.245212    
801  1.798      1  0 -0.127215     -0.243606    
802  1.799      1  0 -0.127185     -0.241583    
803  1.800      1  0 -0.127153     -0.239210    
804  1.801      1  0 -0.127120     -0.236565    
805  1.802      1  0 -0.127087     -0.233740    
806  1.803      1  0 -0.127055     -0.230838    
807  1.804      1  0 -0.127026     -0.227966    
808  1.805      1  0 -0.127000     -0.225236    
809  1.806      1  0 -0.126978     -0.222754    
810  1.807      1  0 -0.126961     -0.220619    
811  1.808      1  0 -0.126950     -0.218918    
812  1.809      1  0 -0.126944     -0.217719    
813  1.810      1  0 -0.126945     -0.217070    
814  1.811      1  0 -0.126951     -0.216995    
815  1.812      1  0 -0.126962     -0.217494    
816  1.813      1  0 -0.126979     -0.218543    
817  1.814      1  0 -0.127000     -0.220093    
818  1.815      1  0 -0.127024     -0.222079    
819  1.816      1  0 -0.127050     -0.224419    
820  1.817      1  0 -0.127078     -0.227018    
821  1.818      1  0 -0.127106     -0.229776    
822  1.819      1  0 -0.127133     -0.232590    
823  1.820      1  0 -0.127158     -0.235358    
824  1.821      1  0 -0.127180     -0.237984    
825  1.822      1  0 -0.127198     -0.240380    
826  1.823      1  0 -0.127211     -0.242468    
827  1.824      1  0 -0.127220     -0.244182    
828  1.825      1  0 -0.127223     -0.245468    
829  1.826      1  0 -0.127220     -0.246284    
830  1.827      1  0 -0.127211     -0.246605    
831  1.828      1  0 -0.127198     -0.246418    
832  1.829      1  0 -0.127179     -0.245727    
833  1.830      1  0 -0.127155     -0.244549    
834  1.831      1  0 -0.127128     -0.242919    
835  1.832      1  0 -0.127098     -0.240887    
836  1.833      1  0 -0.127066     -0.238518    
837  1.834      1  0 -0.127034     -0.235892    
838  1.835      1  0 -0.127001     -0.233100    
839  1.836      1  0 -0.126970     -0.230245    
840  1.837      1  0 -0.126942     -0.227433    
841  1.838      1  0 -0.126916     -0.224773    
842  1.839      1  0 -0.126895     -0.222368    
843  1.840      1  0 -0.126879     -0.220315    
844  1.841      1  0 -0.126868     -0.218698    
845  1.842      1  0 -0.126863     -0.217580    
846  1.843      1  0 -0.126864     -0.217006    
847  1.844      1  0 -0.126870     -0.216997    
848  1.845      1  0 -0.126882     -0.217551    
849  1.846      1  0 -0.126899     -0.218639    
850  1.847      1  0 -0.126919     -0.220215    
851  1.848      1  0 -0.126943     -0.222210    
852  1.849      1  0 -0.126969     -0.224543    
853  1.850      1  0 -0.126996     -0.227120    
854  1.851      1  0 -0.127024     -0.229842    
855  1.852      1  0 -0.127050     -0.232607    
856  1.853      1  0 -0.127074     -0.235316    
857  1.854      1  0 -0.127095     -0.237876    
858  1.855      1  0 -0.127112     -0.240200    
859  1.856      1  0 -0.127125     -0.242213    
860  1.857      1  0 -0.127132     -0.243850    
861  1.858      1  0 -0.127134     -0.245060    
862  1.859      1  0 -0.127131     -0.245805    
863  1.860      1  0 -0.127122     -0.246059    
864  1.861      1  0 -0.127107     -0.245814    
865  1.862      1  0 -0.127088     -0.245073    
866  1.863      1  0 -0.127064     -0.243858    
867  1.864      1  0 -0.127037     -0.242203    
868  1.865      1  0 -0.127008     -0.240160    
869  1.866      1  0 -0.126976     -0.237796    
870  1.867      1  0 -0.126944     -0.235190    
871  1.868      1  0 -0.126912     -0.232434    
872  1.869      1  0 -0.126882     -0.229628    
873  1.870      1  0 -0.126854     -0.226878    
874  1.871      1  0 -0.126829     -0.224290    
875  1.872      1  0 -0.126809     -0.221966    
876  1.873      1  0 -0.126793     -0.219999    
877  1.874      1  0 -0.126783     -0.218468    
878  1.875      1  0 -0.126778     -0.217434    
879  1.876      1  0 -0.126780     -0.216939    
880  1.877      1  0 -0.126786     -0.216999    
881  1.878      1  0 -0.126798     -0.217608    
882  1.879      1  0 -0.126815     -0.218739    
883  1.880      1  0 -0.126835     -0.220341    
884  1.881      1  0 -0.126859     -0.222347    
885  1.882      1  0 -0.126884     -0.224673    
886  1.883      1  0 -0.126911     -0.227227    
887  1.884      1  0 -0.126937     -0.229912    
888  1.885      1  0 -0.126962     -0.232627    
889  1.886      1  0 -0.126986     -0.235275    
890  1.887      1  0 -0.127006     -0.237765    
891  1.888      1  0 -0.127022     -0.240014    
892  1.889      1  0 -0.127034     -0.241948    
893  1.890      1  0 -0.127040     -0.243505    
894  1.891      1  0 -0.127041     -0.244637    
895  1.892      1  0 -0.127037     -0.245306    
896  1.893      1  0 -0.127027     -0.245492    
897  1.894      1  0 -0.127013     -0.245186    
898  1.895      1  0 -0.126993     -0.244395    
899  1.896      1  0 -0.126969     -0.243140    
900  1.897      1  0 -0.126942     -0.241460    
901  1.898      1  0 -0.126912     -0.239406    
902  1.899      1  0 -0.126881     -0.237046    
903  1.900      1  0 -0.126849     -0.234461    
904  1.901      1  0 -0.126818     -0.231741    
905  1.902      1  0 -0.126788     -0.228987    
906  1.903      1  0 -0.126761     -0.226302    
907  1.904      1  0 -0.126737     -0.223790    
908  1.905      1  0 -0.126718     -0.221551    
909  1.906      1  0 -0.126703     -0.219673    
910  1.907      1  0 -0.126693     -0.218232    
911  1.908      1  0 -0.126689     -0.217286    
912  1.909      1  0 -0.126691     -0.216872    
913  1.910      1  0 -0.126698     -0.217003    
914  1.911      1  0 -0.126710     -0.217672    
915  1.912      1  0 -0.126726     -0.218847    
916  1.913      1  0 -0.126747     -0.220476    
917  1.914      1  0 -0.126770     -0.222492    
918  1.915      1  0 -0.126795     -0.224810    
919  1.916      1  0 -0.126821     -0.227341    
920  1.917      1  0 -0.126847     -0.229986    
921  1.918      1  0 -0.126871     -0.232649    
922  1.919      1  0 -0.126893     -0.235234    
923  1.920      1  0 -0.126912     -0.237652    
924  1.921      1  0 -0.126928     -0.239822    
925  1.922      1  0 -0.126938     -0.241674    
926  1.923      1  0 -0.126944     -0.243148    
927  1.924      1  0 -0.126944     -0.244198    
928  1.925      1  0 -0.126939     -0.244790    
929  1.926      1  0 -0.126929     -0.244904    
930  1.927      1  0 -0.126914     -0.244534    
931  1.928      1  0 -0.126894     -0.243689    
932  1.929      1  0 -0.126870     -0.242394    
933  1.930      1  0 -0.126843     -0.240687    
934  1.931      1  0 -0.126813     -0.238622    
935  1.932      1  0 -0.126782     -0.236267    
936  1.933      1  0 -0.126751     -0.233704    
937  1.934      1  0 -0.126720     -0.231024    
938  1.935      1  0 -0.126691     -0.228324    
939  1.936      1  0 -0.126665     -0.225707    
940  1.937      1  0 -0.126642     -0.223275    
941  1.938      1  0 -0.126623     -0.221123    
942  1.939      1  0 -0.126609     -0.219338    
943  1.940      1  0 -0.126600     -0.217991    
944  1.941      1  0 -0.126597     -0.217136    
945  1.942      1  0 -0.126599     -0.216806    
946  1.943      1  0 -0.126607     -0.217011    
947  1.944      1  0 -0.126619     -0.217740    
948  1.945      1  0 -0.126635     -0.218960    
949  1.946      1  0 -0.126656     -0.220618    
950  1.947      1  0 -0.126678     -0.222643    
951  1.948      1  0 -0.126703     -0.224954    
952  1.949      1  0 -0.126728     -0.227459    
953  1.950      1  0 -0.126753     -0.230064    
954  1.951      1  0 -0.126777     -0.232672    
955  1.952      1  0 -0.126798     -0.235191    
956  1.953      1  0 -0.126817     -0.237534    
957  1.954      1  0 -0.126831     -0.239623    
958  1.955      1  0 -0.126841     -0.241389    
959  1.956      1  0 -0.126845     -0.242776    
960  1.957      1  0 -0.126845     -0.243741    
961  1.958      1  0 -0.126839     -0.244252    
962  1.959      1  0 -0.126828     -0.244291    
963  1.960      1  0 -0.126813     -0.243855    
964  1.961      1  0 -0.126792     -0.242956    
965  1.962      1  0 -0.126768     -0.241619    
966  1.963      1  0 -0.126741     -0.239885    
967  1.964      1  0 -0.126712     -0.237810    
968  1.965      1  0 -0.126682     -0.235462    
969  1.966      1  0 -0.126651     -0.232923    
970  1.967      1  0 -0.126621     -0.230283    
971  1.968      1  0 -0.126592     -0.227641    
972  1.969      1  0 -0.126567     -0.225096    
973  1.970      1  0 -0.126545     -0.222748    
974  1.971      1  0 -0.126527     -0.220688    
975  1.972      1  0 -0.126514     -0.219000    
976  1.973      1  0 -0.126506     -0.217750    
977  1.974      1  0 -0.126503     -0.216989    
978  1.975      1  0 -0.126506     -0.216746    
979  1.976      1  0 -0.126514     -0.217028    
980  1.977      1  0 -0.126526     -0.217820    
981  1.978      1  0 -0.126543     -0.219086    
982  1.979      1  0 -0.126563     -0.220772    
983  1.980      1  0 -0.126586     -0.222807    
984  1.981      1  0 -0.126610     -0.225109    
985  1.982      1  0 -0.126635     -0.227587    
986  1.983      1  0 -0.126659     -0.230149    
987  1.984      1  0 -0.126682     -0.232700    
988  1.985      1  0 -0.126702     -0.235150    
989  1.986      1  0 -0.126719     -0.237414    
990  1.987      1  0 -0.126732     -0.239418    
991  1.988      1  0 -0.126741     -0.241095    
992  1.989      1  0 -0.126745     -0.242392    
993  1.990      1  0 -0.126744     -0.243268    
994  1.991      1  0 -0.126737     -0.243695    
995  1.992      1  0 -0.126726     -0.243657    
996  1.993      1  0 -0.126710     -0.243154    
997  1.994      1  0 -0.126689     -0.242199    
998  1.995      1  0 -0.126665     -0.240819    
999  1.996      1  0 -0.126638     -0.239058    
