# Pazy Wing (simplified : constant stiffness properties)                          
# Operating point sequence...
# i     t     conv	stall	 RY pos[ 1]    Theta[ 1]    
  1  2.994      1  0 -0.126387     -0.223268    
  2  2.995      1  0 -0.126397     -0.223880    
  3  2.996      1  0 -0.126407     -0.224630    
  4  2.997      1  0 -0.126419     -0.225543    
  5  2.998      1  0 -0.126432     -0.226601    
  6  2.999      1  0 -0.126445     -0.227772    
  7  3.000      1  0 -0.126458     -0.229011    
  8  3.001      1  0 -0.126471     -0.230276    
  9  3.002      1  0 -0.126483     -0.231520    
 10  3.003      1  0 -0.126494     -0.232698    
 11  3.004      1  0 -0.126502     -0.233770    
 12  3.005      1  0 -0.126509     -0.234698    
 13  3.006      1  0 -0.126514     -0.235450    
 14  3.007      1  0 -0.126516     -0.236001    
 15  3.008      1  0 -0.126516     -0.236332    
 16  3.009      1  0 -0.126513     -0.236431    
 17  3.010      1  0 -0.126507     -0.236295    
 18  3.011      1  0 -0.126500     -0.235928    
 19  3.012      1  0 -0.126490     -0.235343    
 20  3.013      1  0 -0.126479     -0.234559    
 21  3.014      1  0 -0.126467     -0.233605    
 22  3.015      1  0 -0.126454     -0.232512    
 23  3.016      1  0 -0.126441     -0.231320    
 24  3.017      1  0 -0.126428     -0.230072    
 25  3.018      1  0 -0.126415     -0.228814    
 26  3.019      1  0 -0.126404     -0.227592    
 27  3.020      1  0 -0.126394     -0.226453    
 28  3.021      1  0 -0.126387     -0.225440    
 29  3.022      1  0 -0.126381     -0.224590    
 30  3.023      1  0 -0.126377     -0.223937    
 31  3.024      1  0 -0.126377     -0.223505    
 32  3.025      1  0 -0.126378     -0.223311    
 33  3.026      1  0 -0.126382     -0.223361    
 34  3.027      1  0 -0.126389     -0.223653    
 35  3.028      1  0 -0.126397     -0.224175    
 36  3.029      1  0 -0.126408     -0.224905    
 37  3.030      1  0 -0.126419     -0.225814    
 38  3.031      1  0 -0.126432     -0.226869    
 39  3.032      1  0 -0.126445     -0.228029    
 40  3.033      1  0 -0.126458     -0.229249    
 41  3.034      1  0 -0.126470     -0.230487    
 42  3.035      1  0 -0.126482     -0.231696    
 43  3.036      1  0 -0.126492     -0.232834    
 44  3.037      1  0 -0.126500     -0.233860    
 45  3.038      1  0 -0.126507     -0.234740    
 46  3.039      1  0 -0.126511     -0.235442    
 47  3.040      1  0 -0.126513     -0.235944    
 48  3.041      1  0 -0.126512     -0.236227    
 49  3.042      1  0 -0.126509     -0.236282    
 50  3.043      1  0 -0.126503     -0.236107    
 51  3.044      1  0 -0.126495     -0.235708    
 52  3.045      1  0 -0.126486     -0.235098    
 53  3.046      1  0 -0.126475     -0.234299    
 54  3.047      1  0 -0.126463     -0.233337    
 55  3.048      1  0 -0.126450     -0.232247    
 56  3.049      1  0 -0.126437     -0.231068    
 57  3.050      1  0 -0.126425     -0.229843    
 58  3.051      1  0 -0.126413     -0.228615    
 59  3.052      1  0 -0.126402     -0.227432    
 60  3.053      1  0 -0.126393     -0.226337    
 61  3.054      1  0 -0.126386     -0.225372    
 62  3.055      1  0 -0.126381     -0.224573    
 63  3.056      1  0 -0.126378     -0.223972    
 64  3.057      1  0 -0.126378     -0.223590    
 65  3.058      1  0 -0.126380     -0.223443    
 66  3.059      1  0 -0.126384     -0.223535    
 67  3.060      1  0 -0.126391     -0.223862    
 68  3.061      1  0 -0.126400     -0.224411    
 69  3.062      1  0 -0.126410     -0.225160    
 70  3.063      1  0 -0.126422     -0.226079    
 71  3.064      1  0 -0.126435     -0.227133    
 72  3.065      1  0 -0.126447     -0.228282    
 73  3.066      1  0 -0.126460     -0.229484    
 74  3.067      1  0 -0.126472     -0.230693    
 75  3.068      1  0 -0.126483     -0.231867    
 76  3.069      1  0 -0.126493     -0.232964    
 77  3.070      1  0 -0.126501     -0.233945    
 78  3.071      1  0 -0.126507     -0.234777    
 79  3.072      1  0 -0.126511     -0.235430    
 80  3.073      1  0 -0.126512     -0.235883    
 81  3.074      1  0 -0.126511     -0.236120    
 82  3.075      1  0 -0.126508     -0.236133    
 83  3.076      1  0 -0.126502     -0.235922    
 84  3.077      1  0 -0.126494     -0.235493    
 85  3.078      1  0 -0.126485     -0.234861    
 86  3.079      1  0 -0.126474     -0.234048    
 87  3.080      1  0 -0.126462     -0.233083    
 88  3.081      1  0 -0.126450     -0.231998    
 89  3.082      1  0 -0.126437     -0.230833    
 90  3.083      1  0 -0.126425     -0.229630    
 91  3.084      1  0 -0.126414     -0.228434    
 92  3.085      1  0 -0.126403     -0.227288    
 93  3.086      1  0 -0.126395     -0.226237    
 94  3.087      1  0 -0.126388     -0.225319    
 95  3.088      1  0 -0.126384     -0.224571    
 96  3.089      1  0 -0.126382     -0.224020    
 97  3.090      1  0 -0.126382     -0.223688    
 98  3.091      1  0 -0.126385     -0.223586    
 99  3.092      1  0 -0.126389     -0.223719    
100  3.093      1  0 -0.126397     -0.224080    
101  3.094      1  0 -0.126406     -0.224654    
102  3.095      1  0 -0.126416     -0.225420    
103  3.096      1  0 -0.126428     -0.226346    
104  3.097      1  0 -0.126440     -0.227397    
105  3.098      1  0 -0.126453     -0.228534    
106  3.099      1  0 -0.126465     -0.229714    
107  3.100      1  0 -0.126477     -0.230895    
108  3.101      1  0 -0.126488     -0.232033    
109  3.102      1  0 -0.126497     -0.233089    
110  3.103      1  0 -0.126505     -0.234025    
111  3.104      1  0 -0.126510     -0.234809    
112  3.105      1  0 -0.126513     -0.235415    
113  3.106      1  0 -0.126514     -0.235821    
114  3.107      1  0 -0.126513     -0.236014    
115  3.108      1  0 -0.126509     -0.235987    
116  3.109      1  0 -0.126503     -0.235742    
117  3.110      1  0 -0.126496     -0.235285    
118  3.111      1  0 -0.126486     -0.234633    
119  3.112      1  0 -0.126475     -0.233808    
120  3.113      1  0 -0.126464     -0.232839    
121  3.114      1  0 -0.126452     -0.231761    
122  3.115      1  0 -0.126439     -0.230611    
123  3.116      1  0 -0.126428     -0.229432    
124  3.117      1  0 -0.126417     -0.228267    
125  3.118      1  0 -0.126407     -0.227160    
126  3.119      1  0 -0.126399     -0.226153    
127  3.120      1  0 -0.126393     -0.225283    
128  3.121      1  0 -0.126389     -0.224584    
129  3.122      1  0 -0.126387     -0.224082    
130  3.123      1  0 -0.126388     -0.223797    
131  3.124      1  0 -0.126391     -0.223740    
132  3.125      1  0 -0.126396     -0.223910    
133  3.126      1  0 -0.126404     -0.224302    
134  3.127      1  0 -0.126413     -0.224900    
135  3.128      1  0 -0.126423     -0.225679    
136  3.129      1  0 -0.126435     -0.226610    
137  3.130      1  0 -0.126447     -0.227657    
138  3.131      1  0 -0.126459     -0.228780    
139  3.132      1  0 -0.126472     -0.229938    
140  3.133      1  0 -0.126483     -0.231089    
141  3.134      1  0 -0.126493     -0.232192    
142  3.135      1  0 -0.126502     -0.233207    
143  3.136      1  0 -0.126509     -0.234098    
144  3.137      1  0 -0.126514     -0.234836    
145  3.138      1  0 -0.126517     -0.235396    
146  3.139      1  0 -0.126518     -0.235757    
147  3.140      1  0 -0.126516     -0.235907    
148  3.141      1  0 -0.126512     -0.235842    
149  3.142      1  0 -0.126506     -0.235564    
150  3.143      1  0 -0.126498     -0.235082    
151  3.144      1  0 -0.126488     -0.234411    
152  3.145      1  0 -0.126477     -0.233576    
153  3.146      1  0 -0.126466     -0.232606    
154  3.147      1  0 -0.126454     -0.231535    
155  3.148      1  0 -0.126442     -0.230401    
156  3.149      1  0 -0.126431     -0.229247    
157  3.150      1  0 -0.126420     -0.228114    
158  3.151      1  0 -0.126411     -0.227045    
159  3.152      1  0 -0.126403     -0.226081    
160  3.153      1  0 -0.126398     -0.225258    
161  3.154      1  0 -0.126394     -0.224607    
162  3.155      1  0 -0.126393     -0.224154    
163  3.156      1  0 -0.126394     -0.223915    
164  3.157      1  0 -0.126397     -0.223899    
165  3.158      1  0 -0.126403     -0.224106    
166  3.159      1  0 -0.126410     -0.224527    
167  3.160      1  0 -0.126419     -0.225145    
168  3.161      1  0 -0.126430     -0.225937    
169  3.162      1  0 -0.126441     -0.226870    
170  3.163      1  0 -0.126453     -0.227910    
171  3.164      1  0 -0.126465     -0.229018    
172  3.165      1  0 -0.126477     -0.230153    
173  3.166      1  0 -0.126488     -0.231273    
174  3.167      1  0 -0.126498     -0.232339    
175  3.168      1  0 -0.126506     -0.233313    
176  3.169      1  0 -0.126513     -0.234162    
177  3.170      1  0 -0.126517     -0.234855    
178  3.171      1  0 -0.126520     -0.235369    
179  3.172      1  0 -0.126520     -0.235686    
180  3.173      1  0 -0.126518     -0.235796    
181  3.174      1  0 -0.126513     -0.235695    
182  3.175      1  0 -0.126507     -0.235385    
183  3.176      1  0 -0.126499     -0.234878    
184  3.177      1  0 -0.126489     -0.234191    
185  3.178      1  0 -0.126478     -0.233347    
186  3.179      1  0 -0.126467     -0.232377    
187  3.180      1  0 -0.126455     -0.231315    
188  3.181      1  0 -0.126443     -0.230198    
189  3.182      1  0 -0.126432     -0.229069    
190  3.183      1  0 -0.126422     -0.227969    
191  3.184      1  0 -0.126414     -0.226939    
192  3.185      1  0 -0.126406     -0.226018    
193  3.186      1  0 -0.126401     -0.225242    
194  3.187      1  0 -0.126398     -0.224638    
195  3.188      1  0 -0.126397     -0.224232    
196  3.189      1  0 -0.126399     -0.224036    
197  3.190      1  0 -0.126402     -0.224060    
198  3.191      1  0 -0.126408     -0.224300    
199  3.192      1  0 -0.126416     -0.224748    
200  3.193      1  0 -0.126425     -0.225385    
201  3.194      1  0 -0.126435     -0.226186    
202  3.195      1  0 -0.126447     -0.227121    
203  3.196      1  0 -0.126458     -0.228153    
204  3.197      1  0 -0.126470     -0.229245    
205  3.198      1  0 -0.126481     -0.230356    
206  3.199      1  0 -0.126492     -0.231446    
207  3.200      1  0 -0.126501     -0.232476    
208  3.201      1  0 -0.126509     -0.233410    
209  3.202      1  0 -0.126515     -0.234215    
210  3.203      1  0 -0.126519     -0.234863    
211  3.204      1  0 -0.126521     -0.235333    
212  3.205      1  0 -0.126521     -0.235608    
213  3.206      1  0 -0.126518     -0.235678    
214  3.207      1  0 -0.126513     -0.235542    
215  3.208      1  0 -0.126507     -0.235203    
216  3.209      1  0 -0.126498     -0.234674    
217  3.210      1  0 -0.126489     -0.233971    
218  3.211      1  0 -0.126478     -0.233121    
219  3.212      1  0 -0.126467     -0.232153    
220  3.213      1  0 -0.126455     -0.231100    
221  3.214      1  0 -0.126444     -0.230003    
222  3.215      1  0 -0.126433     -0.228900    
223  3.216      1  0 -0.126423     -0.227833    
224  3.217      1  0 -0.126415     -0.226842    
225  3.218      1  0 -0.126408     -0.225964    
226  3.219      1  0 -0.126404     -0.225232    
227  3.220      1  0 -0.126401     -0.224675    
228  3.221      1  0 -0.126401     -0.224313    
229  3.222      1  0 -0.126402     -0.224160    
230  3.223      1  0 -0.126406     -0.224221    
231  3.224      1  0 -0.126412     -0.224494    
232  3.225      1  0 -0.126420     -0.224966    
233  3.226      1  0 -0.126429     -0.225620    
234  3.227      1  0 -0.126440     -0.226429    
235  3.228      1  0 -0.126451     -0.227364    
236  3.229      1  0 -0.126462     -0.228387    
237  3.230      1  0 -0.126474     -0.229462    
238  3.231      1  0 -0.126485     -0.230548    
239  3.232      1  0 -0.126495     -0.231607    
240  3.233      1  0 -0.126504     -0.232601    
241  3.234      1  0 -0.126511     -0.233495    
242  3.235      1  0 -0.126517     -0.234257    
243  3.236      1  0 -0.126520     -0.234862    
244  3.237      1  0 -0.126521     -0.235289    
245  3.238      1  0 -0.126521     -0.235522    
246  3.239      1  0 -0.126518     -0.235555    
247  3.240      1  0 -0.126513     -0.235386    
248  3.241      1  0 -0.126506     -0.235020    
249  3.242      1  0 -0.126498     -0.234470    
250  3.243      1  0 -0.126488     -0.233755    
251  3.244      1  0 -0.126477     -0.232899    
252  3.245      1  0 -0.126466     -0.231934    
253  3.246      1  0 -0.126455     -0.230893    
254  3.247      1  0 -0.126444     -0.229815    
255  3.248      1  0 -0.126434     -0.228739    
256  3.249      1  0 -0.126424     -0.227705    
257  3.250      1  0 -0.126417     -0.226753    
258  3.251      1  0 -0.126410     -0.225917    
259  3.252      1  0 -0.126406     -0.225231    
260  3.253      1  0 -0.126404     -0.224719    
261  3.254      1  0 -0.126404     -0.224401    
262  3.255      1  0 -0.126406     -0.224289    
263  3.256      1  0 -0.126410     -0.224386    
264  3.257      1  0 -0.126416     -0.224688    
265  3.258      1  0 -0.126424     -0.225184    
266  3.259      1  0 -0.126434     -0.225852    
267  3.260      1  0 -0.126444     -0.226668    
268  3.261      1  0 -0.126455     -0.227600    
269  3.262      1  0 -0.126466     -0.228613    
270  3.263      1  0 -0.126477     -0.229669    
271  3.264      1  0 -0.126488     -0.230730    
272  3.265      1  0 -0.126498     -0.231758    
273  3.266      1  0 -0.126506     -0.232716    
274  3.267      1  0 -0.126513     -0.233571    
275  3.268      1  0 -0.126518     -0.234291    
276  3.269      1  0 -0.126521     -0.234854    
277  3.270      1  0 -0.126522     -0.235239    
278  3.271      1  0 -0.126521     -0.235433    
279  3.272      1  0 -0.126518     -0.235429    
280  3.273      1  0 -0.126513     -0.235228    
281  3.274      1  0 -0.126506     -0.234836    
282  3.275      1  0 -0.126498     -0.234267    
283  3.276      1  0 -0.126488     -0.233540    
284  3.277      1  0 -0.126478     -0.232681    
285  3.278      1  0 -0.126467     -0.231720    
286  3.279      1  0 -0.126456     -0.230693    
287  3.280      1  0 -0.126445     -0.229636    
288  3.281      1  0 -0.126435     -0.228588    
289  3.282      1  0 -0.126426     -0.227588    
290  3.283      1  0 -0.126419     -0.226674    
291  3.284      1  0 -0.126413     -0.225881    
292  3.285      1  0 -0.126409     -0.225238    
293  3.286      1  0 -0.126408     -0.224770    
294  3.287      1  0 -0.126408     -0.224494    
295  3.288      1  0 -0.126410     -0.224421    
296  3.289      1  0 -0.126415     -0.224552    
297  3.290      1  0 -0.126421     -0.224883    
298  3.291      1  0 -0.126429     -0.225399    
299  3.292      1  0 -0.126439     -0.226081    
300  3.293      1  0 -0.126449     -0.226902    
301  3.294      1  0 -0.126460     -0.227830    
302  3.295      1  0 -0.126471     -0.228832    
303  3.296      1  0 -0.126482     -0.229870    
304  3.297      1  0 -0.126492     -0.230906    
305  3.298      1  0 -0.126502     -0.231902    
306  3.299      1  0 -0.126510     -0.232824    
307  3.300      1  0 -0.126516     -0.233639    
308  3.301      1  0 -0.126521     -0.234319    
309  3.302      1  0 -0.126523     -0.234840    
310  3.303      1  0 -0.126524     -0.235184    
311  3.304      1  0 -0.126523     -0.235339    
312  3.305      1  0 -0.126519     -0.235301    
313  3.306      1  0 -0.126514     -0.235070    
314  3.307      1  0 -0.126507     -0.234654    
315  3.308      1  0 -0.126498     -0.234067    
316  3.309      1  0 -0.126489     -0.233331    
317  3.310      1  0 -0.126479     -0.232470    
318  3.311      1  0 -0.126468     -0.231516    
319  3.312      1  0 -0.126457     -0.230502    
320  3.313      1  0 -0.126447     -0.229467    
321  3.314      1  0 -0.126437     -0.228447    
322  3.315      1  0 -0.126429     -0.227482    
323  3.316      1  0 -0.126422     -0.226607    
324  3.317      1  0 -0.126417     -0.225855    
325  3.318      1  0 -0.126413     -0.225255    
326  3.319      1  0 -0.126412     -0.224829    
327  3.320      1  0 -0.126413     -0.224594    
328  3.321      1  0 -0.126416     -0.224557    
329  3.322      1  0 -0.126420     -0.224721    
330  3.323      1  0 -0.126427     -0.225078    
331  3.324      1  0 -0.126435     -0.225614    
332  3.325      1  0 -0.126444     -0.226307    
333  3.326      1  0 -0.126455     -0.227132    
334  3.327      1  0 -0.126465     -0.228056    
335  3.328      1  0 -0.126476     -0.229045    
336  3.329      1  0 -0.126487     -0.230063    
337  3.330      1  0 -0.126497     -0.231073    
338  3.331      1  0 -0.126506     -0.232038    
339  3.332      1  0 -0.126513     -0.232924    
340  3.333      1  0 -0.126519     -0.233700    
341  3.334      1  0 -0.126524     -0.234339    
342  3.335      1  0 -0.126526     -0.234819    
343  3.336      1  0 -0.126526     -0.235123    
344  3.337      1  0 -0.126524     -0.235241    
345  3.338      1  0 -0.126521     -0.235170    
346  3.339      1  0 -0.126515     -0.234911    
347  3.340      1  0 -0.126508     -0.234473    
348  3.341      1  0 -0.126500     -0.233871    
349  3.342      1  0 -0.126490     -0.233127    
350  3.343      1  0 -0.126480     -0.232266    
351  3.344      1  0 -0.126469     -0.231319    
352  3.345      1  0 -0.126459     -0.230321    
353  3.346      1  0 -0.126449     -0.229308    
354  3.347      1  0 -0.126440     -0.228317    
355  3.348      1  0 -0.126432     -0.227385    
356  3.349      1  0 -0.126425     -0.226548    
357  3.350      1  0 -0.126420     -0.225837    
358  3.351      1  0 -0.126418     -0.225279    
359  3.352      1  0 -0.126417     -0.224894    
360  3.353      1  0 -0.126418     -0.224698    
361  3.354      1  0 -0.126421     -0.224698    
362  3.355      1  0 -0.126426     -0.224893    
363  3.356      1  0 -0.126432     -0.225275    
364  3.357      1  0 -0.126441     -0.225828    
365  3.358      1  0 -0.126450     -0.226531    
366  3.359      1  0 -0.126460     -0.227357    
367  3.360      1  0 -0.126470     -0.228275    
368  3.361      1  0 -0.126481     -0.229251    
369  3.362      1  0 -0.126491     -0.230249    
370  3.363      1  0 -0.126501     -0.231231    
371  3.364      1  0 -0.126509     -0.232164    
372  3.365      1  0 -0.126517     -0.233014    
373  3.366      1  0 -0.126522     -0.233752    
374  3.367      1  0 -0.126526     -0.234351    
375  3.368      1  0 -0.126528     -0.234792    
376  3.369      1  0 -0.126528     -0.235058    
377  3.370      1  0 -0.126526     -0.235141    
378  3.371      1  0 -0.126522     -0.235038    
379  3.372      1  0 -0.126516     -0.234752    
380  3.373      1  0 -0.126509     -0.234294    
381  3.374      1  0 -0.126500     -0.233678    
382  3.375      1  0 -0.126491     -0.232927    
383  3.376      1  0 -0.126481     -0.232067    
384  3.377      1  0 -0.126470     -0.231129    
385  3.378      1  0 -0.126460     -0.230147    
386  3.379      1  0 -0.126451     -0.229156    
387  3.380      1  0 -0.126442     -0.228195    
388  3.381      1  0 -0.126434     -0.227297    
389  3.382      1  0 -0.126428     -0.226498    
390  3.383      1  0 -0.126424     -0.225827    
391  3.384      1  0 -0.126421     -0.225310    
392  3.385      1  0 -0.126421     -0.224966    
393  3.386      1  0 -0.126422     -0.224808    
394  3.387      1  0 -0.126425     -0.224841    
395  3.388      1  0 -0.126431     -0.225065    
396  3.389      1  0 -0.126437     -0.225469    
397  3.390      1  0 -0.126445     -0.226038    
398  3.391      1  0 -0.126455     -0.226749    
399  3.392      1  0 -0.126465     -0.227576    
400  3.393      1  0 -0.126475     -0.228487    
401  3.394      1  0 -0.126485     -0.229449    
402  3.395      1  0 -0.126495     -0.230425    
403  3.396      1  0 -0.126504     -0.231381    
404  3.397      1  0 -0.126513     -0.232282    
405  3.398      1  0 -0.126519     -0.233097    
406  3.399      1  0 -0.126525     -0.233796    
407  3.400      1  0 -0.126528     -0.234357    
408  3.401      1  0 -0.126529     -0.234758    
409  3.402      1  0 -0.126529     -0.234988    
410  3.403      1  0 -0.126527     -0.235037    
411  3.404      1  0 -0.126522     -0.234903    
412  3.405      1  0 -0.126517     -0.234593    
413  3.406      1  0 -0.126509     -0.234115    
414  3.407      1  0 -0.126501     -0.233487    
415  3.408      1  0 -0.126491     -0.232731    
416  3.409      1  0 -0.126481     -0.231874    
417  3.410      1  0 -0.126471     -0.230946    
418  3.411      1  0 -0.126461     -0.229980    
419  3.412      1  0 -0.126452     -0.229014    
420  3.413      1  0 -0.126444     -0.228081    
421  3.414      1  0 -0.126436     -0.227217    
422  3.415      1  0 -0.126431     -0.226455    
423  3.416      1  0 -0.126427     -0.225824    
424  3.417      1  0 -0.126425     -0.225347    
425  3.418      1  0 -0.126424     -0.225042    
426  3.419      1  0 -0.126426     -0.224920    
427  3.420      1  0 -0.126430     -0.224987    
428  3.421      1  0 -0.126435     -0.225238    
429  3.422      1  0 -0.126442     -0.225663    
430  3.423      1  0 -0.126450     -0.226247    
431  3.424      1  0 -0.126459     -0.226965    
432  3.425      1  0 -0.126469     -0.227791    
433  3.426      1  0 -0.126479     -0.228693    
434  3.427      1  0 -0.126489     -0.229639    
435  3.428      1  0 -0.126499     -0.230593    
436  3.429      1  0 -0.126508     -0.231521    
437  3.430      1  0 -0.126516     -0.232391    
438  3.431      1  0 -0.126522     -0.233170    
439  3.432      1  0 -0.126527     -0.233832    
440  3.433      1  0 -0.126530     -0.234355    
441  3.434      1  0 -0.126531     -0.234719    
442  3.435      1  0 -0.126530     -0.234913    
443  3.436      1  0 -0.126528     -0.234930    
444  3.437      1  0 -0.126523     -0.234768    
445  3.438      1  0 -0.126517     -0.234434    
446  3.439      1  0 -0.126510     -0.233939    
447  3.440      1  0 -0.126501     -0.233300    
448  3.441      1  0 -0.126492     -0.232540    
449  3.442      1  0 -0.126482     -0.231685    
450  3.443      1  0 -0.126472     -0.230768    
451  3.444      1  0 -0.126463     -0.229820    
452  3.445      1  0 -0.126454     -0.228878    
453  3.446      1  0 -0.126446     -0.227975    
454  3.447      1  0 -0.126439     -0.227145    
455  3.448      1  0 -0.126434     -0.226421    
456  3.449      1  0 -0.126430     -0.225829    
457  3.450      1  0 -0.126428     -0.225391    
458  3.451      1  0 -0.126428     -0.225124    
459  3.452      1  0 -0.126430     -0.225038    
460  3.453      1  0 -0.126434     -0.225135    
461  3.454      1  0 -0.126440     -0.225411    
462  3.455      1  0 -0.126447     -0.225856    
463  3.456      1  0 -0.126455     -0.226451    
464  3.457      1  0 -0.126464     -0.227174    
465  3.458      1  0 -0.126474     -0.227998    
466  3.459      1  0 -0.126484     -0.228891    
467  3.460      1  0 -0.126494     -0.229821    
468  3.461      1  0 -0.126503     -0.230753    
469  3.462      1  0 -0.126512     -0.231654    
470  3.463      1  0 -0.126519     -0.232492    
471  3.464      1  0 -0.126525     -0.233237    
472  3.465      1  0 -0.126529     -0.233863    
473  3.466      1  0 -0.126532     -0.234348    
474  3.467      1  0 -0.126533     -0.234676    
475  3.468      1  0 -0.126532     -0.234834    
476  3.469      1  0 -0.126529     -0.234819    
477  3.470      1  0 -0.126524     -0.234630    
478  3.471      1  0 -0.126518     -0.234273    
479  3.472      1  0 -0.126511     -0.233762    
480  3.473      1  0 -0.126502     -0.233114    
481  3.474      1  0 -0.126493     -0.232352    
482  3.475      1  0 -0.126483     -0.231503    
483  3.476      1  0 -0.126474     -0.230598    
484  3.477      1  0 -0.126464     -0.229669    
485  3.478      1  0 -0.126456     -0.228751    
486  3.479      1  0 -0.126448     -0.227878    
487  3.480      1  0 -0.126442     -0.227083    
488  3.481      1  0 -0.126437     -0.226395    
489  3.482      1  0 -0.126434     -0.225840    
490  3.483      1  0 -0.126432     -0.225440    
491  3.484      1  0 -0.126433     -0.225209    
492  3.485      1  0 -0.126435     -0.225156    
493  3.486      1  0 -0.126439     -0.225282    
494  3.487      1  0 -0.126445     -0.225583    
495  3.488      1  0 -0.126452     -0.226046    
496  3.489      1  0 -0.126460     -0.226653    
497  3.490      1  0 -0.126469     -0.227380    
498  3.491      1  0 -0.126479     -0.228201    
499  3.492      1  0 -0.126489     -0.229084    
500  3.493      1  0 -0.126498     -0.229997    
501  3.494      1  0 -0.126507     -0.230906    
502  3.495      1  0 -0.126515     -0.231779    
503  3.496      1  0 -0.126522     -0.232585    
504  3.497      1  0 -0.126528     -0.233295    
505  3.498      1  0 -0.126532     -0.233884    
506  3.499      1  0 -0.126534     -0.234333    
507  3.500      1  0 -0.126535     -0.234625    
508  3.501      1  0 -0.126533     -0.234751    
509  3.502      1  0 -0.126530     -0.234705    
510  3.503      1  0 -0.126525     -0.234491    
511  3.504      1  0 -0.126519     -0.234115    
512  3.505      1  0 -0.126512     -0.233589    
513  3.506      1  0 -0.126503     -0.232933    
514  3.507      1  0 -0.126494     -0.232170    
515  3.508      1  0 -0.126484     -0.231327    
516  3.509      1  0 -0.126475     -0.230434    
517  3.510      1  0 -0.126466     -0.229525    
518  3.511      1  0 -0.126458     -0.228632    
519  3.512      1  0 -0.126450     -0.227788    
520  3.513      1  0 -0.126444     -0.227027    
521  3.514      1  0 -0.126440     -0.226375    
522  3.515      1  0 -0.126437     -0.225858    
523  3.516      1  0 -0.126436     -0.225495    
524  3.517      1  0 -0.126437     -0.225300    
525  3.518      1  0 -0.126439     -0.225279    
526  3.519      1  0 -0.126444     -0.225434    
527  3.520      1  0 -0.126450     -0.225757    
528  3.521      1  0 -0.126457     -0.226236    
529  3.522      1  0 -0.126465     -0.226852    
530  3.523      1  0 -0.126474     -0.227582    
531  3.524      1  0 -0.126483     -0.228398    
532  3.525      1  0 -0.126493     -0.229269    
533  3.526      1  0 -0.126502     -0.230165    
534  3.527      1  0 -0.126511     -0.231051    
535  3.528      1  0 -0.126519     -0.231896    
536  3.529      1  0 -0.126525     -0.232670    
537  3.530      1  0 -0.126531     -0.233346    
538  3.531      1  0 -0.126534     -0.233900    
539  3.532      1  0 -0.126536     -0.234314    
540  3.533      1  0 -0.126536     -0.234571    
541  3.534      1  0 -0.126535     -0.234665    
542  3.535      1  0 -0.126531     -0.234591    
543  3.536      1  0 -0.126526     -0.234352    
544  3.537      1  0 -0.126520     -0.233957    
545  3.538      1  0 -0.126512     -0.233418    
546  3.539      1  0 -0.126504     -0.232756    
547  3.540      1  0 -0.126495     -0.231993    
548  3.541      1  0 -0.126486     -0.231157    
549  3.542      1  0 -0.126476     -0.230278    
550  3.543      1  0 -0.126468     -0.229389    
551  3.544      1  0 -0.126460     -0.228521    
552  3.545      1  0 -0.126453     -0.227708    
553  3.546      1  0 -0.126447     -0.226979    
554  3.547      1  0 -0.126443     -0.226363    
555  3.548      1  0 -0.126441     -0.225882    
556  3.549      1  0 -0.126440     -0.225555    
557  3.550      1  0 -0.126441     -0.225393    
558  3.551      1  0 -0.126444     -0.225403    
559  3.552      1  0 -0.126448     -0.225584    
560  3.553      1  0 -0.126454     -0.225928    
561  3.554      1  0 -0.126461     -0.226422    
562  3.555      1  0 -0.126470     -0.227047    
563  3.556      1  0 -0.126478     -0.227778    
564  3.557      1  0 -0.126488     -0.228589    
565  3.558      1  0 -0.126497     -0.229448    
566  3.559      1  0 -0.126506     -0.230325    
567  3.560      1  0 -0.126514     -0.231188    
568  3.561      1  0 -0.126522     -0.232005    
569  3.562      1  0 -0.126528     -0.232748    
570  3.563      1  0 -0.126533     -0.233390    
571  3.564      1  0 -0.126536     -0.233910    
572  3.565      1  0 -0.126538     -0.234288    
573  3.566      1  0 -0.126538     -0.234513    
574  3.567      1  0 -0.126536     -0.234576    
575  3.568      1  0 -0.126532     -0.234475    
576  3.569      1  0 -0.126527     -0.234213    
577  3.570      1  0 -0.126520     -0.233800    
578  3.571      1  0 -0.126513     -0.233250    
579  3.572      1  0 -0.126504     -0.232583    
580  3.573      1  0 -0.126496     -0.231821    
581  3.574      1  0 -0.126487     -0.230993    
582  3.575      1  0 -0.126478     -0.230129    
583  3.576      1  0 -0.126469     -0.229259    
584  3.577      1  0 -0.126462     -0.228417    
585  3.578      1  0 -0.126455     -0.227634    
586  3.579      1  0 -0.126450     -0.226939    
587  3.580      1  0 -0.126446     -0.226357    
588  3.581      1  0 -0.126444     -0.225912    
589  3.582      1  0 -0.126443     -0.225620    
590  3.583      1  0 -0.126445     -0.225492    
591  3.584      1  0 -0.126448     -0.225532    
592  3.585      1  0 -0.126453     -0.225737    
593  3.586      1  0 -0.126459     -0.226101    
594  3.587      1  0 -0.126466     -0.226608    
595  3.588      1  0 -0.126474     -0.227240    
596  3.589      1  0 -0.126483     -0.227971    
597  3.590      1  0 -0.126492     -0.228774    
598  3.591      1  0 -0.126501     -0.229621    
599  3.592      1  0 -0.126510     -0.230479    
600  3.593      1  0 -0.126518     -0.231317    
601  3.594      1  0 -0.126525     -0.232106    
602  3.595      1  0 -0.126531     -0.232818    
603  3.596      1  0 -0.126535     -0.233427    
604  3.597      1  0 -0.126538     -0.233913    
605  3.598      1  0 -0.126539     -0.234258    
606  3.599      1  0 -0.126539     -0.234451    
607  3.600      1  0 -0.126537     -0.234484    
608  3.601      1  0 -0.126533     -0.234357    
609  3.602      1  0 -0.126528     -0.234074    
610  3.603      1  0 -0.126521     -0.233645    
611  3.604      1  0 -0.126514     -0.233085    
612  3.605      1  0 -0.126505     -0.232413    
613  3.606      1  0 -0.126497     -0.231654    
614  3.607      1  0 -0.126488     -0.230835    
615  3.608      1  0 -0.126479     -0.229986    
616  3.609      1  0 -0.126471     -0.229137    
617  3.610      1  0 -0.126464     -0.228321    
618  3.611      1  0 -0.126458     -0.227568    
619  3.612      1  0 -0.126453     -0.226906    
620  3.613      1  0 -0.126449     -0.226359    
621  3.614      1  0 -0.126448     -0.225949    
622  3.615      1  0 -0.126447     -0.225691    
623  3.616      1  0 -0.126449     -0.225594    
624  3.617      1  0 -0.126452     -0.225662    
625  3.618      1  0 -0.126457     -0.225891    
626  3.619      1  0 -0.126463     -0.226272    
627  3.620      1  0 -0.126471     -0.226791    
628  3.621      1  0 -0.126479     -0.227428    
629  3.622      1  0 -0.126488     -0.228158    
630  3.623      1  0 -0.126497     -0.228954    
631  3.624      1  0 -0.126505     -0.229786    
632  3.625      1  0 -0.126514     -0.230625    
633  3.626      1  0 -0.126522     -0.231440    
634  3.627      1  0 -0.126528     -0.232201    
635  3.628      1  0 -0.126534     -0.232882    
636  3.629      1  0 -0.126538     -0.233459    
637  3.630      1  0 -0.126541     -0.233911    
638  3.631      1  0 -0.126542     -0.234223    
639  3.632      1  0 -0.126541     -0.234385    
640  3.633      1  0 -0.126538     -0.234390    
641  3.634      1  0 -0.126535     -0.234238    
642  3.635      1  0 -0.126529     -0.233935    
643  3.636      1  0 -0.126523     -0.233491    
644  3.637      1  0 -0.126515     -0.232922    
645  3.638      1  0 -0.126507     -0.232248    
646  3.639      1  0 -0.126498     -0.231492    
647  3.640      1  0 -0.126490     -0.230683    
648  3.641      1  0 -0.126481     -0.229850    
649  3.642      1  0 -0.126473     -0.229023    
650  3.643      1  0 -0.126466     -0.228233    
651  3.644      1  0 -0.126461     -0.227510    
652  3.645      1  0 -0.126456     -0.226880    
653  3.646      1  0 -0.126453     -0.226368    
654  3.647      1  0 -0.126452     -0.225992    
655  3.648      1  0 -0.126452     -0.225766    
656  3.649      1  0 -0.126454     -0.225699    
657  3.650      1  0 -0.126457     -0.225794    
658  3.651      1  0 -0.126462     -0.226044    
659  3.652      1  0 -0.126468     -0.226442    
660  3.653      1  0 -0.126476     -0.226972    
661  3.654      1  0 -0.126484     -0.227612    
662  3.655      1  0 -0.126492     -0.228340    
663  3.656      1  0 -0.126501     -0.229127    
664  3.657      1  0 -0.126510     -0.229945    
665  3.658      1  0 -0.126518     -0.230765    
666  3.659      1  0 -0.126526     -0.231555    
667  3.660      1  0 -0.126532     -0.232288    
668  3.661      1  0 -0.126537     -0.232939    
669  3.662      1  0 -0.126541     -0.233484    
670  3.663      1  0 -0.126543     -0.233903    
671  3.664      1  0 -0.126544     -0.234184    
672  3.665      1  0 -0.126543     -0.234315    
673  3.666      1  0 -0.126540     -0.234293    
674  3.667      1  0 -0.126536     -0.234117    
675  3.668      1  0 -0.126530     -0.233795    
676  3.669      1  0 -0.126524     -0.233338    
677  3.670      1  0 -0.126516     -0.232761    
678  3.671      1  0 -0.126508     -0.232086    
679  3.672      1  0 -0.126500     -0.231336    
680  3.673      1  0 -0.126491     -0.230538    
681  3.674      1  0 -0.126483     -0.229721    
682  3.675      1  0 -0.126476     -0.228916    
683  3.676      1  0 -0.126469     -0.228153    
684  3.677      1  0 -0.126463     -0.227459    
685  3.678      1  0 -0.126459     -0.226862    
686  3.679      1  0 -0.126457     -0.226382    
687  3.680      1  0 -0.126455     -0.226039    
688  3.681      1  0 -0.126456     -0.225845    
689  3.682      1  0 -0.126458     -0.225807    
690  3.683      1  0 -0.126462     -0.225926    
691  3.684      1  0 -0.126467     -0.226198    
692  3.685      1  0 -0.126473     -0.226611    
693  3.686      1  0 -0.126480     -0.227150    
694  3.687      1  0 -0.126488     -0.227794    
695  3.688      1  0 -0.126497     -0.228518    
696  3.689      1  0 -0.126505     -0.229296    
697  3.690      1  0 -0.126514     -0.230099    
698  3.691      1  0 -0.126522     -0.230898    
699  3.692      1  0 -0.126529     -0.231664    
700  3.693      1  0 -0.126535     -0.232369    
701  3.694      1  0 -0.126540     -0.232989    
702  3.695      1  0 -0.126543     -0.233502    
703  3.696      1  0 -0.126545     -0.233890    
704  3.697      1  0 -0.126545     -0.234139    
705  3.698      1  0 -0.126544     -0.234242    
706  3.699      1  0 -0.126541     -0.234194    
707  3.700      1  0 -0.126537     -0.233997    
708  3.701      1  0 -0.126531     -0.233657    
709  3.702      1  0 -0.126525     -0.233188    
710  3.703      1  0 -0.126517     -0.232605    
711  3.704      1  0 -0.126509     -0.231929    
712  3.705      1  0 -0.126501     -0.231184    
713  3.706      1  0 -0.126493     -0.230398    
714  3.707      1  0 -0.126485     -0.229599    
715  3.708      1  0 -0.126478     -0.228816    
716  3.709      1  0 -0.126471     -0.228079    
717  3.710      1  0 -0.126466     -0.227414    
718  3.711      1  0 -0.126462     -0.226848    
719  3.712      1  0 -0.126460     -0.226401    
720  3.713      1  0 -0.126459     -0.226090    
721  3.714      1  0 -0.126460     -0.225926    
722  3.715      1  0 -0.126462     -0.225916    
723  3.716      1  0 -0.126466     -0.226060    
724  3.717      1  0 -0.126471     -0.226350    
725  3.718      1  0 -0.126477     -0.226777    
726  3.719      1  0 -0.126485     -0.227324    
727  3.720      1  0 -0.126493     -0.227970    
728  3.721      1  0 -0.126501     -0.228690    
729  3.722      1  0 -0.126509     -0.229457    
730  3.723      1  0 -0.126517     -0.230245    
731  3.724      1  0 -0.126525     -0.231023    
732  3.725      1  0 -0.126532     -0.231764    
733  3.726      1  0 -0.126538     -0.232442    
734  3.727      1  0 -0.126542     -0.233032    
735  3.728      1  0 -0.126545     -0.233514    
736  3.729      1  0 -0.126547     -0.233871    
737  3.730      1  0 -0.126547     -0.234091    
738  3.731      1  0 -0.126545     -0.234166    
739  3.732      1  0 -0.126542     -0.234093    
740  3.733      1  0 -0.126538     -0.233875    
741  3.734      1  0 -0.126532     -0.233520    
742  3.735      1  0 -0.126525     -0.233040    
743  3.736      1  0 -0.126518     -0.232452    
744  3.737      1  0 -0.126510     -0.231776    
745  3.738      1  0 -0.126502     -0.231039    
746  3.739      1  0 -0.126494     -0.230265    
747  3.740      1  0 -0.126486     -0.229483    
748  3.741      1  0 -0.126479     -0.228722    
749  3.742      1  0 -0.126473     -0.228011    
750  3.743      1  0 -0.126468     -0.227376    
751  3.744      1  0 -0.126465     -0.226841    
752  3.745      1  0 -0.126463     -0.226426    
753  3.746      1  0 -0.126462     -0.226146    
754  3.747      1  0 -0.126463     -0.226012    
755  3.748      1  0 -0.126466     -0.226028    
756  3.749      1  0 -0.126470     -0.226195    
757  3.750      1  0 -0.126475     -0.226504    
758  3.751      1  0 -0.126482     -0.226943    
759  3.752      1  0 -0.126489     -0.227497    
760  3.753      1  0 -0.126497     -0.228143    
761  3.754      1  0 -0.126505     -0.228858    
762  3.755      1  0 -0.126513     -0.229614    
763  3.756      1  0 -0.126521     -0.230385    
764  3.757      1  0 -0.126528     -0.231142    
765  3.758      1  0 -0.126535     -0.231859    
766  3.759      1  0 -0.126540     -0.232509    
767  3.760      1  0 -0.126545     -0.233069    
768  3.761      1  0 -0.126547     -0.233521    
769  3.762      1  0 -0.126549     -0.233848    
770  3.763      1  0 -0.126548     -0.234039    
771  3.764      1  0 -0.126547     -0.234088    
772  3.765      1  0 -0.126543     -0.233991    
773  3.766      1  0 -0.126539     -0.233754    
774  3.767      1  0 -0.126533     -0.233384    
775  3.768      1  0 -0.126527     -0.232894    
776  3.769      1  0 -0.126519     -0.232301    
777  3.770      1  0 -0.126511     -0.231628    
778  3.771      1  0 -0.126503     -0.230897    
779  3.772      1  0 -0.126496     -0.230136    
780  3.773      1  0 -0.126488     -0.229373    
781  3.774      1  0 -0.126482     -0.228635    
782  3.775      1  0 -0.126476     -0.227950    
783  3.776      1  0 -0.126471     -0.227344    
784  3.777      1  0 -0.126468     -0.226840    
785  3.778      1  0 -0.126466     -0.226456    
786  3.779      1  0 -0.126466     -0.226207    
787  3.780      1  0 -0.126467     -0.226101    
788  3.781      1  0 -0.126470     -0.226143    
789  3.782      1  0 -0.126474     -0.226330    
790  3.783      1  0 -0.126480     -0.226656    
791  3.784      1  0 -0.126486     -0.227106    
792  3.785      1  0 -0.126494     -0.227665    
793  3.786      1  0 -0.126501     -0.228311    
794  3.787      1  0 -0.126509     -0.229019    
795  3.788      1  0 -0.126517     -0.229764    
796  3.789      1  0 -0.126525     -0.230519    
797  3.790      1  0 -0.126532     -0.231255    
798  3.791      1  0 -0.126538     -0.231947    
799  3.792      1  0 -0.126543     -0.232570    
800  3.793      1  0 -0.126547     -0.233102    
801  3.794      1  0 -0.126550     -0.233524    
802  3.795      1  0 -0.126551     -0.233822    
803  3.796      1  0 -0.126550     -0.233985    
804  3.797      1  0 -0.126548     -0.234008    
805  3.798      1  0 -0.126545     -0.233889    
806  3.799      1  0 -0.126540     -0.233633    
807  3.800      1  0 -0.126535     -0.233249    
808  3.801      1  0 -0.126528     -0.232750    
809  3.802      1  0 -0.126521     -0.232155    
810  3.803      1  0 -0.126513     -0.231484    
811  3.804      1  0 -0.126505     -0.230761    
812  3.805      1  0 -0.126498     -0.230014    
813  3.806      1  0 -0.126491     -0.229269    
814  3.807      1  0 -0.126484     -0.228555    
815  3.808      1  0 -0.126479     -0.227897    
816  3.809      1  0 -0.126475     -0.227320    
817  3.810      1  0 -0.126472     -0.226845    
818  3.811      1  0 -0.126470     -0.226492    
819  3.812      1  0 -0.126470     -0.226271    
820  3.813      1  0 -0.126472     -0.226193    
821  3.814      1  0 -0.126475     -0.226259    
822  3.815      1  0 -0.126479     -0.226466    
823  3.816      1  0 -0.126485     -0.226807    
824  3.817      1  0 -0.126491     -0.227267    
825  3.818      1  0 -0.126498     -0.227830    
826  3.819      1  0 -0.126506     -0.228475    
827  3.820      1  0 -0.126514     -0.229176    
828  3.821      1  0 -0.126522     -0.229909    
829  3.822      1  0 -0.126529     -0.230646    
830  3.823      1  0 -0.126536     -0.231362    
831  3.824      1  0 -0.126542     -0.232029    
832  3.825      1  0 -0.126547     -0.232625    
833  3.826      1  0 -0.126550     -0.233129    
834  3.827      1  0 -0.126552     -0.233522    
835  3.828      1  0 -0.126553     -0.233791    
836  3.829      1  0 -0.126552     -0.233927    
837  3.830      1  0 -0.126550     -0.233925    
838  3.831      1  0 -0.126547     -0.233784    
839  3.832      1  0 -0.126542     -0.233511    
840  3.833      1  0 -0.126536     -0.233115    
841  3.834      1  0 -0.126530     -0.232608    
842  3.835      1  0 -0.126522     -0.232011    
843  3.836      1  0 -0.126515     -0.231344    
844  3.837      1  0 -0.126507     -0.230631    
845  3.838      1  0 -0.126500     -0.229898    
846  3.839      1  0 -0.126493     -0.229173    
847  3.840      1  0 -0.126487     -0.228481    
848  3.841      1  0 -0.126482     -0.227850    
849  3.842      1  0 -0.126478     -0.227301    
850  3.843      1  0 -0.126475     -0.226856    
851  3.844      1  0 -0.126474     -0.226532    
852  3.845      1  0 -0.126474     -0.226340    
853  3.846      1  0 -0.126476     -0.226287    
854  3.847      1  0 -0.126479     -0.226376    
855  3.848      1  0 -0.126484     -0.226602    
856  3.849      1  0 -0.126489     -0.226956    
857  3.850      1  0 -0.126496     -0.227426    
858  3.851      1  0 -0.126503     -0.227992    
859  3.852      1  0 -0.126510     -0.228635    
860  3.853      1  0 -0.126518     -0.229329    
861  3.854      1  0 -0.126526     -0.230049    
862  3.855      1  0 -0.126533     -0.230769    
863  3.856      1  0 -0.126539     -0.231463    
864  3.857      1  0 -0.126545     -0.232106    
865  3.858      1  0 -0.126549     -0.232675    
866  3.859      1  0 -0.126553     -0.233150    
867  3.860      1  0 -0.126555     -0.233515    
868  3.861      1  0 -0.126555     -0.233756    
869  3.862      1  0 -0.126554     -0.233865    
870  3.863      1  0 -0.126552     -0.233840    
871  3.864      1  0 -0.126548     -0.233679    
872  3.865      1  0 -0.126543     -0.233390    
873  3.866      1  0 -0.126537     -0.232982    
874  3.867      1  0 -0.126531     -0.232470    
875  3.868      1  0 -0.126523     -0.231872    
876  3.869      1  0 -0.126516     -0.231209    
877  3.870      1  0 -0.126509     -0.230506    
878  3.871      1  0 -0.126501     -0.229789    
879  3.872      1  0 -0.126495     -0.229082    
880  3.873      1  0 -0.126489     -0.228414    
881  3.874      1  0 -0.126484     -0.227808    
882  3.875      1  0 -0.126481     -0.227287    
883  3.876      1  0 -0.126478     -0.226871    
884  3.877      1  0 -0.126477     -0.226575    
885  3.878      1  0 -0.126478     -0.226410    
886  3.879      1  0 -0.126480     -0.226383    
887  3.880      1  0 -0.126483     -0.226493    
888  3.881      1  0 -0.126488     -0.226737    
889  3.882      1  0 -0.126493     -0.227104    
890  3.883      1  0 -0.126500     -0.227581    
891  3.884      1  0 -0.126507     -0.228150    
892  3.885      1  0 -0.126514     -0.228789    
893  3.886      1  0 -0.126522     -0.229475    
894  3.887      1  0 -0.126529     -0.230182    
895  3.888      1  0 -0.126536     -0.230884    
896  3.889      1  0 -0.126542     -0.231556    
897  3.890      1  0 -0.126548     -0.232174    
898  3.891      1  0 -0.126552     -0.232717    
899  3.892      1  0 -0.126555     -0.233165    
900  3.893      1  0 -0.126556     -0.233502    
901  3.894      1  0 -0.126557     -0.233716    
902  3.895      1  0 -0.126555     -0.233801    
903  3.896      1  0 -0.126553     -0.233753    
904  3.897      1  0 -0.126549     -0.233573    
905  3.898      1  0 -0.126544     -0.233269    
906  3.899      1  0 -0.126538     -0.232851    
907  3.900      1  0 -0.126532     -0.232334    
908  3.901      1  0 -0.126524     -0.231735    
909  3.902      1  0 -0.126517     -0.231078    
910  3.903      1  0 -0.126510     -0.230386    
911  3.904      1  0 -0.126503     -0.229683    
912  3.905      1  0 -0.126497     -0.228997    
913  3.906      1  0 -0.126491     -0.228351    
914  3.907      1  0 -0.126487     -0.227771    
915  3.908      1  0 -0.126483     -0.227278    
916  3.909      1  0 -0.126481     -0.226890    
917  3.910      1  0 -0.126481     -0.226622    
918  3.911      1  0 -0.126481     -0.226484    
919  3.912      1  0 -0.126483     -0.226480    
920  3.913      1  0 -0.126487     -0.226611    
921  3.914      1  0 -0.126492     -0.226871    
922  3.915      1  0 -0.126497     -0.227250    
923  3.916      1  0 -0.126504     -0.227734    
924  3.917      1  0 -0.126511     -0.228304    
925  3.918      1  0 -0.126518     -0.228939    
926  3.919      1  0 -0.126525     -0.229615    
927  3.920      1  0 -0.126532     -0.230309    
928  3.921      1  0 -0.126539     -0.230993    
929  3.922      1  0 -0.126545     -0.231644    
930  3.923      1  0 -0.126550     -0.232238    
931  3.924      1  0 -0.126554     -0.232755    
932  3.925      1  0 -0.126557     -0.233176    
933  3.926      1  0 -0.126558     -0.233485    
934  3.927      1  0 -0.126558     -0.233674    
935  3.928      1  0 -0.126557     -0.233734    
936  3.929      1  0 -0.126554     -0.233664    
937  3.930      1  0 -0.126550     -0.233466    
938  3.931      1  0 -0.126545     -0.233148    
939  3.932      1  0 -0.126539     -0.232720    
940  3.933      1  0 -0.126533     -0.232199    
941  3.934      1  0 -0.126526     -0.231602    
942  3.935      1  0 -0.126518     -0.230951    
943  3.936      1  0 -0.126511     -0.230270    
944  3.937      1  0 -0.126505     -0.229584    
945  3.938      1  0 -0.126498     -0.228917    
946  3.939      1  0 -0.126493     -0.228295    
947  3.940      1  0 -0.126489     -0.227741    
948  3.941      1  0 -0.126486     -0.227274    
949  3.942      1  0 -0.126484     -0.226914    
950  3.943      1  0 -0.126484     -0.226672    
951  3.944      1  0 -0.126485     -0.226559    
952  3.945      1  0 -0.126487     -0.226578    
953  3.946      1  0 -0.126491     -0.226729    
954  3.947      1  0 -0.126495     -0.227004    
955  3.948      1  0 -0.126501     -0.227394    
956  3.949      1  0 -0.126508     -0.227884    
957  3.950      1  0 -0.126514     -0.228455    
958  3.951      1  0 -0.126522     -0.229086    
959  3.952      1  0 -0.126529     -0.229753    
960  3.953      1  0 -0.126536     -0.230432    
961  3.954      1  0 -0.126542     -0.231098    
962  3.955      1  0 -0.126548     -0.231727    
963  3.956      1  0 -0.126553     -0.232297    
964  3.957      1  0 -0.126556     -0.232787    
965  3.958      1  0 -0.126559     -0.233180    
966  3.959      1  0 -0.126560     -0.233464    
967  3.960      1  0 -0.126560     -0.233627    
968  3.961      1  0 -0.126558     -0.233664    
969  3.962      1  0 -0.126555     -0.233574    
970  3.963      1  0 -0.126551     -0.233360    
971  3.964      1  0 -0.126546     -0.233030    
972  3.965      1  0 -0.126540     -0.232595    
973  3.966      1  0 -0.126534     -0.232071    
974  3.967      1  0 -0.126527     -0.231476    
975  3.968      1  0 -0.126520     -0.230831    
976  3.969      1  0 -0.126513     -0.230162    
977  3.970      1  0 -0.126506     -0.229491    
978  3.971      1  0 -0.126501     -0.228844    
979  3.972      1  0 -0.126496     -0.228244    
980  3.973      1  0 -0.126492     -0.227715    
981  3.974      1  0 -0.126489     -0.227275    
982  3.975      1  0 -0.126487     -0.226942    
983  3.976      1  0 -0.126487     -0.226727    
984  3.977      1  0 -0.126489     -0.226639    
985  3.978      1  0 -0.126491     -0.226681    
986  3.979      1  0 -0.126495     -0.226850    
987  3.980      1  0 -0.126500     -0.227140    
988  3.981      1  0 -0.126505     -0.227540    
989  3.982      1  0 -0.126512     -0.228034    
990  3.983      1  0 -0.126519     -0.228604    
991  3.984      1  0 -0.126526     -0.229229    
992  3.985      1  0 -0.126533     -0.229885    
993  3.986      1  0 -0.126539     -0.230549    
994  3.987      1  0 -0.126546     -0.231196    
995  3.988      1  0 -0.126551     -0.231803    
996  3.989      1  0 -0.126556     -0.232350    
997  3.990      1  0 -0.126559     -0.232815    
998  3.991      1  0 -0.126561     -0.233183    
999  3.992      1  0 -0.126562     -0.233441    
