# Pazy Wing (simplified : constant stiffness properties)                          
# Operating point sequence...
# i     t     conv	stall	 RY pos[ 1]    Theta[ 1]    
  1  7.984      1  0 -0.153022     -0.338429    
  2  7.985      1  0 -0.153022     -0.338428    
  3  7.986      1  0 -0.153022     -0.338427    
  4  7.987      1  0 -0.153023     -0.338428    
  5  7.988      1  0 -0.153023     -0.338431    
  6  7.989      1  0 -0.153023     -0.338434    
  7  7.990      1  0 -0.153023     -0.338439    
  8  7.991      1  0 -0.153023     -0.338445    
  9  7.992      1  0 -0.153023     -0.338452    
 10  7.993      1  0 -0.153023     -0.338460    
 11  7.994      1  0 -0.153023     -0.338468    
 12  7.995      1  0 -0.153024     -0.338477    
 13  7.996      1  0 -0.153024     -0.338485    
 14  7.997      1  0 -0.153024     -0.338494    
 15  7.998      1  0 -0.153024     -0.338502    
 16  7.999      1  0 -0.153024     -0.338510    
 17  8.000      1  0 -0.153023     -0.338516    
 18  8.001      1  0 -0.153023     -0.338522    
 19  8.002      1  0 -0.153023     -0.338526    
 20  8.003      1  0 -0.153023     -0.338528    
 21  8.004      1  0 -0.153023     -0.338530    
 22  8.005      1  0 -0.153023     -0.338529    
 23  8.006      1  0 -0.153023     -0.338528    
 24  8.007      1  0 -0.153023     -0.338525    
 25  8.008      1  0 -0.153023     -0.338520    
 26  8.009      1  0 -0.153024     -0.338515    
 27  8.010      1  0 -0.153024     -0.338509    
 28  8.011      1  0 -0.153024     -0.338502    
 29  8.012      1  0 -0.153024     -0.338495    
 30  8.013      1  0 -0.153024     -0.338488    
 31  8.014      1  0 -0.153024     -0.338480    
 32  8.015      1  0 -0.153025     -0.338473    
 33  8.016      1  0 -0.153025     -0.338466    
 34  8.017      1  0 -0.153025     -0.338460    
 35  8.018      1  0 -0.153025     -0.338454    
 36  8.019      1  0 -0.153025     -0.338450    
 37  8.020      1  0 -0.153026     -0.338446    
 38  8.021      1  0 -0.153026     -0.338444    
 39  8.022      1  0 -0.153026     -0.338444    
 40  8.023      1  0 -0.153026     -0.338445    
 41  8.024      1  0 -0.153026     -0.338448    
 42  8.025      1  0 -0.153027     -0.338452    
 43  8.026      1  0 -0.153027     -0.338457    
 44  8.027      1  0 -0.153027     -0.338464    
 45  8.028      1  0 -0.153027     -0.338472    
 46  8.029      1  0 -0.153027     -0.338480    
 47  8.030      1  0 -0.153027     -0.338489    
 48  8.031      1  0 -0.153027     -0.338498    
 49  8.032      1  0 -0.153027     -0.338507    
 50  8.033      1  0 -0.153027     -0.338516    
 51  8.034      1  0 -0.153027     -0.338525    
 52  8.035      1  0 -0.153027     -0.338533    
 53  8.036      1  0 -0.153027     -0.338539    
 54  8.037      1  0 -0.153027     -0.338545    
 55  8.038      1  0 -0.153027     -0.338550    
 56  8.039      1  0 -0.153027     -0.338554    
 57  8.040      1  0 -0.153027     -0.338556    
 58  8.041      1  0 -0.153027     -0.338558    
 59  8.042      1  0 -0.153027     -0.338557    
 60  8.043      1  0 -0.153027     -0.338556    
 61  8.044      1  0 -0.153027     -0.338552    
 62  8.045      1  0 -0.153027     -0.338548    
 63  8.046      1  0 -0.153028     -0.338543    
 64  8.047      1  0 -0.153028     -0.338537    
 65  8.048      1  0 -0.153028     -0.338530    
 66  8.049      1  0 -0.153028     -0.338523    
 67  8.050      1  0 -0.153029     -0.338516    
 68  8.051      1  0 -0.153029     -0.338509    
 69  8.052      1  0 -0.153029     -0.338503    
 70  8.053      1  0 -0.153029     -0.338497    
 71  8.054      1  0 -0.153030     -0.338492    
 72  8.055      1  0 -0.153030     -0.338489    
 73  8.056      1  0 -0.153030     -0.338486    
 74  8.057      1  0 -0.153031     -0.338485    
 75  8.058      1  0 -0.153031     -0.338485    
 76  8.059      1  0 -0.153032     -0.338486    
 77  8.060      1  0 -0.153032     -0.338489    
 78  8.061      1  0 -0.153032     -0.338494    
 79  8.062      1  0 -0.153032     -0.338499    
 80  8.063      1  0 -0.153033     -0.338506    
 81  8.064      1  0 -0.153033     -0.338515    
 82  8.065      1  0 -0.153033     -0.338523    
 83  8.066      1  0 -0.153034     -0.338533    
 84  8.067      1  0 -0.153034     -0.338543    
 85  8.068      1  0 -0.153034     -0.338553    
 86  8.069      1  0 -0.153034     -0.338563    
 87  8.070      1  0 -0.153034     -0.338573    
 88  8.071      1  0 -0.153035     -0.338582    
 89  8.072      1  0 -0.153035     -0.338590    
 90  8.073      1  0 -0.153035     -0.338597    
 91  8.074      1  0 -0.153035     -0.338603    
 92  8.075      1  0 -0.153036     -0.338607    
 93  8.076      1  0 -0.153036     -0.338611    
 94  8.077      1  0 -0.153036     -0.338613    
 95  8.078      1  0 -0.153036     -0.338613    
 96  8.079      1  0 -0.153037     -0.338613    
 97  8.080      1  0 -0.153037     -0.338611    
 98  8.081      1  0 -0.153038     -0.338608    
 99  8.082      1  0 -0.153038     -0.338604    
100  8.083      1  0 -0.153038     -0.338599    
101  8.084      1  0 -0.153039     -0.338594    
102  8.085      1  0 -0.153040     -0.338588    
103  8.086      1  0 -0.153040     -0.338582    
104  8.087      1  0 -0.153041     -0.338577    
105  8.088      1  0 -0.153041     -0.338571    
106  8.089      1  0 -0.153042     -0.338566    
107  8.090      1  0 -0.153043     -0.338563    
108  8.091      1  0 -0.153043     -0.338560    
109  8.092      1  0 -0.153044     -0.338558    
110  8.093      1  0 -0.153045     -0.338558    
111  8.094      1  0 -0.153046     -0.338559    
112  8.095      1  0 -0.153046     -0.338562    
113  8.096      1  0 -0.153047     -0.338566    
114  8.097      1  0 -0.153048     -0.338572    
115  8.098      1  0 -0.153048     -0.338579    
116  8.099      1  0 -0.153049     -0.338587    
117  8.100      1  0 -0.153050     -0.338597    
118  8.101      1  0 -0.153050     -0.338607    
119  8.102      1  0 -0.153051     -0.338617    
120  8.103      1  0 -0.153052     -0.338629    
121  8.104      1  0 -0.153052     -0.338640    
122  8.105      1  0 -0.153053     -0.338651    
123  8.106      1  0 -0.153054     -0.338662    
124  8.107      1  0 -0.153054     -0.338672    
125  8.108      1  0 -0.153055     -0.338682    
126  8.109      1  0 -0.153056     -0.338691    
127  8.110      1  0 -0.153056     -0.338699    
128  8.111      1  0 -0.153057     -0.338705    
129  8.112      1  0 -0.153058     -0.338711    
130  8.113      1  0 -0.153058     -0.338715    
131  8.114      1  0 -0.153059     -0.338717    
132  8.115      1  0 -0.153060     -0.338719    
133  8.116      1  0 -0.153061     -0.338719    
134  8.117      1  0 -0.153062     -0.338718    
135  8.118      1  0 -0.153063     -0.338716    
136  8.119      1  0 -0.153064     -0.338713    
137  8.120      1  0 -0.153065     -0.338709    
138  8.121      1  0 -0.153066     -0.338705    
139  8.122      1  0 -0.153067     -0.338701    
140  8.123      1  0 -0.153068     -0.338697    
141  8.124      1  0 -0.153069     -0.338694    
142  8.125      1  0 -0.153070     -0.338691    
143  8.126      1  0 -0.153071     -0.338689    
144  8.127      1  0 -0.153072     -0.338688    
145  8.128      1  0 -0.153074     -0.338688    
146  8.129      1  0 -0.153075     -0.338690    
147  8.130      1  0 -0.153076     -0.338692    
148  8.131      1  0 -0.153077     -0.338697    
149  8.132      1  0 -0.153078     -0.338703    
150  8.133      1  0 -0.153080     -0.338710    
151  8.134      1  0 -0.153081     -0.338719    
152  8.135      1  0 -0.153082     -0.338729    
153  8.136      1  0 -0.153083     -0.338740    
154  8.137      1  0 -0.153084     -0.338752    
155  8.138      1  0 -0.153086     -0.338764    
156  8.139      1  0 -0.153087     -0.338777    
157  8.140      1  0 -0.153088     -0.338790    
158  8.141      1  0 -0.153089     -0.338803    
159  8.142      1  0 -0.153090     -0.338815    
160  8.143      1  0 -0.153091     -0.338828    
161  8.144      1  0 -0.153092     -0.338839    
162  8.145      1  0 -0.153094     -0.338850    
163  8.146      1  0 -0.153095     -0.338860    
164  8.147      1  0 -0.153096     -0.338869    
165  8.148      1  0 -0.153097     -0.338876    
166  8.149      1  0 -0.153098     -0.338882    
167  8.150      1  0 -0.153100     -0.338887    
168  8.151      1  0 -0.153101     -0.338890    
169  8.152      1  0 -0.153102     -0.338892    
170  8.153      1  0 -0.153104     -0.338893    
171  8.154      1  0 -0.153105     -0.338893    
172  8.155      1  0 -0.153107     -0.338891    
173  8.156      1  0 -0.153108     -0.338890    
174  8.157      1  0 -0.153110     -0.338887    
175  8.158      1  0 -0.153111     -0.338885    
176  8.159      1  0 -0.153113     -0.338883    
177  8.160      1  0 -0.153114     -0.338881    
178  8.161      1  0 -0.153116     -0.338880    
179  8.162      1  0 -0.153118     -0.338880    
180  8.163      1  0 -0.153119     -0.338881    
181  8.164      1  0 -0.153121     -0.338884    
182  8.165      1  0 -0.153122     -0.338887    
183  8.166      1  0 -0.153124     -0.338892    
184  8.167      1  0 -0.153126     -0.338898    
185  8.168      1  0 -0.153128     -0.338906    
186  8.169      1  0 -0.153129     -0.338915    
187  8.170      1  0 -0.153131     -0.338925    
188  8.171      1  0 -0.153133     -0.338936    
189  8.172      1  0 -0.153134     -0.338949    
190  8.173      1  0 -0.153136     -0.338962    
191  8.174      1  0 -0.153137     -0.338976    
192  8.175      1  0 -0.153139     -0.338991    
193  8.176      1  0 -0.153141     -0.339006    
194  8.177      1  0 -0.153142     -0.339021    
195  8.178      1  0 -0.153144     -0.339036    
196  8.179      1  0 -0.153145     -0.339050    
197  8.180      1  0 -0.153147     -0.339065    
198  8.181      1  0 -0.153149     -0.339078    
199  8.182      1  0 -0.153150     -0.339090    
200  8.183      1  0 -0.153152     -0.339100    
201  8.184      1  0 -0.153153     -0.339110    
202  8.185      1  0 -0.153155     -0.339118    
203  8.186      1  0 -0.153157     -0.339124    
204  8.187      1  0 -0.153159     -0.339129    
205  8.188      1  0 -0.153160     -0.339133    
206  8.189      1  0 -0.153162     -0.339136    
207  8.190      1  0 -0.153164     -0.339138    
208  8.191      1  0 -0.153166     -0.339139    
209  8.192      1  0 -0.153168     -0.339139    
210  8.193      1  0 -0.153170     -0.339139    
211  8.194      1  0 -0.153171     -0.339139    
212  8.195      1  0 -0.153173     -0.339139    
213  8.196      1  0 -0.153175     -0.339139    
214  8.197      1  0 -0.153177     -0.339140    
215  8.198      1  0 -0.153180     -0.339141    
216  8.199      1  0 -0.153182     -0.339144    
217  8.200      1  0 -0.153184     -0.339147    
218  8.201      1  0 -0.153186     -0.339152    
219  8.202      1  0 -0.153188     -0.339158    
220  8.203      1  0 -0.153190     -0.339165    
221  8.204      1  0 -0.153192     -0.339174    
222  8.205      1  0 -0.153194     -0.339184    
223  8.206      1  0 -0.153196     -0.339196    
224  8.207      1  0 -0.153198     -0.339209    
225  8.208      1  0 -0.153200     -0.339223    
226  8.209      1  0 -0.153202     -0.339238    
227  8.210      1  0 -0.153204     -0.339254    
228  8.211      1  0 -0.153206     -0.339270    
229  8.212      1  0 -0.153208     -0.339287    
230  8.213      1  0 -0.153210     -0.339303    
231  8.214      1  0 -0.153212     -0.339320    
232  8.215      1  0 -0.153214     -0.339336    
233  8.216      1  0 -0.153216     -0.339352    
234  8.217      1  0 -0.153218     -0.339366    
235  8.218      1  0 -0.153220     -0.339380    
236  8.219      1  0 -0.153222     -0.339393    
237  8.220      1  0 -0.153224     -0.339404    
238  8.221      1  0 -0.153226     -0.339413    
239  8.222      1  0 -0.153228     -0.339422    
240  8.223      1  0 -0.153230     -0.339429    
241  8.224      1  0 -0.153232     -0.339435    
242  8.225      1  0 -0.153234     -0.339439    
243  8.226      1  0 -0.153236     -0.339443    
244  8.227      1  0 -0.153239     -0.339446    
245  8.228      1  0 -0.153241     -0.339448    
246  8.229      1  0 -0.153243     -0.339450    
247  8.230      1  0 -0.153245     -0.339451    
248  8.231      1  0 -0.153248     -0.339453    
249  8.232      1  0 -0.153250     -0.339455    
250  8.233      1  0 -0.153252     -0.339457    
251  8.234      1  0 -0.153255     -0.339460    
252  8.235      1  0 -0.153257     -0.339464    
253  8.236      1  0 -0.153260     -0.339469    
254  8.237      1  0 -0.153262     -0.339475    
255  8.238      1  0 -0.153265     -0.339482    
256  8.239      1  0 -0.153267     -0.339491    
257  8.240      1  0 -0.153269     -0.339501    
258  8.241      1  0 -0.153272     -0.339513    
259  8.242      1  0 -0.153274     -0.339526    
260  8.243      1  0 -0.153277     -0.339540    
261  8.244      1  0 -0.153279     -0.339556    
262  8.245      1  0 -0.153281     -0.339573    
263  8.246      1  0 -0.153284     -0.339590    
264  8.247      1  0 -0.153286     -0.339608    
265  8.248      1  0 -0.153288     -0.339627    
266  8.249      1  0 -0.153291     -0.339645    
267  8.250      1  0 -0.153293     -0.339663    
268  8.251      1  0 -0.153295     -0.339680    
269  8.252      1  0 -0.153297     -0.339697    
270  8.253      1  0 -0.153300     -0.339713    
271  8.254      1  0 -0.153302     -0.339728    
272  8.255      1  0 -0.153304     -0.339742    
273  8.256      1  0 -0.153307     -0.339755    
274  8.257      1  0 -0.153309     -0.339767    
275  8.258      1  0 -0.153312     -0.339777    
276  8.259      1  0 -0.153314     -0.339786    
277  8.260      1  0 -0.153316     -0.339794    
278  8.261      1  0 -0.153319     -0.339801    
279  8.262      1  0 -0.153321     -0.339807    
280  8.263      1  0 -0.153324     -0.339811    
281  8.264      1  0 -0.153326     -0.339815    
282  8.265      1  0 -0.153329     -0.339818    
283  8.266      1  0 -0.153332     -0.339821    
284  8.267      1  0 -0.153334     -0.339824    
285  8.268      1  0 -0.153337     -0.339827    
286  8.269      1  0 -0.153340     -0.339830    
287  8.270      1  0 -0.153343     -0.339835    
288  8.271      1  0 -0.153345     -0.339840    
289  8.272      1  0 -0.153348     -0.339846    
290  8.273      1  0 -0.153351     -0.339854    
291  8.274      1  0 -0.153354     -0.339863    
292  8.275      1  0 -0.153356     -0.339873    
293  8.276      1  0 -0.153359     -0.339885    
294  8.277      1  0 -0.153362     -0.339898    
295  8.278      1  0 -0.153365     -0.339912    
296  8.279      1  0 -0.153367     -0.339928    
297  8.280      1  0 -0.153370     -0.339944    
298  8.281      1  0 -0.153373     -0.339962    
299  8.282      1  0 -0.153376     -0.339981    
300  8.283      1  0 -0.153378     -0.340000    
301  8.284      1  0 -0.153381     -0.340019    
302  8.285      1  0 -0.153384     -0.340039    
303  8.286      1  0 -0.153386     -0.340058    
304  8.287      1  0 -0.153389     -0.340077    
305  8.288      1  0 -0.153392     -0.340096    
306  8.289      1  0 -0.153394     -0.340114    
307  8.290      1  0 -0.153397     -0.340131    
308  8.291      1  0 -0.153400     -0.340146    
309  8.292      1  0 -0.153402     -0.340161    
310  8.293      1  0 -0.153405     -0.340174    
311  8.294      1  0 -0.153408     -0.340186    
312  8.295      1  0 -0.153411     -0.340197    
313  8.296      1  0 -0.153413     -0.340206    
314  8.297      1  0 -0.153416     -0.340214    
315  8.298      1  0 -0.153419     -0.340221    
316  8.299      1  0 -0.153422     -0.340227    
317  8.300      1  0 -0.153425     -0.340233    
318  8.301      1  0 -0.153428     -0.340238    
319  8.302      1  0 -0.153431     -0.340242    
320  8.303      1  0 -0.153434     -0.340247    
321  8.304      1  0 -0.153437     -0.340252    
322  8.305      1  0 -0.153440     -0.340257    
323  8.306      1  0 -0.153443     -0.340263    
324  8.307      1  0 -0.153446     -0.340270    
325  8.308      1  0 -0.153449     -0.340278    
326  8.309      1  0 -0.153452     -0.340287    
327  8.310      1  0 -0.153455     -0.340297    
328  8.311      1  0 -0.153459     -0.340309    
329  8.312      1  0 -0.153462     -0.340322    
330  8.313      1  0 -0.153465     -0.340337    
331  8.314      1  0 -0.153468     -0.340352    
332  8.315      1  0 -0.153471     -0.340369    
333  8.316      1  0 -0.153474     -0.340387    
334  8.317      1  0 -0.153477     -0.340406    
335  8.318      1  0 -0.153480     -0.340426    
336  8.319      1  0 -0.153483     -0.340446    
337  8.320      1  0 -0.153486     -0.340467    
338  8.321      1  0 -0.153489     -0.340488    
339  8.322      1  0 -0.153492     -0.340509    
340  8.323      1  0 -0.153496     -0.340530    
341  8.324      1  0 -0.153499     -0.340550    
342  8.325      1  0 -0.153502     -0.340569    
343  8.326      1  0 -0.153505     -0.340588    
344  8.327      1  0 -0.153508     -0.340605    
345  8.328      1  0 -0.153511     -0.340621    
346  8.329      1  0 -0.153514     -0.340636    
347  8.330      1  0 -0.153517     -0.340650    
348  8.331      1  0 -0.153520     -0.340662    
349  8.332      1  0 -0.153523     -0.340673    
350  8.333      1  0 -0.153526     -0.340683    
351  8.334      1  0 -0.153530     -0.340691    
352  8.335      1  0 -0.153533     -0.340699    
353  8.336      1  0 -0.153536     -0.340706    
354  8.337      1  0 -0.153539     -0.340712    
355  8.338      1  0 -0.153543     -0.340718    
356  8.339      1  0 -0.153546     -0.340724    
357  8.340      1  0 -0.153550     -0.340731    
358  8.341      1  0 -0.153553     -0.340737    
359  8.342      1  0 -0.153556     -0.340744    
360  8.343      1  0 -0.153560     -0.340752    
361  8.344      1  0 -0.153563     -0.340761    
362  8.345      1  0 -0.153567     -0.340771    
363  8.346      1  0 -0.153570     -0.340783    
364  8.347      1  0 -0.153574     -0.340795    
365  8.348      1  0 -0.153577     -0.340809    
366  8.349      1  0 -0.153581     -0.340824    
367  8.350      1  0 -0.153584     -0.340840    
368  8.351      1  0 -0.153588     -0.340858    
369  8.352      1  0 -0.153591     -0.340877    
370  8.353      1  0 -0.153595     -0.340897    
371  8.354      1  0 -0.153598     -0.340917    
372  8.355      1  0 -0.153601     -0.340939    
373  8.356      1  0 -0.153605     -0.340961    
374  8.357      1  0 -0.153608     -0.340983    
375  8.358      1  0 -0.153612     -0.341005    
376  8.359      1  0 -0.153615     -0.341027    
377  8.360      1  0 -0.153618     -0.341048    
378  8.361      1  0 -0.153622     -0.341069    
379  8.362      1  0 -0.153625     -0.341088    
380  8.363      1  0 -0.153628     -0.341107    
381  8.364      1  0 -0.153632     -0.341124    
382  8.365      1  0 -0.153635     -0.341140    
383  8.366      1  0 -0.153638     -0.341155    
384  8.367      1  0 -0.153642     -0.341169    
385  8.368      1  0 -0.153645     -0.341181    
386  8.369      1  0 -0.153649     -0.341192    
387  8.370      1  0 -0.153652     -0.341203    
388  8.371      1  0 -0.153656     -0.341212    
389  8.372      1  0 -0.153659     -0.341221    
390  8.373      1  0 -0.153663     -0.341229    
391  8.374      1  0 -0.153667     -0.341236    
392  8.375      1  0 -0.153670     -0.341244    
393  8.376      1  0 -0.153674     -0.341252    
394  8.377      1  0 -0.153678     -0.341260    
395  8.378      1  0 -0.153681     -0.341268    
396  8.379      1  0 -0.153685     -0.341277    
397  8.380      1  0 -0.153689     -0.341287    
398  8.381      1  0 -0.153692     -0.341298    
399  8.382      1  0 -0.153696     -0.341310    
400  8.383      1  0 -0.153700     -0.341324    
401  8.384      1  0 -0.153704     -0.341339    
402  8.385      1  0 -0.153707     -0.341355    
403  8.386      1  0 -0.153711     -0.341373    
404  8.387      1  0 -0.153715     -0.341392    
405  8.388      1  0 -0.153718     -0.341413    
406  8.389      1  0 -0.153722     -0.341434    
407  8.390      1  0 -0.153726     -0.341456    
408  8.391      1  0 -0.153729     -0.341479    
409  8.392      1  0 -0.153733     -0.341503    
410  8.393      1  0 -0.153737     -0.341526    
411  8.394      1  0 -0.153740     -0.341550    
412  8.395      1  0 -0.153744     -0.341573    
413  8.396      1  0 -0.153747     -0.341595    
414  8.397      1  0 -0.153751     -0.341618    
415  8.398      1  0 -0.153754     -0.341639    
416  8.399      1  0 -0.153758     -0.341659    
417  8.400      1  0 -0.153762     -0.341679    
418  8.401      1  0 -0.153765     -0.341696    
419  8.402      1  0 -0.153769     -0.341713    
420  8.403      1  0 -0.153773     -0.341729    
421  8.404      1  0 -0.153776     -0.341743    
422  8.405      1  0 -0.153780     -0.341756    
423  8.406      1  0 -0.153784     -0.341768    
424  8.407      1  0 -0.153787     -0.341779    
425  8.408      1  0 -0.153791     -0.341789    
426  8.409      1  0 -0.153795     -0.341798    
427  8.410      1  0 -0.153799     -0.341807    
428  8.411      1  0 -0.153803     -0.341816    
429  8.412      1  0 -0.153807     -0.341824    
430  8.413      1  0 -0.153811     -0.341834    
431  8.414      1  0 -0.153815     -0.341843    
432  8.415      1  0 -0.153818     -0.341854    
433  8.416      1  0 -0.153822     -0.341865    
434  8.417      1  0 -0.153826     -0.341877    
435  8.418      1  0 -0.153830     -0.341890    
436  8.419      1  0 -0.153834     -0.341904    
437  8.420      1  0 -0.153838     -0.341920    
438  8.421      1  0 -0.153842     -0.341937    
439  8.422      1  0 -0.153846     -0.341956    
440  8.423      1  0 -0.153850     -0.341976    
441  8.424      1  0 -0.153854     -0.341997    
442  8.425      1  0 -0.153858     -0.342019    
443  8.426      1  0 -0.153862     -0.342042    
444  8.427      1  0 -0.153866     -0.342066    
445  8.428      1  0 -0.153870     -0.342090    
446  8.429      1  0 -0.153874     -0.342115    
447  8.430      1  0 -0.153878     -0.342140    
448  8.431      1  0 -0.153882     -0.342164    
449  8.432      1  0 -0.153886     -0.342188    
450  8.433      1  0 -0.153889     -0.342211    
451  8.434      1  0 -0.153893     -0.342234    
452  8.435      1  0 -0.153897     -0.342255    
453  8.436      1  0 -0.153901     -0.342276    
454  8.437      1  0 -0.153905     -0.342295    
455  8.438      1  0 -0.153909     -0.342314    
456  8.439      1  0 -0.153913     -0.342331    
457  8.440      1  0 -0.153917     -0.342347    
458  8.441      1  0 -0.153921     -0.342361    
459  8.442      1  0 -0.153925     -0.342374    
460  8.443      1  0 -0.153929     -0.342387    
461  8.444      1  0 -0.153933     -0.342398    
462  8.445      1  0 -0.153937     -0.342408    
463  8.446      1  0 -0.153942     -0.342418    
464  8.447      1  0 -0.153946     -0.342428    
465  8.448      1  0 -0.153950     -0.342438    
466  8.449      1  0 -0.153954     -0.342448    
467  8.450      1  0 -0.153959     -0.342458    
468  8.451      1  0 -0.153963     -0.342470    
469  8.452      1  0 -0.153967     -0.342482    
470  8.453      1  0 -0.153971     -0.342495    
471  8.454      1  0 -0.153976     -0.342510    
472  8.455      1  0 -0.153980     -0.342525    
473  8.456      1  0 -0.153984     -0.342542    
474  8.457      1  0 -0.153989     -0.342560    
475  8.458      1  0 -0.153993     -0.342580    
476  8.459      1  0 -0.153997     -0.342601    
477  8.460      1  0 -0.154002     -0.342622    
478  8.461      1  0 -0.154006     -0.342645    
479  8.462      1  0 -0.154010     -0.342669    
480  8.463      1  0 -0.154014     -0.342694    
481  8.464      1  0 -0.154019     -0.342719    
482  8.465      1  0 -0.154023     -0.342745    
483  8.466      1  0 -0.154027     -0.342771    
484  8.467      1  0 -0.154031     -0.342797    
485  8.468      1  0 -0.154036     -0.342822    
486  8.469      1  0 -0.154040     -0.342847    
487  8.470      1  0 -0.154044     -0.342871    
488  8.471      1  0 -0.154048     -0.342895    
489  8.472      1  0 -0.154052     -0.342917    
490  8.473      1  0 -0.154057     -0.342938    
491  8.474      1  0 -0.154061     -0.342958    
492  8.475      1  0 -0.154065     -0.342977    
493  8.476      1  0 -0.154069     -0.342994    
494  8.477      1  0 -0.154074     -0.343010    
495  8.478      1  0 -0.154078     -0.343026    
496  8.479      1  0 -0.154083     -0.343040    
497  8.480      1  0 -0.154087     -0.343053    
498  8.481      1  0 -0.154091     -0.343066    
499  8.482      1  0 -0.154096     -0.343078    
500  8.483      1  0 -0.154100     -0.343090    
501  8.484      1  0 -0.154105     -0.343102    
502  8.485      1  0 -0.154110     -0.343114    
503  8.486      1  0 -0.154114     -0.343126    
504  8.487      1  0 -0.154119     -0.343139    
505  8.488      1  0 -0.154123     -0.343153    
506  8.489      1  0 -0.154128     -0.343168    
507  8.490      1  0 -0.154133     -0.343183    
508  8.491      1  0 -0.154137     -0.343200    
509  8.492      1  0 -0.154142     -0.343218    
510  8.493      1  0 -0.154147     -0.343238    
511  8.494      1  0 -0.154151     -0.343259    
512  8.495      1  0 -0.154156     -0.343281    
513  8.496      1  0 -0.154161     -0.343304    
514  8.497      1  0 -0.154165     -0.343328    
515  8.498      1  0 -0.154170     -0.343354    
516  8.499      1  0 -0.154174     -0.343380    
517  8.500      1  0 -0.154179     -0.343406    
518  8.501      1  0 -0.154184     -0.343433    
519  8.502      1  0 -0.154188     -0.343461    
520  8.503      1  0 -0.154193     -0.343488    
521  8.504      1  0 -0.154197     -0.343515    
522  8.505      1  0 -0.154202     -0.343542    
523  8.506      1  0 -0.154206     -0.343568    
524  8.507      1  0 -0.154211     -0.343593    
525  8.508      1  0 -0.154216     -0.343616    
526  8.509      1  0 -0.154220     -0.343639    
527  8.510      1  0 -0.154225     -0.343661    
528  8.511      1  0 -0.154230     -0.343681    
529  8.512      1  0 -0.154234     -0.343700    
530  8.513      1  0 -0.154239     -0.343718    
531  8.514      1  0 -0.154244     -0.343735    
532  8.515      1  0 -0.154248     -0.343751    
533  8.516      1  0 -0.154253     -0.343767    
534  8.517      1  0 -0.154258     -0.343781    
535  8.518      1  0 -0.154263     -0.343795    
536  8.519      1  0 -0.154268     -0.343809    
537  8.520      1  0 -0.154273     -0.343822    
538  8.521      1  0 -0.154278     -0.343836    
539  8.522      1  0 -0.154283     -0.343850    
540  8.523      1  0 -0.154288     -0.343865    
541  8.524      1  0 -0.154293     -0.343880    
542  8.525      1  0 -0.154298     -0.343895    
543  8.526      1  0 -0.154303     -0.343912    
544  8.527      1  0 -0.154308     -0.343930    
545  8.528      1  0 -0.154313     -0.343949    
546  8.529      1  0 -0.154318     -0.343970    
547  8.530      1  0 -0.154323     -0.343991    
548  8.531      1  0 -0.154328     -0.344015    
549  8.532      1  0 -0.154333     -0.344039    
550  8.533      1  0 -0.154338     -0.344065    
551  8.534      1  0 -0.154343     -0.344091    
552  8.535      1  0 -0.154348     -0.344119    
553  8.536      1  0 -0.154353     -0.344147    
554  8.537      1  0 -0.154358     -0.344175    
555  8.538      1  0 -0.154363     -0.344204    
556  8.539      1  0 -0.154368     -0.344233    
557  8.540      1  0 -0.154373     -0.344261    
558  8.541      1  0 -0.154378     -0.344289    
559  8.542      1  0 -0.154383     -0.344316    
560  8.543      1  0 -0.154388     -0.344342    
561  8.544      1  0 -0.154393     -0.344368    
562  8.545      1  0 -0.154398     -0.344392    
563  8.546      1  0 -0.154403     -0.344415    
564  8.547      1  0 -0.154408     -0.344437    
565  8.548      1  0 -0.154413     -0.344458    
566  8.549      1  0 -0.154418     -0.344478    
567  8.550      1  0 -0.154423     -0.344497    
568  8.551      1  0 -0.154428     -0.344515    
569  8.552      1  0 -0.154433     -0.344532    
570  8.553      1  0 -0.154439     -0.344549    
571  8.554      1  0 -0.154444     -0.344565    
572  8.555      1  0 -0.154449     -0.344580    
573  8.556      1  0 -0.154454     -0.344596    
574  8.557      1  0 -0.154460     -0.344611    
575  8.558      1  0 -0.154465     -0.344627    
576  8.559      1  0 -0.154471     -0.344642    
577  8.560      1  0 -0.154476     -0.344659    
578  8.561      1  0 -0.154481     -0.344676    
579  8.562      1  0 -0.154487     -0.344694    
580  8.563      1  0 -0.154492     -0.344713    
581  8.564      1  0 -0.154498     -0.344734    
582  8.565      1  0 -0.154503     -0.344755    
583  8.566      1  0 -0.154508     -0.344779    
584  8.567      1  0 -0.154514     -0.344803    
585  8.568      1  0 -0.154519     -0.344829    
586  8.569      1  0 -0.154525     -0.344856    
587  8.570      1  0 -0.154530     -0.344884    
588  8.571      1  0 -0.154535     -0.344913    
589  8.572      1  0 -0.154541     -0.344943    
590  8.573      1  0 -0.154546     -0.344973    
591  8.574      1  0 -0.154551     -0.345002    
592  8.575      1  0 -0.154557     -0.345032    
593  8.576      1  0 -0.154562     -0.345062    
594  8.577      1  0 -0.154567     -0.345091    
595  8.578      1  0 -0.154573     -0.345119    
596  8.579      1  0 -0.154578     -0.345147    
597  8.580      1  0 -0.154583     -0.345174    
598  8.581      1  0 -0.154589     -0.345200    
599  8.582      1  0 -0.154594     -0.345226    
600  8.583      1  0 -0.154599     -0.345250    
601  8.584      1  0 -0.154605     -0.345273    
602  8.585      1  0 -0.154610     -0.345295    
603  8.586      1  0 -0.154616     -0.345316    
604  8.587      1  0 -0.154621     -0.345335    
605  8.588      1  0 -0.154627     -0.345354    
606  8.589      1  0 -0.154632     -0.345372    
607  8.590      1  0 -0.154638     -0.345389    
608  8.591      1  0 -0.154643     -0.345406    
609  8.592      1  0 -0.154649     -0.345423    
610  8.593      1  0 -0.154655     -0.345439    
611  8.594      1  0 -0.154660     -0.345456    
612  8.595      1  0 -0.154666     -0.345474    
613  8.596      1  0 -0.154672     -0.345491    
614  8.597      1  0 -0.154677     -0.345510    
615  8.598      1  0 -0.154683     -0.345530    
616  8.599      1  0 -0.154689     -0.345551    
617  8.600      1  0 -0.154694     -0.345573    
618  8.601      1  0 -0.154700     -0.345596    
619  8.602      1  0 -0.154706     -0.345621    
620  8.603      1  0 -0.154712     -0.345647    
621  8.604      1  0 -0.154717     -0.345674    
622  8.605      1  0 -0.154723     -0.345702    
623  8.606      1  0 -0.154729     -0.345731    
624  8.607      1  0 -0.154734     -0.345760    
625  8.608      1  0 -0.154740     -0.345791    
626  8.609      1  0 -0.154746     -0.345822    
627  8.610      1  0 -0.154751     -0.345853    
628  8.611      1  0 -0.154757     -0.345884    
629  8.612      1  0 -0.154763     -0.345915    
630  8.613      1  0 -0.154768     -0.345946    
631  8.614      1  0 -0.154774     -0.345976    
632  8.615      1  0 -0.154779     -0.346006    
633  8.616      1  0 -0.154785     -0.346034    
634  8.617      1  0 -0.154791     -0.346062    
635  8.618      1  0 -0.154796     -0.346089    
636  8.619      1  0 -0.154802     -0.346115    
637  8.620      1  0 -0.154808     -0.346140    
638  8.621      1  0 -0.154813     -0.346164    
639  8.622      1  0 -0.154819     -0.346186    
640  8.623      1  0 -0.154825     -0.346208    
641  8.624      1  0 -0.154831     -0.346228    
642  8.625      1  0 -0.154837     -0.346248    
643  8.626      1  0 -0.154842     -0.346267    
644  8.627      1  0 -0.154848     -0.346285    
645  8.628      1  0 -0.154854     -0.346303    
646  8.629      1  0 -0.154860     -0.346321    
647  8.630      1  0 -0.154866     -0.346340    
648  8.631      1  0 -0.154872     -0.346358    
649  8.632      1  0 -0.154878     -0.346377    
650  8.633      1  0 -0.154884     -0.346397    
651  8.634      1  0 -0.154890     -0.346418    
652  8.635      1  0 -0.154896     -0.346440    
653  8.636      1  0 -0.154902     -0.346463    
654  8.637      1  0 -0.154908     -0.346488    
655  8.638      1  0 -0.154914     -0.346513    
656  8.639      1  0 -0.154920     -0.346540    
657  8.640      1  0 -0.154926     -0.346568    
658  8.641      1  0 -0.154932     -0.346597    
659  8.642      1  0 -0.154938     -0.346627    
660  8.643      1  0 -0.154944     -0.346658    
661  8.644      1  0 -0.154950     -0.346689    
662  8.645      1  0 -0.154956     -0.346721    
663  8.646      1  0 -0.154962     -0.346753    
664  8.647      1  0 -0.154968     -0.346785    
665  8.648      1  0 -0.154974     -0.346817    
666  8.649      1  0 -0.154980     -0.346849    
667  8.650      1  0 -0.154986     -0.346881    
668  8.651      1  0 -0.154992     -0.346912    
669  8.652      1  0 -0.154998     -0.346943    
670  8.653      1  0 -0.155004     -0.346973    
671  8.654      1  0 -0.155010     -0.347001    
672  8.655      1  0 -0.155016     -0.347029    
673  8.656      1  0 -0.155022     -0.347055    
674  8.657      1  0 -0.155028     -0.347080    
675  8.658      1  0 -0.155034     -0.347104    
676  8.659      1  0 -0.155040     -0.347127    
677  8.660      1  0 -0.155046     -0.347148    
678  8.661      1  0 -0.155052     -0.347169    
679  8.662      1  0 -0.155058     -0.347189    
680  8.663      1  0 -0.155064     -0.347209    
681  8.664      1  0 -0.155071     -0.347228    
682  8.665      1  0 -0.155077     -0.347248    
683  8.666      1  0 -0.155083     -0.347267    
684  8.667      1  0 -0.155089     -0.347288    
685  8.668      1  0 -0.155096     -0.347309    
686  8.669      1  0 -0.155102     -0.347330    
687  8.670      1  0 -0.155108     -0.347352    
688  8.671      1  0 -0.155115     -0.347376    
689  8.672      1  0 -0.155121     -0.347400    
690  8.673      1  0 -0.155127     -0.347425    
691  8.674      1  0 -0.155133     -0.347451    
692  8.675      1  0 -0.155140     -0.347478    
693  8.676      1  0 -0.155146     -0.347506    
694  8.677      1  0 -0.155152     -0.347536    
695  8.678      1  0 -0.155159     -0.347566    
696  8.679      1  0 -0.155165     -0.347598    
697  8.680      1  0 -0.155171     -0.347630    
698  8.681      1  0 -0.155177     -0.347664    
699  8.682      1  0 -0.155184     -0.347697    
700  8.683      1  0 -0.155190     -0.347731    
701  8.684      1  0 -0.155196     -0.347766    
702  8.685      1  0 -0.155202     -0.347799    
703  8.686      1  0 -0.155209     -0.347833    
704  8.687      1  0 -0.155215     -0.347865    
705  8.688      1  0 -0.155221     -0.347897    
706  8.689      1  0 -0.155227     -0.347928    
707  8.690      1  0 -0.155234     -0.347958    
708  8.691      1  0 -0.155240     -0.347986    
709  8.692      1  0 -0.155246     -0.348014    
710  8.693      1  0 -0.155252     -0.348040    
711  8.694      1  0 -0.155259     -0.348065    
712  8.695      1  0 -0.155265     -0.348090    
713  8.696      1  0 -0.155271     -0.348113    
714  8.697      1  0 -0.155278     -0.348136    
715  8.698      1  0 -0.155284     -0.348159    
716  8.699      1  0 -0.155291     -0.348180    
717  8.700      1  0 -0.155297     -0.348202    
718  8.701      1  0 -0.155304     -0.348223    
719  8.702      1  0 -0.155310     -0.348244    
720  8.703      1  0 -0.155317     -0.348265    
721  8.704      1  0 -0.155323     -0.348287    
722  8.705      1  0 -0.155330     -0.348309    
723  8.706      1  0 -0.155337     -0.348332    
724  8.707      1  0 -0.155343     -0.348356    
725  8.708      1  0 -0.155350     -0.348380    
726  8.709      1  0 -0.155356     -0.348406    
727  8.710      1  0 -0.155363     -0.348433    
728  8.711      1  0 -0.155370     -0.348462    
729  8.712      1  0 -0.155376     -0.348491    
730  8.713      1  0 -0.155383     -0.348522    
731  8.714      1  0 -0.155389     -0.348554    
732  8.715      1  0 -0.155396     -0.348587    
733  8.716      1  0 -0.155402     -0.348621    
734  8.717      1  0 -0.155409     -0.348655    
735  8.718      1  0 -0.155415     -0.348689    
736  8.719      1  0 -0.155422     -0.348724    
737  8.720      1  0 -0.155428     -0.348759    
738  8.721      1  0 -0.155435     -0.348794    
739  8.722      1  0 -0.155441     -0.348828    
740  8.723      1  0 -0.155448     -0.348862    
741  8.724      1  0 -0.155454     -0.348895    
742  8.725      1  0 -0.155461     -0.348928    
743  8.726      1  0 -0.155468     -0.348959    
744  8.727      1  0 -0.155474     -0.348989    
745  8.728      1  0 -0.155481     -0.349019    
746  8.729      1  0 -0.155487     -0.349047    
747  8.730      1  0 -0.155494     -0.349074    
748  8.731      1  0 -0.155500     -0.349101    
749  8.732      1  0 -0.155507     -0.349126    
750  8.733      1  0 -0.155514     -0.349151    
751  8.734      1  0 -0.155520     -0.349174    
752  8.735      1  0 -0.155527     -0.349198    
753  8.736      1  0 -0.155534     -0.349220    
754  8.737      1  0 -0.155541     -0.349243    
755  8.738      1  0 -0.155548     -0.349266    
756  8.739      1  0 -0.155554     -0.349288    
757  8.740      1  0 -0.155561     -0.349311    
758  8.741      1  0 -0.155568     -0.349335    
759  8.742      1  0 -0.155575     -0.349359    
760  8.743      1  0 -0.155582     -0.349384    
761  8.744      1  0 -0.155589     -0.349410    
762  8.745      1  0 -0.155596     -0.349437    
763  8.746      1  0 -0.155603     -0.349465    
764  8.747      1  0 -0.155609     -0.349494    
765  8.748      1  0 -0.155616     -0.349525    
766  8.749      1  0 -0.155623     -0.349557    
767  8.750      1  0 -0.155630     -0.349590    
768  8.751      1  0 -0.155637     -0.349624    
769  8.752      1  0 -0.155644     -0.349659    
770  8.753      1  0 -0.155651     -0.349694    
771  8.754      1  0 -0.155657     -0.349730    
772  8.755      1  0 -0.155664     -0.349766    
773  8.756      1  0 -0.155671     -0.349802    
774  8.757      1  0 -0.155678     -0.349838    
775  8.758      1  0 -0.155685     -0.349874    
776  8.759      1  0 -0.155692     -0.349909    
777  8.760      1  0 -0.155698     -0.349944    
778  8.761      1  0 -0.155705     -0.349978    
779  8.762      1  0 -0.155712     -0.350011    
780  8.763      1  0 -0.155719     -0.350043    
781  8.764      1  0 -0.155726     -0.350074    
782  8.765      1  0 -0.155733     -0.350105    
783  8.766      1  0 -0.155740     -0.350134    
784  8.767      1  0 -0.155747     -0.350163    
785  8.768      1  0 -0.155754     -0.350190    
786  8.769      1  0 -0.155761     -0.350216    
787  8.770      1  0 -0.155768     -0.350242    
788  8.771      1  0 -0.155775     -0.350267    
789  8.772      1  0 -0.155782     -0.350291    
790  8.773      1  0 -0.155789     -0.350315    
791  8.774      1  0 -0.155796     -0.350339    
792  8.775      1  0 -0.155803     -0.350364    
793  8.776      1  0 -0.155810     -0.350388    
794  8.777      1  0 -0.155818     -0.350413    
795  8.778      1  0 -0.155825     -0.350438    
796  8.779      1  0 -0.155832     -0.350464    
797  8.780      1  0 -0.155839     -0.350492    
798  8.781      1  0 -0.155846     -0.350520    
799  8.782      1  0 -0.155854     -0.350550    
800  8.783      1  0 -0.155861     -0.350580    
801  8.784      1  0 -0.155868     -0.350612    
802  8.785      1  0 -0.155875     -0.350645    
803  8.786      1  0 -0.155883     -0.350679    
804  8.787      1  0 -0.155890     -0.350714    
805  8.788      1  0 -0.155897     -0.350750    
806  8.789      1  0 -0.155904     -0.350786    
807  8.790      1  0 -0.155912     -0.350823    
808  8.791      1  0 -0.155919     -0.350860    
809  8.792      1  0 -0.155926     -0.350897    
810  8.793      1  0 -0.155933     -0.350935    
811  8.794      1  0 -0.155940     -0.350972    
812  8.795      1  0 -0.155947     -0.351009    
813  8.796      1  0 -0.155955     -0.351045    
814  8.797      1  0 -0.155962     -0.351081    
815  8.798      1  0 -0.155969     -0.351116    
816  8.799      1  0 -0.155976     -0.351150    
817  8.800      1  0 -0.155984     -0.351183    
818  8.801      1  0 -0.155991     -0.351215    
819  8.802      1  0 -0.155998     -0.351246    
820  8.803      1  0 -0.156005     -0.351276    
821  8.804      1  0 -0.156013     -0.351306    
822  8.805      1  0 -0.156020     -0.351333    
823  8.806      1  0 -0.156027     -0.351361    
824  8.807      1  0 -0.156035     -0.351387    
825  8.808      1  0 -0.156042     -0.351413    
826  8.809      1  0 -0.156050     -0.351439    
827  8.810      1  0 -0.156057     -0.351464    
828  8.811      1  0 -0.156065     -0.351490    
829  8.812      1  0 -0.156072     -0.351515    
830  8.813      1  0 -0.156080     -0.351542    
831  8.814      1  0 -0.156088     -0.351569    
832  8.815      1  0 -0.156095     -0.351597    
833  8.816      1  0 -0.156103     -0.351625    
834  8.817      1  0 -0.156110     -0.351655    
835  8.818      1  0 -0.156118     -0.351686    
836  8.819      1  0 -0.156126     -0.351718    
837  8.820      1  0 -0.156133     -0.351751    
838  8.821      1  0 -0.156141     -0.351784    
839  8.822      1  0 -0.156148     -0.351819    
840  8.823      1  0 -0.156156     -0.351855    
841  8.824      1  0 -0.156163     -0.351892    
842  8.825      1  0 -0.156171     -0.351930    
843  8.826      1  0 -0.156179     -0.351968    
844  8.827      1  0 -0.156186     -0.352007    
845  8.828      1  0 -0.156194     -0.352046    
846  8.829      1  0 -0.156201     -0.352085    
847  8.830      1  0 -0.156209     -0.352124    
848  8.831      1  0 -0.156216     -0.352163    
849  8.832      1  0 -0.156224     -0.352201    
850  8.833      1  0 -0.156231     -0.352239    
851  8.834      1  0 -0.156239     -0.352276    
852  8.835      1  0 -0.156247     -0.352313    
853  8.836      1  0 -0.156254     -0.352348    
854  8.837      1  0 -0.156262     -0.352382    
855  8.838      1  0 -0.156269     -0.352415    
856  8.839      1  0 -0.156277     -0.352447    
857  8.840      1  0 -0.156285     -0.352478    
858  8.841      1  0 -0.156292     -0.352509    
859  8.842      1  0 -0.156300     -0.352538    
860  8.843      1  0 -0.156308     -0.352567    
861  8.844      1  0 -0.156316     -0.352595    
862  8.845      1  0 -0.156324     -0.352623    
863  8.846      1  0 -0.156331     -0.352650    
864  8.847      1  0 -0.156339     -0.352678    
865  8.848      1  0 -0.156347     -0.352706    
866  8.849      1  0 -0.156355     -0.352733    
867  8.850      1  0 -0.156363     -0.352762    
868  8.851      1  0 -0.156371     -0.352791    
869  8.852      1  0 -0.156379     -0.352821    
870  8.853      1  0 -0.156387     -0.352851    
871  8.854      1  0 -0.156395     -0.352883    
872  8.855      1  0 -0.156403     -0.352916    
873  8.856      1  0 -0.156411     -0.352949    
874  8.857      1  0 -0.156419     -0.352984    
875  8.858      1  0 -0.156427     -0.353020    
876  8.859      1  0 -0.156435     -0.353057    
877  8.860      1  0 -0.156442     -0.353095    
878  8.861      1  0 -0.156450     -0.353133    
879  8.862      1  0 -0.156458     -0.353172    
880  8.863      1  0 -0.156466     -0.353212    
881  8.864      1  0 -0.156474     -0.353252    
882  8.865      1  0 -0.156482     -0.353292    
883  8.866      1  0 -0.156490     -0.353333    
884  8.867      1  0 -0.156498     -0.353373    
885  8.868      1  0 -0.156506     -0.353413    
886  8.869      1  0 -0.156514     -0.353452    
887  8.870      1  0 -0.156521     -0.353491    
888  8.871      1  0 -0.156529     -0.353529    
889  8.872      1  0 -0.156537     -0.353566    
890  8.873      1  0 -0.156545     -0.353602    
891  8.874      1  0 -0.156553     -0.353638    
892  8.875      1  0 -0.156561     -0.353672    
893  8.876      1  0 -0.156569     -0.353705    
894  8.877      1  0 -0.156577     -0.353737    
895  8.878      1  0 -0.156585     -0.353768    
896  8.879      1  0 -0.156593     -0.353798    
897  8.880      1  0 -0.156602     -0.353828    
898  8.881      1  0 -0.156610     -0.353858    
899  8.882      1  0 -0.156618     -0.353887    
900  8.883      1  0 -0.156626     -0.353916    
901  8.884      1  0 -0.156634     -0.353945    
902  8.885      1  0 -0.156643     -0.353975    
903  8.886      1  0 -0.156651     -0.354005    
904  8.887      1  0 -0.156659     -0.354035    
905  8.888      1  0 -0.156667     -0.354067    
906  8.889      1  0 -0.156676     -0.354099    
907  8.890      1  0 -0.156684     -0.354132    
908  8.891      1  0 -0.156692     -0.354166    
909  8.892      1  0 -0.156700     -0.354200    
910  8.893      1  0 -0.156709     -0.354236    
911  8.894      1  0 -0.156717     -0.354273    
912  8.895      1  0 -0.156725     -0.354311    
913  8.896      1  0 -0.156734     -0.354349    
914  8.897      1  0 -0.156742     -0.354389    
915  8.898      1  0 -0.156750     -0.354429    
916  8.899      1  0 -0.156758     -0.354470    
917  8.900      1  0 -0.156767     -0.354512    
918  8.901      1  0 -0.156775     -0.354554    
919  8.902      1  0 -0.156783     -0.354595    
920  8.903      1  0 -0.156791     -0.354637    
921  8.904      1  0 -0.156799     -0.354679    
922  8.905      1  0 -0.156808     -0.354719    
923  8.906      1  0 -0.156816     -0.354760    
924  8.907      1  0 -0.156824     -0.354799    
925  8.908      1  0 -0.156832     -0.354838    
926  8.909      1  0 -0.156841     -0.354876    
927  8.910      1  0 -0.156849     -0.354912    
928  8.911      1  0 -0.156857     -0.354948    
929  8.912      1  0 -0.156866     -0.354983    
930  8.913      1  0 -0.156874     -0.355017    
931  8.914      1  0 -0.156882     -0.355051    
932  8.915      1  0 -0.156891     -0.355083    
933  8.916      1  0 -0.156899     -0.355115    
934  8.917      1  0 -0.156907     -0.355147    
935  8.918      1  0 -0.156916     -0.355178    
936  8.919      1  0 -0.156924     -0.355209    
937  8.920      1  0 -0.156933     -0.355240    
938  8.921      1  0 -0.156941     -0.355271    
939  8.922      1  0 -0.156950     -0.355302    
940  8.923      1  0 -0.156959     -0.355334    
941  8.924      1  0 -0.156967     -0.355366    
942  8.925      1  0 -0.156976     -0.355399    
943  8.926      1  0 -0.156984     -0.355433    
944  8.927      1  0 -0.156993     -0.355468    
945  8.928      1  0 -0.157002     -0.355503    
946  8.929      1  0 -0.157010     -0.355540    
947  8.930      1  0 -0.157019     -0.355578    
948  8.931      1  0 -0.157027     -0.355617    
949  8.932      1  0 -0.157036     -0.355657    
950  8.933      1  0 -0.157044     -0.355698    
951  8.934      1  0 -0.157053     -0.355739    
952  8.935      1  0 -0.157062     -0.355780    
953  8.936      1  0 -0.157070     -0.355822    
954  8.937      1  0 -0.157079     -0.355865    
955  8.938      1  0 -0.157087     -0.355907    
956  8.939      1  0 -0.157096     -0.355950    
957  8.940      1  0 -0.157104     -0.355992    
958  8.941      1  0 -0.157113     -0.356034    
959  8.942      1  0 -0.157121     -0.356075    
960  8.943      1  0 -0.157130     -0.356116    
961  8.944      1  0 -0.157138     -0.356157    
962  8.945      1  0 -0.157147     -0.356196    
963  8.946      1  0 -0.157155     -0.356235    
964  8.947      1  0 -0.157164     -0.356272    
965  8.948      1  0 -0.157173     -0.356309    
966  8.949      1  0 -0.157181     -0.356345    
967  8.950      1  0 -0.157190     -0.356380    
968  8.951      1  0 -0.157199     -0.356414    
969  8.952      1  0 -0.157207     -0.356447    
970  8.953      1  0 -0.157216     -0.356480    
971  8.954      1  0 -0.157225     -0.356513    
972  8.955      1  0 -0.157234     -0.356545    
973  8.956      1  0 -0.157242     -0.356578    
974  8.957      1  0 -0.157251     -0.356610    
975  8.958      1  0 -0.157260     -0.356643    
976  8.959      1  0 -0.157269     -0.356676    
977  8.960      1  0 -0.157278     -0.356710    
978  8.961      1  0 -0.157286     -0.356744    
979  8.962      1  0 -0.157295     -0.356779    
980  8.963      1  0 -0.157304     -0.356815    
981  8.964      1  0 -0.157313     -0.356852    
982  8.965      1  0 -0.157322     -0.356889    
983  8.966      1  0 -0.157331     -0.356928    
984  8.967      1  0 -0.157340     -0.356967    
985  8.968      1  0 -0.157348     -0.357008    
986  8.969      1  0 -0.157357     -0.357048    
987  8.970      1  0 -0.157366     -0.357090    
988  8.971      1  0 -0.157375     -0.357133    
989  8.972      1  0 -0.157384     -0.357176    
990  8.973      1  0 -0.157392     -0.357219    
991  8.974      1  0 -0.157401     -0.357262    
992  8.975      1  0 -0.157410     -0.357306    
993  8.976      1  0 -0.157419     -0.357349    
994  8.977      1  0 -0.157428     -0.357393    
995  8.978      1  0 -0.157436     -0.357435    
996  8.979      1  0 -0.157445     -0.357477    
997  8.980      1  0 -0.157454     -0.357519    
998  8.981      1  0 -0.157463     -0.357559    
999  8.982      1  0 -0.157472     -0.357599    
