# Pazy Wing (simplified : constant stiffness properties)                          
# Operating point sequence...
# i     t     conv	stall	 RY pos[ 1]    Theta[ 1]    
  1  0.000      1  0 -0.171071     -0.419903    
  2 0.1000E-02  1  0 -0.171071     -0.419903    
  3 0.2000E-02  1  0 -0.171071     -0.419903    
  4 0.3000E-02  1  0 -0.171071     -0.419903    
  5 0.4000E-02  1  0 -0.171071     -0.419903    
  6 0.5000E-02  1  0 -0.171071     -0.419903    
  7 0.6000E-02  1  0 -0.171071     -0.419903    
  8 0.7000E-02  1  0 -0.171071     -0.419903    
  9 0.8000E-02  1  0 -0.171071     -0.419903    
 10 0.9000E-02  1  0 -0.171071     -0.419903    
 11 0.1000E-01  1  0 -0.171071     -0.419903    
 12 0.1100E-01  1  0 -0.171071     -0.419903    
 13 0.1200E-01  1  0 -0.171071     -0.419903    
 14 0.1300E-01  1  0 -0.171071     -0.419903    
 15 0.1400E-01  1  0 -0.171071     -0.419903    
 16 0.1500E-01  1  0 -0.171071     -0.419903    
 17 0.1600E-01  1  0 -0.171071     -0.419903    
 18 0.1700E-01  1  0 -0.171071     -0.419902    
 19 0.1800E-01  1  0 -0.171071     -0.419902    
 20 0.1900E-01  1  0 -0.171071     -0.419902    
 21 0.2000E-01  1  0 -0.171071     -0.419902    
 22 0.2100E-01  1  0 -0.171071     -0.419902    
 23 0.2200E-01  1  0 -0.171071     -0.419902    
 24 0.2300E-01  1  0 -0.171071     -0.419902    
 25 0.2400E-01  1  0 -0.171071     -0.419902    
 26 0.2500E-01  1  0 -0.171071     -0.419902    
 27 0.2600E-01  1  0 -0.171071     -0.419901    
 28 0.2700E-01  1  0 -0.171071     -0.419901    
 29 0.2800E-01  1  0 -0.171071     -0.419901    
 30 0.2900E-01  1  0 -0.171071     -0.419901    
 31 0.3000E-01  1  0 -0.171071     -0.419901    
 32 0.3100E-01  1  0 -0.171071     -0.419901    
 33 0.3200E-01  1  0 -0.171071     -0.419901    
 34 0.3300E-01  1  0 -0.171071     -0.419901    
 35 0.3400E-01  1  0 -0.171071     -0.419901    
 36 0.3500E-01  1  0 -0.171071     -0.419901    
 37 0.3600E-01  1  0 -0.171071     -0.419901    
 38 0.3700E-01  1  0 -0.171071     -0.419902    
 39 0.3800E-01  1  0 -0.171071     -0.419902    
 40 0.3900E-01  1  0 -0.171071     -0.419902    
 41 0.4000E-01  1  0 -0.171071     -0.419903    
 42 0.4100E-01  1  0 -0.171071     -0.419903    
 43 0.4200E-01  1  0 -0.171071     -0.419903    
 44 0.4300E-01  1  0 -0.171071     -0.419904    
 45 0.4400E-01  1  0 -0.171071     -0.419904    
 46 0.4500E-01  1  0 -0.171071     -0.419905    
 47 0.4600E-01  1  0 -0.171071     -0.419905    
 48 0.4700E-01  1  0 -0.171071     -0.419905    
 49 0.4800E-01  1  0 -0.171071     -0.419905    
 50 0.4900E-01  1  0 -0.171071     -0.419905    
 51 0.5000E-01  1  0 -0.171071     -0.419905    
 52 0.5100E-01  1  0 -0.171071     -0.419905    
 53 0.5200E-01  1  0 -0.171071     -0.419905    
 54 0.5300E-01  1  0 -0.171071     -0.419906    
 55 0.5400E-01  1  0 -0.171071     -0.419906    
 56 0.5500E-01  1  0 -0.171071     -0.419907    
 57 0.5600E-01  1  0 -0.171071     -0.419907    
 58 0.5700E-01  1  0 -0.171071     -0.419907    
 59 0.5800E-01  1  0 -0.171071     -0.419908    
 60 0.5900E-01  1  0 -0.171071     -0.419908    
 61 0.6000E-01  1  0 -0.171071     -0.419908    
 62 0.6100E-01  1  0 -0.171071     -0.419908    
 63 0.6200E-01  1  0 -0.171071     -0.419908    
 64 0.6300E-01  1  0 -0.171071     -0.419908    
 65 0.6400E-01  1  0 -0.171071     -0.419908    
 66 0.6500E-01  1  0 -0.171071     -0.419908    
 67 0.6600E-01  1  0 -0.171071     -0.419907    
 68 0.6700E-01  1  0 -0.171071     -0.419907    
 69 0.6800E-01  1  0 -0.171071     -0.419907    
 70 0.6900E-01  1  0 -0.171071     -0.419907    
 71 0.7000E-01  1  0 -0.171071     -0.419908    
 72 0.7100E-01  1  0 -0.171071     -0.419908    
 73 0.7200E-01  1  0 -0.171072     -0.419908    
 74 0.7300E-01  1  0 -0.171072     -0.419909    
 75 0.7400E-01  1  0 -0.171072     -0.419909    
 76 0.7500E-01  1  0 -0.171072     -0.419910    
 77 0.7600E-01  1  0 -0.171072     -0.419910    
 78 0.7700E-01  1  0 -0.171072     -0.419910    
 79 0.7800E-01  1  0 -0.171072     -0.419910    
 80 0.7900E-01  1  0 -0.171072     -0.419911    
 81 0.8000E-01  1  0 -0.171072     -0.419912    
 82 0.8100E-01  1  0 -0.171072     -0.419912    
 83 0.8200E-01  1  0 -0.171072     -0.419913    
 84 0.8300E-01  1  0 -0.171072     -0.419913    
 85 0.8400E-01  1  0 -0.171072     -0.419914    
 86 0.8500E-01  1  0 -0.171072     -0.419915    
 87 0.8600E-01  1  0 -0.171072     -0.419916    
 88 0.8700E-01  1  0 -0.171072     -0.419917    
 89 0.8800E-01  1  0 -0.171072     -0.419917    
 90 0.8900E-01  1  0 -0.171072     -0.419918    
 91 0.9000E-01  1  0 -0.171072     -0.419920    
 92 0.9100E-01  1  0 -0.171073     -0.419921    
 93 0.9200E-01  1  0 -0.171073     -0.419922    
 94 0.9300E-01  1  0 -0.171073     -0.419923    
 95 0.9400E-01  1  0 -0.171073     -0.419924    
 96 0.9500E-01  1  0 -0.171073     -0.419925    
 97 0.9600E-01  1  0 -0.171073     -0.419926    
 98 0.9700E-01  1  0 -0.171073     -0.419927    
 99 0.9800E-01  1  0 -0.171073     -0.419929    
100 0.9900E-01  1  0 -0.171074     -0.419930    
101 0.1000      1  0 -0.171074     -0.419931    
102 0.1010      1  0 -0.171074     -0.419933    
103 0.1020      1  0 -0.171074     -0.419934    
104 0.1030      1  0 -0.171074     -0.419935    
105 0.1040      1  0 -0.171074     -0.419937    
106 0.1050      1  0 -0.171074     -0.419938    
107 0.1060      1  0 -0.171075     -0.419940    
108 0.1070      1  0 -0.171075     -0.419941    
109 0.1080      1  0 -0.171075     -0.419942    
110 0.1090      1  0 -0.171075     -0.419944    
111 0.1100      1  0 -0.171075     -0.419945    
112 0.1110      1  0 -0.171076     -0.419947    
113 0.1120      1  0 -0.171076     -0.419948    
114 0.1130      1  0 -0.171076     -0.419950    
115 0.1140      1  0 -0.171076     -0.419951    
116 0.1150      1  0 -0.171077     -0.419953    
117 0.1160      1  0 -0.171077     -0.419954    
118 0.1170      1  0 -0.171077     -0.419956    
119 0.1180      1  0 -0.171077     -0.419958    
120 0.1190      1  0 -0.171078     -0.419960    
121 0.1200      1  0 -0.171078     -0.419962    
122 0.1210      1  0 -0.171078     -0.419963    
123 0.1220      1  0 -0.171079     -0.419965    
124 0.1230      1  0 -0.171079     -0.419967    
125 0.1240      1  0 -0.171079     -0.419969    
126 0.1250      1  0 -0.171080     -0.419971    
127 0.1260      1  0 -0.171080     -0.419973    
128 0.1270      1  0 -0.171080     -0.419975    
129 0.1280      1  0 -0.171081     -0.419978    
130 0.1290      1  0 -0.171081     -0.419980    
131 0.1300      1  0 -0.171082     -0.419983    
132 0.1310      1  0 -0.171082     -0.419985    
133 0.1320      1  0 -0.171082     -0.419988    
134 0.1330      1  0 -0.171083     -0.419991    
135 0.1340      1  0 -0.171083     -0.419994    
136 0.1350      1  0 -0.171084     -0.419997    
137 0.1360      1  0 -0.171084     -0.420000    
138 0.1370      1  0 -0.171085     -0.420003    
139 0.1380      1  0 -0.171085     -0.420006    
140 0.1390      1  0 -0.171086     -0.420009    
141 0.1400      1  0 -0.171086     -0.420012    
142 0.1410      1  0 -0.171087     -0.420015    
143 0.1420      1  0 -0.171087     -0.420018    
144 0.1430      1  0 -0.171088     -0.420021    
145 0.1440      1  0 -0.171089     -0.420024    
146 0.1450      1  0 -0.171089     -0.420028    
147 0.1460      1  0 -0.171090     -0.420031    
148 0.1470      1  0 -0.171090     -0.420034    
149 0.1480      1  0 -0.171091     -0.420037    
150 0.1490      1  0 -0.171092     -0.420040    
151 0.1500      1  0 -0.171092     -0.420043    
152 0.1510      1  0 -0.171093     -0.420047    
153 0.1520      1  0 -0.171094     -0.420050    
154 0.1530      1  0 -0.171094     -0.420053    
155 0.1540      1  0 -0.171095     -0.420056    
156 0.1550      1  0 -0.171096     -0.420059    
157 0.1560      1  0 -0.171097     -0.420062    
158 0.1570      1  0 -0.171097     -0.420065    
159 0.1580      1  0 -0.171098     -0.420068    
160 0.1590      1  0 -0.171099     -0.420071    
161 0.1600      1  0 -0.171100     -0.420075    
162 0.1610      1  0 -0.171101     -0.420078    
163 0.1620      1  0 -0.171102     -0.420082    
164 0.1630      1  0 -0.171102     -0.420086    
165 0.1640      1  0 -0.171103     -0.420089    
166 0.1650      1  0 -0.171104     -0.420093    
167 0.1660      1  0 -0.171105     -0.420097    
168 0.1670      1  0 -0.171106     -0.420101    
169 0.1680      1  0 -0.171107     -0.420104    
170 0.1690      1  0 -0.171108     -0.420108    
171 0.1700      1  0 -0.171109     -0.420112    
172 0.1710      1  0 -0.171110     -0.420117    
173 0.1720      1  0 -0.171111     -0.420121    
174 0.1730      1  0 -0.171112     -0.420126    
175 0.1740      1  0 -0.171113     -0.420130    
176 0.1750      1  0 -0.171114     -0.420135    
177 0.1760      1  0 -0.171115     -0.420140    
178 0.1770      1  0 -0.171116     -0.420145    
179 0.1780      1  0 -0.171117     -0.420150    
180 0.1790      1  0 -0.171118     -0.420155    
181 0.1800      1  0 -0.171119     -0.420160    
182 0.1810      1  0 -0.171120     -0.420165    
183 0.1820      1  0 -0.171121     -0.420169    
184 0.1830      1  0 -0.171122     -0.420174    
185 0.1840      1  0 -0.171124     -0.420179    
186 0.1850      1  0 -0.171125     -0.420184    
187 0.1860      1  0 -0.171126     -0.420189    
188 0.1870      1  0 -0.171127     -0.420194    
189 0.1880      1  0 -0.171128     -0.420199    
190 0.1890      1  0 -0.171129     -0.420204    
191 0.1900      1  0 -0.171130     -0.420209    
192 0.1910      1  0 -0.171132     -0.420215    
193 0.1920      1  0 -0.171133     -0.420219    
194 0.1930      1  0 -0.171134     -0.420224    
195 0.1940      1  0 -0.171135     -0.420230    
196 0.1950      1  0 -0.171137     -0.420235    
197 0.1960      1  0 -0.171138     -0.420240    
198 0.1970      1  0 -0.171139     -0.420245    
199 0.1980      1  0 -0.171140     -0.420250    
200 0.1990      1  0 -0.171142     -0.420256    
201 0.2000      1  0 -0.171143     -0.420261    
202 0.2010      1  0 -0.171144     -0.420267    
203 0.2020      1  0 -0.171146     -0.420273    
204 0.2030      1  0 -0.171147     -0.420279    
205 0.2040      1  0 -0.171148     -0.420286    
206 0.2050      1  0 -0.171150     -0.420292    
207 0.2060      1  0 -0.171151     -0.420298    
208 0.2070      1  0 -0.171152     -0.420305    
209 0.2080      1  0 -0.171154     -0.420311    
210 0.2090      1  0 -0.171155     -0.420318    
211 0.2100      1  0 -0.171156     -0.420324    
212 0.2110      1  0 -0.171158     -0.420331    
213 0.2120      1  0 -0.171159     -0.420338    
214 0.2130      1  0 -0.171161     -0.420345    
215 0.2140      1  0 -0.171162     -0.420352    
216 0.2150      1  0 -0.171163     -0.420359    
217 0.2160      1  0 -0.171165     -0.420366    
218 0.2170      1  0 -0.171166     -0.420372    
219 0.2180      1  0 -0.171168     -0.420380    
220 0.2190      1  0 -0.171169     -0.420387    
221 0.2200      1  0 -0.171171     -0.420394    
222 0.2210      1  0 -0.171172     -0.420401    
223 0.2220      1  0 -0.171174     -0.420408    
224 0.2230      1  0 -0.171175     -0.420415    
225 0.2240      1  0 -0.171177     -0.420422    
226 0.2250      1  0 -0.171178     -0.420429    
227 0.2260      1  0 -0.171180     -0.420435    
228 0.2270      1  0 -0.171181     -0.420442    
229 0.2280      1  0 -0.171183     -0.420449    
230 0.2290      1  0 -0.171185     -0.420456    
231 0.2300      1  0 -0.171186     -0.420463    
232 0.2310      1  0 -0.171188     -0.420470    
233 0.2320      1  0 -0.171189     -0.420477    
234 0.2330      1  0 -0.171191     -0.420484    
235 0.2340      1  0 -0.171193     -0.420491    
236 0.2350      1  0 -0.171194     -0.420499    
237 0.2360      1  0 -0.171196     -0.420506    
238 0.2370      1  0 -0.171197     -0.420514    
239 0.2380      1  0 -0.171199     -0.420522    
240 0.2390      1  0 -0.171201     -0.420529    
241 0.2400      1  0 -0.171202     -0.420537    
242 0.2410      1  0 -0.171204     -0.420545    
243 0.2420      1  0 -0.171206     -0.420553    
244 0.2430      1  0 -0.171207     -0.420561    
245 0.2440      1  0 -0.171209     -0.420569    
246 0.2450      1  0 -0.171211     -0.420577    
247 0.2460      1  0 -0.171213     -0.420586    
248 0.2470      1  0 -0.171214     -0.420594    
249 0.2480      1  0 -0.171216     -0.420603    
250 0.2490      1  0 -0.171218     -0.420611    
251 0.2500      1  0 -0.171231     -0.422158    
252 0.2510      1  0 -0.171265     -0.427388    
253 0.2520      1  0 -0.171327     -0.438467    
254 0.2530      1  0 -0.171421     -0.456253    
255 0.2540      1  0 -0.171546     -0.479537    
256 0.2550      1  0 -0.171696     -0.505507    
257 0.2560      1  0 -0.171867     -0.530914    
258 0.2570      1  0 -0.172054     -0.553224    
259 0.2580      1  0 -0.172258     -0.571261    
260 0.2590      1  0 -0.172483     -0.585094    
261 0.2600      1  0 -0.172738     -0.595389    
262 0.2610      1  0 -0.173030     -0.602796    
263 0.2620      1  0 -0.173366     -0.607771    
264 0.2630      1  0 -0.173752     -0.610802    
265 0.2640      1  0 -0.174190     -0.612712    
266 0.2650      1  0 -0.174686     -0.614708    
267 0.2660      1  0 -0.175241     -0.618075    
268 0.2670      1  0 -0.175857     -0.623694    
269 0.2680      1  0 -0.176533     -0.631657    
270 0.2690      1  0 -0.177268     -0.641196    
271 0.2700      1  0 -0.178058     -0.650932    
272 0.2710      1  0 -0.178898     -0.659268    
273 0.2720      1  0 -0.179783     -0.664734    
274 0.2730      1  0 -0.180709     -0.666165    
275 0.2740      1  0 -0.181673     -0.662736    
276 0.2750      1  0 -0.182672     -0.653967    
277 0.2760      1  0 -0.183703     -0.639777    
278 0.2770      1  0 -0.184763     -0.620602    
279 0.2780      1  0 -0.185848     -0.597503    
280 0.2790      1  0 -0.186954     -0.572149    
281 0.2800      1  0 -0.188077     -0.546624    
282 0.2810      1  0 -0.189213     -0.523118    
283 0.2820      1  0 -0.190357     -0.503576    
284 0.2830      1  0 -0.191507     -0.489434    
285 0.2840      1  0 -0.192659     -0.481483    
286 0.2850      1  0 -0.193808     -0.479847    
287 0.2860      1  0 -0.194953     -0.484047    
288 0.2870      1  0 -0.196091     -0.493084    
289 0.2880      1  0 -0.197218     -0.505553    
290 0.2890      1  0 -0.198332     -0.519806    
291 0.2900      1  0 -0.199432     -0.534160    
292 0.2910      1  0 -0.200517     -0.547142    
293 0.2920      1  0 -0.201585     -0.557714    
294 0.2930      1  0 -0.202635     -0.565430    
295 0.2940      1  0 -0.203669     -0.570463    
296 0.2950      1  0 -0.204688     -0.573542    
297 0.2960      1  0 -0.205693     -0.575789    
298 0.2970      1  0 -0.206687     -0.578523    
299 0.2980      1  0 -0.207676     -0.583060    
300 0.2990      1  0 -0.208661     -0.590531    
301 0.3000      1  0 -0.209649     -0.601725    
302 0.3010      1  0 -0.210643     -0.616965    
303 0.3020      1  0 -0.211646     -0.636047    
304 0.3030      1  0 -0.212660     -0.658231    
305 0.3040      1  0 -0.213687     -0.682318    
306 0.3050      1  0 -0.214725     -0.706788    
307 0.3060      1  0 -0.215773     -0.729983    
308 0.3070      1  0 -0.216829     -0.750315    
309 0.3080      1  0 -0.217890     -0.766438    
310 0.3090      1  0 -0.218952     -0.777405    
311 0.3100      1  0 -0.220013     -0.782758    
312 0.3110      1  0 -0.221069     -0.782570    
313 0.3120      1  0 -0.222120     -0.777436    
314 0.3130      1  0 -0.223164     -0.768396    
315 0.3140      1  0 -0.224201     -0.756815    
316 0.3150      1  0 -0.225231     -0.744225    
317 0.3160      1  0 -0.226253     -0.732139    
318 0.3170      1  0 -0.227266     -0.721872    
319 0.3180      1  0 -0.228269     -0.714385    
320 0.3190      1  0 -0.229260     -0.710182    
321 0.3200      1  0 -0.230236     -0.709265    
322 0.3210      1  0 -0.231194     -0.711160    
323 0.3220      1  0 -0.232129     -0.714995    
324 0.3230      1  0 -0.233038     -0.719640    
325 0.3240      1  0 -0.233916     -0.723861    
326 0.3250      1  0 -0.234761     -0.726506    
327 0.3260      1  0 -0.235572     -0.726670    
328 0.3270      1  0 -0.236347     -0.723823    
329 0.3280      1  0 -0.237086     -0.717897    
330 0.3290      1  0 -0.237792     -0.709303    
331 0.3300      1  0 -0.238466     -0.698883    
332 0.3310      1  0 -0.239111     -0.687803    
333 0.3320      1  0 -0.239729     -0.677403    
334 0.3330      1  0 -0.240323     -0.669031    
335 0.3340      1  0 -0.240897     -0.663870    
336 0.3350      1  0 -0.241450     -0.662793    
337 0.3360      1  0 -0.241986     -0.666261    
338 0.3370      1  0 -0.242505     -0.674265    
339 0.3380      1  0 -0.243007     -0.686337    
340 0.3390      1  0 -0.243493     -0.701608    
341 0.3400      1  0 -0.243963     -0.718923    
342 0.3410      1  0 -0.244418     -0.736983    
343 0.3420      1  0 -0.244857     -0.754500    
344 0.3430      1  0 -0.245281     -0.770352    
345 0.3440      1  0 -0.245690     -0.783710    
346 0.3450      1  0 -0.246085     -0.794122    
347 0.3460      1  0 -0.246465     -0.801556    
348 0.3470      1  0 -0.246832     -0.806384    
349 0.3480      1  0 -0.247185     -0.809315    
350 0.3490      1  0 -0.247523     -0.811291    
351 0.3500      1  0 -0.247848     -0.813351    
352 0.3510      1  0 -0.248147     -0.813946    
353 0.3520      1  0 -0.248409     -0.810316    
354 0.3530      1  0 -0.248628     -0.799830    
355 0.3540      1  0 -0.248800     -0.781689    
356 0.3550      1  0 -0.248926     -0.757677    
357 0.3560      1  0 -0.249008     -0.731577    
358 0.3570      1  0 -0.249051     -0.707798    
359 0.3580      1  0 -0.249057     -0.689851    
360 0.3590      1  0 -0.249028     -0.679333    
361 0.3600      1  0 -0.248958     -0.675864    
362 0.3610      1  0 -0.248842     -0.677844    
363 0.3620      1  0 -0.248672     -0.683384    
364 0.3630      1  0 -0.248443     -0.690812    
365 0.3640      1  0 -0.248148     -0.698583    
366 0.3650      1  0 -0.247785     -0.704892    
367 0.3660      1  0 -0.247348     -0.707500    
368 0.3670      1  0 -0.246837     -0.704058    
369 0.3680      1  0 -0.246250     -0.692818    
370 0.3690      1  0 -0.245587     -0.673320    
371 0.3700      1  0 -0.244852     -0.646647    
372 0.3710      1  0 -0.244049     -0.615140    
373 0.3720      1  0 -0.243185     -0.581773    
374 0.3730      1  0 -0.242263     -0.549512    
375 0.3740      1  0 -0.241291     -0.520912    
376 0.3750      1  0 -0.240271     -0.497978    
377 0.3760      1  0 -0.239207     -0.482165    
378 0.3770      1  0 -0.238102     -0.474349    
379 0.3780      1  0 -0.236959     -0.474702    
380 0.3790      1  0 -0.235780     -0.482553    
381 0.3800      1  0 -0.234567     -0.496370    
382 0.3810      1  0 -0.233325     -0.513953    
383 0.3820      1  0 -0.232055     -0.532808    
384 0.3830      1  0 -0.230760     -0.550596    
385 0.3840      1  0 -0.229445     -0.565497    
386 0.3850      1  0 -0.228111     -0.576404    
387 0.3860      1  0 -0.226762     -0.582965    
388 0.3870      1  0 -0.225399     -0.585505    
389 0.3880      1  0 -0.224026     -0.584924    
390 0.3890      1  0 -0.222643     -0.582574    
391 0.3900      1  0 -0.221252     -0.580116    
392 0.3910      1  0 -0.219854     -0.579317    
393 0.3920      1  0 -0.218449     -0.581796    
394 0.3930      1  0 -0.217040     -0.588757    
395 0.3940      1  0 -0.215625     -0.600765    
396 0.3950      1  0 -0.214206     -0.617640    
397 0.3960      1  0 -0.212783     -0.638472    
398 0.3970      1  0 -0.211355     -0.661756    
399 0.3980      1  0 -0.209922     -0.685601    
400 0.3990      1  0 -0.208483     -0.707960    
401 0.4000      1  0 -0.207036     -0.726865    
402 0.4010      1  0 -0.205578     -0.740641    
403 0.4020      1  0 -0.204107     -0.748085    
404 0.4030      1  0 -0.202622     -0.748606    
405 0.4040      1  0 -0.201123     -0.742276    
406 0.4050      1  0 -0.199610     -0.729803    
407 0.4060      1  0 -0.198084     -0.712409    
408 0.4070      1  0 -0.196550     -0.691637    
409 0.4080      1  0 -0.195011     -0.669127    
410 0.4090      1  0 -0.193473     -0.646393    
411 0.4100      1  0 -0.191941     -0.624651    
412 0.4110      1  0 -0.190421     -0.604695    
413 0.4120      1  0 -0.188918     -0.586848    
414 0.4130      1  0 -0.187436     -0.570964    
415 0.4140      1  0 -0.185978     -0.556505    
416 0.4150      1  0 -0.184544     -0.542656    
417 0.4160      1  0 -0.183135     -0.528482    
418 0.4170      1  0 -0.181751     -0.513106    
419 0.4180      1  0 -0.180390     -0.495868    
420 0.4190      1  0 -0.179053     -0.476469    
421 0.4200      1  0 -0.177739     -0.455044    
422 0.4210      1  0 -0.176449     -0.432191    
423 0.4220      1  0 -0.175185     -0.408920    
424 0.4230      1  0 -0.173948     -0.386557    
425 0.4240      1  0 -0.172741     -0.366591    
426 0.4250      1  0 -0.171565     -0.350501    
427 0.4260      1  0 -0.170423     -0.339579    
428 0.4270      1  0 -0.169314     -0.334758    
429 0.4280      1  0 -0.168236     -0.336492    
430 0.4290      1  0 -0.167189     -0.344679    
431 0.4300      1  0 -0.166167     -0.358664    
432 0.4310      1  0 -0.165166     -0.377303    
433 0.4320      1  0 -0.164181     -0.399099    
434 0.4330      1  0 -0.163207     -0.422370    
435 0.4340      1  0 -0.162241     -0.445444    
436 0.4350      1  0 -0.161279     -0.466841    
437 0.4360      1  0 -0.160320     -0.485421    
438 0.4370      1  0 -0.159365     -0.500478    
439 0.4380      1  0 -0.158413     -0.511767    
440 0.4390      1  0 -0.157469     -0.519468    
441 0.4400      1  0 -0.156536     -0.524082    
442 0.4410      1  0 -0.155617     -0.526293    
443 0.4420      1  0 -0.154718     -0.526803    
444 0.4430      1  0 -0.153840     -0.526189    
445 0.4440      1  0 -0.152990     -0.524776    
446 0.4450      1  0 -0.152168     -0.522575    
447 0.4460      1  0 -0.151380     -0.519273    
448 0.4470      1  0 -0.150626     -0.514290    
449 0.4480      1  0 -0.149910     -0.506882    
450 0.4490      1  0 -0.149234     -0.496282    
451 0.4500      1  0 -0.148600     -0.481849    
452 0.4510      1  0 -0.148010     -0.463214    
453 0.4520      1  0 -0.147468     -0.440389    
454 0.4530      1  0 -0.146974     -0.413829    
455 0.4540      1  0 -0.146531     -0.384447    
456 0.4550      1  0 -0.146140     -0.353559    
457 0.4560      1  0 -0.145802     -0.322784    
458 0.4570      1  0 -0.145518     -0.293894    
459 0.4580      1  0 -0.145287     -0.268645    
460 0.4590      1  0 -0.145106     -0.248590    
461 0.4600      1  0 -0.144974     -0.234918    
462 0.4610      1  0 -0.144887     -0.228322    
463 0.4620      1  0 -0.144840     -0.228922    
464 0.4630      1  0 -0.144827     -0.236254    
465 0.4640      1  0 -0.144843     -0.249335    
466 0.4650      1  0 -0.144879     -0.266784    
467 0.4660      1  0 -0.144928     -0.287001    
468 0.4670      1  0 -0.144985     -0.308366    
469 0.4680      1  0 -0.145041     -0.329436    
470 0.4690      1  0 -0.145093     -0.349105    
471 0.4700      1  0 -0.145135     -0.366707    
472 0.4710      1  0 -0.145166     -0.382038    
473 0.4720      1  0 -0.145185     -0.395307    
474 0.4730      1  0 -0.145193     -0.407008    
475 0.4740      1  0 -0.145192     -0.417765    
476 0.4750      1  0 -0.145187     -0.428140    
477 0.4760      1  0 -0.145181     -0.438485    
478 0.4770      1  0 -0.145180     -0.448824    
479 0.4780      1  0 -0.145188     -0.458801    
480 0.4790      1  0 -0.145210     -0.467712    
481 0.4800      1  0 -0.145251     -0.474586    
482 0.4810      1  0 -0.145313     -0.478320    
483 0.4820      1  0 -0.145401     -0.477843    
484 0.4830      1  0 -0.145518     -0.472278    
485 0.4840      1  0 -0.145667     -0.461081    
486 0.4850      1  0 -0.145851     -0.444151    
487 0.4860      1  0 -0.146072     -0.421880    
488 0.4870      1  0 -0.146335     -0.395158    
489 0.4880      1  0 -0.146641     -0.365317    
490 0.4890      1  0 -0.146994     -0.334025    
491 0.4900      1  0 -0.147396     -0.303146    
492 0.4910      1  0 -0.147849     -0.274572    
493 0.4920      1  0 -0.148351     -0.250045    
494 0.4930      1  0 -0.148902     -0.230995    
495 0.4940      1  0 -0.149498     -0.218398    
496 0.4950      1  0 -0.150133     -0.212688    
497 0.4960      1  0 -0.150799     -0.213727    
498 0.4970      1  0 -0.151488     -0.220836    
499 0.4980      1  0 -0.152190     -0.232899    
500 0.4990      1  0 -0.152893     -0.248515    
501 0.5000      1  0 -0.153589     -0.266190    
502 0.5010      1  0 -0.154268     -0.284532    
503 0.5020      1  0 -0.154922     -0.302429    
504 0.5030      1  0 -0.155545     -0.319170    
505 0.5040      1  0 -0.156134     -0.334509    
506 0.5050      1  0 -0.156687     -0.348634    
507 0.5060      1  0 -0.157203     -0.362072    
508 0.5070      1  0 -0.157683     -0.375540    
509 0.5080      1  0 -0.158131     -0.389754    
510 0.5090      1  0 -0.158549     -0.405253    
511 0.5100      1  0 -0.158941     -0.422250    
512 0.5110      1  0 -0.159312     -0.440543    
513 0.5120      1  0 -0.159664     -0.459493    
514 0.5130      1  0 -0.160003     -0.478078    
515 0.5140      1  0 -0.160332     -0.495006    
516 0.5150      1  0 -0.160657     -0.508870    
517 0.5160      1  0 -0.160983     -0.518324    
518 0.5170      1  0 -0.161313     -0.522250    
519 0.5180      1  0 -0.161655     -0.519896    
520 0.5190      1  0 -0.162013     -0.510971    
521 0.5200      1  0 -0.162393     -0.495692    
522 0.5210      1  0 -0.162800     -0.474765    
523 0.5220      1  0 -0.163238     -0.449332    
524 0.5230      1  0 -0.163711     -0.420862    
525 0.5240      1  0 -0.164221     -0.391020    
526 0.5250      1  0 -0.164771     -0.361524    
527 0.5260      1  0 -0.165358     -0.333991    
528 0.5270      1  0 -0.165983     -0.309806    
529 0.5280      1  0 -0.166640     -0.290012    
530 0.5290      1  0 -0.167326     -0.275235    
531 0.5300      1  0 -0.168033     -0.265666    
532 0.5310      1  0 -0.168754     -0.261072    
533 0.5320      1  0 -0.169479     -0.260874    
534 0.5330      1  0 -0.170200     -0.264247    
535 0.5340      1  0 -0.170907     -0.270262    
536 0.5350      1  0 -0.171592     -0.278020    
537 0.5360      1  0 -0.172244     -0.286791    
538 0.5370      1  0 -0.172859     -0.296105    
539 0.5380      1  0 -0.173429     -0.305809    
540 0.5390      1  0 -0.173950     -0.316061    
541 0.5400      1  0 -0.174420     -0.327267    
542 0.5410      1  0 -0.174838     -0.339980    
543 0.5420      1  0 -0.175203     -0.354766    
544 0.5430      1  0 -0.175519     -0.372062    
545 0.5440      1  0 -0.175787     -0.392059    
546 0.5450      1  0 -0.176012     -0.414618    
547 0.5460      1  0 -0.176197     -0.439238    
548 0.5470      1  0 -0.176347     -0.465081    
549 0.5480      1  0 -0.176467     -0.491041    
550 0.5490      1  0 -0.176563     -0.515854    
551 0.5500      1  0 -0.176641     -0.538223    
552 0.5510      1  0 -0.176706     -0.556946    
553 0.5520      1  0 -0.176766     -0.571031    
554 0.5530      1  0 -0.176826     -0.579772    
555 0.5540      1  0 -0.176893     -0.582803    
556 0.5550      1  0 -0.176974     -0.580106    
557 0.5560      1  0 -0.177075     -0.571991    
558 0.5570      1  0 -0.177200     -0.559046    
559 0.5580      1  0 -0.177356     -0.542070    
560 0.5590      1  0 -0.177544     -0.521996    
561 0.5600      1  0 -0.177768     -0.499807    
562 0.5610      1  0 -0.178028     -0.476469    
563 0.5620      1  0 -0.178322     -0.452863    
564 0.5630      1  0 -0.178648     -0.429746    
565 0.5640      1  0 -0.179003     -0.407715    
566 0.5650      1  0 -0.179379     -0.387211    
567 0.5660      1  0 -0.179771     -0.368523    
568 0.5670      1  0 -0.180171     -0.351822    
569 0.5680      1  0 -0.180570     -0.337198    
570 0.5690      1  0 -0.180961     -0.324704    
571 0.5700      1  0 -0.181335     -0.314401    
572 0.5710      1  0 -0.181685     -0.306385    
573 0.5720      1  0 -0.182004     -0.300808    
574 0.5730      1  0 -0.182285     -0.297875    
575 0.5740      1  0 -0.182524     -0.297825    
576 0.5750      1  0 -0.182717     -0.300892    
577 0.5760      1  0 -0.182861     -0.307268    
578 0.5770      1  0 -0.182953     -0.317051    
579 0.5780      1  0 -0.182994     -0.330210    
580 0.5790      1  0 -0.182983     -0.346560    
581 0.5800      1  0 -0.182921     -0.365751    
582 0.5810      1  0 -0.182812     -0.387284    
583 0.5820      1  0 -0.182658     -0.410538    
584 0.5830      1  0 -0.182464     -0.434810    
585 0.5840      1  0 -0.182236     -0.459364    
586 0.5850      1  0 -0.181979     -0.483476    
587 0.5860      1  0 -0.181701     -0.506470    
588 0.5870      1  0 -0.181410     -0.527750    
589 0.5880      1  0 -0.181112     -0.546813    
590 0.5890      1  0 -0.180817     -0.563251    
591 0.5900      1  0 -0.180530     -0.576743    
592 0.5910      1  0 -0.180261     -0.587044    
593 0.5920      1  0 -0.180015     -0.593968    
594 0.5930      1  0 -0.179797     -0.597376    
595 0.5940      1  0 -0.179612     -0.597171    
596 0.5950      1  0 -0.179463     -0.593295    
597 0.5960      1  0 -0.179353     -0.585742    
598 0.5970      1  0 -0.179281     -0.574567    
599 0.5980      1  0 -0.179246     -0.559911    
600 0.5990      1  0 -0.179247     -0.542020    
601 0.6000      1  0 -0.179281     -0.521261    
602 0.6010      1  0 -0.179342     -0.498141    
603 0.6020      1  0 -0.179427     -0.473299    
604 0.6030      1  0 -0.179528     -0.447504    
605 0.6040      1  0 -0.179641     -0.421618    
606 0.6050      1  0 -0.179758     -0.396561    
607 0.6060      1  0 -0.179872     -0.373250    
608 0.6070      1  0 -0.179978     -0.352543    
609 0.6080      1  0 -0.180069     -0.335169    
610 0.6090      1  0 -0.180138     -0.321676    
611 0.6100      1  0 -0.180180     -0.312393    
612 0.6110      1  0 -0.180190     -0.307408    
613 0.6120      1  0 -0.180163     -0.306576    
614 0.6130      1  0 -0.180097     -0.309554    
615 0.6140      1  0 -0.179988     -0.315857    
616 0.6150      1  0 -0.179836     -0.324920    
617 0.6160      1  0 -0.179639     -0.336177    
618 0.6170      1  0 -0.179398     -0.349117    
619 0.6180      1  0 -0.179117     -0.363335    
620 0.6190      1  0 -0.178797     -0.378552    
621 0.6200      1  0 -0.178445     -0.394610    
622 0.6210      1  0 -0.178065     -0.411443    
623 0.6220      1  0 -0.177664     -0.429032    
624 0.6230      1  0 -0.177250     -0.447344    
625 0.6240      1  0 -0.176829     -0.466280    
626 0.6250      1  0 -0.176410     -0.485621    
627 0.6260      1  0 -0.176000     -0.505009    
628 0.6270      1  0 -0.175606     -0.523930    
629 0.6280      1  0 -0.175234     -0.541735    
630 0.6290      1  0 -0.174889     -0.557677    
631 0.6300      1  0 -0.174577     -0.570961    
632 0.6310      1  0 -0.174300     -0.580813    
633 0.6320      1  0 -0.174060     -0.586547    
634 0.6330      1  0 -0.173860     -0.587631    
635 0.6340      1  0 -0.173697     -0.583746    
636 0.6350      1  0 -0.173573     -0.574825    
637 0.6360      1  0 -0.173485     -0.561080    
638 0.6370      1  0 -0.173431     -0.543003    
639 0.6380      1  0 -0.173407     -0.521339    
640 0.6390      1  0 -0.173409     -0.497047    
641 0.6400      1  0 -0.173434     -0.471230    
642 0.6410      1  0 -0.173476     -0.445056    
643 0.6420      1  0 -0.173531     -0.419670    
644 0.6430      1  0 -0.173593     -0.396104    
645 0.6440      1  0 -0.173657     -0.375201    
646 0.6450      1  0 -0.173716     -0.357557    
647 0.6460      1  0 -0.173765     -0.343491    
648 0.6470      1  0 -0.173798     -0.333049    
649 0.6480      1  0 -0.173810     -0.326038    
650 0.6490      1  0 -0.173796     -0.322085    
651 0.6500      1  0 -0.173752     -0.320723    
652 0.6510      1  0 -0.173675     -0.321476    
653 0.6520      1  0 -0.173564     -0.323933    
654 0.6530      1  0 -0.173417     -0.327818    
655 0.6540      1  0 -0.173236     -0.333012    
656 0.6550      1  0 -0.173022     -0.339557    
657 0.6560      1  0 -0.172780     -0.347623    
658 0.6570      1  0 -0.172512     -0.357446    
659 0.6580      1  0 -0.172225     -0.369256    
660 0.6590      1  0 -0.171923     -0.383203    
661 0.6600      1  0 -0.171613     -0.399287    
662 0.6610      1  0 -0.171301     -0.417311    
663 0.6620      1  0 -0.170993     -0.436863    
664 0.6630      1  0 -0.170694     -0.457322    
665 0.6640      1  0 -0.170410     -0.477893    
666 0.6650      1  0 -0.170145     -0.497666    
667 0.6660      1  0 -0.169905     -0.515687    
668 0.6670      1  0 -0.169691     -0.531037    
669 0.6680      1  0 -0.169508     -0.542907    
670 0.6690      1  0 -0.169357     -0.550667    
671 0.6700      1  0 -0.169239     -0.553911    
672 0.6710      1  0 -0.169156     -0.552490    
673 0.6720      1  0 -0.169107     -0.546519    
674 0.6730      1  0 -0.169091     -0.536364    
675 0.6740      1  0 -0.169107     -0.522604    
676 0.6750      1  0 -0.169152     -0.505985    
677 0.6760      1  0 -0.169225     -0.487355    
678 0.6770      1  0 -0.169321     -0.467599    
679 0.6780      1  0 -0.169437     -0.447566    
680 0.6790      1  0 -0.169568     -0.428019    
681 0.6800      1  0 -0.169709     -0.409579    
682 0.6810      1  0 -0.169856     -0.392707    
683 0.6820      1  0 -0.170002     -0.377687    
684 0.6830      1  0 -0.170143     -0.364647    
685 0.6840      1  0 -0.170273     -0.353588    
686 0.6850      1  0 -0.170388     -0.344426    
687 0.6860      1  0 -0.170484     -0.337044    
688 0.6870      1  0 -0.170556     -0.331341    
689 0.6880      1  0 -0.170603     -0.327269    
690 0.6890      1  0 -0.170623     -0.324856    
691 0.6900      1  0 -0.170616     -0.324208    
692 0.6910      1  0 -0.170581     -0.325496    
693 0.6920      1  0 -0.170521     -0.328919    
694 0.6930      1  0 -0.170438     -0.334663    
695 0.6940      1  0 -0.170334     -0.342852    
696 0.6950      1  0 -0.170213     -0.353505    
697 0.6960      1  0 -0.170079     -0.366504    
698 0.6970      1  0 -0.169937     -0.381577    
699 0.6980      1  0 -0.169790     -0.398300    
700 0.6990      1  0 -0.169644     -0.416115    
701 0.7000      1  0 -0.169501     -0.434366    
702 0.7010      1  0 -0.169367     -0.452343    
703 0.7020      1  0 -0.169245     -0.469332    
704 0.7030      1  0 -0.169139     -0.484662    
705 0.7040      1  0 -0.169052     -0.497753    
706 0.7050      1  0 -0.168987     -0.508142    
707 0.7060      1  0 -0.168946     -0.515510    
708 0.7070      1  0 -0.168931     -0.519690    
709 0.7080      1  0 -0.168943     -0.520663    
710 0.7090      1  0 -0.168983     -0.518546    
711 0.7100      1  0 -0.169050     -0.513568    
712 0.7110      1  0 -0.169144     -0.506046    
713 0.7120      1  0 -0.169263     -0.496359    
714 0.7130      1  0 -0.169404     -0.484914    
715 0.7140      1  0 -0.169565     -0.472127    
716 0.7150      1  0 -0.169743     -0.458402    
717 0.7160      1  0 -0.169933     -0.444119    
718 0.7170      1  0 -0.170131     -0.429629    
719 0.7180      1  0 -0.170334     -0.415249    
720 0.7190      1  0 -0.170536     -0.401273    
721 0.7200      1  0 -0.170734     -0.387972    
722 0.7210      1  0 -0.170924     -0.375605    
723 0.7220      1  0 -0.171102     -0.364421    
724 0.7230      1  0 -0.171264     -0.354662    
725 0.7240      1  0 -0.171408     -0.346558    
726 0.7250      1  0 -0.171533     -0.340324    
727 0.7260      1  0 -0.171636     -0.336144    
728 0.7270      1  0 -0.171718     -0.334161    
729 0.7280      1  0 -0.171777     -0.334463    
730 0.7290      1  0 -0.171814     -0.337075    
731 0.7300      1  0 -0.171830     -0.341945    
732 0.7310      1  0 -0.171827     -0.348948    
733 0.7320      1  0 -0.171807     -0.357888    
734 0.7330      1  0 -0.171773     -0.368502    
735 0.7340      1  0 -0.171727     -0.380479    
736 0.7350      1  0 -0.171672     -0.393469    
737 0.7360      1  0 -0.171612     -0.407099    
738 0.7370      1  0 -0.171550     -0.420995    
739 0.7380      1  0 -0.171491     -0.434784    
740 0.7390      1  0 -0.171437     -0.448115    
741 0.7400      1  0 -0.171391     -0.460657    
742 0.7410      1  0 -0.171357     -0.472110    
743 0.7420      1  0 -0.171338     -0.482205    
744 0.7430      1  0 -0.171335     -0.490705    
745 0.7440      1  0 -0.171351     -0.497408    
746 0.7450      1  0 -0.171386     -0.502146    
747 0.7460      1  0 -0.171441     -0.504796    
748 0.7470      1  0 -0.171517     -0.505274    
749 0.7480      1  0 -0.171611     -0.503551    
750 0.7490      1  0 -0.171725     -0.499654    
751 0.7500      1  0 -0.171854     -0.493671    
752 0.7510      1  0 -0.171999     -0.485762    
753 0.7520      1  0 -0.172155     -0.476150    
754 0.7530      1  0 -0.172320     -0.465127    
755 0.7540      1  0 -0.172492     -0.453040    
756 0.7550      1  0 -0.172668     -0.440281    
757 0.7560      1  0 -0.172843     -0.427272    
758 0.7570      1  0 -0.173016     -0.414441    
759 0.7580      1  0 -0.173183     -0.402201    
760 0.7590      1  0 -0.173342     -0.390931    
761 0.7600      1  0 -0.173489     -0.380954    
762 0.7610      1  0 -0.173624     -0.372523    
763 0.7620      1  0 -0.173744     -0.365816    
764 0.7630      1  0 -0.173847     -0.360932    
765 0.7640      1  0 -0.173933     -0.357895    
766 0.7650      1  0 -0.174000     -0.356669    
767 0.7660      1  0 -0.174049     -0.357170    
768 0.7670      1  0 -0.174079     -0.359284    
769 0.7680      1  0 -0.174092     -0.362883    
770 0.7690      1  0 -0.174088     -0.367833    
771 0.7700      1  0 -0.174070     -0.374010    
772 0.7710      1  0 -0.174039     -0.381295    
773 0.7720      1  0 -0.173998     -0.389574    
774 0.7730      1  0 -0.173950     -0.398729    
775 0.7740      1  0 -0.173897     -0.408630    
776 0.7750      1  0 -0.173842     -0.419123    
777 0.7760      1  0 -0.173788     -0.430019    
778 0.7770      1  0 -0.173737     -0.441093    
779 0.7780      1  0 -0.173693     -0.452078    
780 0.7790      1  0 -0.173658     -0.462674    
781 0.7800      1  0 -0.173632     -0.472559    
782 0.7810      1  0 -0.173619     -0.481402    
783 0.7820      1  0 -0.173618     -0.488883    
784 0.7830      1  0 -0.173630     -0.494718    
785 0.7840      1  0 -0.173656     -0.498674    
786 0.7850      1  0 -0.173695     -0.500590    
787 0.7860      1  0 -0.173748     -0.500389    
788 0.7870      1  0 -0.173812     -0.498087    
789 0.7880      1  0 -0.173887     -0.493792    
790 0.7890      1  0 -0.173971     -0.487699    
791 0.7900      1  0 -0.174063     -0.480074    
792 0.7910      1  0 -0.174162     -0.471241    
793 0.7920      1  0 -0.174264     -0.461554    
794 0.7930      1  0 -0.174369     -0.451379    
795 0.7940      1  0 -0.174473     -0.441067    
796 0.7950      1  0 -0.174576     -0.430939    
797 0.7960      1  0 -0.174674     -0.421268    
798 0.7970      1  0 -0.174766     -0.412272    
799 0.7980      1  0 -0.174850     -0.404116    
800 0.7990      1  0 -0.174923     -0.396912    
801 0.8000      1  0 -0.174986     -0.390730    
802 0.8010      1  0 -0.175036     -0.385612    
803 0.8020      1  0 -0.175072     -0.381584    
804 0.8030      1  0 -0.175095     -0.378670    
805 0.8040      1  0 -0.175104     -0.376895    
806 0.8050      1  0 -0.175099     -0.376295    
807 0.8060      1  0 -0.175082     -0.376911    
808 0.8070      1  0 -0.175053     -0.378784    
809 0.8080      1  0 -0.175013     -0.381944    
810 0.8090      1  0 -0.174964     -0.386396    
811 0.8100      1  0 -0.174909     -0.392109    
812 0.8110      1  0 -0.174848     -0.399004    
813 0.8120      1  0 -0.174784     -0.406949    
814 0.8130      1  0 -0.174718     -0.415755    
815 0.8140      1  0 -0.174653     -0.425182    
816 0.8150      1  0 -0.174590     -0.434944    
817 0.8160      1  0 -0.174531     -0.444731    
818 0.8170      1  0 -0.174478     -0.454218    
819 0.8180      1  0 -0.174430     -0.463088    
820 0.8190      1  0 -0.174391     -0.471052    
821 0.8200      1  0 -0.174359     -0.477859    
822 0.8210      1  0 -0.174336     -0.483314    
823 0.8220      1  0 -0.174322     -0.487284    
824 0.8230      1  0 -0.174318     -0.489699    
825 0.8240      1  0 -0.174322     -0.490554    
826 0.8250      1  0 -0.174335     -0.489897    
827 0.8260      1  0 -0.174356     -0.487825    
828 0.8270      1  0 -0.174384     -0.484471    
829 0.8280      1  0 -0.174418     -0.479988    
830 0.8290      1  0 -0.174458     -0.474543    
831 0.8300      1  0 -0.174501     -0.468308    
832 0.8310      1  0 -0.174547     -0.461449    
833 0.8320      1  0 -0.174594     -0.454126    
834 0.8330      1  0 -0.174640     -0.446496    
835 0.8340      1  0 -0.174684     -0.438705    
836 0.8350      1  0 -0.174724     -0.430901    
837 0.8360      1  0 -0.174760     -0.423234    
838 0.8370      1  0 -0.174790     -0.415858    
839 0.8380      1  0 -0.174814     -0.408931    
840 0.8390      1  0 -0.174829     -0.402618    
841 0.8400      1  0 -0.174837     -0.397083    
842 0.8410      1  0 -0.174837     -0.392481    
843 0.8420      1  0 -0.174828     -0.388957    
844 0.8430      1  0 -0.174812     -0.386628    
845 0.8440      1  0 -0.174787     -0.385583    
846 0.8450      1  0 -0.174756     -0.385865    
847 0.8460      1  0 -0.174719     -0.387478    
848 0.8470      1  0 -0.174675     -0.390374    
849 0.8480      1  0 -0.174628     -0.394460    
850 0.8490      1  0 -0.174576     -0.399605    
851 0.8500      1  0 -0.174522     -0.405640    
852 0.8510      1  0 -0.174466     -0.412373    
853 0.8520      1  0 -0.174410     -0.419598    
854 0.8530      1  0 -0.174355     -0.427102    
855 0.8540      1  0 -0.174301     -0.434680    
856 0.8550      1  0 -0.174250     -0.442135    
857 0.8560      1  0 -0.174202     -0.449290    
858 0.8570      1  0 -0.174159     -0.455985    
859 0.8580      1  0 -0.174120     -0.462081    
860 0.8590      1  0 -0.174088     -0.467459    
861 0.8600      1  0 -0.174061     -0.472016    
862 0.8610      1  0 -0.174040     -0.475667    
863 0.8620      1  0 -0.174026     -0.478340    
864 0.8630      1  0 -0.174018     -0.479978    
865 0.8640      1  0 -0.174016     -0.480538    
866 0.8650      1  0 -0.174019     -0.479996    
867 0.8660      1  0 -0.174028     -0.478349    
868 0.8670      1  0 -0.174040     -0.475616    
869 0.8680      1  0 -0.174057     -0.471846    
870 0.8690      1  0 -0.174076     -0.467120    
871 0.8700      1  0 -0.174097     -0.461548    
872 0.8710      1  0 -0.174119     -0.455276    
873 0.8720      1  0 -0.174142     -0.448474    
874 0.8730      1  0 -0.174165     -0.441338    
875 0.8740      1  0 -0.174186     -0.434077    
876 0.8750      1  0 -0.174206     -0.426905    
877 0.8760      1  0 -0.174224     -0.420035    
878 0.8770      1  0 -0.174238     -0.413663    
879 0.8780      1  0 -0.174250     -0.407962    
880 0.8790      1  0 -0.174258     -0.403077    
881 0.8800      1  0 -0.174263     -0.399118    
882 0.8810      1  0 -0.174263     -0.396158    
883 0.8820      1  0 -0.174260     -0.394236    
884 0.8830      1  0 -0.174252     -0.393359    
885 0.8840      1  0 -0.174241     -0.393505    
886 0.8850      1  0 -0.174226     -0.394632    
887 0.8860      1  0 -0.174207     -0.396681    
888 0.8870      1  0 -0.174185     -0.399581    
889 0.8880      1  0 -0.174160     -0.403254    
890 0.8890      1  0 -0.174134     -0.407616    
891 0.8900      1  0 -0.174105     -0.412577    
892 0.8910      1  0 -0.174076     -0.418040    
893 0.8920      1  0 -0.174047     -0.423901    
894 0.8930      1  0 -0.174018     -0.430044    
895 0.8940      1  0 -0.173989     -0.436341    
896 0.8950      1  0 -0.173963     -0.442652    
897 0.8960      1  0 -0.173938     -0.448824    
898 0.8970      1  0 -0.173916     -0.454697    
899 0.8980      1  0 -0.173897     -0.460107    
900 0.8990      1  0 -0.173881     -0.464894    
901 0.9000      1  0 -0.173869     -0.468907    
902 0.9010      1  0 -0.173860     -0.472016    
903 0.9020      1  0 -0.173856     -0.474117    
904 0.9030      1  0 -0.173855     -0.475138    
905 0.9040      1  0 -0.173858     -0.475047    
906 0.9050      1  0 -0.173864     -0.473850    
907 0.9060      1  0 -0.173874     -0.471592    
908 0.9070      1  0 -0.173888     -0.468358    
909 0.9080      1  0 -0.173905     -0.464262    
910 0.9090      1  0 -0.173924     -0.459443    
911 0.9100      1  0 -0.173946     -0.454060    
912 0.9110      1  0 -0.173971     -0.448277    
913 0.9120      1  0 -0.173997     -0.442263    
914 0.9130      1  0 -0.174024     -0.436180    
915 0.9140      1  0 -0.174053     -0.430180    
916 0.9150      1  0 -0.174082     -0.424403    
917 0.9160      1  0 -0.174110     -0.418971    
918 0.9170      1  0 -0.174138     -0.413996    
919 0.9180      1  0 -0.174165     -0.409570    
920 0.9190      1  0 -0.174190     -0.405776    
921 0.9200      1  0 -0.174213     -0.402686    
922 0.9210      1  0 -0.174234     -0.400360    
923 0.9220      1  0 -0.174252     -0.398849    
924 0.9230      1  0 -0.174267     -0.398193    
925 0.9240      1  0 -0.174278     -0.398419    
926 0.9250      1  0 -0.174287     -0.399538    
927 0.9260      1  0 -0.174293     -0.401541    
928 0.9270      1  0 -0.174295     -0.404398    
929 0.9280      1  0 -0.174295     -0.408054    
930 0.9290      1  0 -0.174292     -0.412429    
931 0.9300      1  0 -0.174287     -0.417418    
932 0.9310      1  0 -0.174280     -0.422890    
933 0.9320      1  0 -0.174271     -0.428700    
934 0.9330      1  0 -0.174261     -0.434684    
935 0.9340      1  0 -0.174250     -0.440674    
936 0.9350      1  0 -0.174238     -0.446500    
937 0.9360      1  0 -0.174227     -0.451999    
938 0.9370      1  0 -0.174217     -0.457020    
939 0.9380      1  0 -0.174208     -0.461432    
940 0.9390      1  0 -0.174200     -0.465126    
941 0.9400      1  0 -0.174194     -0.468017    
942 0.9410      1  0 -0.174192     -0.470046    
943 0.9420      1  0 -0.174192     -0.471181    
944 0.9430      1  0 -0.174195     -0.471413    
945 0.9440      1  0 -0.174202     -0.470753    
946 0.9450      1  0 -0.174213     -0.469235    
947 0.9460      1  0 -0.174228     -0.466906    
948 0.9470      1  0 -0.174247     -0.463832    
949 0.9480      1  0 -0.174270     -0.460091    
950 0.9490      1  0 -0.174296     -0.455771    
951 0.9500      1  0 -0.174326     -0.450975    
952 0.9510      1  0 -0.174359     -0.445814    
953 0.9520      1  0 -0.174394     -0.440410    
954 0.9530      1  0 -0.174432     -0.434894    
955 0.9540      1  0 -0.174471     -0.429403    
956 0.9550      1  0 -0.174511     -0.424077    
957 0.9560      1  0 -0.174551     -0.419059    
958 0.9570      1  0 -0.174591     -0.414484    
959 0.9580      1  0 -0.174631     -0.410480    
960 0.9590      1  0 -0.174668     -0.407160    
961 0.9600      1  0 -0.174704     -0.404619    
962 0.9610      1  0 -0.174737     -0.402928    
963 0.9620      1  0 -0.174768     -0.402131    
964 0.9630      1  0 -0.174795     -0.402246    
965 0.9640      1  0 -0.174818     -0.403260    
966 0.9650      1  0 -0.174837     -0.405136    
967 0.9660      1  0 -0.174852     -0.407811    
968 0.9670      1  0 -0.174862     -0.411200    
969 0.9680      1  0 -0.174869     -0.415204    
970 0.9690      1  0 -0.174871     -0.419711    
971 0.9700      1  0 -0.174870     -0.424601    
972 0.9710      1  0 -0.174865     -0.429752    
973 0.9720      1  0 -0.174857     -0.435039    
974 0.9730      1  0 -0.174847     -0.440341    
975 0.9740      1  0 -0.174835     -0.445540    
976 0.9750      1  0 -0.174822     -0.450521    
977 0.9760      1  0 -0.174809     -0.455175    
978 0.9770      1  0 -0.174797     -0.459398    
979 0.9780      1  0 -0.174785     -0.463094    
980 0.9790      1  0 -0.174775     -0.466172    
981 0.9800      1  0 -0.174768     -0.468553    
982 0.9810      1  0 -0.174764     -0.470170    
983 0.9820      1  0 -0.174763     -0.470968    
984 0.9830      1  0 -0.174767     -0.470915    
985 0.9840      1  0 -0.174774     -0.469998    
986 0.9850      1  0 -0.174786     -0.468229    
987 0.9860      1  0 -0.174803     -0.465646    
988 0.9870      1  0 -0.174824     -0.462312    
989 0.9880      1  0 -0.174849     -0.458318    
990 0.9890      1  0 -0.174878     -0.453778    
991 0.9900      1  0 -0.174911     -0.448824    
992 0.9910      1  0 -0.174948     -0.443603    
993 0.9920      1  0 -0.174987     -0.438270    
994 0.9930      1  0 -0.175028     -0.432984    
995 0.9940      1  0 -0.175071     -0.427895    
996 0.9950      1  0 -0.175114     -0.423148    
997 0.9960      1  0 -0.175158     -0.418868    
998 0.9970      1  0 -0.175200     -0.415161    
999 0.9980      1  0 -0.175242     -0.412114    
