# Mowe_temp                                                                       
# Operating point sequence...
# i     t     dWx ang.acc.  Wx rot.rate   Phi   (bank)  Phi[ 2]       Phi[ 3]      
  1  2.000      0.112127E-01   47.4850      -85.3511      -85.3511      -85.3511    
  2  2.010      0.115354E-01   47.4851      -85.8259      -85.8259      -85.8259    
  3  2.020      0.973803E-02   47.4852      -86.3008      -86.3008      -86.3008    
  4  2.030      0.966708E-02   47.4853      -86.7756      -86.7756      -86.7756    
  5  2.040      0.921665E-02   47.4854      -87.2505      -87.2505      -87.2505    
  6  2.050      0.877438E-02   47.4855      -87.7253      -87.7253      -87.7253    
  7  2.060      0.835698E-02   47.4856      -88.2002      -88.2002      -88.2002    
  8  2.070      0.797086E-02   47.4857      -88.6750      -88.6750      -88.6750    
  9  2.080      0.759937E-02   47.4857      -89.1499      -89.1499      -89.1499    
 10  2.090      0.724307E-02   47.4858      -89.6247      -89.6247      -89.6247    
 11  2.100      0.689549E-02   47.4859      -90.0996      -90.0996      -90.0996    
 12  2.110      0.656649E-02   47.4859      -90.5744      -90.5744      -90.5744    
 13  2.120      0.624113E-02   47.4860      -91.0493      -91.0493      -91.0493    
 14  2.130      0.594561E-02   47.4861      -91.5241      -91.5241      -91.5241    
 15  2.140      0.565367E-02   47.4861      -91.9990      -91.9990      -91.9990    
 16  2.150      0.536894E-02   47.4862      -92.4738      -92.4738      -92.4738    
 17  2.160      0.509968E-02   47.4862      -92.9487      -92.9487      -92.9487    
 18  2.170      0.486542E-02   47.4863      -93.4236      -93.4236      -93.4236    
 19  2.180      0.463067E-02   47.4863      -93.8984      -93.8984      -93.8984    
 20  2.190      0.438941E-02   47.4864      -94.3733      -94.3733      -94.3733    
 21  2.200      0.417935E-02   47.4864      -94.8481      -94.8481      -94.8481    
 22  2.210      0.396301E-02   47.4865      -95.3230      -95.3230      -95.3230    
 23  2.220      0.378598E-02   47.4865      -95.7979      -95.7979      -95.7979    
 24  2.230      0.361012E-02   47.4865      -96.2727      -96.2727      -96.2727    
 25  2.240      0.343138E-02   47.4866      -96.7476      -96.7476      -96.7476    
 26  2.250      0.332592E-02   47.4866      -97.2224      -97.2224      -97.2224    
 27  2.260      0.316204E-02   47.4866      -97.6973      -97.6973      -97.6973    
 28  2.270      0.303135E-02   47.4866      -98.1722      -98.1722      -98.1722    
 29  2.280      0.284202E-02   47.4867      -98.6470      -98.6470      -98.6470    
 30  2.290      0.270863E-02   47.4867      -99.1219      -99.1219      -99.1219    
 31  2.300      0.257806E-02   47.4867      -99.5967      -99.5967      -99.5967    
 32  2.310      0.244929E-02   47.4868      -100.072      -100.072      -100.072    
 33  2.320      0.238685E-02   47.4868      -100.546      -100.546      -100.546    
 34  2.330      0.222265E-02   47.4868      -101.021      -101.021      -101.021    
 35  2.340      0.218667E-02   47.4868      -101.496      -101.496      -101.496    
 36  2.350      0.207730E-02   47.4868      -101.971      -101.971      -101.971    
 37  2.360      0.196974E-02   47.4869      -102.446      -102.446      -102.446    
 38  2.370      0.191072E-02   47.4869      -102.921      -102.921      -102.921    
 39  2.380      0.183040E-02   47.4869      -103.396      -103.396      -103.396    
 40  2.390      0.167749E-02   47.4869      -103.870      -103.870      -103.870    
 41  2.400      0.165552E-02   47.4869      -104.345      -104.345      -104.345    
 42  2.410      0.158658E-02   47.4869      -104.820      -104.820      -104.820    
 43  2.420      0.146182E-02   47.4869      -105.295      -105.295      -105.295    
 44  2.430      0.143105E-02   47.4870      -105.770      -105.770      -105.770    
 45  2.440      0.139382E-02   47.4870      -106.245      -106.245      -106.245    
 46  2.450      0.124788E-02   47.4870      -106.720      -106.720      -106.720    
 47  2.460      0.126007E-02   47.4870      -107.195      -107.195      -107.195    
 48  2.470      0.121500E-02   47.4870      -107.669      -107.669      -107.669    
 49  2.480      0.120789E-02   47.4870      -108.144      -108.144      -108.144    
 50  2.490      0.111587E-02   47.4870      -108.619      -108.619      -108.619    
 51  2.500      0.108795E-02   47.4870      -109.094      -109.094      -109.094    
 52  2.510      0.975568E-03   47.4870      -109.569      -109.569      -109.569    
 53  2.520      0.959244E-03   47.4871      -110.044      -110.044      -110.044    
 54  2.530      0.910507E-03   47.4871      -110.519      -110.519      -110.519    
 55  2.540      0.902810E-03   47.4871      -110.993      -110.993      -110.993    
 56  2.550      0.913577E-03   47.4871      -111.468      -111.468      -111.468    
 57  2.560      0.850692E-03   47.4871      -111.943      -111.943      -111.943    
 58  2.570      0.813139E-03   47.4871      -112.418      -112.418      -112.418    
 59  2.580      0.762939E-03   47.4871      -112.893      -112.893      -112.893    
 60  2.590      0.747735E-03   47.4871      -113.368      -113.368      -113.368    
 61  2.600      0.651238E-03   47.4871      -113.843      -113.843      -113.843    
 62  2.610      0.571793E-03   47.4871      -114.318      -114.318      -114.318    
 63  2.620      0.636169E-03   47.4871      -114.792      -114.792      -114.792    
 64  2.630      0.514094E-03   47.4871      -115.267      -115.267      -115.267    
 65  2.640      0.485620E-03   47.4871      -115.742      -115.742      -115.742    
 66  2.650      0.522376E-03   47.4871      -116.217      -116.217      -116.217    
 67  2.660      0.536203E-03   47.4871      -116.692      -116.692      -116.692    
 68  2.670      0.422353E-03   47.4872      -117.167      -117.167      -117.167    
 69  2.680      0.446356E-03   47.4872      -117.642      -117.642      -117.642    
 70  2.690      0.579601E-03   47.4872      -118.117      -118.117      -118.117    
 71  2.700      0.555395E-03   47.4872      -118.591      -118.591      -118.591    
 72  2.710      0.434427E-03   47.4872      -119.066      -119.066      -119.066    
 73  2.720      0.577996E-03   47.4872      -119.541      -119.541      -119.541    
 74  2.730      0.453683E-03   47.4872      -120.016      -120.016      -120.016    
 75  2.740      0.428733E-03   47.4872      -120.491      -120.491      -120.491    
 76  2.750      0.460069E-03   47.4872      -120.966      -120.966      -120.966    
 77  2.760      0.485215E-03   47.4872      -121.441      -121.441      -121.441    
 78  2.770      0.508051E-03   47.4872      -121.915      -121.915      -121.915    
 79  2.780      0.398866E-03   47.4871      -122.390      -122.390      -122.390    
 80  2.790      0.442458E-03   47.4872      -122.865      -122.865      -122.865    
 81  2.800      0.385160E-03   47.4871      -123.340      -123.340      -123.340    
 82  2.810      0.442867E-03   47.4872      -123.815      -123.815      -123.815    
 83  2.820      0.581653E-03   47.4872      -124.290      -124.290      -124.290    
 84  2.830      0.444469E-03   47.4872      -124.765      -124.765      -124.765    
 85  2.840      0.506901E-03   47.4872      -125.240      -125.240      -125.240    
 86  2.850      0.563176E-03   47.4872      -125.714      -125.714      -125.714    
 87  2.860      0.602579E-03   47.4872      -126.189      -126.189      -126.189    
 88  2.870      0.468012E-03   47.4872      -126.664      -126.664      -126.664    
 89  2.880      0.575757E-03   47.4872      -127.139      -127.139      -127.139    
 90  2.890      0.456390E-03   47.4872      -127.614      -127.614      -127.614    
 91  2.900      0.621792E-03   47.4872      -128.089      -128.089      -128.089    
 92  2.910      0.458718E-03   47.4872      -128.564      -128.564      -128.564    
 93  2.920      0.511456E-03   47.4872      -129.039      -129.039      -129.039    
 94  2.930      0.445596E-03   47.4872      -129.513      -129.513      -129.513    
 95  2.940      0.500631E-03   47.4872      -129.988      -129.988      -129.988    
 96  2.950      0.469539E-03   47.4872      -130.463      -130.463      -130.463    
 97  2.960      0.468952E-03   47.4872      -130.938      -130.938      -130.938    
 98  2.970      0.426285E-03   47.4872      -131.413      -131.413      -131.413    
 99  2.980      0.468629E-03   47.4872      -131.888      -131.888      -131.888    
100  2.990      0.540780E-03   47.4872      -132.363      -132.363      -132.363    
101  3.000      0.499439E-03   47.4872      -132.837      -132.837      -132.837    
102  3.010      0.500908E-03   47.4872      -133.312      -133.312      -133.312    
103  3.020      0.383602E-03   47.4871      -133.787      -133.787      -133.787    
104  3.030      0.412492E-03   47.4872      -134.262      -134.262      -134.262    
105  3.040      0.509955E-03   47.4872      -134.737      -134.737      -134.737    
106  3.050      0.447561E-03   47.4872      -135.212      -135.212      -135.212    
107  3.060      0.428120E-03   47.4872      -135.687      -135.687      -135.687    
108  3.070      0.503421E-03   47.4872      -136.162      -136.162      -136.162    
109  3.080      0.331146E-03   47.4871      -136.636      -136.636      -136.636    
110  3.090      0.541018E-03   47.4872      -137.111      -137.111      -137.111    
111  3.100      0.418189E-03   47.4872      -137.586      -137.586      -137.586    
112  3.110      0.496409E-03   47.4872      -138.061      -138.061      -138.061    
113  3.120      0.468798E-03   47.4872      -138.536      -138.536      -138.536    
114  3.130      0.465059E-03   47.4872      -139.011      -139.011      -139.011    
115  3.140      0.531862E-03   47.4872      -139.486      -139.486      -139.486    
116  3.150      0.505277E-03   47.4872      -139.961      -139.961      -139.961    
117  3.160      0.365133E-03   47.4871      -140.435      -140.435      -140.435    
118  3.170      0.473794E-03   47.4872      -140.910      -140.910      -140.910    
119  3.180      0.478375E-03   47.4872      -141.385      -141.385      -141.385    
120  3.190      0.618087E-03   47.4872      -141.860      -141.860      -141.860    
121  3.200      0.410814E-03   47.4872      -142.335      -142.335      -142.335    
122  3.210      0.417315E-03   47.4872      -142.810      -142.810      -142.810    
123  3.220      0.601739E-03   47.4872      -143.285      -143.285      -143.285    
124  3.230      0.413930E-03   47.4872      -143.759      -143.759      -143.759    
125  3.240      0.405399E-03   47.4872      -144.234      -144.234      -144.234    
126  3.250      0.649168E-03   47.4872      -144.709      -144.709      -144.709    
127  3.260      0.316874E-03   47.4871      -145.184      -145.184      -145.184    
128  3.270      0.499241E-03   47.4872      -145.659      -145.659      -145.659    
129  3.280      0.644736E-03   47.4872      -146.134      -146.134      -146.134    
130  3.290      0.358989E-03   47.4871      -146.609      -146.609      -146.609    
131  3.300      0.594543E-03   47.4872      -147.084      -147.084      -147.084    
132  3.310      0.463854E-03   47.4872      -147.558      -147.558      -147.558    
133  3.320      0.479569E-03   47.4872      -148.033      -148.033      -148.033    
134  3.330      0.458374E-03   47.4872      -148.508      -148.508      -148.508    
135  3.340      0.585224E-03   47.4872      -148.983      -148.983      -148.983    
136  3.350      0.347237E-03   47.4871      -149.458      -149.458      -149.458    
137  3.360      0.568133E-03   47.4872      -149.933      -149.933      -149.933    
138  3.370      0.553433E-03   47.4872      -150.408      -150.408      -150.408    
139  3.380      0.547329E-03   47.4872      -150.882      -150.882      -150.882    
140  3.390      0.603497E-03   47.4872      -151.357      -151.357      -151.357    
141  3.400      0.397667E-03   47.4871      -151.832      -151.832      -151.832    
142  3.410      0.560332E-03   47.4872      -152.307      -152.307      -152.307    
143  3.420      0.457968E-03   47.4872      -152.782      -152.782      -152.782    
144  3.430      0.446713E-03   47.4872      -153.257      -153.257      -153.257    
145  3.440      0.373784E-03   47.4872      -153.732      -153.732      -153.732    
146  3.450      0.542325E-03   47.4872      -154.206      -154.206      -154.206    
147  3.460      0.573243E-03   47.4872      -154.681      -154.681      -154.681    
148  3.470      0.541517E-03   47.4872      -155.156      -155.156      -155.156    
149  3.480      0.436683E-03   47.4872      -155.631      -155.631      -155.631    
150  3.490      0.397528E-03   47.4872      -156.106      -156.106      -156.106    
151  3.500      0.479099E-03   47.4872      -156.581      -156.581      -156.581    
152  3.510      0.354779E-03   47.4871      -157.056      -157.056      -157.056    
153  3.520      0.457452E-03   47.4872      -157.531      -157.531      -157.531    
154  3.530      0.283245E-03   47.4871      -158.005      -158.005      -158.005    
155  3.540      0.442864E-03   47.4872      -158.480      -158.480      -158.480    
156  3.550      0.430258E-03   47.4872      -158.955      -158.955      -158.955    
157  3.560      0.510982E-03   47.4872      -159.430      -159.430      -159.430    
158  3.570      0.688431E-03   47.4872      -159.905      -159.905      -159.905    
159  3.580      0.408898E-03   47.4872      -160.380      -160.380      -160.380    
160  3.590      0.595981E-03   47.4872      -160.855      -160.855      -160.855    
161  3.600      0.358475E-03   47.4871      -161.329      -161.329      -161.329    
162  3.610      0.439721E-03   47.4872      -161.804      -161.804      -161.804    
163  3.620      0.478446E-03   47.4872      -162.279      -162.279      -162.279    
164  3.630      0.573769E-03   47.4872      -162.754      -162.754      -162.754    
165  3.640      0.462700E-03   47.4872      -163.229      -163.229      -163.229    
166  3.650      0.566790E-03   47.4872      -163.704      -163.704      -163.704    
167  3.660      0.429365E-03   47.4872      -164.179      -164.179      -164.179    
168  3.670      0.538838E-03   47.4872      -164.653      -164.653      -164.653    
169  3.680      0.573941E-03   47.4872      -165.128      -165.128      -165.128    
170  3.690      0.495203E-03   47.4872      -165.603      -165.603      -165.603    
171  3.700      0.587064E-03   47.4872      -166.078      -166.078      -166.078    
172  3.710      0.533867E-03   47.4872      -166.553      -166.553      -166.553    
173  3.720      0.362253E-03   47.4871      -167.028      -167.028      -167.028    
174  3.730      0.610391E-03   47.4872      -167.503      -167.503      -167.503    
175  3.740      0.517636E-03   47.4872      -167.978      -167.978      -167.978    
176  3.750      0.264532E-03   47.4871      -168.452      -168.452      -168.452    
177  3.760      0.593128E-03   47.4872      -168.927      -168.927      -168.927    
178  3.770      0.483987E-03   47.4872      -169.402      -169.402      -169.402    
179  3.780      0.501070E-03   47.4872      -169.877      -169.877      -169.877    
180  3.790      0.404172E-03   47.4872      -170.352      -170.352      -170.352    
181  3.800      0.518315E-03   47.4872      -170.827      -170.827      -170.827    
182  3.810      0.579191E-03   47.4872      -171.302      -171.302      -171.302    
183  3.820      0.363210E-03   47.4871      -171.776      -171.776      -171.776    
184  3.830      0.486673E-03   47.4872      -172.251      -172.251      -172.251    
185  3.840      0.635434E-03   47.4872      -172.726      -172.726      -172.726    
186  3.850      0.592173E-03   47.4872      -173.201      -173.201      -173.201    
187  3.860      0.367666E-03   47.4871      -173.676      -173.676      -173.676    
188  3.870      0.369734E-03   47.4871      -174.151      -174.151      -174.151    
189  3.880      0.456013E-03   47.4872      -174.626      -174.626      -174.626    
190  3.890      0.640264E-03   47.4872      -175.100      -175.100      -175.100    
191  3.900      0.336897E-03   47.4871      -175.575      -175.575      -175.575    
192  3.910      0.370983E-03   47.4872      -176.050      -176.050      -176.050    
193  3.920      0.532491E-03   47.4872      -176.525      -176.525      -176.525    
194  3.930      0.498062E-03   47.4872      -177.000      -177.000      -177.000    
195  3.940      0.406037E-03   47.4872      -177.475      -177.475      -177.475    
196  3.950      0.397099E-03   47.4871      -177.950      -177.950      -177.950    
197  3.960      0.516912E-03   47.4872      -178.425      -178.425      -178.425    
198  3.970      0.415385E-03   47.4872      -178.899      -178.899      -178.899    
199  3.980      0.300631E-03   47.4871      -179.374      -179.374      -179.374    
200  3.990      0.590326E-03   47.4872      -179.849      -179.849      -179.849    
201  4.000      0.465932E-03   47.4872      -180.324       179.676       179.676    
