# Mowe_temp                                                                       
# Operating point sequence...
# i     t     dWx ang.acc.  Wx rot.rate   Phi   (bank)  Phi[ 2]       Phi[ 3]      
  1  2.000      0.601670E-03   102.482      -192.500       167.500       167.500    
  2  2.010      0.330932E-03   102.482      -193.525       166.475       166.475    
  3  2.020     -0.203220E-02   102.482      -194.550       165.450       165.450    
  4  2.030      0.265213E-03   102.482      -195.575       164.425       164.425    
  5  2.040      0.478409E-04   102.482      -196.599       163.401       163.401    
  6  2.050     -0.750839E-04   102.482      -197.624       162.376       162.376    
  7  2.060      0.820900E-05   102.482      -198.649       161.351       161.351    
  8  2.070     -0.379701E-04   102.482      -199.674       160.326       160.326    
  9  2.080      0.165797E-03   102.482      -200.699       159.301       159.301    
 10  2.090      0.129818E-03   102.482      -201.723       158.277       158.277    
 11  2.100      0.145293E-03   102.482      -202.748       157.252       157.252    
 12  2.110      0.221418E-03   102.482      -203.773       156.227       156.227    
 13  2.120      0.133149E-03   102.482      -204.798       155.202       155.202    
 14  2.130      0.197747E-03   102.482      -205.823       154.177       154.177    
 15  2.140      0.194934E-03   102.482      -206.847       153.153       153.153    
 16  2.150      0.176210E-03   102.482      -207.872       152.128       152.128    
 17  2.160      0.197809E-03   102.482      -208.897       151.103       151.103    
 18  2.170      0.230093E-04   102.482      -209.922       150.078       150.078    
 19  2.180      0.303466E-03   102.482      -210.947       149.053       149.053    
 20  2.190      0.220942E-03   102.482      -211.971       148.029       148.029    
 21  2.200      0.179147E-04   102.482      -212.996       147.004       147.004    
 22  2.210      0.249711E-03   102.482      -214.021       145.979       145.979    
 23  2.220      0.229776E-03   102.482      -215.046       144.954       144.954    
 24  2.230      0.127987E-03   102.482      -216.071       143.929       143.929    
 25  2.240      0.254858E-03   102.482      -217.096       142.904       142.904    
 26  2.250      0.100488E-03   102.482      -218.120       141.880       141.880    
 27  2.260      0.542730E-05   102.482      -219.145       140.855       140.855    
 28  2.270      0.115054E-03   102.482      -220.170       139.830       139.830    
 29  2.280      0.157411E-03   102.482      -221.195       138.805       138.805    
 30  2.290      0.168540E-03   102.482      -222.220       137.780       137.780    
 31  2.300      0.203864E-03   102.482      -223.244       136.756       136.756    
 32  2.310      0.185150E-03   102.482      -224.269       135.731       135.731    
 33  2.320      0.829469E-04   102.482      -225.294       134.706       134.706    
 34  2.330      0.517829E-04   102.482      -226.319       133.681       133.681    
 35  2.340      0.161312E-03   102.482      -227.344       132.656       132.656    
 36  2.350      0.145075E-03   102.482      -228.368       131.632       131.632    
 37  2.360      0.141762E-03   102.482      -229.393       130.607       130.607    
 38  2.370      0.566439E-04   102.482      -230.418       129.582       129.582    
 39  2.380      0.104839E-03   102.482      -231.443       128.557       128.557    
 40  2.390      0.166544E-03   102.482      -232.468       127.532       127.532    
 41  2.400      0.228025E-03   102.482      -233.492       126.508       126.508    
 42  2.410      0.190551E-03   102.482      -234.517       125.483       125.483    
 43  2.420      0.701508E-04   102.482      -235.542       124.458       124.458    
 44  2.430      0.142159E-03   102.482      -236.567       123.433       123.433    
 45  2.440      0.145896E-03   102.482      -237.592       122.408       122.408    
 46  2.450      0.184368E-03   102.482      -238.616       121.384       121.384    
 47  2.460      0.178027E-03   102.482      -239.641       120.359       120.359    
 48  2.470      0.524236E-04   102.482      -240.666       119.334       119.334    
 49  2.480      0.165378E-03   102.482      -241.691       118.309       118.309    
 50  2.490      0.178195E-03   102.482      -242.716       117.284       117.284    
 51  2.500      0.114425E-03   102.482      -243.740       116.260       116.260    
 52  2.510      0.208186E-03   102.482      -244.765       115.235       115.235    
 53  2.520      0.135950E-03   102.482      -245.790       114.210       114.210    
 54  2.530      0.185924E-03   102.482      -246.815       113.185       113.185    
 55  2.540      0.218770E-03   102.482      -247.840       112.160       112.160    
 56  2.550      0.131679E-03   102.482      -248.864       111.136       111.136    
 57  2.560      0.110312E-03   102.482      -249.889       110.111       110.111    
 58  2.570      0.114732E-03   102.482      -250.914       109.086       109.086    
 59  2.580      0.173649E-03   102.482      -251.939       108.061       108.061    
 60  2.590      0.116425E-03   102.482      -252.964       107.036       107.036    
 61  2.600      0.131811E-03   102.482      -253.988       106.012       106.012    
 62  2.610      0.189306E-03   102.482      -255.013       104.987       104.987    
 63  2.620      0.164859E-03   102.482      -256.038       103.962       103.962    
 64  2.630      0.121806E-03   102.482      -257.063       102.937       102.937    
 65  2.640      0.163404E-03   102.482      -258.088       101.912       101.912    
 66  2.650      0.171737E-03   102.482      -259.112       100.888       100.888    
 67  2.660      0.130358E-03   102.482      -260.137       99.8628       99.8628    
 68  2.670      0.123057E-03   102.482      -261.162       98.8380       98.8380    
 69  2.680      0.164542E-03   102.482      -262.187       97.8131       97.8131    
 70  2.690      0.150118E-03   102.482      -263.212       96.7883       96.7883    
 71  2.700      0.116713E-03   102.482      -264.236       95.7635       95.7635    
 72  2.710      0.173560E-03   102.482      -265.261       94.7387       94.7387    
 73  2.720      0.157817E-03   102.482      -266.286       93.7139       93.7139    
 74  2.730      0.116491E-03   102.482      -267.311       92.6891       92.6891    
 75  2.740      0.133361E-03   102.482      -268.336       91.6644       91.6644    
 76  2.750      0.137605E-03   102.482      -269.360       90.6395       90.6395    
 77  2.760      0.157780E-03   102.482      -270.385       89.6148       89.6148    
 78  2.770      0.132940E-03   102.482      -271.410       88.5900       88.5900    
 79  2.780      0.134628E-03   102.482      -272.435       87.5652       87.5652    
 80  2.790      0.138142E-03   102.482      -273.460       86.5404       86.5404    
 81  2.800      0.109759E-03   102.482      -274.484       85.5156       85.5156    
 82  2.810      0.136697E-03   102.482      -275.509       84.4908       84.4908    
 83  2.820      0.139294E-03   102.482      -276.534       83.4660       83.4660    
 84  2.830      0.107093E-03   102.482      -277.559       82.4412       82.4412    
 85  2.840      0.185963E-03   102.482      -278.584       81.4164       81.4164    
 86  2.850      0.132557E-03   102.482      -279.608       80.3916       80.3916    
 87  2.860      0.139066E-03   102.482      -280.633       79.3668       79.3668    
 88  2.870      0.118612E-03   102.482      -281.658       78.3420       78.3420    
 89  2.880      0.104430E-03   102.482      -282.683       77.3172       77.3172    
 90  2.890      0.135037E-03   102.482      -283.708       76.2924       76.2924    
 91  2.900      0.148072E-03   102.482      -284.732       75.2676       75.2676    
 92  2.910      0.109380E-03   102.482      -285.757       74.2428       74.2428    
 93  2.920      0.165366E-03   102.482      -286.782       73.2179       73.2179    
 94  2.930      0.848131E-04   102.482      -287.807       72.1931       72.1931    
 95  2.940      0.170293E-03   102.482      -288.832       71.1683       71.1683    
 96  2.950      0.111256E-03   102.482      -289.856       70.1435       70.1435    
 97  2.960      0.124765E-03   102.482      -290.881       69.1188       69.1188    
 98  2.970      0.133947E-03   102.482      -291.906       68.0939       68.0939    
 99  2.980      0.122389E-03   102.482      -292.931       67.0691       67.0691    
100  2.990      0.122765E-03   102.482      -293.956       66.0443       66.0443    
101  3.000      0.867798E-04   102.482      -294.980       65.0195       65.0195    
102  3.010      0.221972E-03   102.482      -296.005       63.9947       63.9947    
103  3.020      0.127599E-03   102.482      -297.030       62.9699       62.9699    
104  3.030      0.331106E-04   102.482      -298.055       61.9451       61.9451    
105  3.040      0.846858E-04   102.482      -299.080       60.9203       60.9203    
106  3.050      0.155725E-03   102.482      -300.104       59.8955       59.8955    
107  3.060      0.262191E-03   102.482      -301.129       58.8708       58.8708    
108  3.070      0.147971E-03   102.482      -302.154       57.8460       57.8460    
109  3.080      0.541727E-04   102.482      -303.179       56.8212       56.8212    
110  3.090      0.381986E-04   102.482      -304.204       55.7964       55.7964    
111  3.100      0.118548E-03   102.482      -305.228       54.7716       54.7716    
112  3.110      0.109693E-03   102.482      -306.253       53.7468       53.7468    
113  3.120      0.112388E-03   102.482      -307.278       52.7220       52.7220    
114  3.130      0.905153E-04   102.482      -308.303       51.6972       51.6972    
115  3.140      0.247767E-03   102.482      -309.328       50.6724       50.6724    
116  3.150      0.140929E-03   102.482      -310.352       49.6476       49.6476    
117  3.160      0.154093E-03   102.482      -311.377       48.6228       48.6228    
118  3.170      0.193551E-03   102.482      -312.402       47.5981       47.5981    
119  3.180      0.282733E-04   102.482      -313.427       46.5733       46.5733    
120  3.190      0.173169E-03   102.482      -314.452       45.5485       45.5485    
121  3.200      0.139314E-03   102.482      -315.476       44.5237       44.5237    
122  3.210      0.769905E-04   102.482      -316.501       43.4989       43.4989    
123  3.220      0.150811E-03   102.482      -317.526       42.4741       42.4741    
124  3.230      0.729063E-04   102.482      -318.551       41.4493       41.4493    
125  3.240      0.198748E-03   102.482      -319.575       40.4245       40.4245    
126  3.250      0.138061E-03   102.482      -320.600       39.3997       39.3997    
127  3.260      0.148552E-03   102.482      -321.625       38.3749       38.3749    
128  3.270      0.312672E-04   102.482      -322.650       37.3502       37.3502    
129  3.280      0.167292E-03   102.482      -323.675       36.3254       36.3254    
130  3.290      0.290633E-03   102.482      -324.699       35.3006       35.3006    
131  3.300      0.194921E-03   102.482      -325.724       34.2758       34.2758    
132  3.310      0.323736E-05   102.482      -326.749       33.2510       33.2510    
133  3.320      0.166882E-03   102.482      -327.774       32.2262       32.2262    
134  3.330     -0.728137E-05   102.482      -328.799       31.2014       31.2014    
135  3.340      0.408880E-04   102.482      -329.823       30.1766       30.1766    
136  3.350      0.160719E-03   102.482      -330.848       29.1518       29.1518    
137  3.360      0.233502E-03   102.482      -331.873       28.1270       28.1270    
138  3.370      0.733661E-04   102.482      -332.898       27.1023       27.1023    
139  3.380      0.121935E-04   102.482      -333.923       26.0775       26.0775    
140  3.390     -0.592789E-05   102.482      -334.947       25.0527       25.0527    
141  3.400      0.180530E-03   102.482      -335.972       24.0279       24.0279    
142  3.410      0.875008E-04   102.482      -336.997       23.0031       23.0031    
143  3.420      0.218279E-03   102.482      -338.022       21.9783       21.9783    
144  3.430      0.266239E-03   102.482      -339.046       20.9535       20.9535    
145  3.440      0.943164E-04   102.482      -340.071       19.9287       19.9287    
146  3.450      0.156986E-03   102.482      -341.096       18.9039       18.9039    
147  3.460      0.750376E-04   102.482      -342.121       17.8791       17.8791    
148  3.470      0.121765E-03   102.482      -343.146       16.8544       16.8544    
149  3.480      0.369981E-03   102.482      -344.170       15.8296       15.8296    
150  3.490      0.114669E-04   102.482      -345.195       14.8048       14.8048    
151  3.500      0.491464E-05   102.482      -346.220       13.7800       13.7800    
152  3.510      0.140420E-03   102.482      -347.245       12.7552       12.7552    
153  3.520      0.135046E-03   102.482      -348.270       11.7304       11.7304    
154  3.530     -0.316584E-04   102.482      -349.294       10.7056       10.7056    
155  3.540      0.259217E-03   102.482      -350.319       9.68085       9.68085    
156  3.550     -0.115667E-04   102.482      -351.344       8.65605       8.65605    
157  3.560      0.246611E-03   102.482      -352.369       7.63125       7.63125    
158  3.570      0.259436E-03   102.482      -353.394       6.60645       6.60645    
159  3.580      0.104914E-03   102.482      -354.418       5.58168       5.58168    
160  3.590      0.135747E-03   102.482      -355.443       4.55690       4.55690    
161  3.600      0.181133E-03   102.482      -356.468       3.53213       3.53213    
162  3.610      0.151277E-03   102.482      -357.493       2.50733       2.50733    
163  3.620      0.137419E-03   102.482      -358.517       1.48252       1.48252    
164  3.630     -0.268067E-05   102.482      -359.542      0.457722      0.457722    
165  3.640      0.163816E-03   102.482      -360.567     -0.567052     -0.567052    
166  3.650      0.182789E-03   102.482      -361.592      -1.59183      -1.59183    
167  3.660      0.388807E-04   102.482      -362.617      -2.61663      -2.61663    
168  3.670      0.258048E-03   102.482      -363.641      -3.64143      -3.64143    
169  3.680      0.215276E-03   102.482      -364.666      -4.66623      -4.66623    
170  3.690      0.139094E-03   102.482      -365.691      -5.69101      -5.69101    
171  3.700      0.187352E-03   102.482      -366.716      -6.71578      -6.71578    
172  3.710     -0.134552E-03   102.482      -367.741      -7.74058      -7.74058    
173  3.720      0.136980E-03   102.482      -368.765      -8.76538      -8.76538    
174  3.730      0.118376E-03   102.482      -369.790      -9.79018      -9.79018    
175  3.740      0.191719E-03   102.482      -370.815      -10.8150      -10.8150    
176  3.750      0.193452E-03   102.482      -371.840      -11.8397      -11.8397    
177  3.760      0.249545E-04   102.482      -372.865      -12.8645      -12.8645    
178  3.770      0.871763E-04   102.482      -373.889      -13.8893      -13.8893    
179  3.780      0.236148E-03   102.482      -374.914      -14.9141      -14.9141    
180  3.790     -0.177953E-04   102.482      -375.939      -15.9389      -15.9389    
181  3.800      0.340093E-03   102.482      -376.964      -16.9637      -16.9637    
182  3.810      0.219813E-03   102.482      -377.988      -17.9885      -17.9885    
183  3.820      0.482304E-04   102.482      -379.013      -19.0133      -19.0133    
184  3.830      0.191432E-03   102.482      -380.038      -20.0381      -20.0381    
185  3.840      0.134044E-03   102.482      -381.063      -21.0629      -21.0629    
186  3.850      0.148504E-03   102.482      -382.088      -22.0876      -22.0876    
187  3.860      0.828230E-04   102.482      -383.112      -23.1124      -23.1124    
188  3.870      0.220360E-03   102.482      -384.137      -24.1372      -24.1372    
189  3.880      0.785212E-04   102.482      -385.162      -25.1620      -25.1620    
190  3.890      0.230009E-03   102.482      -386.187      -26.1868      -26.1868    
191  3.900      0.671286E-04   102.482      -387.212      -27.2116      -27.2116    
192  3.910      0.173498E-03   102.482      -388.236      -28.2364      -28.2364    
193  3.920      0.885103E-04   102.482      -389.261      -29.2611      -29.2611    
194  3.930      0.213119E-03   102.482      -390.286      -30.2859      -30.2859    
195  3.940      0.192627E-03   102.482      -391.311      -31.3107      -31.3107    
196  3.950      0.161573E-03   102.482      -392.336      -32.3356      -32.3356    
197  3.960      0.628909E-04   102.482      -393.360      -33.3604      -33.3604    
198  3.970      0.263234E-03   102.482      -394.385      -34.3851      -34.3851    
199  3.980      0.191545E-03   102.482      -395.410      -35.4099      -35.4099    
200  3.990      0.181398E-03   102.482      -396.435      -36.4347      -36.4347    
201  4.000      0.172655E-03   102.482      -397.460      -37.4595      -37.4595    
