# Mowe_temp                                                                       
# Operating point sequence...
# i     t     dWx ang.acc.  Wx rot.rate   Phi   (bank)  Phi[ 2]       Phi[ 3]      
  1  2.000      0.107265E-02   133.266      -250.325       109.675       109.675    
  2  2.010      0.993822E-03   133.266      -251.658       108.342       108.342    
  3  2.020     -0.210999E-02   133.266      -252.991       107.009       107.009    
  4  2.030      0.920846E-03   133.266      -254.323       105.677       105.677    
  5  2.040      0.843841E-03   133.266      -255.656       104.344       104.344    
  6  2.050      0.880722E-03   133.266      -256.989       103.011       103.011    
  7  2.060      0.845599E-03   133.266      -258.321       101.679       101.679    
  8  2.070      0.853942E-03   133.266      -259.654       100.346       100.346    
  9  2.080      0.860592E-03   133.266      -260.987       99.0134       99.0134    
 10  2.090      0.894810E-03   133.266      -262.319       97.6807       97.6807    
 11  2.100      0.882650E-03   133.266      -263.652       96.3481       96.3481    
 12  2.110      0.886407E-03   133.266      -264.985       95.0155       95.0155    
 13  2.120      0.898052E-03   133.266      -266.317       93.6828       93.6828    
 14  2.130      0.887625E-03   133.266      -267.650       92.3502       92.3502    
 15  2.140      0.893547E-03   133.266      -268.982       91.0175       91.0175    
 16  2.150      0.881089E-03   133.266      -270.315       89.6849       89.6849    
 17  2.160      0.900704E-03   133.266      -271.648       88.3522       88.3522    
 18  2.170      0.897658E-03   133.266      -272.980       87.0196       87.0196    
 19  2.180      0.876455E-03   133.266      -274.313       85.6869       85.6869    
 20  2.190      0.880150E-03   133.266      -275.646       84.3543       84.3543    
 21  2.200      0.898704E-03   133.266      -276.978       83.0216       83.0216    
 22  2.210      0.889349E-03   133.266      -278.311       81.6890       81.6890    
 23  2.220      0.888870E-03   133.266      -279.644       80.3563       80.3563    
 24  2.230      0.892033E-03   133.266      -280.976       79.0237       79.0237    
 25  2.240      0.863669E-03   133.266      -282.309       77.6910       77.6910    
 26  2.250      0.855171E-03   133.266      -283.642       76.3584       76.3584    
 27  2.260      0.849417E-03   133.266      -284.974       75.0257       75.0257    
 28  2.270      0.872228E-03   133.266      -286.307       73.6931       73.6931    
 29  2.280      0.890054E-03   133.266      -287.640       72.3604       72.3604    
 30  2.290      0.939166E-03   133.266      -288.972       71.0278       71.0278    
 31  2.300      0.877414E-03   133.266      -290.305       69.6951       69.6951    
 32  2.310      0.862033E-03   133.266      -291.638       68.3625       68.3625    
 33  2.320      0.840324E-03   133.266      -292.970       67.0298       67.0298    
 34  2.330      0.905915E-03   133.266      -294.303       65.6972       65.6972    
 35  2.340      0.922454E-03   133.266      -295.635       64.3645       64.3645    
 36  2.350      0.843518E-03   133.266      -296.968       63.0319       63.0319    
 37  2.360      0.852764E-03   133.266      -298.301       61.6992       61.6992    
 38  2.370      0.925900E-03   133.266      -299.633       60.3666       60.3666    
 39  2.380      0.958194E-03   133.266      -300.966       59.0339       59.0339    
 40  2.390      0.927512E-03   133.266      -302.299       57.7013       57.7013    
 41  2.400      0.780801E-03   133.266      -303.631       56.3686       56.3686    
 42  2.410      0.838698E-03   133.266      -304.964       55.0360       55.0360    
 43  2.420      0.966447E-03   133.266      -306.297       53.7034       53.7034    
 44  2.430      0.848753E-03   133.266      -307.629       52.3707       52.3707    
 45  2.440      0.787700E-03   133.266      -308.962       51.0381       51.0381    
 46  2.450      0.870985E-03   133.266      -310.295       49.7054       49.7054    
 47  2.460      0.755060E-03   133.266      -311.627       48.3728       48.3728    
 48  2.470      0.950139E-03   133.266      -312.960       47.0401       47.0401    
 49  2.480      0.835075E-03   133.266      -314.293       45.7075       45.7075    
 50  2.490      0.873461E-03   133.266      -315.625       44.3748       44.3748    
 51  2.500      0.847735E-03   133.266      -316.958       43.0421       43.0421    
 52  2.510      0.822639E-03   133.266      -318.290       41.7095       41.7095    
 53  2.520      0.852764E-03   133.266      -319.623       40.3768       40.3768    
 54  2.530      0.864699E-03   133.266      -320.956       39.0442       39.0442    
 55  2.540      0.765447E-03   133.266      -322.288       37.7115       37.7115    
 56  2.550      0.853478E-03   133.266      -323.621       36.3789       36.3789    
 57  2.560      0.100529E-02   133.266      -324.954       35.0462       35.0462    
 58  2.570      0.849649E-03   133.266      -326.286       33.7136       33.7136    
 59  2.580      0.919143E-03   133.266      -327.619       32.3809       32.3809    
 60  2.590      0.902372E-03   133.266      -328.952       31.0482       31.0482    
 61  2.600      0.734420E-03   133.266      -330.284       29.7155       29.7155    
 62  2.610      0.921926E-03   133.266      -331.617       28.3829       28.3829    
 63  2.620      0.838388E-03   133.266      -332.950       27.0502       27.0502    
 64  2.630      0.105689E-02   133.266      -334.282       25.7176       25.7176    
 65  2.640      0.743559E-03   133.266      -335.615       24.3849       24.3849    
 66  2.650      0.775993E-03   133.266      -336.948       23.0523       23.0523    
 67  2.660      0.869977E-03   133.266      -338.280       21.7197       21.7197    
 68  2.670      0.103257E-02   133.266      -339.613       20.3870       20.3870    
 69  2.680      0.827070E-03   133.266      -340.946       19.0544       19.0544    
 70  2.690      0.996333E-03   133.266      -342.278       17.7217       17.7217    
 71  2.700      0.923500E-03   133.266      -343.611       16.3891       16.3891    
 72  2.710      0.972140E-03   133.266      -344.944       15.0564       15.0564    
 73  2.720      0.979698E-03   133.266      -346.276       13.7238       13.7238    
 74  2.730      0.950678E-03   133.266      -347.609       12.3911       12.3911    
 75  2.740      0.934269E-03   133.266      -348.941       11.0585       11.0585    
 76  2.750      0.776630E-03   133.266      -350.274       9.72582       9.72582    
 77  2.760      0.773521E-03   133.266      -351.607       8.39317       8.39317    
 78  2.770      0.116216E-02   133.266      -352.939       7.06052       7.06052    
 79  2.780      0.860114E-03   133.266      -354.272       5.72787       5.72787    
 80  2.790      0.872159E-03   133.266      -355.605       4.39522       4.39522    
 81  2.800      0.724141E-03   133.266      -356.937       3.06256       3.06256    
 82  2.810      0.946340E-03   133.266      -358.270       1.72994       1.72994    
 83  2.820      0.984039E-03   133.266      -359.603      0.397261      0.397261    
 84  2.830      0.775081E-03   133.266      -360.935     -0.935391     -0.935391    
 85  2.840      0.103336E-02   133.266      -362.268      -2.26804      -2.26804    
 86  2.850      0.872225E-03   133.266      -363.601      -3.60072      -3.60072    
 87  2.860      0.849882E-03   133.266      -364.933      -4.93337      -4.93337    
 88  2.870      0.871539E-03   133.266      -366.266      -6.26603      -6.26603    
 89  2.880      0.764763E-03   133.266      -367.599      -7.59868      -7.59868    
 90  2.890      0.679420E-03   133.266      -368.931      -8.93133      -8.93133    
 91  2.900      0.746707E-03   133.266      -370.264      -10.2640      -10.2640    
 92  2.910      0.736123E-03   133.266      -371.597      -11.5967      -11.5967    
 93  2.920      0.583525E-03   133.266      -372.929      -12.9293      -12.9293    
 94  2.930      0.816125E-03   133.266      -374.262      -14.2620      -14.2620    
 95  2.940      0.661448E-03   133.266      -375.595      -15.5946      -15.5946    
 96  2.950      0.729878E-03   133.266      -376.927      -16.9273      -16.9273    
 97  2.960      0.978411E-03   133.266      -378.260      -18.2599      -18.2599    
 98  2.970      0.924167E-03   133.266      -379.593      -19.5926      -19.5926    
 99  2.980      0.764107E-03   133.266      -380.925      -20.9252      -20.9252    
100  2.990      0.115264E-02   133.266      -382.258      -22.2579      -22.2579    
101  3.000      0.900884E-03   133.266      -383.591      -23.5905      -23.5905    
102  3.010      0.868135E-03   133.266      -384.923      -24.9232      -24.9232    
103  3.020      0.883630E-03   133.266      -386.256      -26.2558      -26.2558    
104  3.030      0.870641E-03   133.266      -387.589      -27.5885      -27.5885    
105  3.040      0.938641E-03   133.266      -388.921      -28.9211      -28.9211    
106  3.050      0.904240E-03   133.266      -390.254      -30.2538      -30.2538    
107  3.060      0.759089E-03   133.266      -391.586      -31.5864      -31.5864    
108  3.070      0.928909E-03   133.266      -392.919      -32.9190      -32.9190    
109  3.080      0.949059E-03   133.266      -394.252      -34.2517      -34.2517    
110  3.090      0.985434E-03   133.266      -395.584      -35.5843      -35.5843    
111  3.100      0.809177E-03   133.266      -396.917      -36.9170      -36.9170    
112  3.110      0.762674E-03   133.266      -398.250      -38.2496      -38.2496    
113  3.120      0.860676E-03   133.266      -399.582      -39.5823      -39.5823    
114  3.130      0.863976E-03   133.266      -400.915      -40.9149      -40.9149    
115  3.140      0.876734E-03   133.266      -402.248      -42.2476      -42.2476    
116  3.150      0.749062E-03   133.266      -403.580      -43.5802      -43.5802    
117  3.160      0.802229E-03   133.266      -404.913      -44.9129      -44.9129    
118  3.170      0.903720E-03   133.266      -406.246      -46.2455      -46.2455    
119  3.180      0.822529E-03   133.266      -407.578      -47.5782      -47.5782    
120  3.190      0.863015E-03   133.266      -408.911      -48.9108      -48.9108    
121  3.200      0.888578E-03   133.266      -410.243      -50.2434      -50.2434    
122  3.210      0.927691E-03   133.266      -411.576      -51.5760      -51.5760    
123  3.220      0.938785E-03   133.266      -412.909      -52.9087      -52.9087    
124  3.230      0.883773E-03   133.266      -414.241      -54.2413      -54.2413    
125  3.240      0.928877E-03   133.266      -415.574      -55.5739      -55.5739    
126  3.250      0.929119E-03   133.266      -416.907      -56.9065      -56.9065    
127  3.260      0.842517E-03   133.266      -418.239      -58.2392      -58.2392    
128  3.270      0.829163E-03   133.266      -419.572      -59.5719      -59.5719    
129  3.280      0.901164E-03   133.266      -420.905      -60.9045      -60.9045    
130  3.290      0.855534E-03   133.266      -422.237      -62.2372      -62.2372    
131  3.300      0.877833E-03   133.266      -423.570      -63.5698      -63.5698    
132  3.310      0.932901E-03   133.266      -424.902      -64.9025      -64.9025    
133  3.320      0.876667E-03   133.266      -426.235      -66.2351      -66.2351    
134  3.330      0.868174E-03   133.266      -427.568      -67.5678      -67.5678    
135  3.340      0.863152E-03   133.266      -428.900      -68.9004      -68.9004    
136  3.350      0.836257E-03   133.266      -430.233      -70.2330      -70.2330    
137  3.360      0.949888E-03   133.266      -431.566      -71.5657      -71.5657    
138  3.370      0.904537E-03   133.266      -432.898      -72.8983      -72.8983    
139  3.380      0.907934E-03   133.266      -434.231      -74.2309      -74.2309    
140  3.390      0.890450E-03   133.266      -435.564      -75.5635      -75.5635    
141  3.400      0.895080E-03   133.266      -436.896      -76.8962      -76.8962    
142  3.410      0.840982E-03   133.266      -438.229      -78.2288      -78.2288    
143  3.420      0.909405E-03   133.266      -439.561      -79.5614      -79.5614    
144  3.430      0.919278E-03   133.266      -440.894      -80.8941      -80.8941    
145  3.440      0.903226E-03   133.266      -442.227      -82.2268      -82.2268    
146  3.450      0.854184E-03   133.266      -443.559      -83.5594      -83.5594    
147  3.460      0.882978E-03   133.266      -444.892      -84.8920      -84.8920    
148  3.470      0.881437E-03   133.266      -446.225      -86.2247      -86.2247    
149  3.480      0.871050E-03   133.266      -447.557      -87.5574      -87.5574    
150  3.490      0.872702E-03   133.266      -448.890      -88.8900      -88.8900    
151  3.500      0.864389E-03   133.266      -450.223      -90.2226      -90.2226    
152  3.510      0.880189E-03   133.266      -451.555      -91.5553      -91.5553    
153  3.520      0.874405E-03   133.266      -452.888      -92.8879      -92.8879    
154  3.530      0.907855E-03   133.266      -454.221      -94.2205      -94.2205    
155  3.540      0.876514E-03   133.266      -455.553      -95.5532      -95.5532    
156  3.550      0.853824E-03   133.266      -456.886      -96.8858      -96.8858    
157  3.560      0.885892E-03   133.266      -458.219      -98.2185      -98.2185    
158  3.570      0.927405E-03   133.266      -459.551      -99.5511      -99.5511    
159  3.580      0.887403E-03   133.266      -460.884      -100.884      -100.884    
160  3.590      0.870982E-03   133.266      -462.216      -102.216      -102.216    
161  3.600      0.876170E-03   133.266      -463.549      -103.549      -103.549    
162  3.610      0.890509E-03   133.266      -464.882      -104.882      -104.882    
163  3.620      0.903841E-03   133.266      -466.214      -106.214      -106.214    
164  3.630      0.881280E-03   133.266      -467.547      -107.547      -107.547    
165  3.640      0.880314E-03   133.266      -468.880      -108.880      -108.880    
166  3.650      0.895755E-03   133.266      -470.212      -110.212      -110.212    
167  3.660      0.870090E-03   133.266      -471.545      -111.545      -111.545    
168  3.670      0.912419E-03   133.266      -472.878      -112.877      -112.877    
169  3.680      0.839293E-03   133.266      -474.210      -114.210      -114.210    
170  3.690      0.926101E-03   133.266      -475.543      -115.543      -115.543    
171  3.700      0.911373E-03   133.266      -476.875      -116.875      -116.875    
172  3.710      0.988550E-03   133.266      -478.208      -118.208      -118.208    
173  3.720      0.836332E-03   133.266      -479.541      -119.541      -119.541    
174  3.730      0.863663E-03   133.266      -480.873      -120.873      -120.873    
175  3.740      0.834855E-03   133.266      -482.206      -122.206      -122.206    
176  3.750      0.872717E-03   133.266      -483.539      -123.539      -123.539    
177  3.760      0.741440E-03   133.266      -484.871      -124.871      -124.871    
178  3.770      0.808467E-03   133.266      -486.204      -126.204      -126.204    
179  3.780      0.933309E-03   133.266      -487.536      -127.536      -127.536    
180  3.790      0.827713E-03   133.266      -488.869      -128.869      -128.869    
181  3.800      0.887652E-03   133.266      -490.202      -130.202      -130.202    
182  3.810      0.865417E-03   133.266      -491.534      -131.534      -131.534    
183  3.820      0.900463E-03   133.266      -492.867      -132.867      -132.867    
184  3.830      0.891098E-03   133.266      -494.200      -134.200      -134.200    
185  3.840      0.843532E-03   133.266      -495.532      -135.532      -135.532    
186  3.850      0.895716E-03   133.266      -496.865      -136.865      -136.865    
187  3.860      0.872223E-03   133.266      -498.198      -138.198      -138.198    
188  3.870      0.938566E-03   133.266      -499.530      -139.530      -139.530    
189  3.880      0.861744E-03   133.266      -500.863      -140.863      -140.863    
190  3.890      0.940179E-03   133.266      -502.195      -142.195      -142.195    
191  3.900      0.812367E-03   133.266      -503.528      -143.528      -143.528    
192  3.910      0.949404E-03   133.266      -504.861      -144.861      -144.861    
193  3.920      0.902580E-03   133.266      -506.193      -146.193      -146.193    
194  3.930      0.744240E-03   133.266      -507.526      -147.526      -147.526    
195  3.940      0.950249E-03   133.266      -508.859      -148.859      -148.859    
196  3.950      0.100642E-02   133.266      -510.191      -150.191      -150.191    
197  3.960      0.834058E-03   133.266      -511.524      -151.524      -151.524    
198  3.970      0.997268E-03   133.266      -512.857      -152.857      -152.857    
199  3.980      0.961668E-03   133.266      -514.189      -154.189      -154.189    
200  3.990      0.873022E-03   133.266      -515.522      -155.522      -155.522    
201  4.000      0.716007E-03   133.266      -516.854      -156.854      -156.854    
