# Mowe_temp                                                                       
# Operating point sequence...
# i     t     dWx ang.acc.  Wx rot.rate   Phi   (bank)  Phi[ 2]       Phi[ 3]      
  1  2.000      0.836331E-03   81.8691      -155.442      -155.442      -155.442    
  2  2.010      0.212601E-02   81.8692      -156.261      -156.261      -156.261    
  3  2.020     -0.296003E-03   81.8692      -157.079      -157.079      -157.079    
  4  2.030      0.456082E-03   81.8692      -157.898      -157.898      -157.898    
  5  2.040      0.403439E-03   81.8692      -158.717      -158.717      -158.717    
  6  2.050      0.369740E-03   81.8692      -159.535      -159.535      -159.535    
  7  2.060      0.621554E-03   81.8692      -160.354      -160.354      -160.354    
  8  2.070      0.395632E-03   81.8692      -161.173      -161.173      -161.173    
  9  2.080      0.559531E-03   81.8692      -161.992      -161.992      -161.992    
 10  2.090      0.488215E-03   81.8692      -162.810      -162.810      -162.810    
 11  2.100      0.587148E-03   81.8692      -163.629      -163.629      -163.629    
 12  2.110      0.695115E-03   81.8692      -164.448      -164.448      -164.448    
 13  2.120      0.598168E-03   81.8692      -165.266      -165.266      -165.266    
 14  2.130      0.409603E-03   81.8692      -166.085      -166.085      -166.085    
 15  2.140      0.572761E-03   81.8692      -166.904      -166.904      -166.904    
 16  2.150      0.383291E-03   81.8692      -167.722      -167.722      -167.722    
 17  2.160      0.333717E-03   81.8692      -168.541      -168.541      -168.541    
 18  2.170      0.358663E-03   81.8692      -169.360      -169.360      -169.360    
 19  2.180      0.487809E-03   81.8692      -170.178      -170.178      -170.178    
 20  2.190      0.337219E-03   81.8692      -170.997      -170.997      -170.997    
 21  2.200      0.452507E-03   81.8692      -171.816      -171.816      -171.816    
 22  2.210      0.675277E-03   81.8692      -172.634      -172.634      -172.634    
 23  2.220      0.520712E-03   81.8692      -173.453      -173.453      -173.453    
 24  2.230      0.450734E-03   81.8692      -174.272      -174.272      -174.272    
 25  2.240      0.366421E-03   81.8692      -175.090      -175.090      -175.090    
 26  2.250      0.568706E-03   81.8692      -175.909      -175.909      -175.909    
 27  2.260      0.527491E-03   81.8692      -176.728      -176.728      -176.728    
 28  2.270      0.576561E-03   81.8692      -177.547      -177.547      -177.547    
 29  2.280      0.432891E-03   81.8692      -178.365      -178.365      -178.365    
 30  2.290      0.455084E-03   81.8692      -179.184      -179.184      -179.184    
 31  2.300      0.467941E-03   81.8692      -180.003       179.997       179.997    
 32  2.310      0.347450E-03   81.8692      -180.821       179.179       179.179    
 33  2.320      0.400648E-03   81.8692      -181.640       178.360       178.360    
 34  2.330      0.444597E-03   81.8692      -182.459       177.541       177.541    
 35  2.340      0.621875E-03   81.8692      -183.277       176.723       176.723    
 36  2.350      0.530523E-03   81.8692      -184.096       175.904       175.904    
 37  2.360      0.659438E-03   81.8692      -184.915       175.085       175.085    
 38  2.370      0.503941E-03   81.8692      -185.733       174.267       174.267    
 39  2.380      0.409701E-03   81.8692      -186.552       173.448       173.448    
 40  2.390      0.499538E-03   81.8692      -187.371       172.629       172.629    
 41  2.400      0.175125E-03   81.8692      -188.189       171.811       171.811    
 42  2.410      0.568492E-03   81.8692      -189.008       170.992       170.992    
 43  2.420      0.535049E-03   81.8692      -189.827       170.173       170.173    
 44  2.430      0.500034E-03   81.8692      -190.645       169.355       169.355    
 45  2.440      0.532470E-03   81.8692      -191.464       168.536       168.536    
 46  2.450      0.637089E-03   81.8692      -192.283       167.717       167.717    
 47  2.460      0.511570E-03   81.8692      -193.101       166.899       166.899    
 48  2.470      0.502108E-03   81.8692      -193.920       166.080       166.080    
 49  2.480      0.508052E-03   81.8692      -194.739       165.261       165.261    
 50  2.490      0.400668E-03   81.8692      -195.558       164.442       164.442    
 51  2.500      0.426978E-03   81.8692      -196.376       163.624       163.624    
 52  2.510      0.523585E-03   81.8692      -197.195       162.805       162.805    
 53  2.520      0.479843E-03   81.8692      -198.014       161.986       161.986    
 54  2.530      0.482793E-03   81.8692      -198.832       161.168       161.168    
 55  2.540      0.497968E-03   81.8692      -199.651       160.349       160.349    
 56  2.550      0.441670E-03   81.8692      -200.470       159.530       159.530    
 57  2.560      0.542471E-03   81.8692      -201.288       158.712       158.712    
 58  2.570      0.611888E-03   81.8692      -202.107       157.893       157.893    
 59  2.580      0.670218E-03   81.8692      -202.926       157.074       157.074    
 60  2.590      0.564580E-03   81.8692      -203.744       156.256       156.256    
 61  2.600      0.400259E-03   81.8692      -204.563       155.437       155.437    
 62  2.610      0.400740E-03   81.8692      -205.382       154.618       154.618    
 63  2.620      0.514996E-03   81.8692      -206.200       153.800       153.800    
 64  2.630      0.546933E-03   81.8692      -207.019       152.981       152.981    
 65  2.640      0.343677E-03   81.8692      -207.838       152.162       152.162    
 66  2.650      0.434122E-03   81.8692      -208.656       151.344       151.344    
 67  2.660      0.590471E-03   81.8692      -209.475       150.525       150.525    
 68  2.670      0.639321E-03   81.8692      -210.294       149.706       149.706    
 69  2.680      0.493516E-03   81.8692      -211.112       148.888       148.888    
 70  2.690      0.529970E-03   81.8692      -211.931       148.069       148.069    
 71  2.700      0.539784E-03   81.8692      -212.750       147.250       147.250    
 72  2.710      0.604556E-03   81.8692      -213.568       146.432       146.432    
 73  2.720      0.541889E-03   81.8692      -214.387       145.613       145.613    
 74  2.730      0.483276E-03   81.8692      -215.206       144.794       144.794    
 75  2.740      0.484098E-03   81.8692      -216.024       143.976       143.976    
 76  2.750      0.576384E-03   81.8692      -216.843       143.157       143.157    
 77  2.760      0.448063E-03   81.8692      -217.662       142.338       142.338    
 78  2.770      0.596529E-03   81.8692      -218.480       141.520       141.520    
 79  2.780      0.551080E-03   81.8692      -219.299       140.701       140.701    
 80  2.790      0.390351E-03   81.8692      -220.118       139.882       139.882    
 81  2.800      0.575657E-03   81.8692      -220.936       139.064       139.064    
 82  2.810      0.441217E-03   81.8692      -221.755       138.245       138.245    
 83  2.820      0.554643E-03   81.8692      -222.574       137.426       137.426    
 84  2.830      0.485290E-03   81.8692      -223.392       136.608       136.608    
 85  2.840      0.447766E-03   81.8692      -224.211       135.789       135.789    
 86  2.850      0.522979E-03   81.8692      -225.030       134.970       134.970    
 87  2.860      0.595377E-03   81.8692      -225.848       134.152       134.152    
 88  2.870      0.501217E-03   81.8692      -226.667       133.333       133.333    
 89  2.880      0.615074E-03   81.8692      -227.486       132.514       132.514    
 90  2.890      0.548095E-03   81.8692      -228.305       131.695       131.695    
 91  2.900      0.609190E-03   81.8692      -229.123       130.877       130.877    
 92  2.910      0.529511E-03   81.8692      -229.942       130.058       130.058    
 93  2.920      0.532326E-03   81.8692      -230.761       129.239       129.239    
 94  2.930      0.392246E-03   81.8692      -231.579       128.421       128.421    
 95  2.940      0.614003E-03   81.8692      -232.398       127.602       127.602    
 96  2.950      0.527652E-03   81.8692      -233.217       126.783       126.783    
 97  2.960      0.617616E-03   81.8692      -234.035       125.965       125.965    
 98  2.970      0.637375E-03   81.8692      -234.854       125.146       125.146    
 99  2.980      0.568084E-03   81.8692      -235.673       124.327       124.327    
100  2.990      0.567657E-03   81.8692      -236.491       123.509       123.509    
101  3.000      0.474216E-03   81.8692      -237.310       122.690       122.690    
102  3.010      0.432932E-03   81.8692      -238.129       121.871       121.871    
103  3.020      0.549485E-03   81.8692      -238.947       121.053       121.053    
104  3.030      0.501394E-03   81.8692      -239.766       120.234       120.234    
105  3.040      0.464084E-03   81.8692      -240.585       119.415       119.415    
106  3.050      0.632081E-03   81.8692      -241.403       118.597       118.597    
107  3.060      0.603836E-03   81.8692      -242.222       117.778       117.778    
108  3.070      0.532972E-03   81.8692      -243.041       116.959       116.959    
109  3.080      0.548954E-03   81.8692      -243.859       116.141       116.141    
110  3.090      0.586872E-03   81.8692      -244.678       115.322       115.322    
111  3.100      0.502190E-03   81.8692      -245.497       114.503       114.503    
112  3.110      0.503381E-03   81.8692      -246.316       113.684       113.684    
113  3.120      0.522441E-03   81.8692      -247.134       112.866       112.866    
114  3.130      0.502079E-03   81.8692      -247.953       112.047       112.047    
115  3.140      0.574618E-03   81.8692      -248.772       111.228       111.228    
116  3.150      0.516354E-03   81.8692      -249.590       110.410       110.410    
117  3.160      0.538345E-03   81.8692      -250.409       109.591       109.591    
118  3.170      0.574701E-03   81.8692      -251.228       108.772       108.772    
119  3.180      0.533647E-03   81.8692      -252.046       107.954       107.954    
120  3.190      0.487138E-03   81.8692      -252.865       107.135       107.135    
121  3.200      0.599144E-03   81.8692      -253.684       106.316       106.316    
122  3.210      0.556200E-03   81.8692      -254.502       105.498       105.498    
123  3.220      0.488611E-03   81.8692      -255.321       104.679       104.679    
124  3.230      0.534858E-03   81.8692      -256.140       103.860       103.860    
125  3.240      0.547606E-03   81.8692      -256.958       103.042       103.042    
126  3.250      0.543011E-03   81.8692      -257.777       102.223       102.223    
127  3.260      0.560927E-03   81.8692      -258.596       101.404       101.404    
128  3.270      0.496306E-03   81.8692      -259.415       100.585       100.585    
129  3.280      0.588168E-03   81.8692      -260.233       99.7668       99.7668    
130  3.290      0.544931E-03   81.8692      -261.052       98.9481       98.9481    
131  3.300      0.549663E-03   81.8692      -261.871       98.1294       98.1294    
132  3.310      0.556441E-03   81.8692      -262.689       97.3107       97.3107    
133  3.320      0.502141E-03   81.8692      -263.508       96.4920       96.4920    
134  3.330      0.505758E-03   81.8692      -264.327       95.6733       95.6733    
135  3.340      0.524680E-03   81.8692      -265.145       94.8546       94.8546    
136  3.350      0.523543E-03   81.8692      -265.964       94.0359       94.0359    
137  3.360      0.562459E-03   81.8692      -266.783       93.2172       93.2172    
138  3.370      0.539256E-03   81.8692      -267.601       92.3985       92.3985    
139  3.380      0.569980E-03   81.8692      -268.420       91.5799       91.5799    
140  3.390      0.555602E-03   81.8692      -269.239       90.7612       90.7612    
141  3.400      0.559947E-03   81.8692      -270.058       89.9425       89.9425    
142  3.410      0.534870E-03   81.8692      -270.876       89.1238       89.1238    
143  3.420      0.498953E-03   81.8692      -271.695       88.3051       88.3051    
144  3.430      0.504814E-03   81.8692      -272.514       87.4864       87.4864    
145  3.440      0.500203E-03   81.8692      -273.332       86.6677       86.6677    
146  3.450      0.515184E-03   81.8692      -274.151       85.8490       85.8490    
147  3.460      0.566563E-03   81.8692      -274.970       85.0303       85.0303    
148  3.470      0.533377E-03   81.8692      -275.788       84.2117       84.2117    
149  3.480      0.590270E-03   81.8692      -276.607       83.3930       83.3930    
150  3.490      0.538726E-03   81.8692      -277.426       82.5743       82.5743    
151  3.500      0.544601E-03   81.8692      -278.244       81.7556       81.7556    
152  3.510      0.540755E-03   81.8692      -279.063       80.9369       80.9369    
153  3.520      0.511838E-03   81.8692      -279.882       80.1182       80.1182    
154  3.530      0.532282E-03   81.8692      -280.700       79.2995       79.2995    
155  3.540      0.471493E-03   81.8692      -281.519       78.4808       78.4808    
156  3.550      0.554650E-03   81.8692      -282.338       77.6622       77.6622    
157  3.560      0.581269E-03   81.8692      -283.157       76.8435       76.8435    
158  3.570      0.549519E-03   81.8692      -283.975       76.0248       76.0248    
159  3.580      0.578883E-03   81.8692      -284.794       75.2061       75.2061    
160  3.590      0.506160E-03   81.8692      -285.613       74.3874       74.3874    
161  3.600      0.544290E-03   81.8692      -286.431       73.5687       73.5687    
162  3.610      0.589486E-03   81.8692      -287.250       72.7500       72.7500    
163  3.620      0.503707E-03   81.8692      -288.069       71.9313       71.9313    
164  3.630      0.536044E-03   81.8692      -288.887       71.1126       71.1126    
165  3.640      0.531711E-03   81.8692      -289.706       70.2939       70.2939    
166  3.650      0.541802E-03   81.8692      -290.525       69.4753       69.4753    
167  3.660      0.526877E-03   81.8692      -291.343       68.6566       68.6566    
168  3.670      0.463425E-03   81.8692      -292.162       67.8379       67.8379    
169  3.680      0.515747E-03   81.8692      -292.981       67.0192       67.0192    
170  3.690      0.502837E-03   81.8692      -293.799       66.2005       66.2005    
171  3.700      0.581453E-03   81.8692      -294.618       65.3818       65.3818    
172  3.710      0.502251E-03   81.8692      -295.437       64.5632       64.5632    
173  3.720      0.572966E-03   81.8692      -296.256       63.7445       63.7445    
174  3.730      0.484028E-03   81.8692      -297.074       62.9258       62.9258    
175  3.740      0.469457E-03   81.8692      -297.893       62.1071       62.1071    
176  3.750      0.579710E-03   81.8692      -298.712       61.2884       61.2884    
177  3.760      0.542337E-03   81.8692      -299.530       60.4697       60.4697    
178  3.770      0.582608E-03   81.8692      -300.349       59.6510       59.6510    
179  3.780      0.628339E-03   81.8692      -301.168       58.8323       58.8323    
180  3.790      0.586375E-03   81.8692      -301.986       58.0137       58.0137    
181  3.800      0.456217E-03   81.8692      -302.805       57.1950       57.1950    
182  3.810      0.524979E-03   81.8692      -303.624       56.3763       56.3763    
183  3.820      0.473340E-03   81.8692      -304.442       55.5576       55.5576    
184  3.830      0.434790E-03   81.8692      -305.261       54.7389       54.7389    
185  3.840      0.519463E-03   81.8692      -306.080       53.9202       53.9202    
186  3.850      0.488854E-03   81.8692      -306.898       53.1015       53.1015    
187  3.860      0.486134E-03   81.8692      -307.717       52.2828       52.2828    
188  3.870      0.532271E-03   81.8692      -308.536       51.4642       51.4642    
189  3.880      0.449328E-03   81.8692      -309.354       50.6455       50.6455    
190  3.890      0.447273E-03   81.8692      -310.173       49.8269       49.8269    
191  3.900      0.467812E-03   81.8692      -310.992       49.0082       49.0082    
192  3.910      0.562150E-03   81.8692      -311.810       48.1895       48.1895    
193  3.920      0.472960E-03   81.8692      -312.629       47.3709       47.3709    
194  3.930      0.499013E-03   81.8692      -313.448       46.5522       46.5522    
195  3.940      0.495077E-03   81.8692      -314.266       45.7335       45.7335    
196  3.950      0.541319E-03   81.8692      -315.085       44.9149       44.9149    
197  3.960      0.497498E-03   81.8692      -315.904       44.0962       44.0962    
198  3.970      0.548260E-03   81.8692      -316.722       43.2775       43.2775    
199  3.980      0.449499E-03   81.8692      -317.541       42.4588       42.4588    
200  3.990      0.456509E-03   81.8692      -318.360       41.6401       41.6401    
201  4.000      0.479414E-03   81.8692      -319.179       40.8214       40.8214    
