# Mowe_temp                                                                       
# Operating point sequence...
# i     t     dWx ang.acc.  Wx rot.rate   Phi   (bank)  Phi[ 2]       Phi[ 3]      
  1  2.000      0.187495E-02   114.693      -211.952       148.048       148.048    
  2  2.010      0.368838E-02   114.693      -213.099       146.901       146.901    
  3  2.020      0.573144E-03   114.693      -214.246       145.754       145.754    
  4  2.030      0.147539E-02   114.693      -215.393       144.607       144.607    
  5  2.040      0.133273E-02   114.693      -216.540       143.460       143.460    
  6  2.050      0.130684E-02   114.693      -217.687       142.313       142.313    
  7  2.060      0.121208E-02   114.693      -218.833       141.167       141.167    
  8  2.070      0.104564E-02   114.693      -219.980       140.020       140.020    
  9  2.080      0.126644E-02   114.693      -221.127       138.873       138.873    
 10  2.090      0.116527E-02   114.693      -222.274       137.726       137.726    
 11  2.100      0.115336E-02   114.693      -223.421       136.579       136.579    
 12  2.110      0.110456E-02   114.693      -224.568       135.432       135.432    
 13  2.120      0.120329E-02   114.693      -225.715       134.285       134.285    
 14  2.130      0.116282E-02   114.693      -226.862       133.138       133.138    
 15  2.140      0.121209E-02   114.693      -228.009       131.991       131.991    
 16  2.150      0.125870E-02   114.693      -229.156       130.844       130.844    
 17  2.160      0.100829E-02   114.693      -230.303       129.697       129.697    
 18  2.170      0.120385E-02   114.693      -231.450       128.550       128.550    
 19  2.180      0.129383E-02   114.693      -232.597       127.403       127.403    
 20  2.190      0.114583E-02   114.693      -233.743       126.257       126.257    
 21  2.200      0.117833E-02   114.693      -234.890       125.110       125.110    
 22  2.210      0.113605E-02   114.693      -236.037       123.963       123.963    
 23  2.220      0.108424E-02   114.693      -237.184       122.816       122.816    
 24  2.230      0.112230E-02   114.693      -238.331       121.669       121.669    
 25  2.240      0.115600E-02   114.693      -239.478       120.522       120.522    
 26  2.250      0.110008E-02   114.693      -240.625       119.375       119.375    
 27  2.260      0.124592E-02   114.693      -241.772       118.228       118.228    
 28  2.270      0.113581E-02   114.693      -242.919       117.081       117.081    
 29  2.280      0.119429E-02   114.693      -244.066       115.934       115.934    
 30  2.290      0.114788E-02   114.693      -245.213       114.787       114.787    
 31  2.300      0.114513E-02   114.693      -246.360       113.640       113.640    
 32  2.310      0.116253E-02   114.693      -247.507       112.493       112.493    
 33  2.320      0.120711E-02   114.693      -248.654       111.346       111.346    
 34  2.330      0.112978E-02   114.693      -249.800       110.200       110.200    
 35  2.340      0.112359E-02   114.693      -250.947       109.053       109.053    
 36  2.350      0.116414E-02   114.693      -252.094       107.906       107.906    
 37  2.360      0.116472E-02   114.693      -253.241       106.759       106.759    
 38  2.370      0.110648E-02   114.693      -254.388       105.612       105.612    
 39  2.380      0.117036E-02   114.693      -255.535       104.465       104.465    
 40  2.390      0.114665E-02   114.693      -256.682       103.318       103.318    
 41  2.400      0.117168E-02   114.693      -257.829       102.171       102.171    
 42  2.410      0.114118E-02   114.693      -258.976       101.024       101.024    
 43  2.420      0.114476E-02   114.693      -260.123       99.8773       99.8773    
 44  2.430      0.118052E-02   114.693      -261.270       98.7304       98.7304    
 45  2.440      0.115071E-02   114.693      -262.417       97.5835       97.5835    
 46  2.450      0.117883E-02   114.693      -263.563       96.4365       96.4365    
 47  2.460      0.114447E-02   114.693      -264.710       95.2896       95.2896    
 48  2.470      0.114336E-02   114.693      -265.857       94.1427       94.1427    
 49  2.480      0.112704E-02   114.693      -267.004       92.9957       92.9957    
 50  2.490      0.114385E-02   114.693      -268.151       91.8488       91.8488    
 51  2.500      0.114166E-02   114.693      -269.298       90.7019       90.7019    
 52  2.510      0.115053E-02   114.693      -270.445       89.5550       89.5550    
 53  2.520      0.114230E-02   114.693      -271.592       88.4081       88.4081    
 54  2.530      0.115329E-02   114.693      -272.739       87.2612       87.2612    
 55  2.540      0.116890E-02   114.693      -273.886       86.1142       86.1142    
 56  2.550      0.117359E-02   114.693      -275.033       84.9673       84.9673    
 57  2.560      0.114250E-02   114.693      -276.180       83.8204       83.8204    
 58  2.570      0.118226E-02   114.693      -277.327       82.6734       82.6734    
 59  2.580      0.115180E-02   114.693      -278.473       81.5265       81.5265    
 60  2.590      0.113969E-02   114.693      -279.620       80.3796       80.3796    
 61  2.600      0.112535E-02   114.693      -280.767       79.2327       79.2327    
 62  2.610      0.117479E-02   114.693      -281.914       78.0858       78.0858    
 63  2.620      0.114757E-02   114.693      -283.061       76.9389       76.9389    
 64  2.630      0.116003E-02   114.693      -284.208       75.7919       75.7919    
 65  2.640      0.116442E-02   114.693      -285.355       74.6450       74.6450    
 66  2.650      0.117355E-02   114.693      -286.502       73.4981       73.4981    
 67  2.660      0.108737E-02   114.693      -287.649       72.3512       72.3512    
 68  2.670      0.115743E-02   114.693      -288.796       71.2042       71.2042    
 69  2.680      0.118122E-02   114.693      -289.943       70.0573       70.0573    
 70  2.690      0.108140E-02   114.693      -291.090       68.9104       68.9104    
 71  2.700      0.116806E-02   114.693      -292.237       67.7635       67.7635    
 72  2.710      0.114891E-02   114.693      -293.383       66.6166       66.6166    
 73  2.720      0.118178E-02   114.693      -294.530       65.4697       65.4697    
 74  2.730      0.108849E-02   114.693      -295.677       64.3227       64.3227    
 75  2.740      0.108788E-02   114.693      -296.824       63.1758       63.1758    
 76  2.750      0.112658E-02   114.693      -297.971       62.0289       62.0289    
 77  2.760      0.112427E-02   114.693      -299.118       60.8820       60.8820    
 78  2.770      0.107303E-02   114.693      -300.265       59.7351       59.7351    
 79  2.780      0.131675E-02   114.693      -301.412       58.5881       58.5881    
 80  2.790      0.119529E-02   114.693      -302.559       57.4412       57.4412    
 81  2.800      0.125621E-02   114.693      -303.706       56.2943       56.2943    
 82  2.810      0.113001E-02   114.693      -304.853       55.1473       55.1473    
 83  2.820      0.127123E-02   114.693      -306.000       54.0004       54.0004    
 84  2.830      0.121404E-02   114.693      -307.147       52.8535       52.8535    
 85  2.840      0.117357E-02   114.693      -308.293       51.7066       51.7066    
 86  2.850      0.116311E-02   114.693      -309.440       50.5597       50.5597    
 87  2.860      0.110375E-02   114.693      -310.587       49.4127       49.4127    
 88  2.870      0.122472E-02   114.693      -311.734       48.2658       48.2658    
 89  2.880      0.112160E-02   114.693      -312.881       47.1189       47.1189    
 90  2.890      0.119997E-02   114.693      -314.028       45.9719       45.9719    
 91  2.900      0.112057E-02   114.693      -315.175       44.8250       44.8250    
 92  2.910      0.113911E-02   114.693      -316.322       43.6781       43.6781    
 93  2.920      0.117844E-02   114.693      -317.469       42.5312       42.5312    
 94  2.930      0.111909E-02   114.693      -318.616       41.3842       41.3842    
 95  2.940      0.110053E-02   114.693      -319.763       40.2373       40.2373    
 96  2.950      0.127470E-02   114.693      -320.910       39.0904       39.0904    
 97  2.960      0.109245E-02   114.693      -322.057       37.9435       37.9435    
 98  2.970      0.121007E-02   114.693      -323.203       36.7965       36.7965    
 99  2.980      0.114070E-02   114.693      -324.350       35.6496       35.6496    
100  2.990      0.110165E-02   114.693      -325.497       34.5027       34.5027    
101  3.000      0.125817E-02   114.693      -326.644       33.3558       33.3558    
102  3.010      0.103078E-02   114.693      -327.791       32.2088       32.2088    
103  3.020      0.109083E-02   114.693      -328.938       31.0619       31.0619    
104  3.030      0.116025E-02   114.693      -330.085       29.9150       29.9150    
105  3.040      0.122866E-02   114.693      -331.232       28.7681       28.7681    
106  3.050      0.117873E-02   114.693      -332.379       27.6211       27.6211    
107  3.060      0.123547E-02   114.693      -333.526       26.4742       26.4742    
108  3.070      0.109229E-02   114.693      -334.673       25.3273       25.3273    
109  3.080      0.100159E-02   114.693      -335.820       24.1804       24.1804    
110  3.090      0.115125E-02   114.693      -336.967       23.0335       23.0335    
111  3.100      0.105153E-02   114.693      -338.113       21.8865       21.8865    
112  3.110      0.130346E-02   114.693      -339.260       20.7396       20.7396    
113  3.120      0.128942E-02   114.693      -340.407       19.5927       19.5927    
114  3.130      0.992269E-03   114.693      -341.554       18.4458       18.4458    
115  3.140      0.992924E-03   114.693      -342.701       17.2989       17.2989    
116  3.150      0.108445E-02   114.693      -343.848       16.1519       16.1519    
117  3.160      0.106705E-02   114.693      -344.995       15.0050       15.0050    
118  3.170      0.107079E-02   114.693      -346.142       13.8581       13.8581    
119  3.180      0.102720E-02   114.693      -347.289       12.7112       12.7112    
120  3.190      0.115481E-02   114.693      -348.436       11.5642       11.5642    
121  3.200      0.125759E-02   114.693      -349.583       10.4173       10.4173    
122  3.210      0.104101E-02   114.693      -350.730       9.27039       9.27039    
123  3.220      0.122114E-02   114.693      -351.877       8.12346       8.12346    
124  3.230      0.121381E-02   114.693      -353.023       6.97654       6.97654    
125  3.240      0.116082E-02   114.693      -354.170       5.82964       5.82964    
126  3.250      0.116133E-02   114.693      -355.317       4.68269       4.68269    
127  3.260      0.102321E-02   114.693      -356.464       3.53576       3.53576    
128  3.270      0.114681E-02   114.693      -357.611       2.38883       2.38883    
129  3.280      0.106599E-02   114.693      -358.758       1.24191       1.24191    
130  3.290      0.116352E-02   114.693      -359.905      0.949843E-01  0.949843E-01
131  3.300      0.124876E-02   114.693      -361.052      -1.05194      -1.05194    
132  3.310      0.104385E-02   114.693      -362.199      -2.19887      -2.19887    
133  3.320      0.117698E-02   114.693      -363.346      -3.34579      -3.34579    
134  3.330      0.128972E-02   114.693      -364.493      -4.49272      -4.49272    
135  3.340      0.124002E-02   114.693      -365.640      -5.63964      -5.63964    
136  3.350      0.101776E-02   114.693      -366.787      -6.78654      -6.78654    
137  3.360      0.116484E-02   114.693      -367.934      -7.93349      -7.93349    
138  3.370      0.121765E-02   114.693      -369.080      -9.08042      -9.08042    
139  3.380      0.113166E-02   114.693      -370.227      -10.2273      -10.2273    
140  3.390      0.120908E-02   114.693      -371.374      -11.3743      -11.3743    
141  3.400      0.131186E-02   114.693      -372.521      -12.5212      -12.5212    
142  3.410      0.102030E-02   114.693      -373.668      -13.6681      -13.6681    
143  3.420      0.123353E-02   114.693      -374.815      -14.8150      -14.8150    
144  3.430      0.111603E-02   114.693      -375.962      -15.9620      -15.9620    
145  3.440      0.104921E-02   114.693      -377.109      -17.1089      -17.1089    
146  3.450      0.132597E-02   114.693      -378.256      -18.2558      -18.2558    
147  3.460      0.106274E-02   114.693      -379.403      -19.4027      -19.4027    
148  3.470      0.112089E-02   114.693      -380.550      -20.5497      -20.5497    
149  3.480      0.107931E-02   114.693      -381.697      -21.6966      -21.6966    
150  3.490      0.109977E-02   114.693      -382.844      -22.8435      -22.8435    
151  3.500      0.111882E-02   114.693      -383.990      -23.9904      -23.9904    
152  3.510      0.113771E-02   114.693      -385.137      -25.1374      -25.1374    
153  3.520      0.111417E-02   114.693      -386.284      -26.2843      -26.2843    
154  3.530      0.113090E-02   114.693      -387.431      -27.4312      -27.4312    
155  3.540      0.119308E-02   114.693      -388.578      -28.5781      -28.5781    
156  3.550      0.120198E-02   114.693      -389.725      -29.7251      -29.7251    
157  3.560      0.102947E-02   114.693      -390.872      -30.8720      -30.8720    
158  3.570      0.124325E-02   114.693      -392.019      -32.0189      -32.0189    
159  3.580      0.112964E-02   114.693      -393.166      -33.1658      -33.1658    
160  3.590      0.129634E-02   114.693      -394.313      -34.3127      -34.3127    
161  3.600      0.119892E-02   114.693      -395.460      -35.4596      -35.4596    
162  3.610      0.125129E-02   114.693      -396.607      -36.6066      -36.6066    
163  3.620      0.115911E-02   114.693      -397.753      -37.7535      -37.7535    
164  3.630      0.114286E-02   114.693      -398.900      -38.9004      -38.9004    
165  3.640      0.108410E-02   114.693      -400.047      -40.0473      -40.0473    
166  3.650      0.116497E-02   114.693      -401.194      -41.1942      -41.1942    
167  3.660      0.115489E-02   114.693      -402.341      -42.3411      -42.3411    
168  3.670      0.105308E-02   114.693      -403.488      -43.4880      -43.4880    
169  3.680      0.114753E-02   114.693      -404.635      -44.6349      -44.6349    
170  3.690      0.121973E-02   114.693      -405.782      -45.7819      -45.7819    
171  3.700      0.101734E-02   114.693      -406.929      -46.9288      -46.9288    
172  3.710      0.110697E-02   114.693      -408.076      -48.0757      -48.0757    
173  3.720      0.109791E-02   114.693      -409.223      -49.2226      -49.2226    
174  3.730      0.112676E-02   114.693      -410.370      -50.3695      -50.3695    
175  3.740      0.112436E-02   114.693      -411.516      -51.5164      -51.5164    
176  3.750      0.114284E-02   114.693      -412.663      -52.6633      -52.6633    
177  3.760      0.120424E-02   114.693      -413.810      -53.8103      -53.8103    
178  3.770      0.112860E-02   114.693      -414.957      -54.9572      -54.9572    
179  3.780      0.118148E-02   114.693      -416.104      -56.1041      -56.1041    
180  3.790      0.119471E-02   114.693      -417.251      -57.2510      -57.2510    
181  3.800      0.114850E-02   114.693      -418.398      -58.3979      -58.3979    
182  3.810      0.115378E-02   114.693      -419.545      -59.5448      -59.5448    
183  3.820      0.117537E-02   114.693      -420.692      -60.6917      -60.6917    
184  3.830      0.125979E-02   114.693      -421.839      -61.8387      -61.8387    
185  3.840      0.118216E-02   114.693      -422.986      -62.9856      -62.9856    
186  3.850      0.120124E-02   114.693      -424.132      -64.1325      -64.1325    
187  3.860      0.119913E-02   114.693      -425.279      -65.2794      -65.2794    
188  3.870      0.112623E-02   114.693      -426.426      -66.4263      -66.4263    
189  3.880      0.118498E-02   114.693      -427.573      -67.5732      -67.5732    
190  3.890      0.115964E-02   114.693      -428.720      -68.7202      -68.7202    
191  3.900      0.118030E-02   114.693      -429.867      -69.8671      -69.8671    
192  3.910      0.113125E-02   114.693      -431.014      -71.0140      -71.0140    
193  3.920      0.118851E-02   114.693      -432.161      -72.1609      -72.1609    
194  3.930      0.114044E-02   114.693      -433.308      -73.3078      -73.3078    
195  3.940      0.117721E-02   114.693      -434.455      -74.4547      -74.4547    
196  3.950      0.117280E-02   114.693      -435.602      -75.6016      -75.6016    
197  3.960      0.114295E-02   114.693      -436.749      -76.7485      -76.7485    
198  3.970      0.114313E-02   114.693      -437.895      -77.8954      -77.8954    
199  3.980      0.113539E-02   114.693      -439.042      -79.0424      -79.0424    
200  3.990      0.115860E-02   114.693      -440.189      -80.1893      -80.1893    
201  4.000      0.112935E-02   114.693      -441.336      -81.3362      -81.3362    
