# Mowe_temp                                                                       
# Operating point sequence...
# i     t     dWx ang.acc.  Wx rot.rate   Phi   (bank)  Phi[ 2]       Phi[ 3]      
  1  2.000      0.555290E-02   23.7379      -42.6673      -42.6673      -42.6673    
  2  2.010      0.570927E-02   23.7379      -42.9046      -42.9047      -42.9047    
  3  2.020      0.490389E-02   23.7380      -43.1420      -43.1420      -43.1420    
  4  2.030      0.477007E-02   23.7380      -43.3794      -43.3794      -43.3794    
  5  2.040      0.456241E-02   23.7381      -43.6168      -43.6168      -43.6168    
  6  2.050      0.434993E-02   23.7381      -43.8542      -43.8542      -43.8542    
  7  2.060      0.416561E-02   23.7381      -44.0915      -44.0915      -44.0915    
  8  2.070      0.393284E-02   23.7382      -44.3289      -44.3289      -44.3289    
  9  2.080      0.381421E-02   23.7382      -44.5663      -44.5663      -44.5663    
 10  2.090      0.364229E-02   23.7383      -44.8037      -44.8037      -44.8037    
 11  2.100      0.350916E-02   23.7383      -45.0411      -45.0411      -45.0411    
 12  2.110      0.324109E-02   23.7383      -45.2784      -45.2784      -45.2784    
 13  2.120      0.304019E-02   23.7384      -45.5158      -45.5158      -45.5158    
 14  2.130      0.290641E-02   23.7384      -45.7532      -45.7532      -45.7532    
 15  2.140      0.276293E-02   23.7384      -45.9906      -45.9906      -45.9906    
 16  2.150      0.270937E-02   23.7384      -46.2280      -46.2280      -46.2280    
 17  2.160      0.256738E-02   23.7385      -46.4654      -46.4654      -46.4654    
 18  2.170      0.240039E-02   23.7385      -46.7027      -46.7027      -46.7027    
 19  2.180      0.241959E-02   23.7385      -46.9401      -46.9401      -46.9401    
 20  2.190      0.228632E-02   23.7385      -47.1775      -47.1775      -47.1775    
 21  2.200      0.217411E-02   23.7386      -47.4149      -47.4149      -47.4149    
 22  2.210      0.202739E-02   23.7386      -47.6523      -47.6523      -47.6523    
 23  2.220      0.187694E-02   23.7386      -47.8896      -47.8896      -47.8896    
 24  2.230      0.179812E-02   23.7386      -48.1270      -48.1270      -48.1270    
 25  2.240      0.177676E-02   23.7386      -48.3644      -48.3644      -48.3644    
 26  2.250      0.164423E-02   23.7386      -48.6018      -48.6018      -48.6018    
 27  2.260      0.165987E-02   23.7387      -48.8392      -48.8392      -48.8392    
 28  2.270      0.158330E-02   23.7387      -49.0766      -49.0766      -49.0766    
 29  2.280      0.143455E-02   23.7387      -49.3140      -49.3140      -49.3140    
 30  2.290      0.131871E-02   23.7387      -49.5513      -49.5513      -49.5513    
 31  2.300      0.139475E-02   23.7387      -49.7887      -49.7887      -49.7887    
 32  2.310      0.125970E-02   23.7387      -50.0261      -50.0261      -50.0261    
 33  2.320      0.119100E-02   23.7387      -50.2635      -50.2635      -50.2635    
 34  2.330      0.119115E-02   23.7388      -50.5009      -50.5009      -50.5009    
 35  2.340      0.108276E-02   23.7388      -50.7383      -50.7383      -50.7383    
 36  2.350      0.105242E-02   23.7388      -50.9757      -50.9757      -50.9757    
 37  2.360      0.996721E-03   23.7388      -51.2131      -51.2131      -51.2131    
 38  2.370      0.969998E-03   23.7388      -51.4504      -51.4504      -51.4504    
 39  2.380      0.102806E-02   23.7388      -51.6878      -51.6878      -51.6878    
 40  2.390      0.893976E-03   23.7388      -51.9252      -51.9252      -51.9252    
 41  2.400      0.894699E-03   23.7388      -52.1626      -52.1626      -52.1626    
 42  2.410      0.894088E-03   23.7388      -52.4000      -52.4000      -52.4000    
 43  2.420      0.691952E-03   23.7388      -52.6374      -52.6374      -52.6374    
 44  2.430      0.808954E-03   23.7388      -52.8748      -52.8748      -52.8748    
 45  2.440      0.689751E-03   23.7389      -53.1121      -53.1121      -53.1121    
 46  2.450      0.683792E-03   23.7389      -53.3495      -53.3495      -53.3495    
 47  2.460      0.634377E-03   23.7389      -53.5869      -53.5869      -53.5869    
 48  2.470      0.515174E-03   23.7389      -53.8243      -53.8243      -53.8243    
 49  2.480      0.579289E-03   23.7389      -54.0617      -54.0617      -54.0617    
 50  2.490      0.457962E-03   23.7389      -54.2991      -54.2991      -54.2991    
 51  2.500      0.579733E-03   23.7389      -54.5365      -54.5365      -54.5365    
 52  2.510      0.595289E-03   23.7389      -54.7739      -54.7739      -54.7739    
 53  2.520      0.436542E-03   23.7389      -55.0112      -55.0112      -55.0112    
 54  2.530      0.420432E-03   23.7389      -55.2486      -55.2486      -55.2486    
 55  2.540      0.417057E-03   23.7389      -55.4860      -55.4860      -55.4860    
 56  2.550      0.336525E-03   23.7389      -55.7234      -55.7234      -55.7234    
 57  2.560      0.430996E-03   23.7389      -55.9608      -55.9608      -55.9608    
 58  2.570      0.395710E-03   23.7389      -56.1982      -56.1982      -56.1982    
 59  2.580      0.385327E-03   23.7389      -56.4356      -56.4356      -56.4356    
 60  2.590      0.410602E-03   23.7389      -56.6730      -56.6730      -56.6730    
 61  2.600      0.268418E-03   23.7389      -56.9103      -56.9103      -56.9103    
 62  2.610      0.368334E-03   23.7389      -57.1477      -57.1477      -57.1477    
 63  2.620      0.270947E-03   23.7389      -57.3851      -57.3851      -57.3851    
 64  2.630      0.351229E-03   23.7389      -57.6225      -57.6225      -57.6225    
 65  2.640      0.302031E-03   23.7389      -57.8599      -57.8599      -57.8599    
 66  2.650      0.294335E-03   23.7389      -58.0973      -58.0973      -58.0973    
 67  2.660      0.297221E-03   23.7389      -58.3347      -58.3347      -58.3347    
 68  2.670      0.199131E-03   23.7389      -58.5720      -58.5720      -58.5720    
 69  2.680      0.233725E-03   23.7389      -58.8094      -58.8094      -58.8094    
 70  2.690      0.294619E-03   23.7389      -59.0468      -59.0468      -59.0468    
 71  2.700      0.244476E-03   23.7389      -59.2842      -59.2842      -59.2842    
 72  2.710      0.368766E-03   23.7389      -59.5216      -59.5216      -59.5216    
 73  2.720      0.230588E-03   23.7389      -59.7590      -59.7590      -59.7590    
 74  2.730      0.264746E-03   23.7389      -59.9963      -59.9963      -59.9963    
 75  2.740      0.221417E-03   23.7389      -60.2337      -60.2337      -60.2337    
 76  2.750      0.162926E-03   23.7389      -60.4711      -60.4711      -60.4711    
 77  2.760      0.229235E-03   23.7389      -60.7085      -60.7085      -60.7085    
 78  2.770      0.295225E-03   23.7389      -60.9459      -60.9459      -60.9459    
 79  2.780      0.277656E-03   23.7389      -61.1833      -61.1833      -61.1833    
 80  2.790      0.194576E-03   23.7389      -61.4207      -61.4207      -61.4207    
 81  2.800      0.265993E-03   23.7389      -61.6581      -61.6581      -61.6581    
 82  2.810      0.264479E-03   23.7389      -61.8954      -61.8954      -61.8954    
 83  2.820      0.249903E-03   23.7389      -62.1328      -62.1328      -62.1328    
 84  2.830      0.200895E-03   23.7389      -62.3702      -62.3702      -62.3702    
 85  2.840      0.191375E-03   23.7389      -62.6076      -62.6076      -62.6076    
 86  2.850      0.221551E-03   23.7389      -62.8450      -62.8450      -62.8450    
 87  2.860      0.204459E-03   23.7389      -63.0824      -63.0824      -63.0824    
 88  2.870      0.183589E-03   23.7389      -63.3198      -63.3198      -63.3198    
 89  2.880      0.231455E-03   23.7389      -63.5572      -63.5572      -63.5572    
 90  2.890      0.311759E-03   23.7389      -63.7945      -63.7945      -63.7945    
 91  2.900      0.259937E-03   23.7389      -64.0319      -64.0319      -64.0319    
 92  2.910      0.209401E-03   23.7389      -64.2693      -64.2693      -64.2693    
 93  2.920      0.257010E-03   23.7389      -64.5067      -64.5067      -64.5067    
 94  2.930      0.279028E-03   23.7389      -64.7441      -64.7441      -64.7441    
 95  2.940      0.166705E-03   23.7389      -64.9815      -64.9815      -64.9815    
 96  2.950      0.304040E-03   23.7389      -65.2188      -65.2188      -65.2188    
 97  2.960      0.213993E-03   23.7389      -65.4562      -65.4562      -65.4562    
 98  2.970      0.218587E-03   23.7389      -65.6936      -65.6936      -65.6936    
 99  2.980      0.205211E-03   23.7389      -65.9310      -65.9310      -65.9310    
100  2.990      0.177878E-03   23.7389      -66.1684      -66.1684      -66.1684    
101  3.000      0.219785E-03   23.7389      -66.4058      -66.4058      -66.4058    
102  3.010      0.188388E-03   23.7389      -66.6432      -66.6432      -66.6432    
103  3.020      0.219437E-03   23.7389      -66.8806      -66.8806      -66.8806    
104  3.030      0.250311E-03   23.7389      -67.1179      -67.1179      -67.1179    
105  3.040      0.264742E-03   23.7389      -67.3553      -67.3553      -67.3553    
106  3.050      0.211223E-03   23.7389      -67.5927      -67.5927      -67.5927    
107  3.060      0.227045E-03   23.7389      -67.8301      -67.8301      -67.8301    
108  3.070      0.247021E-03   23.7389      -68.0675      -68.0675      -68.0675    
109  3.080      0.227418E-03   23.7389      -68.3049      -68.3049      -68.3049    
110  3.090      0.215563E-03   23.7389      -68.5423      -68.5423      -68.5423    
111  3.100      0.253844E-03   23.7389      -68.7797      -68.7797      -68.7797    
112  3.110      0.205741E-03   23.7389      -69.0170      -69.0170      -69.0170    
113  3.120      0.219480E-03   23.7389      -69.2544      -69.2544      -69.2544    
114  3.130      0.188780E-03   23.7389      -69.4918      -69.4918      -69.4918    
115  3.140      0.259901E-03   23.7389      -69.7292      -69.7292      -69.7292    
116  3.150      0.210168E-03   23.7389      -69.9666      -69.9666      -69.9666    
117  3.160      0.239957E-03   23.7389      -70.2040      -70.2040      -70.2040    
118  3.170      0.259788E-03   23.7389      -70.4414      -70.4414      -70.4414    
119  3.180      0.169597E-03   23.7389      -70.6787      -70.6787      -70.6787    
120  3.190      0.204978E-03   23.7389      -70.9161      -70.9161      -70.9161    
121  3.200      0.232749E-03   23.7389      -71.1535      -71.1535      -71.1535    
122  3.210      0.190329E-03   23.7389      -71.3909      -71.3909      -71.3909    
123  3.220      0.141849E-03   23.7389      -71.6283      -71.6283      -71.6283    
124  3.230      0.234673E-03   23.7389      -71.8657      -71.8657      -71.8657    
125  3.240      0.184425E-03   23.7389      -72.1031      -72.1031      -72.1031    
126  3.250      0.257714E-03   23.7389      -72.3405      -72.3405      -72.3405    
127  3.260      0.232181E-03   23.7389      -72.5779      -72.5779      -72.5779    
128  3.270      0.167428E-03   23.7389      -72.8152      -72.8152      -72.8152    
129  3.280      0.217180E-03   23.7389      -73.0526      -73.0526      -73.0526    
130  3.290      0.223047E-03   23.7389      -73.2900      -73.2900      -73.2900    
131  3.300      0.273969E-03   23.7389      -73.5274      -73.5274      -73.5274    
132  3.310      0.286022E-03   23.7389      -73.7648      -73.7648      -73.7648    
133  3.320      0.166771E-03   23.7389      -74.0022      -74.0022      -74.0022    
134  3.330      0.226556E-03   23.7389      -74.2396      -74.2396      -74.2396    
135  3.340      0.247469E-03   23.7389      -74.4770      -74.4770      -74.4770    
136  3.350      0.151579E-03   23.7389      -74.7143      -74.7143      -74.7143    
137  3.360      0.267004E-03   23.7389      -74.9517      -74.9517      -74.9517    
138  3.370      0.237324E-03   23.7389      -75.1891      -75.1891      -75.1891    
139  3.380      0.221676E-03   23.7389      -75.4265      -75.4265      -75.4265    
140  3.390      0.291407E-03   23.7389      -75.6639      -75.6639      -75.6639    
141  3.400      0.228835E-03   23.7389      -75.9013      -75.9013      -75.9013    
142  3.410      0.185547E-03   23.7389      -76.1387      -76.1387      -76.1387    
143  3.420      0.299900E-03   23.7389      -76.3761      -76.3761      -76.3761    
144  3.430      0.211379E-03   23.7389      -76.6134      -76.6134      -76.6134    
145  3.440      0.202903E-03   23.7389      -76.8508      -76.8508      -76.8508    
146  3.450      0.213469E-03   23.7389      -77.0882      -77.0882      -77.0882    
147  3.460      0.215605E-03   23.7389      -77.3256      -77.3256      -77.3256    
148  3.470      0.185280E-03   23.7389      -77.5630      -77.5630      -77.5630    
149  3.480      0.247516E-03   23.7389      -77.8004      -77.8004      -77.8004    
150  3.490      0.281533E-03   23.7389      -78.0378      -78.0378      -78.0378    
151  3.500      0.209033E-03   23.7389      -78.2752      -78.2752      -78.2752    
152  3.510      0.214269E-03   23.7389      -78.5126      -78.5126      -78.5126    
153  3.520      0.241410E-03   23.7389      -78.7499      -78.7499      -78.7499    
154  3.530      0.270823E-03   23.7389      -78.9873      -78.9873      -78.9873    
155  3.540      0.211975E-03   23.7389      -79.2247      -79.2247      -79.2247    
156  3.550      0.233118E-03   23.7389      -79.4621      -79.4621      -79.4621    
157  3.560      0.257917E-03   23.7389      -79.6995      -79.6995      -79.6995    
158  3.570      0.233521E-03   23.7389      -79.9369      -79.9369      -79.9369    
159  3.580      0.214171E-03   23.7389      -80.1743      -80.1743      -80.1743    
160  3.590      0.218637E-03   23.7389      -80.4116      -80.4116      -80.4116    
161  3.600      0.242284E-03   23.7389      -80.6490      -80.6490      -80.6490    
162  3.610      0.247337E-03   23.7389      -80.8864      -80.8864      -80.8864    
163  3.620      0.220608E-03   23.7389      -81.1238      -81.1238      -81.1238    
164  3.630      0.239750E-03   23.7389      -81.3612      -81.3612      -81.3612    
165  3.640      0.225060E-03   23.7389      -81.5986      -81.5986      -81.5986    
166  3.650      0.202653E-03   23.7389      -81.8360      -81.8360      -81.8360    
167  3.660      0.241423E-03   23.7389      -82.0734      -82.0734      -82.0734    
168  3.670      0.244381E-03   23.7389      -82.3108      -82.3108      -82.3108    
169  3.680      0.259935E-03   23.7389      -82.5481      -82.5481      -82.5481    
170  3.690      0.201879E-03   23.7389      -82.7855      -82.7855      -82.7855    
171  3.700      0.214310E-03   23.7389      -83.0229      -83.0229      -83.0229    
172  3.710      0.225356E-03   23.7389      -83.2603      -83.2603      -83.2603    
173  3.720      0.217477E-03   23.7389      -83.4977      -83.4977      -83.4977    
174  3.730      0.208094E-03   23.7389      -83.7351      -83.7351      -83.7351    
175  3.740      0.219242E-03   23.7389      -83.9725      -83.9725      -83.9725    
176  3.750      0.225094E-03   23.7389      -84.2099      -84.2099      -84.2099    
177  3.760      0.226817E-03   23.7389      -84.4472      -84.4472      -84.4472    
178  3.770      0.225032E-03   23.7389      -84.6846      -84.6846      -84.6846    
179  3.780      0.235926E-03   23.7389      -84.9220      -84.9220      -84.9220    
180  3.790      0.221528E-03   23.7389      -85.1594      -85.1594      -85.1594    
181  3.800      0.215048E-03   23.7389      -85.3968      -85.3968      -85.3968    
182  3.810      0.217515E-03   23.7389      -85.6342      -85.6342      -85.6342    
183  3.820      0.218283E-03   23.7389      -85.8716      -85.8716      -85.8716    
184  3.830      0.226836E-03   23.7389      -86.1090      -86.1090      -86.1090    
185  3.840      0.228261E-03   23.7389      -86.3464      -86.3464      -86.3464    
186  3.850      0.222660E-03   23.7389      -86.5837      -86.5837      -86.5837    
187  3.860      0.228459E-03   23.7389      -86.8211      -86.8211      -86.8211    
188  3.870      0.227051E-03   23.7389      -87.0585      -87.0585      -87.0585    
189  3.880      0.214769E-03   23.7389      -87.2959      -87.2959      -87.2959    
190  3.890      0.219338E-03   23.7389      -87.5333      -87.5333      -87.5333    
191  3.900      0.221917E-03   23.7389      -87.7707      -87.7707      -87.7707    
192  3.910      0.232802E-03   23.7389      -88.0081      -88.0081      -88.0081    
193  3.920      0.218370E-03   23.7389      -88.2455      -88.2455      -88.2455    
194  3.930      0.224415E-03   23.7389      -88.4828      -88.4828      -88.4828    
195  3.940      0.229743E-03   23.7389      -88.7202      -88.7202      -88.7202    
196  3.950      0.218400E-03   23.7389      -88.9576      -88.9576      -88.9576    
197  3.960      0.223079E-03   23.7389      -89.1950      -89.1950      -89.1950    
198  3.970      0.223425E-03   23.7389      -89.4324      -89.4324      -89.4324    
199  3.980      0.220444E-03   23.7389      -89.6698      -89.6698      -89.6698    
200  3.990      0.218025E-03   23.7389      -89.9072      -89.9072      -89.9072    
201  4.000      0.226295E-03   23.7389      -90.1446      -90.1446      -90.1446    
