# Mowe_temp                                                                       
# Operating point sequence...
# i     t     dWx ang.acc.  Wx rot.rate   Phi   (bank)  Phi[ 2]       Phi[ 3]      
  1  2.000      0.168500E-01   71.2508      -128.068      -128.068      -128.068    
  2  2.010      0.172752E-01   71.2510      -128.781      -128.781      -128.781    
  3  2.020      0.147273E-01   71.2511      -129.493      -129.493      -129.493    
  4  2.030      0.146413E-01   71.2513      -130.206      -130.206      -130.206    
  5  2.040      0.138036E-01   71.2514      -130.918      -130.918      -130.918    
  6  2.050      0.132358E-01   71.2515      -131.631      -131.631      -131.631    
  7  2.060      0.125687E-01   71.2517      -132.343      -132.343      -132.343    
  8  2.070      0.120840E-01   71.2518      -133.056      -133.056      -133.056    
  9  2.080      0.114457E-01   71.2519      -133.768      -133.768      -133.768    
 10  2.090      0.109849E-01   71.2520      -134.481      -134.481      -134.481    
 11  2.100      0.105100E-01   71.2521      -135.193      -135.193      -135.193    
 12  2.110      0.100531E-01   71.2522      -135.906      -135.906      -135.906    
 13  2.120      0.945123E-02   71.2523      -136.618      -136.618      -136.618    
 14  2.130      0.900770E-02   71.2524      -137.331      -137.331      -137.331    
 15  2.140      0.855646E-02   71.2525      -138.043      -138.043      -138.043    
 16  2.150      0.819050E-02   71.2526      -138.756      -138.756      -138.756    
 17  2.160      0.781868E-02   71.2526      -139.469      -139.469      -139.469    
 18  2.170      0.731872E-02   71.2527      -140.181      -140.181      -140.181    
 19  2.180      0.696976E-02   71.2528      -140.894      -140.894      -140.894    
 20  2.190      0.675880E-02   71.2529      -141.606      -141.606      -141.606    
 21  2.200      0.639787E-02   71.2529      -142.319      -142.319      -142.319    
 22  2.210      0.618994E-02   71.2530      -143.031      -143.031      -143.031    
 23  2.220      0.578223E-02   71.2530      -143.744      -143.744      -143.744    
 24  2.230      0.562930E-02   71.2531      -144.456      -144.456      -144.456    
 25  2.240      0.528190E-02   71.2531      -145.169      -145.169      -145.169    
 26  2.250      0.518499E-02   71.2532      -145.881      -145.881      -145.881    
 27  2.260      0.481744E-02   71.2532      -146.594      -146.594      -146.594    
 28  2.270      0.451693E-02   71.2533      -147.306      -147.306      -147.306    
 29  2.280      0.420414E-02   71.2533      -148.019      -148.019      -148.019    
 30  2.290      0.408084E-02   71.2534      -148.731      -148.731      -148.731    
 31  2.300      0.398278E-02   71.2534      -149.444      -149.444      -149.444    
 32  2.310      0.381647E-02   71.2534      -150.156      -150.156      -150.156    
 33  2.320      0.352303E-02   71.2535      -150.869      -150.869      -150.869    
 34  2.330      0.353366E-02   71.2535      -151.581      -151.581      -151.581    
 35  2.340      0.318442E-02   71.2536      -152.294      -152.294      -152.294    
 36  2.350      0.310497E-02   71.2536      -153.007      -153.007      -153.007    
 37  2.360      0.289452E-02   71.2536      -153.719      -153.719      -153.719    
 38  2.370      0.284131E-02   71.2537      -154.432      -154.432      -154.432    
 39  2.380      0.258959E-02   71.2537      -155.144      -155.144      -155.144    
 40  2.390      0.258216E-02   71.2537      -155.857      -155.857      -155.857    
 41  2.400      0.226406E-02   71.2537      -156.569      -156.569      -156.569    
 42  2.410      0.230915E-02   71.2538      -157.282      -157.282      -157.282    
 43  2.420      0.227570E-02   71.2538      -157.994      -157.994      -157.994    
 44  2.430      0.198533E-02   71.2538      -158.707      -158.707      -158.707    
 45  2.440      0.200742E-02   71.2538      -159.419      -159.419      -159.419    
 46  2.450      0.175349E-02   71.2538      -160.132      -160.132      -160.132    
 47  2.460      0.187066E-02   71.2538      -160.844      -160.844      -160.844    
 48  2.470      0.179905E-02   71.2539      -161.557      -161.557      -161.557    
 49  2.480      0.154037E-02   71.2539      -162.269      -162.269      -162.269    
 50  2.490      0.155683E-02   71.2539      -162.982      -162.982      -162.982    
 51  2.500      0.170846E-02   71.2539      -163.694      -163.694      -163.694    
 52  2.510      0.160913E-02   71.2539      -164.407      -164.407      -164.407    
 53  2.520      0.137770E-02   71.2539      -165.119      -165.119      -165.119    
 54  2.530      0.158477E-02   71.2539      -165.832      -165.832      -165.832    
 55  2.540      0.133786E-02   71.2539      -166.545      -166.545      -166.545    
 56  2.550      0.145524E-02   71.2539      -167.257      -167.257      -167.257    
 57  2.560      0.123396E-02   71.2539      -167.970      -167.970      -167.970    
 58  2.570      0.113943E-02   71.2540      -168.682      -168.682      -168.682    
 59  2.580      0.118562E-02   71.2540      -169.395      -169.395      -169.395    
 60  2.590      0.120531E-02   71.2540      -170.107      -170.107      -170.107    
 61  2.600      0.113652E-02   71.2540      -170.820      -170.820      -170.820    
 62  2.610      0.101779E-02   71.2540      -171.532      -171.532      -171.532    
 63  2.620      0.970038E-03   71.2540      -172.245      -172.245      -172.245    
 64  2.630      0.113855E-02   71.2540      -172.957      -172.957      -172.957    
 65  2.640      0.981661E-03   71.2540      -173.670      -173.670      -173.670    
 66  2.650      0.912607E-03   71.2540      -174.382      -174.382      -174.382    
 67  2.660      0.991150E-03   71.2540      -175.095      -175.095      -175.095    
 68  2.670      0.107489E-02   71.2540      -175.807      -175.807      -175.807    
 69  2.680      0.869401E-03   71.2541      -176.520      -176.520      -176.520    
 70  2.690      0.930449E-03   71.2541      -177.232      -177.232      -177.232    
 71  2.700      0.656435E-03   71.2541      -177.945      -177.945      -177.945    
 72  2.710      0.619948E-03   71.2541      -178.657      -178.657      -178.657    
 73  2.720      0.859147E-03   71.2541      -179.370      -179.370      -179.370    
 74  2.730      0.431467E-03   71.2541      -180.083       179.917       179.917    
 75  2.740      0.452521E-03   71.2541      -180.795       179.205       179.205    
 76  2.750      0.824005E-03   71.2541      -181.508       178.492       178.492    
 77  2.760      0.481632E-03   71.2541      -182.220       177.780       177.780    
 78  2.770      0.772463E-03   71.2541      -182.933       177.067       177.067    
 79  2.780      0.611010E-03   71.2541      -183.645       176.355       176.355    
 80  2.790      0.305470E-03   71.2541      -184.358       175.642       175.642    
 81  2.800      0.555669E-03   71.2541      -185.070       174.930       174.930    
 82  2.810      0.584191E-03   71.2541      -185.783       174.217       174.217    
 83  2.820      0.362826E-03   71.2541      -186.495       173.505       173.505    
 84  2.830      0.469980E-03   71.2541      -187.208       172.792       172.792    
 85  2.840      0.612807E-03   71.2541      -187.920       172.080       172.080    
 86  2.850      0.574424E-03   71.2541      -188.633       171.367       171.367    
 87  2.860      0.728833E-03   71.2541      -189.345       170.655       170.655    
 88  2.870      0.712358E-03   71.2541      -190.058       169.942       169.942    
 89  2.880      0.418006E-03   71.2541      -190.770       169.230       169.230    
 90  2.890      0.594732E-03   71.2541      -191.483       168.517       168.517    
 91  2.900      0.352839E-03   71.2541      -192.195       167.805       167.805    
 92  2.910      0.534762E-03   71.2541      -192.908       167.092       167.092    
 93  2.920      0.567635E-03   71.2541      -193.620       166.380       166.380    
 94  2.930      0.383118E-03   71.2541      -194.333       165.667       165.667    
 95  2.940      0.777250E-03   71.2541      -195.046       164.954       164.954    
 96  2.950      0.475667E-03   71.2541      -195.758       164.242       164.242    
 97  2.960      0.594665E-03   71.2541      -196.471       163.529       163.529    
 98  2.970      0.678513E-03   71.2541      -197.183       162.817       162.817    
 99  2.980      0.632949E-03   71.2541      -197.896       162.104       162.104    
100  2.990      0.680778E-03   71.2541      -198.608       161.392       161.392    
101  3.000      0.564904E-03   71.2541      -199.321       160.679       160.679    
102  3.010      0.592225E-03   71.2541      -200.033       159.967       159.967    
103  3.020      0.409370E-03   71.2541      -200.746       159.254       159.254    
104  3.030      0.647791E-03   71.2541      -201.458       158.542       158.542    
105  3.040      0.405808E-03   71.2541      -202.171       157.829       157.829    
106  3.050      0.544616E-03   71.2541      -202.883       157.117       157.117    
107  3.060      0.509473E-03   71.2541      -203.596       156.404       156.404    
108  3.070      0.570326E-03   71.2541      -204.308       155.692       155.692    
109  3.080      0.462125E-03   71.2541      -205.021       154.979       154.979    
110  3.090      0.520848E-03   71.2541      -205.733       154.267       154.267    
111  3.100      0.714609E-03   71.2541      -206.446       153.554       153.554    
112  3.110      0.628332E-03   71.2541      -207.158       152.842       152.842    
113  3.120      0.797599E-03   71.2541      -207.871       152.129       152.129    
114  3.130      0.640827E-03   71.2541      -208.584       151.416       151.416    
115  3.140      0.668755E-03   71.2541      -209.296       150.704       150.704    
116  3.150      0.650307E-03   71.2541      -210.009       149.991       149.991    
117  3.160      0.530137E-03   71.2541      -210.721       149.279       149.279    
118  3.170      0.665436E-03   71.2541      -211.434       148.566       148.566    
119  3.180      0.501366E-03   71.2541      -212.146       147.854       147.854    
120  3.190      0.667061E-03   71.2541      -212.859       147.141       147.141    
121  3.200      0.660227E-03   71.2541      -213.571       146.429       146.429    
122  3.210      0.525933E-03   71.2541      -214.284       145.716       145.716    
123  3.220      0.477081E-03   71.2541      -214.996       145.004       145.004    
124  3.230      0.576326E-03   71.2541      -215.709       144.291       144.291    
125  3.240      0.650075E-03   71.2541      -216.421       143.579       143.579    
126  3.250      0.586874E-03   71.2541      -217.134       142.866       142.866    
127  3.260      0.606132E-03   71.2541      -217.846       142.154       142.154    
128  3.270      0.538584E-03   71.2541      -218.559       141.441       141.441    
129  3.280      0.541734E-03   71.2541      -219.271       140.729       140.729    
130  3.290      0.643236E-03   71.2541      -219.984       140.016       140.016    
131  3.300      0.588355E-03   71.2541      -220.697       139.303       139.303    
132  3.310      0.572462E-03   71.2541      -221.409       138.591       138.591    
133  3.320      0.650366E-03   71.2541      -222.122       137.878       137.878    
134  3.330      0.634643E-03   71.2541      -222.834       137.166       137.166    
135  3.340      0.590881E-03   71.2541      -223.547       136.453       136.453    
136  3.350      0.621944E-03   71.2541      -224.259       135.741       135.741    
137  3.360      0.529131E-03   71.2541      -224.972       135.028       135.028    
138  3.370      0.626379E-03   71.2541      -225.684       134.316       134.316    
139  3.380      0.487781E-03   71.2541      -226.397       133.603       133.603    
140  3.390      0.558010E-03   71.2541      -227.109       132.891       132.891    
141  3.400      0.681683E-03   71.2541      -227.822       132.178       132.178    
142  3.410      0.577576E-03   71.2541      -228.534       131.466       131.466    
143  3.420      0.564594E-03   71.2541      -229.247       130.753       130.753    
144  3.430      0.499467E-03   71.2541      -229.959       130.041       130.041    
145  3.440      0.521499E-03   71.2541      -230.672       129.328       129.328    
146  3.450      0.676596E-03   71.2541      -231.384       128.616       128.616    
147  3.460      0.616918E-03   71.2541      -232.097       127.903       127.903    
148  3.470      0.645491E-03   71.2541      -232.809       127.191       127.191    
149  3.480      0.641536E-03   71.2541      -233.522       126.478       126.478    
150  3.490      0.590378E-03   71.2541      -234.235       125.766       125.766    
151  3.500      0.597524E-03   71.2541      -234.947       125.053       125.053    
152  3.510      0.594306E-03   71.2541      -235.660       124.340       124.340    
153  3.520      0.506896E-03   71.2541      -236.372       123.628       123.628    
154  3.530      0.667717E-03   71.2541      -237.085       122.915       122.915    
155  3.540      0.533669E-03   71.2541      -237.797       122.203       122.203    
156  3.550      0.654289E-03   71.2541      -238.510       121.490       121.490    
157  3.560      0.563503E-03   71.2541      -239.222       120.778       120.778    
158  3.570      0.623575E-03   71.2541      -239.935       120.065       120.065    
159  3.580      0.589912E-03   71.2541      -240.647       119.353       119.353    
160  3.590      0.653082E-03   71.2541      -241.360       118.640       118.640    
161  3.600      0.582852E-03   71.2541      -242.072       117.928       117.928    
162  3.610      0.585061E-03   71.2541      -242.785       117.215       117.215    
163  3.620      0.634075E-03   71.2541      -243.497       116.503       116.503    
164  3.630      0.627811E-03   71.2541      -244.210       115.790       115.790    
165  3.640      0.568503E-03   71.2541      -244.922       115.078       115.078    
166  3.650      0.627504E-03   71.2541      -245.635       114.365       114.365    
167  3.660      0.618852E-03   71.2541      -246.348       113.652       113.652    
168  3.670      0.554290E-03   71.2541      -247.060       112.940       112.940    
169  3.680      0.657143E-03   71.2541      -247.773       112.227       112.227    
170  3.690      0.576324E-03   71.2541      -248.485       111.515       111.515    
171  3.700      0.625070E-03   71.2541      -249.198       110.802       110.802    
172  3.710      0.607439E-03   71.2541      -249.910       110.090       110.090    
173  3.720      0.588085E-03   71.2541      -250.623       109.377       109.377    
174  3.730      0.613372E-03   71.2541      -251.335       108.665       108.665    
175  3.740      0.547259E-03   71.2541      -252.048       107.952       107.952    
176  3.750      0.625540E-03   71.2541      -252.760       107.240       107.240    
177  3.760      0.602367E-03   71.2541      -253.473       106.527       106.527    
178  3.770      0.536384E-03   71.2541      -254.185       105.815       105.815    
179  3.780      0.611434E-03   71.2541      -254.898       105.102       105.102    
180  3.790      0.597571E-03   71.2541      -255.610       104.390       104.390    
181  3.800      0.648640E-03   71.2541      -256.323       103.677       103.677    
182  3.810      0.595269E-03   71.2541      -257.035       102.965       102.965    
183  3.820      0.613468E-03   71.2541      -257.748       102.252       102.252    
184  3.830      0.606201E-03   71.2541      -258.461       101.539       101.539    
185  3.840      0.587871E-03   71.2541      -259.173       100.827       100.827    
186  3.850      0.609603E-03   71.2541      -259.886       100.114       100.114    
187  3.860      0.632633E-03   71.2541      -260.598       99.4019       99.4019    
188  3.870      0.607513E-03   71.2541      -261.311       98.6894       98.6894    
189  3.880      0.608460E-03   71.2541      -262.023       97.9769       97.9769    
190  3.890      0.620970E-03   71.2541      -262.736       97.2643       97.2643    
191  3.900      0.584638E-03   71.2541      -263.448       96.5518       96.5518    
192  3.910      0.626111E-03   71.2541      -264.161       95.8393       95.8393    
193  3.920      0.589245E-03   71.2541      -264.873       95.1267       95.1267    
194  3.930      0.572534E-03   71.2541      -265.586       94.4142       94.4142    
195  3.940      0.605149E-03   71.2541      -266.298       93.7016       93.7016    
196  3.950      0.582038E-03   71.2541      -267.011       92.9891       92.9891    
197  3.960      0.585307E-03   71.2541      -267.723       92.2766       92.2766    
198  3.970      0.575018E-03   71.2541      -268.436       91.5641       91.5641    
199  3.980      0.589550E-03   71.2541      -269.148       90.8515       90.8515    
200  3.990      0.589691E-03   71.2541      -269.861       90.1390       90.1390    
201  4.000      0.624281E-03   71.2541      -270.574       89.4265       89.4265    
