# Mowe_temp                                                                       
# Operating point sequence...
# i     t     Wx rot.rate   Phi   (bank)  Phi[ 2]       Phi[ 3]      
  1  0.000       0.00000       0.00000       2.21689       10.7389    
  2 0.1000E-01   19.7059     -0.197059       2.03031       10.5517    
  3 0.2000E-01   38.5586     -0.519803       1.72734       10.2477    
  4 0.3000E-01   56.3133      -1.00281       1.27811       9.79675    
  5 0.4000E-01   72.9473      -1.65012      0.680542       9.19648    
  6 0.5000E-01   88.5134      -2.45598     -0.597590E-01   8.45175    
  7 0.6000E-01   103.085      -3.41183     -0.936168       7.56831    
  8 0.7000E-01   116.734      -4.50868      -1.94301       6.55082    
  9 0.8000E-01   129.528      -5.73781      -3.07584       5.40274    
 10 0.9000E-01   141.524      -7.09101      -4.33118       4.12666    
 11 0.1000       152.773      -8.56057      -5.70599       2.72490    
 12 0.1100       163.317      -10.1392      -7.19719       1.20001    
 13 0.1200       173.191      -11.8200      -8.80117     -0.444744    
 14 0.1300       182.427      -13.5965      -10.5135      -2.20511    
 15 0.1400       191.052      -15.4623      -12.3284      -4.07572    
 16 0.1500       199.094      -17.4115      -14.2394      -6.05009    
 17 0.1600       206.578      -19.4385      -16.2385      -8.12078    
 18 0.1700       213.532      -21.5377      -18.3169      -10.2797    
 19 0.1800       219.983      -23.7040      -20.4653      -12.5183    
 20 0.1900       225.964      -25.9325      -22.6744      -14.8284    
 21 0.2000       231.505      -28.2187      -24.9347      -17.2017    
 22 0.2100       236.639      -30.5584      -27.2377      -19.6311    
 23 0.2200       241.402      -32.9476      -29.5761      -22.1101    
 24 0.2300       245.826      -35.3828      -31.9434      -24.6335    
 25 0.2400       249.944      -37.8609      -34.3352      -27.1974    
 26 0.2500       253.785      -40.3788      -36.7483      -29.7989    
 27 0.2600       257.378      -42.9340      -39.1810      -32.4363    
 28 0.2700       260.744      -45.5240      -41.6331      -35.1088    
 29 0.2800       263.905      -48.1467      -44.1053      -37.8163    
 30 0.2900       266.875      -50.8001      -46.5988      -40.5594    
 31 0.3000       269.666      -53.4823      -49.1152      -43.3385    
 32 0.3100       272.285      -56.1916      -51.6560      -46.1545    
 33 0.3200       274.738      -58.9263      -54.2223      -49.0077    
 34 0.3300       277.027      -61.6847      -56.8145      -51.8982    
 35 0.3400       279.154      -64.4652      -59.4321      -54.8254    
 36 0.3500       281.118      -67.2661      -62.0740      -57.7884    
 37 0.3600       282.923      -70.0859      -64.7381      -60.7855    
 38 0.3700       284.568      -72.9230      -67.4218      -63.8142    
 39 0.3800       286.057      -75.7757      -70.1218      -66.8719    
 40 0.3900       287.394      -78.6426      -72.8349      -69.9553    
 41 0.4000       288.586      -81.5221      -75.5576      -73.0609    
 42 0.4100       289.641      -84.4129      -78.2870      -76.1852    
 43 0.4200       290.567      -87.3136      -81.0205      -79.3246    
 44 0.4300       291.374      -90.2229      -83.7560      -82.4757    
 45 0.4400       292.072      -93.1399      -86.4924      -85.6355    
 46 0.4500       292.673      -96.0633      -89.2289      -88.8014    
 47 0.4600       293.186      -98.9924      -91.9656      -91.9712    
 48 0.4700       293.621      -101.926      -94.7031      -95.1432    
 49 0.4800       293.986      -104.864      -97.4421      -98.3163    
 50 0.4900       294.288      -107.805      -100.184      -101.490    
 51 0.5000       294.535      -110.749      -102.929      -104.662    
 52 0.5100       294.730      -113.695      -105.680      -107.835    
 53 0.5200       294.879      -116.643      -108.435      -111.006    
 54 0.5300       294.984      -119.593      -111.197      -114.176    
 55 0.5400       295.050      -122.543      -113.966      -117.345    
 56 0.5500       295.078      -125.493      -116.740      -120.511    
 57 0.5600       295.073      -128.444      -119.521      -123.673    
 58 0.5700       295.037      -131.394      -122.307      -126.831    
 59 0.5800       294.974      -134.344      -125.098      -129.983    
 60 0.5900       294.890      -137.293      -127.894      -133.127    
 61 0.6000       294.788      -140.242      -130.694      -136.262    
 62 0.6100       294.676      -143.189      -133.498      -139.385    
 63 0.6200       294.557      -146.135      -136.306      -142.496    
 64 0.6300       294.440      -149.080      -139.118      -145.592    
 65 0.6400       294.329      -152.024      -141.934      -148.672    
 66 0.6500       294.231      -154.967      -144.755      -151.737    
 67 0.6600       294.151      -157.909      -147.582      -154.784    
 68 0.6700       294.094      -160.850      -150.415      -157.816    
 69 0.6800       294.064      -163.791      -153.256      -160.831    
 70 0.6900       294.064      -166.732      -156.105      -163.832    
 71 0.7000       294.097      -169.672      -158.963      -166.818    
 72 0.7100       294.163      -172.614      -161.831      -169.792    
 73 0.7200       294.263      -175.556      -164.709      -172.755    
 74 0.7300       294.397      -178.499      -167.599      -175.707    
 75 0.7400       294.562      -181.444      -170.501      -178.650    
 76 0.7500       294.758      -184.391      -173.416       178.414    
 77 0.7600       294.983      -187.340      -176.343       175.486    
 78 0.7700       295.233      -190.291      -179.283       172.565    
 79 0.7800       295.506      -193.244       177.763       169.650    
 80 0.7900       295.801      -196.201       174.796       166.741    
 81 0.8000       296.114      -199.161       171.816       163.839    
 82 0.8100       296.442      -202.123       168.823       160.943    
 83 0.8200       296.785      -205.090       165.816       158.054    
 84 0.8300       297.139      -208.059       162.796       155.171    
 85 0.8400       297.503      -211.032       159.763       152.294    
 86 0.8500       297.873      -214.009       156.717       149.423    
 87 0.8600       298.248      -216.990       153.659       146.558    
 88 0.8700       298.626      -219.974       150.587       143.697    
 89 0.8800       299.003      -222.962       147.503       140.841    
 90 0.8900       299.377      -225.954       144.406       137.989    
 91 0.9000       299.743      -228.950       141.296       135.140    
 92 0.9100       300.100      -231.949       138.173       132.293    
 93 0.9200       300.443      -234.952       135.038       129.448    
 94 0.9300       300.769      -237.958       131.890       126.604    
 95 0.9400       301.074      -240.967       128.729       123.761    
 96 0.9500       301.354      -243.979       125.555       120.918    
 97 0.9600       301.605      -246.994       122.370       118.076    
 98 0.9700       301.826      -250.011       119.172       115.234    
 99 0.9800       302.012      -253.030       115.962       112.393    
100 0.9900       302.161      -256.051       112.742       109.553    
101  1.000       302.273      -259.073       109.512       106.715    
102  1.010       302.345      -262.096       106.273       103.877    
103  1.020       302.376      -265.119       103.026       101.042    
104  1.030       302.367      -268.143       99.7725       98.2084    
105  1.040       302.317      -271.166       96.5135       95.3768    
106  1.050       302.228      -274.189       93.2507       92.5474    
107  1.060       302.102      -277.210       89.9853       89.7201    
108  1.070       301.938      -280.230       86.7189       86.8947    
109  1.080       301.741      -283.249       83.4531       84.0712    
110  1.090       301.512      -286.265       80.1892       81.2494    
111  1.100       301.255      -289.279       76.9287       78.4290    
112  1.110       300.971      -292.290       73.6730       75.6099    
113  1.120       300.665      -295.298       70.4234       72.7918    
114  1.130       300.340      -298.303       67.1811       69.9743    
115  1.140       300.000      -301.304       63.9473       67.1574    
116  1.150       299.648      -304.303       60.7231       64.3405    
117  1.160       299.289      -307.297       57.5096       61.5236    
118  1.170       298.926      -310.288       54.3077       58.7061    
119  1.180       298.563      -313.276       51.1183       55.8878    
120  1.190       298.205      -316.260       47.9421       53.0681    
121  1.200       297.856      -319.240       44.7798       50.2466    
122  1.210       297.519      -322.217       41.6320       47.4228    
123  1.220       297.198      -325.190       38.4991       44.5960    
124  1.230       296.897      -328.161       35.3815       41.7657    
125  1.240       296.620      -331.129       32.2793       38.9313    
126  1.250       296.369      -334.094       29.1926       36.0920    
127  1.260       296.146      -337.056       26.1214       33.2471    
128  1.270       295.955      -340.017       23.0655       30.3961    
129  1.280       295.798      -342.976       20.0247       27.5382    
130  1.290       295.676      -345.933       16.9984       24.6727    
131  1.300       295.589      -348.889       13.9861       21.7991    
132  1.310       295.540      -351.845       10.9873       18.9167    
133  1.320       295.528      -354.800       8.00151       16.0249    
134  1.330       295.553      -357.756       5.02794       13.1233    
135  1.340       295.615      -360.712       2.06597       10.2114    
136  1.350       295.713      -363.669     -0.885018       7.28870    
137  1.360       295.845      -366.626      -3.82573       4.35483    
138  1.370       296.010      -369.586      -6.75679       1.40942    
139  1.380       296.206      -372.547      -9.67888      -1.54789    
140  1.390       296.431      -375.510      -12.5926      -4.51734    
141  1.400       296.683      -378.476      -15.4984      -7.49919    
142  1.410       296.958      -381.444      -18.3970      -10.4936    
143  1.420       297.255      -384.415      -21.2889      -13.5008    
144  1.430       297.570      -387.389      -24.1746      -16.5209    
145  1.440       297.900      -390.367      -27.0546      -19.5540    
146  1.450       298.241      -393.348      -29.9294      -22.6001    
147  1.460       298.591      -396.332      -32.7996      -25.6594    
148  1.470       298.946      -399.319      -35.6656      -28.7318    
149  1.480       299.302      -402.311      -38.5279      -31.8174    
150  1.490       299.655      -405.305      -41.3869      -34.9160    
151  1.500       300.002      -408.304      -44.2429      -38.0277    
152  1.510       300.339      -411.305      -47.0963      -41.1523    
153  1.520       300.663      -414.310      -49.9475      -44.2899    
154  1.530       300.970      -417.319      -52.7967      -47.4401    
155  1.540       301.257      -420.330      -55.6441      -50.6027    
156  1.550       301.520      -423.343      -58.4898      -53.7775    
157  1.560       301.757      -426.360      -61.3340      -56.9641    
158  1.570       301.964      -429.378      -64.1768      -60.1622    
159  1.580       302.140      -432.399      -67.0181      -63.3711    
160  1.590       302.282      -435.421      -69.8579      -66.5903    
161  1.600       302.388      -438.444      -72.6963      -69.8190    
162  1.610       302.457      -441.468      -75.5333      -73.0565    
163  1.620       302.488      -444.493      -78.3687      -76.3017    
164  1.630       302.480      -447.517      -81.2025      -79.5537    
165  1.640       302.433      -450.542      -84.0347      -82.8112    
166  1.650       302.348      -453.566      -86.8652      -86.0732    
167  1.660       302.226      -456.588      -89.6940      -89.3382    
168  1.670       302.067      -459.610      -92.5212      -92.6048    
169  1.680       301.874      -462.629      -95.3466      -95.8717    
170  1.690       301.648      -465.647      -98.1705      -99.1373    
171  1.700       301.392      -468.662      -100.993      -102.400    
172  1.710       301.110      -471.674      -103.814      -105.659    
173  1.720       300.803      -474.684      -106.634      -108.912    
174  1.730       300.476      -477.690      -109.452      -112.158    
175  1.740       300.133      -480.693      -112.270      -115.396    
176  1.750       299.777      -483.693      -115.088      -118.624    
177  1.760       299.413      -486.689      -117.905      -121.841    
178  1.770       299.045      -489.681      -120.722      -125.046    
179  1.780       298.676      -492.669      -123.540      -128.239    
180  1.790       298.312      -495.654      -126.360      -131.418    
181  1.800       297.957      -498.636      -129.181      -134.583    
182  1.810       297.614      -501.613      -132.004      -137.734    
183  1.820       297.287      -504.588      -134.830      -140.869    
184  1.830       296.980      -507.559      -137.659      -143.989    
185  1.840       296.697      -510.528      -140.493      -147.094    
186  1.850       296.439      -513.493      -143.331      -150.183    
187  1.860       296.211      -516.457      -146.175      -153.257    
188  1.870       296.013      -519.418      -149.025      -156.316    
189  1.880       295.849      -522.377      -151.882      -159.360    
190  1.890       295.720      -525.335      -154.746      -162.389    
191  1.900       295.626      -528.292      -157.618      -165.405    
192  1.910       295.569      -531.248      -160.499      -168.407    
193  1.920       295.548      -534.204      -163.389      -171.396    
194  1.930       295.565      -537.159      -166.289      -174.373    
195  1.940       295.618      -540.115      -169.199      -177.338    
196  1.950       295.707      -543.072      -172.120       179.708    
197  1.960       295.831      -546.030      -175.052       176.765    
198  1.970       295.988      -548.989      -177.995       173.831    
199  1.980       296.177      -551.950       179.050       170.908    
200  1.990       296.395      -554.913       176.083       167.992    
201  2.000       296.640      -557.878       173.104       165.085    
202  2.010       296.911      -560.846       170.112       162.185    
203  2.020       297.203      -563.816       167.107       159.293    
204  2.030       297.514      -566.790       164.090       156.406    
205  2.040       297.842      -569.767       161.059       153.525    
206  2.050       298.181      -572.747       158.016       150.650    
207  2.060       298.530      -575.730       154.959       147.779    
208  2.070       298.885      -578.717       151.889       144.912    
209  2.080       299.241      -581.708       148.807       142.049    
210  2.090       299.596      -584.702       145.711       139.189    
211  2.100       299.945      -587.700       142.601       136.332    
212  2.110       300.285      -590.701       139.479       133.478    
213  2.120       300.612      -593.705       136.344       130.626    
214  2.130       300.923      -596.713       133.196       127.776    
215  2.140       301.214      -599.724       130.036       124.928    
216  2.150       301.482      -602.737       126.863       122.082    
217  2.160       301.724      -605.753       123.678       119.237    
218  2.170       301.937      -608.771       120.482       116.394    
219  2.180       302.119      -611.791       117.275       113.552    
220  2.190       302.267      -614.813       114.058       110.712    
221  2.200       302.380      -617.836       110.831       107.874    
222  2.210       302.456      -620.860       107.595       105.037    
223  2.220       302.495      -623.885       104.351       102.201    
224  2.230       302.494      -626.910       101.100       99.3668    
225  2.240       302.456      -629.934       97.8437       96.5343    
226  2.250       302.378      -632.958       94.5826       93.7035    
227  2.260       302.263      -635.982       91.3181       90.8743    
228  2.270       302.112      -639.003       88.0515       88.0467    
229  2.280       301.925      -642.023       84.7845       85.2208    
230  2.290       301.706      -645.042       81.5184       82.3965    
231  2.300       301.456      -648.057       78.2547       79.5738    
232  2.310       301.178      -651.070       74.9948       76.7524    
233  2.320       300.876      -654.081       71.7403       73.9323    
234  2.330       300.553      -657.088       68.4925       71.1133    
235  2.340       300.213      -660.091       65.2528       68.2952    
236  2.350       299.859      -663.092       62.0225       65.4777    
237  2.360       299.495      -666.088       58.8028       62.6604    
238  2.370       299.127      -669.082       55.5947       59.8430    
239  2.380       298.758      -672.071       52.3992       57.0250    
240  2.390       298.393      -675.057       49.2172       54.2060    
241  2.400       298.035      -678.039       46.0491       51.3855    
242  2.410       297.689      -681.017       42.8957       48.5628    
243  2.420       297.358      -683.992       39.7573       45.7374    
244  2.430       297.047      -686.964       36.6342       42.9087    
245  2.440       296.758      -689.934       33.5265       40.0760    
246  2.450       296.495      -692.900       30.4341       37.2386    
247  2.460       296.260      -695.864       27.3571       34.3958    
248  2.470       296.057      -698.825       24.2952       31.5472    
249  2.480       295.886      -701.785       21.2483       28.6919    
250  2.490       295.749      -704.743       18.2157       25.8293    
251  2.500       295.648      -707.700       15.1972       22.9587    
252  2.510       295.584      -710.656       12.1923       20.0796    
253  2.520       295.557      -713.612       9.20040       17.1913    
254  2.530       295.566      -716.568       6.22098       14.2934    
255  2.540       295.612      -719.524       3.25354       11.3853    
256  2.550       295.694      -722.480      0.297413       8.46667    
257  2.560       295.811      -725.438      -2.64799       5.53699    
258  2.570       295.962      -728.397      -5.58332       2.59590    
259  2.580       296.145      -731.358      -8.50910     -0.356820    
260  2.590       296.357      -734.320      -11.4261      -3.32159    
261  2.600       296.598      -737.285      -14.3349      -6.29865    
262  2.610       296.864      -740.252      -17.2361      -9.28821    
263  2.620       297.152      -743.222      -20.1303      -12.2903    
264  2.630       297.460      -746.196      -23.0181      -15.3053    
265  2.640       297.785      -749.172      -25.8999      -18.3331    
266  2.650       298.123      -752.151      -28.7766      -21.3740    
267  2.660       298.471      -755.134      -31.6485      -24.4280    
268  2.670       298.825      -758.121      -34.5162      -27.4952    
269  2.680       299.182      -761.111      -37.3801      -30.5755    
270  2.690       299.537      -764.104      -40.2406      -33.6691    
271  2.700       299.888      -767.101      -43.0980      -36.7758    
272  2.710       300.231      -770.102      -45.9529      -39.8955    
273  2.720       300.561      -773.106      -48.8054      -43.0282    
274  2.730       300.876      -776.113      -51.6557      -46.1738    
275  2.740       301.171      -779.123      -54.5042      -49.3319    
276  2.750       301.444      -782.136      -57.3508      -52.5023    
277  2.760       301.692      -785.152      -60.1959      -55.6848    
278  2.770       301.911      -788.170      -63.0393      -58.8788    
279  2.780       302.100      -791.190      -65.8814      -62.0839    
280  2.790       302.255      -794.211      -68.7219      -65.2996    
281  2.800       302.375      -797.234      -71.5609      -68.5249    
282  2.810       302.459      -800.258      -74.3984      -71.7592    
283  2.820       302.505      -803.283      -77.2344      -75.0017    
284  2.830       302.512      -806.308      -80.0689      -78.2514    
285  2.840       302.481      -809.333      -82.9018      -81.5071    
286  2.850       302.412      -812.357      -85.7331      -84.7678    
287  2.860       302.304      -815.381      -88.5627      -88.0319    
288  2.870       302.160      -818.403      -91.3906      -91.2982    
289  2.880       301.980      -821.423      -94.2169      -94.5654    
290  2.890       301.767      -824.442      -97.0416      -97.8320    
291  2.900       301.522      -827.458      -99.8647      -101.096    
292  2.910       301.250      -830.472      -102.686      -104.357    
293  2.920       300.952      -833.483      -105.507      -107.613    
294  2.930       300.632      -836.491      -108.326      -110.862    
295  2.940       300.295      -839.495      -111.144      -114.104    
296  2.950       299.943      -842.496      -113.962      -117.337    
297  2.960       299.581      -845.494      -116.779      -120.559    
298  2.970       299.213      -848.488      -119.597      -123.769    
299  2.980       298.844      -851.478      -122.415      -126.968    
300  2.990       298.477      -854.465      -125.234      -130.153    
301  3.000       298.117      -857.448      -128.054      -133.324    
302  3.010       297.768      -860.427      -130.876      -136.480    
303  3.020       297.434      -863.403      -133.701      -139.622    
304  3.030       297.118      -866.376      -136.529      -142.748    
305  3.040       296.825      -869.346      -139.361      -145.859    
306  3.050       296.556      -872.312      -142.198      -148.955    
307  3.060       296.316      -875.277      -145.039      -152.035    
308  3.070       296.106      -878.239      -147.887      -155.100    
309  3.080       295.928      -881.199      -150.741      -158.150    
310  3.090       295.785      -884.158      -153.602      -161.185    
311  3.100       295.677      -887.115      -156.471      -164.207    
312  3.110       295.605      -890.072      -159.349      -167.214    
313  3.120       295.571      -893.028      -162.235      -170.209    
314  3.130       295.573      -895.984      -165.131      -173.191    
315  3.140       295.612      -898.940      -168.038      -176.161    
316  3.150       295.688      -901.896      -170.954      -179.119    
317  3.160       295.798      -904.854      -173.882       177.933    
318  3.170       295.943      -907.812      -176.821       174.996    
319  3.180       296.119      -910.773      -179.771       172.068    
320  3.190       296.327      -913.735       177.266       169.149    
321  3.200       296.562      -916.699       174.292       166.239    
322  3.210       296.824      -919.666       171.304       163.336    
323  3.220       297.108      -922.636       168.305       160.441    
324  3.230       297.413      -925.609       165.292       157.551    
325  3.240       297.735      -928.584       162.267       154.668    
326  3.250       298.071      -931.563       159.228       151.791    
327  3.260       298.418      -934.546       156.176       148.918    
328  3.270       298.772      -937.532       153.112       146.049    
329  3.280       299.129      -940.521       150.034       143.184    
330  3.290       299.485      -943.514       146.943       140.323    
331  3.300       299.838      -946.511       143.838       137.465    
332  3.310       300.183      -949.511       140.721       134.609    
333  3.320       300.516      -952.514       137.591       131.756    
334  3.330       300.835      -955.521       134.447       128.905    
335  3.340       301.134      -958.531       131.292       126.056    
336  3.350       301.413      -961.544       128.123       123.209    
337  3.360       301.666      -964.559       124.943       120.364    
338  3.370       301.891      -967.577       121.751       117.520    
339  3.380       302.086      -970.596       118.548       114.677    
340  3.390       302.248      -973.618       115.334       111.837    
341  3.400       302.375      -976.641       112.110       108.997    
342  3.410       302.466      -979.665       108.877       106.159    
343  3.420       302.520      -982.690       105.636       103.323    
344  3.430       302.535      -985.715       102.388       100.488    
345  3.440       302.511      -988.740       99.1327       97.6542    
346  3.450       302.449      -991.764       95.8728       94.8225    
347  3.460       302.349      -994.788       92.6090       91.9924    
348  3.470       302.211      -997.811       89.3428       89.1640    
349  3.480       302.038      -1000.83       86.0755       86.3373    
350  3.490       301.831      -1003.85       82.8085       83.5122    
351  3.500       301.593      -1006.87       79.5432       80.6887    
352  3.510       301.325      -1009.88       76.2813       77.8665    
353  3.520       301.032      -1012.89       73.0241       75.0458    
354  3.530       300.716      -1015.90       69.7730       72.2262    
355  3.540       300.381      -1018.91       66.5296       69.4075    
356  3.550       300.032      -1021.91       63.2951       66.5896    
357  3.560       299.671      -1024.91       60.0706       63.7720    
358  3.570       299.304      -1027.90       56.8574       60.9545    
359  3.580       298.934      -1030.89       53.6564       58.1366    
360  3.590       298.566      -1033.88       50.4686       55.3178    
361  3.600       298.204      -1036.87       47.2945       52.4976    
362  3.610       297.852      -1039.85       44.1349       49.6756    
363  3.620       297.515      -1042.82       40.9901       46.8511    
364  3.630       297.195      -1045.80       37.8605       44.0235    
365  3.640       296.897      -1048.77       34.7463       41.1922    
366  3.650       296.623      -1051.73       31.6475       38.3564    
367  3.660       296.377      -1054.70       28.5642       35.5157    
368  3.670       296.161      -1057.66       25.4961       32.6693    
369  3.680       295.977      -1060.62       22.4430       29.8165    
370  3.690       295.827      -1063.58       19.4045       26.9566    
371  3.700       295.712      -1066.54       16.3804       24.0890    
372  3.710       295.634      -1069.50       13.3699       21.2131    
373  3.720       295.592      -1072.45       10.3726       18.3282    
374  3.730       295.587      -1075.41       7.38807       15.4339    
375  3.740       295.620      -1078.36       4.41583       12.5297    
376  3.750       295.688      -1081.32       1.45511       9.61501    
377  3.760       295.792      -1084.28      -1.49466       6.68946    
378  3.770       295.931      -1087.24      -4.43409       3.75266    
379  3.780       296.102      -1090.20      -7.36379      0.804279    
380  3.790       296.304      -1093.16      -10.2845      -2.15611    
381  3.800       296.534      -1096.12      -13.1967      -5.12859    
382  3.810       296.791      -1099.09      -16.1011      -8.11355    
383  3.820       297.072      -1102.06      -18.9982      -11.1110    
384  3.830       297.374      -1105.03      -21.8887      -14.1213    
385  3.840       297.693      -1108.01      -24.7732      -17.1446    
386  3.850       298.028      -1110.99      -27.6522      -20.1808    
387  3.860       298.373      -1113.97      -30.5262      -23.2300    
388  3.870       298.726      -1116.95      -33.3958      -26.2925    
389  3.880       299.083      -1119.94      -36.2614      -29.3681    
390  3.890       299.441      -1122.94      -39.1235      -32.4569    
391  3.900       299.795      -1125.93      -41.9825      -35.5590    
392  3.910       300.142      -1128.93      -44.8388      -38.6741    
393  3.920       300.478      -1131.93      -47.6924      -41.8022    
394  3.930       300.800      -1134.94      -50.5440      -44.9433    
395  3.940       301.104      -1137.95      -53.3935      -48.0971    
396  3.950       301.387      -1140.96      -56.2412      -51.2633    
397  3.960       301.646      -1143.98      -59.0873      -54.4417    
398  3.970       301.877      -1147.00      -61.9318      -57.6318    
399  3.980       302.078      -1150.01      -64.7747      -60.8332    
400  3.990       302.247      -1153.04      -67.6161      -64.0453    
401  4.000       302.381      -1156.06      -70.4561      -67.2675    
